filename,ACI,ADI,Bio_Energy,Spectral_Centroid_Mean,Spectral_Flatness_Mean,ZCR_Mean,RMS_Mean,Event_Count,MFCC_1,MFCC_2,MFCC_3,MFCC_4,MFCC_5,MFCC_6,MFCC_7,MFCC_8,MFCC_9,MFCC_10,MFCC_11,MFCC_12,MFCC_13
EF_03.09.2024_20240903_203741.WAV,727.34076,1.2136330527431902,97387.29097801948,4885.488137340518,0.05678001988353518,0.3526675575657895,0.012161251,1062,-626.0053842203838,112.30435530236659,-133.14459206405573,55.82312581968365,-106.40158870111007,-14.304017657184211,-65.79226022506087,-41.09579957751884,-26.42144276211097,-43.64314586037694,-14.975241685830765,-38.076257228698616,-15.692938343672116
EF_03.09.2024_20240903_203800.WAV,677.47595,1.5950718838589988,362089.8577704391,4902.4322748678815,0.06381105056524017,0.3629120395685964,0.011209455,4118,-630.5867211754341,71.27993289877979,-59.384084045622245,14.84012913528104,-54.96795834991982,-24.288967443148113,-25.210395015276397,-31.1720700925647,-7.996130019064488,-26.345581710810457,-7.959331684339346,-11.496631020803703,-9.822134492190433
EF_03.09.2024_20240903_203900.WAV,687.1355,1.6644507958665056,116322.92636640467,5307.121093877073,0.0728242389141118,0.4150301549120439,0.003009118,4127,-770.2094222189248,108.04447194029937,-179.984233434778,55.42517055754619,-137.32961660876344,-6.695483583668238,-74.2636608167716,-43.78553681979137,-32.21634369716052,-53.772043891080855,-17.865045955592983,-42.648414333990374,-12.588448875266888
EF_03.09.2024_20240903_204000.WAV,548.0934,1.2306932845233935,100619.42063581689,5378.564023364432,0.07635608480792161,0.4269274202461839,0.0024319745,4139,-807.1042694052021,118.56546961565371,-212.24772859464625,66.79006971522257,-160.5990015721194,3.0524999224321627,-93.62116482797299,-39.65029048220308,-48.473485360005604,-54.80437571062873,-28.741612954165127,-47.58818806047557,-19.599111207168352
EF_03.09.2024_20240903_204100.WAV,538.03625,1.6720881431084997,99181.76088222247,5399.601761718072,0.07658618412287775,0.4292508464026433,0.0023809958,4122,-808.3568225859512,116.09989863942384,-211.29511465522452,66.06237576391001,-159.01695350736753,2.8535008719985906,-92.59183951470548,-39.99630283487627,-47.82695950168874,-55.04398601120775,-28.338912129775515,-47.57702988815483,-19.235514051229465
EF_03.09.2024_20240903_204200.WAV,532.1043,1.9500047662438784,98634.45764217012,5406.871260696732,0.07666419698917129,0.4296504153481013,0.0023543115,4123,-817.2232501680164,121.24776550950041,-222.98358568789243,71.04000361442355,-169.35421008926764,6.782726761085339,-101.37793819607633,-37.74097875121565,-55.126021338159795,-54.65783398893642,-33.29868119640246,-48.246260929570724,-22.976103497110692
EF_03.09.2024_20240903_204300.WAV,516.8209,2.1147339351163317,97945.43131605713,5415.966395011475,0.07671607333070225,0.4312399653294862,0.0023305458,4105,-822.5473454496133,123.567258603608,-229.1671000461887,73.65183010495072,-174.23559202097186,8.750694831600923,-105.71656554196322,-36.64856461307477,-58.70857916853577,-53.919810071477045,-36.433516137084865,-48.61850682835057,-24.95630144913134
EF_03.09.2024_20240903_204400.WAV,517.0946,2.0401161266527246,97785.57575214747,5413.3930349063,0.0767467367295354,0.4310552692200298,0.0023258864,4119,-822.7926713208968,123.58569251588833,-228.98383540650897,73.49261887114572,-174.2105506983178,8.95927025153652,-105.99044210184637,-36.5207205195995,-58.90586404484162,-53.9114303372666,-36.42483111335756,-48.89397782324974,-24.64371899204615
EF_03.09.2024_20240903_204500.WAV,521.2229,2.150069263964579,98127.69411610861,5410.336937179855,0.07677482055383901,0.4309776459535555,0.002338569,4102,-823.0338887883443,124.6579760828481,-230.0244906150026,74.44933511491577,-175.4802117807272,9.246667200554084,-106.48025440332316,-36.19815683600522,-59.467375911910295,-53.342344639211724,-36.962224152008574,-48.44401291202655,-25.11967455310412
EF_03.09.2024_20240903_204600.WAV,521.1323,2.1281561324675518,97532.36594971732,5427.258955367234,0.07683677670370499,0.4324026782390171,0.0023132917,4114,-823.7908600752473,123.2604111361497,-230.42608128876464,74.00293341743247,-175.30662090790472,9.426656926675298,-106.38448030631059,-36.48591465981253,-59.57382757491585,-53.872665554079376,-36.769991074604945,-48.62678186615689,-24.99469770208065
EF_03.09.2024_20240903_204700.WAV,516.2624,2.1617973056835016,97556.8230711564,5417.85328051303,0.07689378346456419,0.4315079201182055,0.0023173948,4091,-822.566020909413,122.91806749051258,-228.4967802758123,72.92830661292334,-173.63025469656762,8.726199383416539,-105.02720365359589,-36.6805564872615,-58.53714794840566,-54.05773983555771,-35.96663413050937,-48.5475652350137,-24.5231800261471
EF_03.09.2024_20240903_204800.WAV,513.6778,2.1759309276916543,97435.17923962015,5424.10079478458,0.07670031628376628,0.43188294774990693,0.0023087,4099,-836.8216913321515,132.2486196891656,-248.3390656420252,81.8420634735746,-191.82840190813022,16.213765302400812,-121.49411882225678,-31.611295978121486,-71.89778778769933,-50.95653421682923,-46.99899175841488,-47.93934551975868,-32.8349804294193
EF_03.09.2024_20240903_204900.WAV,514.1766,2.1911433928204787,97429.71741335762,5426.382212674446,0.07683880240242891,0.4324586687918838,0.0023121794,4105,-821.0570167072758,121.27113317108692,-226.48536444165794,71.82505896185191,-171.4563884419668,7.874483321445732,-103.04134354079959,-37.272826868859354,-56.639986360842364,-54.21736263108113,-34.77696269851309,-48.46707187937457,-23.617370482800983
EF_03.09.2024_20240903_205000.WAV,516.22705,2.1554776612032507,97784.75522985047,5418.217158147341,0.07638995517307216,0.4313455838723939,0.0023219406,4128,-835.0206594656601,131.55930591203511,-246.37892157289915,80.92245859294592,-190.46045325978838,15.001454743257455,-119.59939567503615,-32.18405349449757,-70.71016920964321,-51.280197562379364,-45.65818114747716,-48.00345800861105,-31.836047474284157
EF_03.09.2024_20240903_205100.WAV,516.26794,1.7348589474286087,97999.748959281,5416.547487100248,0.0763783007000243,0.4307491390543559,0.0023323514,4102,-823.7577843727403,124.022510020617,-231.06607607320768,73.9746252565883,-176.42650402064783,9.202248669833462,-107.61450124832163,-36.06447047152747,-59.83914431554151,-53.5281504972474,-37.01318468987356,-48.473493090848926,-25.174260097626583
EF_03.09.2024_20240903_205200.WAV,520.3071,2.1933976694807242,98825.6673941308,5411.947271768146,0.07598733819543192,0.42989728278574085,0.0023623684,4099,-821.525579252677,123.24367197628676,-229.45447677670867,72.82434971308372,-175.26105777924985,8.395830364272198,-106.36357747616324,-36.549250356955696,-58.74734840750151,-53.516740885280335,-36.25310925323219,-48.27819352276244,-24.522036084531187
EF_03.09.2024_20240903_205300.WAV,522.6367,2.1661370688431445,98558.32595182002,5414.276449316696,0.07584908656077277,0.4307271427657297,0.0023577912,4110,-817.70967628752,120.15447034959587,-223.40113442295836,70.38551443782221,-169.98132445624023,6.261179254283368,-101.4023738652254,-38.164545341692644,-54.95373487666609,-54.18500738520686,-33.113166178958465,-47.743710924117764,-22.229199711584926
EF_03.09.2024_20240903_205400.WAV,527.48584,1.2609874818690137e-304,98490.36865834921,5412.97555689193,0.07594447728699631,0.42995745445132166,0.0023549537,4104,-811.6583361166126,116.12908163307172,-214.9979090578991,66.77799797387512,-162.29689575425638,3.5339000791572395,-94.77159245535937,-39.977617239563436,-49.65902408851674,-54.64583785774973,-29.05365177387151,-47.610772115186975,-19.465449307775533
EF_03.09.2024_20240903_205500.WAV,518.3767,2.1683793009314436,98263.68153164245,5418.020726518375,0.07630029393355207,0.43147737981664186,0.002339929,4117,-817.4568968241272,119.93356780619233,-223.08346404168847,70.22449083915559,-168.95500861592745,6.283137845087488,-100.5810487210031,-38.322501628467585,-54.679712826104655,-54.43508859892144,-32.67046749293897,-47.93343405487361,-22.28575545245954
EF_03.09.2024_20240903_205600.WAV,518.46906,0.7857721150063696,97745.13033727695,5426.900365922071,0.07653411432253991,0.4319602074413626,0.00231924,4104,-832.7334036994167,129.36628104588115,-243.44536871449347,79.41662368467254,-187.41795002416757,13.970036436628076,-117.23170386475448,-32.97480086976275,-68.34707088322497,-51.66228288678737,-43.583702219081744,-48.17328467767606,-30.43211117380128
EF_03.09.2024_20240903_205700.WAV,519.4048,0.504794689569206,98003.38002177588,5424.225643293066,0.07630260490255344,0.4319136698389799,0.0023271663,4127,-834.0984199383921,130.72974411865619,-245.61130261784913,80.47195542821325,-189.90668207854074,14.714513695011691,-119.1520249403079,-32.41977180733578,-69.84114581831994,-51.216906398761665,-45.11855939524983,-48.25120552441274,-31.191410626925435
EF_03.09.2024_20240903_205800.WAV,525.4552,0.8186026316118146,99569.09928693097,5408.4316551947895,0.07530619865155598,0.429194492274758,0.002385289,4106,-830.829746840238,130.46516413077438,-244.0563196632249,78.92989998988266,-188.683537546018,13.299053590528647,-117.78905257755511,-32.93990522796061,-68.50488948643068,-51.46565749924234,-43.45470501609138,-47.68257884639043,-29.881393058399972
EF_03.09.2024_20240903_205900.WAV,518.32605,2.1748014128758086,98566.30368750848,5412.434665666829,0.07579041941083486,0.4303579323343261,0.002356612,4099,-820.7799408700621,122.27136378458594,-228.16812590839416,71.9398211411556,-173.52777409006686,7.675550578461862,-104.9997047642404,-37.127339560149565,-58.01777354522062,-53.76078705428895,-34.90914557254405,-47.67232998076198,-23.52042377211798
EF_03.09.2024_20240903_210000.WAV,521.2395,2.1972245773362196,97885.8413650436,5421.51325868467,0.07638139638206039,0.43122905807892775,0.0023217415,4105,-841.1839851232097,135.73945308161933,-255.30779001999437,84.79269930012913,-198.8667292416236,18.4912242856147,-127.30369474405646,-29.192899319419432,-77.0272948801149,-49.51502395849551,-50.91048864149286,-47.46432155941011,-35.724934425709606
EF_03.09.2024_20240903_210100.WAV,514.22217,2.194491079586117,97475.74998247204,5431.680404371659,0.07662532604447075,0.4328396954113924,0.0023107338,4118,-830.741601053587,127.39060090176149,-240.01461156477757,77.88896309777635,-184.33984063699882,12.755511049418944,-114.48091601238261,-33.813555081118416,-65.8328265026484,-52.29977546276208,-42.03913005872927,-48.63818247981192,-28.993281542760677
EF_03.09.2024_20240903_210200.WAV,515.16394,2.191373882228745,97207.54630994107,5427.347500426446,0.07660354562084982,0.43215472007632166,0.002304494,4108,-838.665767329685,132.7771121182385,-250.10545582822442,82.50931881173429,-194.05820181343603,16.786506630669916,-122.92280922744705,-30.728239913302787,-73.66579232182141,-50.52828270158314,-48.05482408550536,-47.494133502850225,-33.4144170155473
EF_03.09.2024_20240903_210300.WAV,515.4994,2.1876872894221484,97759.67824732387,5426.791444122806,0.07635013852143015,0.43193948366530155,0.002320673,4096,-834.2687961342065,130.34648136261998,-245.54707202529087,80.17126490883985,-189.32397531701477,14.720538907063297,-118.83612295311768,-32.502327212123426,-69.67242777495007,-51.5205985580875,-44.968053665221355,-48.160609682169195,-30.918409471838984
EF_03.09.2024_20240903_210400.WAV,516.2301,2.192127816145934,97788.21902386793,5425.354499505143,0.07639461748458501,0.431676073564315,0.002322872,4105,-833.7184187661608,130.08688420303923,-244.60880456234426,79.83020104972141,-188.9073033961052,14.455286113642543,-118.38206564498577,-32.59659821843483,-69.1849045049655,-51.454000013937836,-44.28971277146269,-47.98386062133067,-30.664650016068354
EF_03.09.2024_20240903_210500.WAV,540.13477,2.1145899921633404,98709.2035729156,5415.179429742522,0.0760308395824434,0.4307731350055845,0.002355746,4116,-819.3513095741371,121.25705061814462,-226.31716042516797,71.0890333546222,-171.94814917974145,7.136389368888565,-103.22081301277622,-37.46879962279863,-56.65575077795607,-53.901690336984565,-34.44335639524921,-48.247919069524315,-23.2481029917977
EF_03.09.2024_20240903_210600.WAV,517.5381,2.195182673459463,98421.09027970064,5418.654955554284,0.0759769349839351,0.43076931746788905,0.002342211,4095,-833.223778228858,130.57403363262154,-245.2745093464043,80.02165720243646,-189.52211244928782,14.090811632598781,-119.14907009396588,-32.53592501492645,-69.81351909085262,-50.99977656277383,-44.51063122719015,-47.90286780954807,-30.740497509777313
EF_03.09.2024_20240903_210700.WAV,523.61865,2.181511123750929,100008.90337755006,5394.286474473415,0.07480482106423081,0.42794324884819435,0.0024067,4112,-826.0499380484597,128.07529289279674,-237.77483165187883,75.8014520460479,-183.7027888022928,10.62154980516172,-113.13774034389752,-35.011250752179805,-64.33666097425926,-52.00801940892318,-39.46321017409359,-47.5239574264743,-26.598820826484975
EF_03.09.2024_20240903_210800.WAV,529.36743,1.2609874818690137e-304,100403.3218240966,5391.380765557159,0.07450028706951353,0.42759803436801935,0.0024209775,4104,-818.9876376571893,123.68179425262468,-228.7790748723013,71.53693702080515,-175.85541986532186,7.068323689166353,-105.86742625321706,-36.80353206836931,-58.01354479797561,-53.35317929199429,-34.582722985981945,-47.414104519243566,-23.134788816771618
EF_03.09.2024_20240903_210900.WAV,526.6815,2.1825624503752525,101106.46844296351,5381.934014174179,0.07417010793581555,0.4265591187523269,0.002447796,4096,-817.3461168430274,123.41652611756115,-227.83462592549785,70.21158985673364,-174.60276852925625,6.643094875957431,-105.11648448402482,-37.15639482543888,-57.29857657917578,-53.44739087463405,-34.174874571341256,-47.08823066455196,-22.484045664178467
EF_03.09.2024_20240903_211000.WAV,526.5245,2.1928357691525817,100075.23631682168,5401.879212996632,0.07502518823763012,0.42921594320085626,0.0023991205,4098,-822.0038649265603,125.13184831990405,-233.05905795609735,73.27190062724296,-178.97419365805092,9.070893820292666,-108.81992651151587,-35.969990970708544,-60.82224958302424,-53.099233818561785,-37.136891326850424,-47.507253239963404,-24.53041463256449
EF_03.09.2024_20240903_211100.WAV,525.0762,2.188154955254795,100874.3783476396,5385.278025959097,0.07430454805120214,0.4267818084512286,0.002434312,4095,-826.7734350329854,129.81308949698175,-240.72431138519863,75.95250352607052,-186.6495616504735,11.618530016729911,-115.58305918071179,-33.95594210127631,-66.08256606714727,-51.78105331944418,-40.68885805415522,-46.92563111870024,-27.263411379954086
EF_03.09.2024_20240903_211200.WAV,521.43933,2.175465313416398,99955.64808971061,5397.287911877784,0.07501870460202593,0.4284208046351452,0.0023985289,4100,-822.7542807693251,125.80889758516793,-233.38353051519118,73.81872075846368,-179.5439661764375,9.31073037401247,-109.68786939557485,-36.108225884284295,-61.106329277937476,-52.71123661457328,-37.113143652386164,-47.58061905714438,-25.215633765323595
EF_03.09.2024_20240903_211300.WAV,520.29004,2.1918242129768175,99391.08603152233,5402.7741017671015,0.07528423329890097,0.42931301773082653,0.0023826798,4130,-816.8610631032909,120.93242264898318,-224.1100525626238,69.80126741478941,-171.07171674147324,5.958362917327481,-102.05911553913934,-37.87373286924279,-55.14043577301825,-53.70346569654597,-32.81065848273741,-47.34111604190639,-21.754384291961227
EF_03.09.2024_20240903_211400.WAV,522.21875,1.1868346366989448,99098.15911945922,5408.467479433413,0.07545694177744323,0.4298331117949553,0.0023701116,4074,-827.7181349169886,127.97921577371295,-238.59802976460838,76.25208022956137,-184.06489886708832,11.694774960230164,-113.24822556530646,-34.277857126088705,-64.75823795608093,-52.214412728977145,-40.39029253543438,-47.765714265915896,-27.483306216775635
EF_03.09.2024_20240903_211500.WAV,522.50433,1.478574440572973,98893.04281191323,5405.923795686759,0.07542798895828287,0.42972476643940805,0.0023664618,4115,-829.2279431760146,128.73738036548843,-240.20124599446612,77.19457541305667,-185.37626143070293,11.985548606384755,-114.95249200792547,-33.99193290186594,-65.73153271271718,-51.98442093244839,-41.530869678861244,-47.996092388859694,-27.961800776198068
EF_03.09.2024_20240903_211600.WAV,516.44574,2.1905899385431504,98029.4897727355,5420.106034201984,0.07622790318379513,0.4318556796235108,0.0023317926,4107,-818.0400647478062,119.68155674551537,-223.45041484484634,69.86248149236057,-169.242726033946,6.495512352851497,-101.33127787709869,-38.060438667598,-54.896162387935554,-53.9363717518193,-32.92108501950062,-48.03023257367422,-22.14723476779207
EF_03.09.2024_20240903_211700.WAV,516.41235,2.1892654280767574,97703.92637439961,5426.239573236221,0.07637697867906895,0.4322254354174423,0.0023195585,4103,-831.9925736128567,128.66411178728404,-242.08296585048132,78.90375829701257,-186.17853027456104,13.30418864397844,-116.50579975563492,-33.28763020318026,-67.4546988196867,-51.8897963913236,-42.93989619422886,-48.30283072515326,-29.32441891208448
EF_03.09.2024_20240903_211800.WAV,514.35535,2.1953806307037596,97637.85102043262,5426.013599484893,0.07639547380191625,0.43165880375093074,0.0023150875,4109,-838.9096737861403,133.54297553928927,-251.74449187749946,82.94593938106753,-195.25106211235857,17.28455054269558,-124.2476894705702,-30.615266668801908,-74.20623357519239,-50.13745494276025,-48.565240952866716,-47.61696594053601,-33.73551696140168
EF_03.09.2024_20240903_211900.WAV,520.7965,0.4913274484505221,98817.93733665458,5410.332454775521,0.07572234051810459,0.4309396523641102,0.0023653382,4096,-821.2627673282549,122.98710994263858,-229.11655891515198,72.1039609362789,-175.23715947959144,8.09614015262648,-105.33399511440429,-36.55744078661733,-58.50311692525715,-53.65515017709014,-35.62559150512551,-47.97615597523516,-23.944141083847008
EF_03.09.2024_20240903_212000.WAV,516.44116,2.190544254971561,97526.38636426092,5423.129089264522,0.07637156220733174,0.4323819544629561,0.0023154335,4095,-833.3362055220003,129.65820702248234,-243.56094745605375,78.99671740207019,-187.4317429855134,14.022240459542784,-117.01920207277055,-33.1295039681634,-68.33599482644928,-51.5824480718328,-43.43044051580304,-48.10681335646511,-29.94977366611335
EF_03.09.2024_20240903_212100.WAV,513.37683,2.195577870715671,97269.0716486435,5431.4151587530705,0.07668869593744086,0.43223870590562175,0.0023038967,4120,-839.0166502080227,133.0597710788586,-251.1147001921142,83.2929193862548,-194.44101400646633,16.99418367520442,-123.52077603851822,-30.657190079382787,-74.13215375203563,-50.37186065073837,-48.38106968974575,-47.87341967678192,-33.74964791015177
EF_03.09.2024_20240903_212200.WAV,517.4838,1.2609874818690137e-304,97058.25892810374,5430.200455325591,0.07678300434271346,0.4328496937244043,0.0022990673,4119,-841.6690973565085,134.92857207514487,-254.28070432677748,84.65418038004637,-197.31134892240743,18.53034392096722,-126.30135269160326,-29.579935760981677,-76.27507852748906,-49.3532583385055,-50.31870514636417,-47.619574168685105,-35.740919632151545
EF_03.09.2024_20240903_212300.WAV,514.13434,0.7385133894958628,97204.67784147763,5431.770307559609,0.07682660975638854,0.4325977362365041,0.0023015013,4103,-842.6880273950101,135.6985164997149,-256.1313000619297,85.57022880242188,-199.19392185700343,19.524856325505645,-128.01807796650778,-28.90265775131036,-77.77007086343592,-49.37105057973228,-51.67926141626607,-47.49577862103099,-36.42608901782485
EF_03.09.2024_20240903_212400.WAV,519.3795,2.1914333497788028,98065.98620852636,5418.554610781145,0.07592245504938316,0.43148228807939315,0.0023386837,4079,-823.1943045598861,123.1133392217808,-230.24841567802545,72.88857890179806,-175.50174679694712,8.888415726025306,-106.57460517613856,-36.71223017041164,-59.013424105158236,-53.647572979868876,-36.36497536239574,-48.296099422214006,-24.37275554033014
EF_03.09.2024_20240903_212500.WAV,513.61646,2.1955017714735856,97264.87806038433,5428.9994708519025,0.0766039555958108,0.4323828634005026,0.0023049144,4119,-840.8477455818781,134.4076371176416,-253.47310407821763,84.08800941526262,-197.0045575035464,17.983777279941886,-125.7698570602036,-29.708579675619287,-75.53590813873534,-49.78538545826942,-49.84976643583836,-47.5923262706307,-34.83321701318336
EF_03.09.2024_20240903_212600.WAV,514.0176,2.193710093656934,97232.96815243707,5426.963998717955,0.07663411845434825,0.43218416965282946,0.0023054124,4112,-833.2885026832442,129.15124915063467,-242.93805009624145,78.91722638309922,-186.91670349105144,13.838561295757241,-116.65341668321791,-33.19855376652662,-67.79360542708916,-51.67832173710872,-43.29694472380309,-48.17688471078481,-29.885913327460486
EF_03.09.2024_20240903_212700.WAV,522.94135,2.189527394133693,98069.25929859914,5419.669187505984,0.07604366386384383,0.4316471693503351,0.002343752,4101,-824.9715852481542,124.15249611411713,-232.52858264672022,73.9506961989287,-177.68619712367192,9.50658499434308,-108.3230562691072,-35.949676724318465,-60.582196346559726,-53.21411716463009,-37.40750595950571,-48.20420158975724,-25.348142060396633
EF_03.09.2024_20240903_212800.WAV,515.41846,2.195155870262573,97284.41482226632,5430.167202374183,0.07676148593445639,0.43251738615739016,0.002305253,4108,-841.1825094626266,134.65457276650216,-253.98690305148278,84.50249048944434,-197.54701414299922,18.543896180682076,-126.39274090391228,-29.60979227995904,-76.32341468578778,-49.56546193713166,-50.49433471720824,-47.469844615854775,-35.29575496023054
EF_03.09.2024_20240903_212900.WAV,515.7964,2.19319159785996,97816.70228214859,5423.105644527584,0.076249269900052,0.4322314344052494,0.0023273015,4113,-822.7717935695989,122.47055120746575,-229.37731280669212,72.79236024132436,-174.82421783435822,8.422124371874382,-105.84316822305361,-36.64825061757226,-58.56854959258365,-53.42160678638879,-35.973845883258555,-48.18661041925862,-24.199334997547417
EF_03.09.2024_20240903_213000.WAV,517.9733,2.1944768568764763,98233.11694018675,5417.0948544600205,0.07600071235452806,0.4308040388821668,0.0023366765,4129,-832.1239205244609,129.74698596691826,-243.36304996317244,78.83723900943853,-187.80947920909333,13.406723286084993,-117.4015441785559,-33.13540227087702,-68.04807791544079,-51.54570328553944,-43.27475525991389,-47.90817620378132,-30.028441219791958
EF_03.09.2024_20240903_213100.WAV,518.7311,2.1930402757315424,98679.07258510211,5408.96849958727,0.07576013107119897,0.43035211513402827,0.0023520123,4105,-833.4572483428677,131.47332540215368,-245.94454986982657,79.8701672922187,-190.61942951247983,14.325488347657501,-119.6295986694159,-32.14696788615895,-70.2664290376787,-50.848652554622106,-44.805879629288796,-47.485875757078695,-30.950934884848394
EF_03.09.2024_20240903_213200.WAV,519.25775,1.781092080197266,98965.43883187331,5403.168684696977,0.075459732588826,0.4293202892311988,0.0023613553,4105,-836.5612046182498,134.0882279423897,-250.87199795271422,81.56391909455209,-195.22630151417414,16.066726592208664,-123.78494479838831,-30.934767567361686,-73.8359646939477,-49.981534742029545,-47.5449114378532,-46.98787023099885,-32.5321629837337
EF_03.09.2024_20240903_213300.WAV,520.53796,0.5661999910765945,98682.92140277839,5415.258515313138,0.07589208003872791,0.43098855320411394,0.0023522717,4115,-830.0539533906493,128.75338265336944,-241.2858451288697,77.51831641530453,-186.52231367025553,12.636180618090762,-115.70131802277639,-33.3318400917293,-66.69012837071584,-51.54464191736828,-42.08920227523714,-47.832865554841604,-28.674293796478192
EF_03.09.2024_20240903_213400.WAV,538.8782,0.6108643020548934,98020.65715836742,5425.960354289363,0.07657341731186444,0.43210018382352944,0.002367516,4101,-781.3172771912501,94.46423998830122,-172.62984312178557,48.80718770333738,-123.84871942774609,-8.051207188752983,-64.31030685904167,-44.58402617372567,-27.746360310691987,-52.172099947411105,-15.639022889280673,-39.33468186360018,-12.094618103793092
EF_03.09.2024_20240903_213500.WAV,513.88306,2.111335547901467,97276.98195053819,5429.887616231321,0.0767326773354233,0.43235068701135515,0.0023052099,4130,-843.8643143670184,136.50554120358777,-257.5976632440207,86.18113244174623,-201.04853460748924,20.00447657019157,-129.3778580242868,-28.352418400444424,-78.96314511843927,-48.588289021493324,-52.81021756466141,-46.92715994724506,-37.144869794739606
EF_03.09.2024_20240903_213600.WAV,515.3803,2.1110240641126836,97486.85015268647,5424.052157687942,0.0764522547833776,0.43180586984596053,0.0023126826,4098,-841.329427603041,135.22656830735323,-254.4597696121597,84.4174072112552,-198.1080615339311,18.47087896635567,-126.67313634307608,-29.504412183919722,-76.60429922428496,-49.369340186266776,-50.44103393674503,-47.540570871457845,-35.67102091541043
EF_03.09.2024_20240903_213700.WAV,515.0025,2.1936818392660635,97296.46678712188,5427.201030861548,0.07650320087554939,0.43280351969704023,0.0023078518,4100,-839.2390102001135,133.25711541084345,-250.95985998322539,82.72542147800998,-194.796618227726,17.029876163549517,-123.56454935389839,-30.690751231128424,-73.95582704356131,-50.15797406676724,-48.160042682672845,-47.60839677176206,-33.80336713734898
EF_03.09.2024_20240903_213800.WAV,517.81415,2.189695472671789,97881.72516321775,5427.437885675307,0.07651131388585716,0.43154282331999255,0.0023233895,4115,-834.639137225875,130.59819971115562,-246.16556212933008,80.48362577221727,-190.3331503156724,15.196048767059972,-119.65510932906487,-32.16980745814221,-70.4935728720647,-50.85375892882146,-45.22913376551124,-47.95314134311299,-31.297394739086638
EF_03.09.2024_20240903_213900.WAV,519.53436,2.1941553755622016,98918.45388477284,5411.991494662869,0.07581053322845295,0.43072096199041326,0.0023584326,4093,-834.6469394132124,132.38715294943427,-248.13901541135215,80.77089177326116,-192.61406297280698,15.184014686563152,-121.45182966711849,-31.55797511319712,-72.03091057211773,-50.13852855315662,-46.07809314850673,-47.259855038062604,-32.017019677015846
EF_03.09.2024_20240903_214000.WAV,522.3174,2.1929105609507396,100952.034226515,5384.314130393904,0.07469279097455671,0.42679071603918467,0.002422427,4102,-826.8219238172048,130.2146331635394,-241.2353185833895,76.33037573082105,-187.60557250857465,11.697341917442886,-116.52505810487803,-33.72310316398087,-66.84308453340374,-50.649033789535785,-41.30588216366858,-47.16497088420844,-28.29535760357911
EF_03.09.2024_20240903_214100.WAV,527.33215,1.808716992270466,100351.32348810688,5399.135652381201,0.0750879622272517,0.4297765758795607,0.0024076917,4101,-825.1014196842344,127.77542850063693,-237.7403045853672,75.0678320847329,-183.14868010414665,10.820117263520615,-113.19112298233316,-34.68477772052783,-63.648927323106314,-51.87799373394211,-39.52517269760014,-47.64295630940645,-27.101086372789293
EF_03.09.2024_20240903_214200.WAV,525.44666,2.1869724500973695,100276.7699723007,5400.150797607905,0.07531110738372518,0.42881782855547285,0.002398646,4079,-827.6597233625456,129.61866054309704,-241.56093556592884,76.59015401509699,-186.70593561232414,12.34679177242984,-115.61690715523254,-33.438628192634,-66.60932545886476,-51.34829710452349,-41.81485055861231,-47.39286648036505,-28.544904885369398
EF_03.09.2024_20240903_214300.WAV,520.92786,2.194144023548152,99982.62032478096,5404.129238627469,0.0753464384547971,0.42944063256236037,0.0023879274,4122,-829.1404550660277,130.1487826578574,-243.3088585824912,77.50253622597666,-187.95950648878784,12.76543953938585,-116.83645870264475,-33.41585975843411,-67.87015665808097,-50.89341747036911,-42.54972472240175,-47.23265466242471,-29.347848908683947
EF_03.09.2024_20240903_214400.WAV,521.0758,2.1939063402738657,100089.78493095866,5406.045928235261,0.07541574820373483,0.4298245677820179,0.0023893195,4119,-832.192010675478,132.41744414630398,-247.65574279119474,79.86390254307462,-192.72775141836843,14.716527577965111,-120.94702355698058,-31.97629443892867,-71.07122491344384,-50.0249794364172,-45.33839550053022,-46.976384384035605,-31.78545053183361
EF_03.09.2024_20240903_214500.WAV,528.2521,2.09909726931134,101718.53191427773,5397.2789859446275,0.07477190677435654,0.4279428852731757,0.0024407061,4121,-820.3867410942919,126.2141926924999,-234.91364117056878,73.23933336750848,-180.86257847973928,8.989107158530954,-110.34610284679253,-35.755312584399306,-61.850601662992084,-51.64101056993303,-37.4168424461509,-47.00458081843976,-25.382067058672483
EF_03.09.2024_20240903_214600.WAV,538.6095,2.190471002023336,102314.41622210636,5400.289898658673,0.07456245420688763,0.4275891267800633,0.0024660418,4119,-815.3796753939984,122.73007829985136,-228.43939189985508,70.51272989924244,-174.7666131195398,6.7571716904841495,-104.92246564967753,-37.186643799322034,-57.47426038273482,-52.523180247233924,-34.08222900491923,-47.12976955349624,-23.08219771737821
EF_03.09.2024_20240903_214700.WAV,533.5156,2.1117016978754877,105908.81206466437,5356.884883206399,0.07258894217092865,0.4229604532180752,0.0025730692,4104,-810.4275481186628,125.14814987830505,-229.54997953473193,68.04123403187417,-177.75149755017287,6.237961591962925,-105.89262047738406,-37.419114032410114,-57.718273903145445,-51.63075651323061,-33.17017058204224,-45.85464676288328,-22.203988153243696
EF_03.09.2024_20240903_214800.WAV,531.9931,2.1051965172510374,104731.7430427127,5359.103893751306,0.07317974509865657,0.42329494223520103,0.002534468,4095,-817.5615590503054,128.8304718386314,-236.56113045163914,72.16534976643177,-184.40674998874238,8.9252018293196,-112.50236034418934,-35.30243054614645,-62.90708166909039,-50.669296937245065,-37.06105834770955,-46.25993205778115,-25.493340889383564
EF_03.09.2024_20240903_214900.WAV,539.0929,2.1692953167499605,106272.0557849523,5354.832918235243,0.07257384227403994,0.42295590853034254,0.0025811943,4127,-814.9657897876086,128.84606026529127,-236.33499492099352,71.30756549466454,-184.4415669492489,8.346706566746056,-111.47761746853686,-35.38541285437841,-62.20850175237263,-50.582496618704006,-36.674374144393404,-45.56534786340705,-24.773395147568376
EF_03.09.2024_20240903_215000.WAV,531.94867,2.1895390631961877,105400.26754280404,5356.470784272802,0.07255974927732001,0.4231582380282018,0.002555555,4093,-813.6598739439245,127.12598425480681,-232.9650873383223,69.91563766203427,-180.53469283377092,7.0003288111465105,-108.4260873634762,-36.18104148624206,-59.52762980731561,-51.77723995778781,-34.79688865039526,-46.11398990909048,-23.498200576744495
EF_03.09.2024_20240903_215100.WAV,516.0992,0.6992191683741922,98259.72789802721,5425.986531535745,0.07616755857393373,0.43273407686848475,0.002332659,4114,-841.069748691668,135.71932915662978,-256.26231369462334,84.63233489754698,-200.16671915958636,19.122303940135623,-127.89736135812235,-29.105450428050162,-77.69370658758798,-49.025206632701604,-51.26543960820909,-46.79402269888781,-35.99853250453752
EF_03.09.2024_20240903_215200.WAV,519.9106,2.18656553960987,97518.69107999445,5424.379014244658,0.07654607554004482,0.4319162148641102,0.0023173068,4125,-826.5423381148444,124.57611330763848,-233.85222974702023,74.57889252886326,-178.82831462868472,10.660394808539484,-109.62307253101591,-35.602376828949104,-61.70201865187688,-53.077441854053504,-38.71941621444454,-48.35797903885889,-26.394274814879267
EF_03.09.2024_20240903_215300.WAV,513.1961,2.188585703485094,96760.2370031007,5434.675809637178,0.07686086986241203,0.43283896826135515,0.002289773,4117,-850.947885186143,140.98711987078983,-266.2982338148594,90.86951709755948,-209.03140959784676,23.987764908733105,-136.69594305604636,-25.428214803294015,-85.8228877849817,-46.69145465345776,-58.550389560261955,-45.88610549614392,-42.11918761821529
EF_03.09.2024_20240903_215400.WAV,513.24817,1.194152164162304,96835.3401078189,5434.143135987609,0.07694649802119932,0.43262282291278853,0.0022916463,4093,-840.5200595435801,133.49304952431473,-252.36043850555117,83.20000620875591,-195.32646686301655,17.89494024380078,-124.49923186739147,-30.11026588284425,-74.75193416775745,-50.03961311906278,-49.10230787137931,-47.82060322665333,-34.49900257061047
EF_03.09.2024_20240903_215500.WAV,513.3484,2.0077451232565973,96637.99140708378,5434.443430812476,0.07696047106226928,0.4332210856059196,0.0022874041,4095,-841.7775053897063,134.0015397907641,-253.18941044368466,84.2642156643465,-196.78757425501854,18.27000053708907,-125.5077106202103,-30.0974017194317,-75.94794643204443,-49.64247543986477,-49.9518386972691,-47.46332688981935,-35.183544839277374
EF_03.09.2024_20240903_215600.WAV,523.4927,2.086155443602799,96927.07637829441,5433.242324150615,0.0768496420061993,0.43241322191455694,0.0023020864,4125,-816.68031899234,117.00715760858986,-219.04455699885457,68.44489589928321,-164.78257125048512,5.621717343685444,-97.60343551451948,-38.96484823042394,-52.12333082755571,-54.84274772861221,-31.128428873134773,-48.04520675930761,-21.07113254529628
EF_03.09.2024_20240903_215700.WAV,518.5085,2.191984240433831,97066.36455104248,5429.392283303544,0.07667557422850658,0.43296821918047285,0.0023012606,4099,-836.2874539450561,130.78953177251836,-246.3249110758903,80.75892780441127,-190.3976666567227,15.518268541234427,-119.69307289741762,-32.20546531944764,-70.60439206508292,-51.15909313799288,-45.65855338823576,-48.064356033415216,-31.920923446938495
EF_03.09.2024_20240903_215900.WAV,511.015,2.1936109939762174,96440.06903705158,5436.696602143385,0.07719820848678187,0.4335768437616344,0.002280528,4109,-846.8770962501337,137.4716469444131,-260.10821950248646,87.58661470062798,-202.7896012463464,21.34105885291984,-131.4164214118945,-27.34965952205115,-81.25579541205413,-48.29046547590747,-54.340626675583216,-46.71609928694082,-38.85524946879256
EF_03.09.2024_20240903_215800.WAV,513.45215,2.195466128706222,96644.01496729226,5435.189677589752,0.07700489852116699,0.433434140566828,0.002286889,4112,-844.3207972051308,135.77211856763498,-256.90986768893436,85.76918030848321,-199.93161521035782,19.798234779389713,-128.7625894637304,-28.532734721890765,-78.5091992774211,-48.88856583445168,-52.42036262853957,-47.140764509384184,-37.22273623246814
EF_03.09.2024_20240903_220000.WAV,513.0353,2.1951133527857105,96577.11281179116,5437.255857866368,0.07697270258420903,0.4331605503653202,0.0022852502,4128,-842.1111828731293,134.1173310292103,-253.78039018168374,84.25839089789092,-196.928547692175,18.6511447359519,-125.56396144527628,-29.6419041250281,-75.96794585539097,-49.999764022111464,-50.03541480852411,-47.75511682187771,-35.411927596030296
EF_03.09.2024_20240903_220100.WAV,511.89706,2.1954503871425937,96438.06337933107,5435.5934468287605,0.07695485830860135,0.4332185405807893,0.0022810881,4075,-843.6561909082398,135.16566216419656,-255.41279031349606,85.38538952757206,-198.55601392612635,19.4231528907142,-127.27487467123444,-29.274446991934692,-77.3573368141018,-49.292615571926184,-51.34824741687748,-47.560465384131476,-36.290336786614645
EF_03.09.2024_20240903_220200.WAV,512.1267,2.174545469854472,96336.40709275087,5439.776957367298,0.07709452324748334,0.4335501209977662,0.0022779054,4101,-855.163921724481,143.31985762740484,-271.3982021436626,93.36608864426474,-213.4944477928383,26.29271422037061,-141.1176714605172,-23.23529844121873,-89.61161595367739,-45.25876901830369,-62.369834821634626,-45.05987386374104,-45.32486542101261
EF_03.09.2024_20240903_220300.WAV,512.8314,2.1947162955181834,96503.68103679195,5438.061860160492,0.07705754654217296,0.43351994427122115,0.0022827203,4086,-840.188323163055,132.66295759317785,-251.02328314530766,83.25906453772089,-193.9090889611506,17.326647599035145,-123.31356322445431,-30.503819642339803,-73.99666414975015,-50.20946900987374,-48.84155837586568,-47.91585651111139,-34.22666543584357
EF_03.09.2024_20240903_220400.WAV,511.9254,2.195441333220794,96556.35046915746,5439.486865454992,0.07713299629965041,0.43365064949041326,0.0022829738,4115,-851.1557718079366,140.5616095197788,-266.44450833309435,90.55923278481303,-208.94765510659934,24.074331846454985,-136.79220691217395,-25.254362178923223,-85.92991738984084,-46.60098498310784,-58.938860454239425,-45.79968478493174,-42.53235946825647
EF_03.09.2024_20240903_220500.WAV,512.3316,2.194158711800554,96433.88883239434,5436.598715162934,0.07707392598116393,0.4336899155924237,0.0022809145,4102,-854.1450560183825,142.64907818464502,-270.0100185978281,92.44089963276477,-212.57194648706468,25.739616979171004,-140.23512992478084,-23.798683041554234,-88.98692844858049,-45.55026616874711,-61.47166833372048,-45.22323769503202,-44.725485321519734
EF_03.09.2024_20240903_220600.WAV,512.1609,2.195942881519514,96500.34196174925,5440.698869817017,0.07714635740837911,0.4340354936476173,0.002281669,4124,-853.716407478357,142.27246537139501,-269.93720506798405,92.3556307219954,-212.1321385284061,25.820354214749038,-139.96757308400504,-23.934105124021258,-88.71147255795914,-45.77088166419298,-60.99126246073698,-45.34363074765249,-44.36133428255915
EF_03.09.2024_20240903_220700.WAV,512.2345,2.1071795274815828,96506.79486308507,5436.655202154961,0.0770311620058974,0.43311673957557706,0.0022825773,4085,-845.4246468673374,136.46911549556245,-258.18060561499954,86.7879375171557,-200.8265973610341,20.357550098251984,-129.7031874209413,-28.32024573830352,-79.41617320029617,-48.90462403483875,-53.24653406647898,-47.193982451119936,-37.81963206740176
EF_03.09.2024_20240903_220800.WAV,511.83057,2.1883782176932995,96452.56056773169,5437.312163721126,0.07694367843703451,0.4332950731222077,0.0022819783,4112,-843.5807058530315,135.02793274995156,-255.40415415138492,85.38443379340428,-198.47308809363403,19.172029519711252,-126.9775167383242,-29.271474573490426,-77.29419210033015,-49.37144746249317,-51.30016859631768,-47.60594774975905,-36.1487703437077
EF_03.09.2024_20240903_220900.WAV,514.57947,2.1391342274122933,96384.66047580117,5437.2874890022595,0.07710511861140035,0.4332939823971519,0.0022796073,4121,-848.9640959159763,138.88372915665641,-262.6620249764482,89.08576469226988,-205.3612527517169,22.64623480731954,-133.80545891824548,-26.45665318878839,-82.9643163052907,-47.651633043133955,-56.38277627170515,-46.42389211270227,-40.3794128453244
EF_03.09.2024_20240903_221100.WAV,543.66235,1.954062398128905,97970.5858262756,5434.876227533594,0.0767557373313171,0.43282697028574085,0.0023522298,4123,-795.2236545399007,102.81299536802631,-190.83888781701623,56.01419991411317,-139.49996232167967,-2.926632921165992,-76.22598483733346,-42.982582358775346,-35.9783997190428,-54.46685482365868,-20.51529751903419,-43.98160703625028,-14.694719189410971
EF_03.09.2024_20240903_221000.WAV,511.5177,2.1931069015923064,96334.61023996728,5437.1271091597355,0.07721974612608035,0.4330489328346054,0.0022774665,4124,-855.4161159872328,143.52609324714578,-271.81731330595585,93.25213399926008,-213.9140444980784,26.509211587289304,-141.75332100030616,-22.95221719075145,-90.23686803771089,-44.989035373400704,-62.85522366451727,-44.71565629417559,-45.497512961773474
EF_03.09.2024_20240903_221200.WAV,539.8957,1.797856349143947,98104.9069874828,5438.636629992501,0.0767701273598302,0.4334754063314408,0.0023607367,4119,-788.7288867652599,98.21352301530857,-182.057246854026,52.408925595640696,-131.49036817362463,-5.063166977146811,-69.75004228818715,-43.55022703545845,-31.897412258531666,-53.7549579455388,-18.099003821954376,-42.27246060632695,-13.382928779041759
EF_03.09.2024_20240903_221300.WAV,513.03894,2.1936742075225877,97505.4186768838,5431.063759634427,0.07633462392496672,0.43264245596379375,0.0023194642,4124,-833.6633676056456,129.22219703815944,-244.06136127003344,78.65262871858114,-187.8066056747267,14.468808793543518,-116.63096177823391,-32.34868881998764,-68.00856084447192,-51.6130018631092,-44.457610062742205,-49.172736582203626,-30.556055560761813
EF_03.09.2024_20240903_221500.WAV,513.24066,2.1958540908106,96569.50547959181,5435.005635043248,0.07699693640708061,0.4331060141125279,0.0022853822,4138,-839.1733785363584,132.11564169799843,-249.66559461464968,82.36087215145633,-192.90695594240267,16.721487783163035,-122.23199933519028,-30.774142612028772,-73.09829329923764,-50.656142184378005,-47.90714022972098,-48.05987119145881,-33.43311618389729
EF_03.09.2024_20240903_221400.WAV,515.43604,2.190151392424496,97946.31665099526,5424.34254478451,0.07576210119931133,0.43234923271128073,0.002344904,4110,-830.1743432928458,127.37368290286436,-239.49736992444647,76.44772443634649,-183.86263313517782,12.594045540413351,-112.68011995845417,-33.363264980460784,-64.42941273944207,-52.648492195992084,-42.09799333192722,-49.33099585806223,-28.760785715041525
EF_03.09.2024_20240903_221700.WAV,512.6422,2.1950171497684554,96440.08863222555,5435.18929310168,0.07699596708303452,0.43336342522570737,0.0022810008,4124,-852.40449128102,141.5226209438567,-267.5818303963087,91.55169963980269,-209.93699500582377,24.49427741848414,-138.135804523324,-24.894740108173007,-86.97404904755051,-46.37983172216262,-59.71292812023034,-45.76968172968273,-43.12347615735692
EF_03.09.2024_20240903_221600.WAV,511.43338,2.1908144280005235,96417.38530027537,5435.687050562599,0.07715245547410202,0.433375604988831,0.002279441,4115,-853.8184126146475,142.52367833444816,-269.6496149477011,92.34981657916993,-212.0495625663798,25.5717651204469,-140.02716870934003,-24.068341637244064,-88.68489945751098,-45.792393070008785,-61.049860228105004,-45.360532137298875,-44.39809767363895
EF_03.09.2024_20240903_221800.WAV,518.4223,2.0642253193881936,95827.0756221501,5422.141329081637,0.0765607984971796,0.4301717819247952,0.0022800472,4104,-827.7228707019844,120.33834738966188,-225.29532083624738,71.546799791098,-170.46521432169513,7.974419388279798,-102.89537598810243,-37.14826280516553,-56.72916588109578,-53.85403146644945,-34.78690970386165,-48.35772455488947,-23.771821092223114
EF_03.09.2024_20240903_221900.WAV,514.3263,2.1953906171846693,96277.99154118335,5437.6764610858545,0.07697246485204491,0.434311992449274,0.0022794954,4108,-834.91733570729,128.5648211429479,-242.97617269840518,79.35698130074486,-186.21676755120265,14.072630439063385,-116.37996005167345,-33.083540353454374,-67.93466224013375,-52.10411103643318,-43.68499362384523,-48.653200339656614,-29.971753264027733
EF_03.09.2024_20240903_222000.WAV,513.33203,1.8665253954054142,96358.70890148827,5436.054958744353,0.07690121982336606,0.4334830414068317,0.0022843876,4132,-823.3422473819409,120.61756304549239,-226.95335400372227,71.87249491499013,-171.64927057504855,8.25051894568425,-103.29665175050641,-37.28384534364485,-56.87872725425262,-54.14070604559377,-35.123948016209425,-48.67830217519835,-23.827714379579774
EF_03.09.2024_20240903_222100.WAV,513.21857,2.195260894848886,96374.44431485665,5432.964672384914,0.07699470864311239,0.43268862999115787,0.002280437,4110,-844.7472922428187,135.92221965432026,-256.82345331110224,85.89006014789292,-199.65630289658833,19.805145804798507,-128.56826293583603,-28.566429704729767,-78.53626637991385,-49.0007240973518,-52.24347812567288,-47.405784556839464,-37.17372332384467
EF_03.09.2024_20240903_222200.WAV,511.6696,2.1918387352756037,96189.15393388075,5444.060888852216,0.07715848620115914,0.43384861608804914,0.0022744527,4104,-854.6394859241808,142.4733254762074,-270.5501506041688,92.79228674604477,-212.2301916959862,25.915101160493542,-140.1058096416515,-23.57054300162567,-88.85293673419164,-45.7079551503261,-61.52869512614958,-45.25011906558476,-44.43916924322054
EF_03.09.2024_20240903_222300.WAV,511.95392,2.195154043752645,96325.78040423246,5435.04903215855,0.07708301103240049,0.43362301778899853,0.0022775563,4128,-854.711075160877,143.13435981597266,-270.6659243033429,92.7497730353307,-212.94796985258137,25.885409422554467,-140.44283526860937,-23.602295626883162,-89.37680782425821,-45.49544289254297,-61.80059456722524,-45.15644767445558,-44.881291563621524
EF_03.09.2024_20240903_222400.WAV,512.69104,2.194685106871038,96498.67830174383,5441.003916117379,0.07709863504221558,0.43355339317293373,0.0022823354,4107,-844.0982425339969,135.34834975054872,-256.3453816210321,85.89681067262013,-199.189795424638,20.031353353620386,-128.02400384489727,-28.911375422398354,-77.98936076972382,-49.50172569316544,-51.982918180032534,-47.62725786414889,-36.81863469857002
EF_03.09.2024_20240903_222500.WAV,513.83496,2.1062312680179938,96487.74499706032,5438.460838664759,0.07706899488794929,0.4334432299422934,0.0022824495,4117,-842.9012191155783,134.4954323498675,-254.6349571008657,84.81900104996876,-197.3691620474153,19.10196185631423,-126.56337736954542,-29.451326392255407,-76.52401702026151,-49.649749872824856,-50.884797019768605,-47.76345820797688,-36.02363632198526
EF_03.09.2024_20240903_222600.WAV,516.9752,2.187542629260218,96505.3506310123,5441.181362479225,0.07713902590215288,0.43360447546304914,0.0022844516,4124,-833.7202064371626,127.96810050285681,-241.83920220493079,79.04234277111652,-185.5002375551366,14.080898551952759,-115.81726612858137,-33.46928729883879,-67.39113464124509,-52.084903384993616,-43.209080786486744,-48.565173998438745,-29.89094292261285
EF_03.09.2024_20240903_222700.WAV,511.40515,2.195228661593148,96411.11976336341,5435.968604165376,0.07703159599649669,0.43319618071714444,0.00228025,4104,-854.8187944683626,143.19360162878996,-270.94681450161687,92.9179295302053,-213.29856602972754,26.180750358324428,-140.92442633493687,-23.62521205922017,-89.57122858193003,-45.37403268567969,-61.99313281248493,-44.94093459286566,-44.95618828273152
EF_03.09.2024_20240903_222800.WAV,512.52124,2.195557987116842,96452.69412217959,5438.567703242066,0.07715516283872101,0.433257988470309,0.002280769,4123,-852.931613666264,141.80254928617563,-268.8291800203617,91.63695755572866,-210.96558653718228,25.027512278460602,-138.59513943660238,-24.219584179760155,-87.35230505332098,-45.93660106862972,-60.658889448488516,-45.513723442347754,-43.361280856781256
EF_03.09.2024_20240903_222900.WAV,512.0346,2.1958547892318885,96548.45011360079,5437.420975960756,0.07691338198704582,0.4329309527410648,0.0022840837,4126,-849.9343600752396,139.63176090831678,-264.5104655115658,89.6437005611192,-207.09724105804875,23.13202612262087,-135.0195105308926,-25.953921778048752,-84.46982483126789,-47.16027675592035,-57.30515012537799,-46.392683971560736,-41.401834837484266
EF_03.09.2024_20240903_223000.WAV,511.46664,2.1936431240223295,96314.64906246898,5437.211837194614,0.07709898356851322,0.43344341172980266,0.0022772301,4123,-853.2203403314705,141.68323081801796,-268.61036432513424,91.69006166450554,-210.89105097874653,25.056921371399785,-138.98691762628505,-24.49531127880863,-87.9832812366943,-46.01567588863653,-60.24528573013874,-45.80108441349177,-43.32441433999504
EF_03.09.2024_20240903_223100.WAV,512.58057,2.1848214100415593,96397.49749528499,5440.494295055091,0.07710910577010821,0.4342127364691921,0.002279736,4106,-850.1933266441238,139.6044464023978,-264.6983820524248,89.70012406689149,-207.28190354011946,23.36619667150513,-135.20346965866398,-25.855007570783126,-84.33764257672152,-47.19763667606968,-57.48619781900455,-46.32482467442479,-41.35145900088286
EF_03.09.2024_20240903_223200.WAV,511.91623,2.0880405011148238,96363.49660942552,5436.813432343895,0.07699393193670011,0.4333926930147059,0.0022784846,4101,-855.4324322793943,143.67993458617195,-271.6725542859165,93.4151147442105,-213.949846031245,26.359980693344724,-141.51590326110752,-23.48421770150889,-90.06969085571296,-45.359019854006206,-62.34154883212184,-44.91566094309907,-45.339598317247756
EF_03.09.2024_20240903_223300.WAV,512.0473,2.015623153648634,96284.59071909476,5439.701957717405,0.07714647291621533,0.4337288181194155,0.0022767407,4128,-854.4267978332633,142.59905971154976,-270.3258246256582,92.94533680827318,-212.25423406063916,25.807285352621136,-140.25393431499768,-23.895897765186973,-89.024757347063,-45.3948335169311,-61.5921117144849,-45.36853728191547,-44.73600434638965
EF_03.09.2024_20240903_223400.WAV,511.56146,2.134634920353919,96305.98817816697,5438.830533641329,0.07715116750853665,0.43358811458721147,0.002277207,4121,-854.7042429516392,143.00314270809207,-270.6046208150156,92.85401673287498,-212.9545794338673,26.052327053128195,-140.58510635059696,-23.630296162592806,-89.2803089158817,-45.31072284322318,-61.49636305599023,-45.015722065995085,-44.717610521383165
EF_03.09.2024_20240903_223500.WAV,514.0504,2.195105228648172,96362.82196463663,5438.778413140782,0.07702846397541173,0.4335721172863924,0.0022802271,4115,-840.0072281164671,132.11155437492204,-250.28147426805765,82.85614171618775,-193.39614665512525,17.189169990648708,-122.83753605126252,-30.78071283737436,-73.46105938331826,-50.47029729699473,-48.180066411857965,-48.25049630673,-33.52508112487745
EF_03.09.2024_20240903_223600.WAV,514.1479,2.0863768466530073,96389.59966378269,5434.678179100966,0.07707167998964874,0.4335463034600707,0.0022793403,4086,-844.6741670608508,135.96356994596903,-256.64026137241177,86.27783415159425,-199.75438059932662,19.854102894964505,-128.27280852446225,-28.793277295215837,-78.57126252795607,-49.15932142547408,-52.32827044717116,-47.40536342040966,-37.15272161032547
EF_03.09.2024_20240903_223700.WAV,514.99615,1.8859473227065602,96395.47767864884,5439.030788838342,0.07709625283033533,0.4340791226498511,0.0022795578,4101,-846.2664801831824,136.88067053199057,-259.219173343296,87.13979089645514,-201.75757262760652,21.089293476153788,-130.191665380495,-28.007210000986387,-79.90133194642063,-48.50174791227212,-54.079271454472284,-47.09962414280094,-38.39157148894507
EF_03.09.2024_20240903_223800.WAV,511.82364,2.1914194688246895,96526.10867664799,5437.310180543777,0.07691199382902562,0.4331930903294862,0.0022825978,4115,-854.7657802642756,143.29524923752177,-271.37075043222114,93.17628707464984,-213.285047765413,26.034699103297122,-140.93129306806708,-23.78179020010119,-89.5485185310789,-45.41174976000203,-62.00922563992818,-45.02656232877399,-44.73231299860138
EF_03.09.2024_20240903_223900.WAV,511.9,2.1953665244563214,96238.89154228488,5435.020382662871,0.07713320046339969,0.43292113621556216,0.0022755614,4166,-854.4463175921513,142.87913367088237,-269.91493540175327,92.66856422987541,-212.19423590999557,25.751204362244643,-140.3773718916533,-23.85444038177345,-88.81707852172255,-45.60647473628743,-61.331311041984314,-45.26862760955553,-44.27210182912064
EF_03.09.2024_20240903_224000.WAV,614.3013,2.1442379109502716,98845.96570591291,5438.043239798203,0.07708128590706126,0.4332436272570737,0.002410179,4116,-783.3289880037685,94.34014306887195,-173.87579273440014,49.824987402662295,-124.57937550793294,-7.206464659970399,-65.08041284218586,-44.0664471015776,-28.378875316825226,-52.59457190245249,-16.354900927192293,-40.11031494785657,-12.512734108674222
EF_03.09.2024_20240903_224100.WAV,512.0362,2.1945209919457587,96095.25011938022,5435.72600465812,0.0770795344662221,0.4332796211839166,0.0022721982,4124,-852.157564867525,140.7354574668568,-266.44656841085447,90.63782206723361,-208.76892697422952,23.96533516456042,-136.98002749903446,-25.57662725283831,-85.92404915889229,-46.58170339809535,-58.75453208084942,-45.8292548343552,-42.20507201521298
EF_03.09.2024_20240903_224200.WAV,512.2849,2.19528936931036,96293.87540509974,5438.807082800421,0.07703660502138397,0.4333546994252606,0.002277212,4104,-847.3737013378775,137.45221460421243,-260.29898823025906,87.83349099853844,-202.9127531410189,21.482710370101298,-131.5547304812727,-27.613356359707183,-81.000921072563,-48.55213204248691,-54.73793220357393,-46.73274965602369,-38.70251929224448
EF_03.09.2024_20240903_224300.WAV,511.2509,2.1950320065897015,96304.72491721096,5437.084816488982,0.07715599231256376,0.43329525490971704,0.0022767647,4116,-853.2414407813627,141.8602626839106,-268.74401350000693,91.72842682189584,-210.94974110056805,25.059132084994157,-138.6780425343279,-24.179872430590596,-87.759825588307,-46.09247288609013,-60.67899815053417,-45.647084086119854,-43.524694205435665
EF_03.09.2024_20240903_224400.WAV,512.7936,2.194814456813767,96590.05639537027,5437.479442291097,0.07696817177209665,0.43377808253443784,0.0022856232,4113,-842.8504195564146,134.71927411567628,-255.10925533365784,84.95694544557333,-197.36283478682705,19.2268656607918,-126.37709563313187,-29.41054231615797,-77.09599907430314,-49.76269999492354,-51.04668944600331,-47.564573458357636,-36.019719552851015
EF_03.09.2024_20240903_224500.WAV,513.3588,2.1937397585454543,96392.03602412353,5442.017970682404,0.07705527283369751,0.4339835024199553,0.0022796984,4137,-848.3298236796887,138.1964418847952,-262.1854759121026,88.47359530713683,-204.45614686080927,22.148936972092773,-132.80339197892363,-27.078784779554486,-82.29186836509295,-48.059938296778256,-55.549382027557556,-46.54923572864215,-39.70370902082694
EF_03.09.2024_20240903_224600.WAV,514.72845,2.1637036358016837,96427.76170566236,5434.29542136161,0.07701915619929237,0.4331860006166232,0.0022836945,4080,-829.6747692709887,125.31305302792242,-235.83712340215016,76.2106162585437,-180.37504095957723,11.600284674721712,-110.94476306877141,-34.90874672973456,-63.46466366479764,-53.08903029619922,-39.91532409511692,-48.57642240221183,-27.397962466626876
EF_03.09.2024_20240903_224700.WAV,513.7607,2.1947869508290534,96071.77757893373,5435.438605860327,0.07720376553981452,0.4336013850753909,0.0022720445,4111,-845.1244956226789,135.76977075057872,-256.63504073075666,85.7531430115865,-199.31610070451467,19.852377290733934,-128.3900897585072,-28.443239845488154,-77.99132216674246,-49.179567426769594,-52.42991435585082,-47.35718232311956,-36.746011858124014
EF_03.09.2024_20240903_224800.WAV,512.94214,2.194145002514659,96400.83018587614,5438.962136994018,0.07713806602488049,0.434253456871277,0.0022795622,4110,-851.4998701366537,140.73147975141433,-266.5075763680767,90.71466512680894,-208.8558020422003,24.12409073566562,-136.92550492496653,-25.3478106647247,-85.915745795325,-46.39441560047052,-58.64170117193115,-45.83555529566314,-42.45647920341226
EF_03.09.2024_20240903_224900.WAV,510.9096,2.194519319849207,96401.06715651855,5439.64610440617,0.07717215978410705,0.4337411796700484,0.0022785522,4111,-854.6900008995116,143.07661191566143,-271.08241029204123,92.93273964416927,-212.95587394039669,26.295001905695273,-140.75014275273344,-23.748695201483947,-89.65664791290237,-45.302800532766575,-61.99974460016235,-45.11936823112099,-45.03540065290305
EF_03.09.2024_20240903_225000.WAV,512.14,2.0679853237595864,96353.51674586625,5440.124285942081,0.07712680610654582,0.43411384406412884,0.002278277,4111,-853.3590509471659,141.98229078136438,-269.1923174071651,91.7164742810748,-211.08398667981447,25.36815159110242,-139.22963075778657,-24.13522414604396,-87.79504350056672,-45.86255822863037,-60.22963653753688,-45.38978222582455,-43.925134373859315
EF_03.09.2024_20240903_225100.WAV,511.9226,2.0878575511743827,96276.19890909763,5440.257659329376,0.07724993889122085,0.4343381698506143,0.0022758062,4111,-853.7053764988748,142.1465465426585,-269.2861729183881,92.38280613080397,-211.45132438398184,25.564171942413843,-139.41375011546415,-24.189271574937873,-88.03526111495248,-45.94534388092082,-60.869972229073014,-45.23294606380456,-44.11592430144413
EF_03.09.2024_20240903_225200.WAV,820.19653,2.109407121099404,112369.00554211237,5439.177510371661,0.07660597836732667,0.43280406505956814,0.0029461575,4125,-782.4972333610183,97.53849798953368,-181.65879866730128,51.52337446350426,-131.1679156146277,-4.934710914093732,-68.9277213337957,-43.27268779136827,-31.161333485636142,-52.933694432446536,-17.19689927124461,-41.91718473762503,-13.234795836165643
EF_03.09.2024_20240903_225300.WAV,808.5646,2.1188389576271827,108285.45130589211,5431.645178392403,0.07611055013574308,0.432650272826694,0.0028014467,4115,-786.752253579275,100.28290630112365,-186.07757792859056,53.60668856916981,-135.24737324050744,-4.775470356085287,-72.60580995574418,-42.893090179968986,-33.282949623981416,-53.71084543347161,-18.55722263781968,-42.718778061779716,-14.021009112106388
EF_03.09.2024_20240903_225400.WAV,669.6848,2.068866178285007,100937.19108673853,5434.001938415643,0.07631033682795704,0.43287241716306774,0.002459158,4119,-795.6874886064489,104.38298713091723,-194.22920978265373,57.16065966656617,-142.1927746478501,-2.581379079269345,-77.98284022136504,-42.72719602740567,-37.576278872666,-54.181009371276176,-21.048793460536185,-44.48269222730547,-15.031010413011167
EF_03.09.2024_20240903_225500.WAV,541.5584,1.6243682767787089,99712.90448304145,5412.771834261792,0.07570731675033454,0.42971931281412884,0.0023815988,4090,-821.2589063153093,123.91493864328214,-231.48345791887894,72.81927117828431,-176.6787263216062,8.497416151797426,-107.54097026224585,-36.21837673436208,-59.8049313262533,-52.44588787328482,-35.943805479340675,-47.79088086812992,-24.793567489466014
EF_03.09.2024_20240903_225600.WAV,629.6702,1.9985424084118468,103681.79745651002,5409.658025688688,0.07499822925191792,0.42885673108246464,0.0025277315,4132,-779.9278664823786,98.77056336710156,-180.70400615128534,49.783303412356695,-132.07334447969404,-7.061797757777696,-69.41493719602835,-44.28682597476301,-30.9319365542342,-51.245129900977155,-15.729623411575577,-40.56447037536898,-12.15672088620016
EF_03.09.2024_20240903_225700.WAV,536.3439,2.1850602426688495,101145.34774990345,5407.83375099271,0.07539675626426331,0.4292337583767684,0.0024199975,4111,-826.8779097083692,129.5069720519046,-242.62214640047654,76.96561377567072,-187.7471057161711,12.479507091048776,-116.44177422117392,-33.25642711372904,-67.25601676709476,-50.12626058786512,-41.557463889993585,-47.6620160544229,-29.068810886927338
EF_03.09.2024_20240903_225800.WAV,535.724,2.190766265105909,100610.56886220143,5419.794862595066,0.07628401719187378,0.4307616823924981,0.002407354,4133,-823.8602661868905,127.29068602545968,-237.50101668039594,75.93952014821458,-182.01829161665793,11.815670228453797,-111.9124185001915,-33.92436245061873,-63.62471962467193,-50.865414865624224,-39.1825848052503,-47.750039787476055,-27.073533322966014
EF_03.09.2024_20240903_225900.WAV,519.49744,2.1751663103174357,99322.93664921263,5416.946401151649,0.07597189230636607,0.4307874962188198,0.002367702,4126,-825.9923425012668,126.71118673612379,-237.51520021101211,75.04698913110353,-182.66330801502238,11.189165894581897,-111.63602492612732,-34.59706126738728,-63.71084207936556,-51.656550496920026,-39.2060780939669,-48.19149069657303,-27.124488338245275
EF_03.09.2024_20240903_230000.WAV,515.9679,2.1942701006980245,97651.56140375641,5427.930057318821,0.07660190799884534,0.4319438465655249,0.0023157094,4107,-836.2261146194116,131.65026175927997,-248.11576443770727,81.00951310062317,-191.82977709023947,15.774759683341834,-121.14007712103809,-31.410994597465837,-71.64076342216875,-50.54476053514349,-46.0575377919258,-47.821411065499696,-32.23472057940259
EF_03.09.2024_20240903_230100.WAV,541.68286,2.097918146782886,98995.89433930157,5417.854359096001,0.07605939438256144,0.4311047154225614,0.0023641305,4095,-815.1284948967506,118.71425191462943,-221.57593894841682,68.28529677141462,-167.23735373415934,5.756310051050643,-99.41207741858203,-38.43129374591052,-53.30901717386038,-53.85314440626843,-31.512804561514393,-48.16573530604204,-21.708686095012368
EF_03.09.2024_20240903_230200.WAV,520.43054,2.1945407052887353,98386.9292552607,5422.984982993546,0.07615199018342345,0.43133213159670514,0.0023377107,4108,-835.9680852651497,132.45323584003415,-249.3467317888419,81.13472528968906,-193.1472575876274,16.002237479478914,-121.46463028193259,-31.496420001606204,-72.45709332210662,-50.39062484113853,-46.502711569257905,-47.75004854998752,-32.45816254118624
EF_03.09.2024_20240903_230300.WAV,517.18097,1.8962989756083233,97982.06014207368,5426.352039662268,0.07658810887399038,0.4321634458767684,0.0023272184,4093,-832.3093322938234,129.2267453523502,-243.2481585525613,78.51673907478174,-187.38535004310913,14.017927148784656,-117.0291298002144,-32.97983577224436,-68.21639578702214,-51.30230687829192,-43.14118921975544,-48.13332867164011,-29.92318274426067
EF_03.09.2024_20240903_230400.WAV,524.31525,2.1704370514791855,97790.13261158184,5427.55140233649,0.07652638181816432,0.4326782681031273,0.0023254706,4104,-827.1586220385656,125.30525813750789,-235.5485382706964,75.16329538185929,-180.31340051258013,11.08473777220333,-110.60871191081006,-35.20756523673822,-62.66147250874086,-52.396176264892595,-38.979651559724296,-48.43909136315363,-26.655153780446575
EF_03.09.2024_20240903_230500.WAV,523.2145,2.1384339212974,97823.08908499044,5426.199251025538,0.07647241352215527,0.4322959689710536,0.0023274897,4117,-831.018992138936,127.80994153443628,-240.78558321369513,77.52800854222147,-185.0750659648886,12.813584459251706,-115.0535726948497,-33.710859490548515,-66.384979667111,-51.80276458849581,-41.72310953798213,-48.34477341954428,-28.93094975314371
EF_03.09.2024_20240903_230600.WAV,524.1969,2.189714072980072,97059.36086734175,5437.060936772906,0.07673049654589041,0.4332125415929821,0.0023010073,4069,-833.4329949169597,128.3702097561596,-242.8166219692171,78.98745124434177,-186.3141826393825,13.565108860538505,-116.00799332753569,-33.3924872492946,-67.65596786118765,-51.72559115135642,-43.16626532482248,-48.354831438547606,-29.72761100690976
EF_03.09.2024_20240903_230700.WAV,514.861,2.189965297421602,97526.58335507048,5431.248967538111,0.07672138300369613,0.4333710603010983,0.0023122907,4095,-831.8651545756968,128.34686248863326,-241.90833618259552,78.16536044776844,-185.82355021307566,13.281250857091589,-115.52419944426374,-33.41829235258975,-66.869875388929,-51.48977890600011,-42.45124063613849,-48.22095390136911,-29.55605221400063
EF_03.09.2024_20240903_230800.WAV,542.7221,2.0683017791451577,100224.74883066765,5423.853297317752,0.07591172832391585,0.43178041959465746,0.0024028579,4096,-817.4612690013176,120.89313077462292,-226.61976992431403,70.70554922996284,-172.0451869500085,7.031529579482037,-102.65420278327801,-37.447285916702135,-55.88053601564729,-53.16091966976902,-33.72180936284453,-47.97824787796376,-23.10631743471512
EF_03.09.2024_20240903_230900.WAV,518.45496,2.1938375069730234,98843.89546006834,5424.89014648766,0.07606264740543439,0.43168080003955694,0.0023474928,4095,-841.0498474319386,136.41657935991896,-257.6941544838308,85.07011272716528,-201.45549687236144,19.153538583336157,-129.04467546720417,-28.413048526322108,-78.46961629687863,-48.23421478340299,-51.52625793747221,-46.85565556681067,-36.82730586368509
EF_03.09.2024_20240903_231000.WAV,518.3706,2.177303802250414,98881.4156761034,5414.414890513305,0.07591652340236292,0.4306836955510052,0.0023529143,4116,-837.9476344059228,134.81137877848943,-252.86832815407416,82.86856197575622,-196.95604725725354,17.251529698932604,-125.38737470122918,-30.353993119215456,-74.87170154561342,-48.85182813874707,-48.61468721178176,-47.097389148876196,-34.56494281211686
EF_03.09.2024_20240903_231100.WAV,524.09125,2.1935490422505075,99904.31924890426,5409.459421551598,0.07571404158355205,0.42955624941827997,0.0023813928,4116,-831.3811150343101,131.48973623279338,-246.53724238739244,78.87381329309406,-191.28165009128787,14.190889099450448,-119.56150122432646,-32.100948017081585,-70.2091887303206,-49.78710915563999,-44.15648196279409,-47.45453805955125,-31.005510618976356
EF_03.09.2024_20240903_231200.WAV,523.49445,2.1952284350455322,101277.12338583631,5401.495188342933,0.07502055173758311,0.4291812217865786,0.0024220848,4093,-826.7165032759814,130.14183909624683,-243.06827587477295,76.64510310547168,-188.34476313787587,12.478263293362103,-116.44191248209644,-33.270013940516925,-67.22225905120554,-49.85975488115951,-41.59412315686635,-47.66235752117159,-29.430305006904593
EF_03.09.2024_20240903_231300.WAV,524.70337,2.192418179203348,99840.06856120634,5416.590975656021,0.07577528085402585,0.4305498999441549,0.0023792011,4088,-830.9350876630846,130.65526856869815,-245.66479390919696,78.80821732300917,-190.32139913338247,13.657874409714765,-118.87798398985534,-32.39285676873033,-69.06797871610635,-50.1112576081769,-43.53263767339196,-47.58769022265445,-30.746281041729116
EF_03.09.2024_20240903_231400.WAV,517.17816,2.19543431070556,98160.20852587932,5423.587511270898,0.07640508819563616,0.43210818247393895,0.0023301227,4100,-837.434260261649,133.23645735405285,-250.9862647581356,82.00389662752109,-195.04934961279244,16.510149350860488,-123.29947364245668,-30.732829011485542,-73.63579158225792,-49.37217859137737,-47.6993128103492,-47.36961800663372,-33.650685121222914
EF_03.09.2024_20240903_231500.WAV,521.9755,1.6428680067888208,98763.75548916243,5426.843896309207,0.07623891515307062,0.43161135721100147,0.0023493585,4118,-830.4637745171481,128.76213302964018,-242.61416092393318,78.07130411215896,-187.24887061065752,13.49828896271067,-116.29267720471822,-32.97117967003356,-67.48757314302112,-50.82688991179071,-42.67111072192428,-48.09342933112205,-29.562366862637354
EF_03.09.2024_20240903_231600.WAV,521.6865,2.1947402847496984,99485.28197365814,5411.136645224471,0.07574013197327263,0.43038919978592705,0.0023703235,4111,-833.950509309703,132.8050981730292,-249.0347696063492,80.0657935605479,-193.0948457739141,15.465889942364726,-121.28110223731032,-31.271690329756137,-71.7918015343315,-49.493249698452544,-45.898297310873104,-47.48116048501431,-32.55439103680342
EF_03.09.2024_20240903_231700.WAV,532.9724,2.09743477189787,100144.19055324444,5412.839761052008,0.07560771316645747,0.4295369799422934,0.002393528,4107,-817.549575895338,121.89565966203467,-227.79545523541242,70.1611535806824,-173.446104075946,7.271442049640001,-103.71412026972975,-37.31771297944802,-56.93271023461673,-52.675076152706325,-33.91938833289519,-47.81655337828609,-23.342077934650423
EF_03.09.2024_20240903_231800.WAV,525.5097,2.192705310346662,100438.22302046922,5404.992640026738,0.075417364422509,0.429560975893522,0.002402132,4127,-819.6694456893241,124.28901470070609,-231.4010924634754,70.98071231351739,-176.8622849163728,8.767553853906142,-106.22654959149608,-36.35067637073456,-59.02019958165835,-51.87431206519698,-35.44337089047916,-48.117910072321415,-25.13752461060438
EF_03.09.2024_20240903_231900.WAV,519.03674,1.9999465449512064,99345.85368083666,5418.213689261956,0.07592202578396083,0.43144574879002234,0.0023635621,4124,-836.6307632468228,134.27911762721757,-252.67218907726794,82.20039365352615,-196.7361246934255,17.034131096461667,-124.65465394184696,-30.30740549139381,-74.31454636957575,-49.077734688554365,-48.204111145891076,-47.145228798399415,-34.16515003180277
EF_03.09.2024_20240903_232000.WAV,528.83185,2.1895667197831266,101102.4521547912,5400.718560303597,0.07502116276259253,0.4301974139636076,0.0024254334,4127,-827.3064539981748,130.2154185571021,-243.03567815245202,76.40848272446694,-188.10154697739105,12.261696264077784,-116.11422492381472,-33.20677659115011,-66.84623980577523,-50.3498707688056,-41.71198189385666,-47.59746596197945,-29.58379196788862
EF_03.09.2024_20240903_232100.WAV,530.48193,2.186379686810924,102635.18028399817,5394.437728214672,0.07459877908293448,0.4275804009796165,0.0024655804,4116,-814.0883650095269,123.0608460404804,-228.57425496742286,68.94923189593378,-174.97930957169393,7.0463315381251945,-104.404275233469,-37.17332269235659,-57.176222396423384,-51.85806734878844,-33.16059232272496,-47.354199148722365,-23.771266360004642
EF_03.09.2024_20240903_232200.WAV,525.1096,2.192037340508831,101434.00963709265,5407.627000837136,0.07502734754529791,0.4297211306892219,0.0024266904,4103,-829.7854025736322,132.07873020756782,-247.80883838381993,78.48579658851237,-192.56250684360265,14.449271600677902,-120.0146746016726,-32.11879309067005,-70.24965467631387,-49.42562590005879,-44.202977033656225,-47.39531676005634,-31.49899008418355
EF_03.09.2024_20240903_232300.WAV,658.75195,2.035858953673986,101049.06470505445,5416.86825460004,0.07571153539645845,0.4305046348543373,0.0024349024,4141,-791.027355229315,103.83931067422304,-191.57534216395894,54.78683693428497,-140.93958179286824,-3.9222109187067193,-76.82298462246405,-43.02244273015695,-35.864206649432354,-53.15000659565077,-19.4842308654332,-43.49218933421129,-14.496919951115283
EF_03.09.2024_20240903_232400.WAV,514.86554,2.194005314390443,98552.54796757629,5426.418706782703,0.07640821481675718,0.431715703241344,0.0023383729,4111,-837.5570196678381,133.84569367802732,-252.45615153568696,82.92055936518376,-195.7964314430916,17.212525412132987,-124.73647721587811,-30.06707056822865,-74.70473165921426,-49.35492642552256,-48.61400057645547,-47.33184987458529,-34.26612162715838
EF_03.09.2024_20240903_232500.WAV,525.51074,2.1949667622130025,101641.74738704556,5398.355881503921,0.0749478191213241,0.42862313413300446,0.0024333124,4107,-829.1877395001557,132.52251711515805,-247.28365588935813,78.73692070609238,-192.1169810273702,14.074456343650816,-120.3912062570873,-31.809949449163298,-70.2892898403478,-49.3493395372302,-44.029155445684495,-47.16498684189245,-30.979989158383876
EF_03.09.2024_20240903_232600.WAV,523.69434,2.1958338446446417,99741.15085228627,5419.945861968571,0.07573840247266903,0.4310287282436709,0.0023743971,4092,-836.5413244475257,134.4679950974463,-253.62104857882727,82.47598444384288,-197.72394824014341,17.309730391239103,-125.39745131868169,-30.061015485782566,-75.28616898600981,-48.77375258391627,-48.60735794167667,-47.24120220768939,-34.32323878021402
EF_03.09.2024_20240903_232700.WAV,533.1836,2.130276412929014,99601.8336536004,5419.569930968807,0.07615837912786994,0.4314808337793187,0.0023794698,4124,-819.2680114997091,122.50799856045381,-228.77522931692715,71.35936415688116,-174.32566639826612,8.360966716347981,-104.58427881175228,-36.270812813022935,-57.740329231684164,-52.79057407116095,-34.97944058264028,-47.78637331240593,-24.06848291192979
EF_03.09.2024_20240903_232800.WAV,530.17896,1.6925844405970827,100300.4233452761,5419.057002630135,0.07566347403636592,0.43107562942107225,0.0023999372,4091,-804.7453462267063,113.30542814652591,-210.90579199797924,63.16876648236603,-158.08112667412348,2.0217337665007835,-90.26109359335219,-40.58016172625491,-46.690536515161085,-53.68169236287198,-26.184703773371982,-46.611326621980254,-18.584476006459223
EF_03.09.2024_20240903_232900.WAV,521.0375,2.194730846831743,98882.58974720744,5420.534061110929,0.07608040791588072,0.43123414812918837,0.0023530524,4127,-836.7163711218012,133.60547031220156,-251.76288340431424,81.80947498153286,-195.5939046100591,16.76570974239691,-123.87926176609835,-30.23527602827462,-73.83015793244213,-49.07086022055499,-47.86666278742747,-47.70630789680044,-34.25971532529976
EF_03.09.2024_20240903_233000.WAV,521.02594,2.1949598717279133,99389.21048329881,5415.178457807378,0.0757596295582088,0.4307776796933172,0.0023666671,4091,-834.7161012961899,133.02955825595762,-250.2493289725613,80.41107664318847,-194.16714809048395,16.146267035262937,-122.13849488496186,-31.172389869923787,-72.36579148637624,-49.37462532835203,-46.52867330460207,-47.548567509688276,-33.14073583665667
EF_03.09.2024_20240903_233100.WAV,518.2015,2.1946293924713376,98570.178889599,5420.264789771307,0.07629749205225546,0.4318533163858898,0.0023424951,4099,-834.5694134850111,131.94427446461245,-247.91172205660524,80.40602645413703,-191.8174117302157,15.582210481734007,-121.040494726408,-31.715820425747378,-71.06262490786621,-50.140231879766134,-45.58227140301794,-47.79046342146497,-32.11799400507222
EF_03.09.2024_20240903_233200.WAV,521.30347,2.0996823783912024,98984.55165153627,5419.073110786505,0.07594174509797132,0.43082239942060685,0.0023550456,4111,-835.0605097760814,132.79407678677794,-249.4644910527533,80.97082442851973,-193.59058457342724,15.861227202909612,-122.22203674494068,-31.263450155410737,-72.29167311494004,-49.49451975670935,-45.96676675762514,-47.6203447094747,-33.03319106766831
EF_03.09.2024_20240903_233300.WAV,523.4684,2.16054162316719,99419.89439629507,5418.860689375225,0.07581948250636522,0.4308380331464073,0.0023671135,4107,-828.7459859515901,128.76742892542313,-242.10072543927492,76.91130978219348,-186.27475144320485,12.591661659348015,-115.32449207143749,-33.46491504095466,-66.53661030583326,-50.941670646744896,-41.776752357345686,-48.0817511222653,-29.206732472032723
EF_03.09.2024_20240903_233400.WAV,519.8165,2.1931555421649986,98852.16886464313,5419.4611393034775,0.07604171031706439,0.4311883376768429,0.0023489632,4108,-836.924927745139,133.9532394839058,-252.07053257925455,81.99654291930298,-195.75628691252746,16.960980771501287,-124.15619611420233,-30.30798664493828,-74.27131251295161,-49.10627682810705,-47.783729250888385,-47.680801082519736,-34.148650714399345
EF_03.09.2024_20240903_233500.WAV,523.5686,2.1940044303417614,99531.27622326184,5412.374661125454,0.07553608745745072,0.4300358048678332,0.0023745112,4107,-831.8966309332569,131.2054321460519,-246.41481902741995,78.3824528620138,-190.3226414422407,14.460253584842983,-118.96647978685772,-32.43656563835668,-69.67712831592723,-50.165644704184004,-43.87129058507536,-47.780555437438736,-31.5046520214266
EF_03.09.2024_20240903_233600.WAV,518.6649,2.1948021898695416,98236.8651399129,5420.264076203865,0.07624174482941101,0.4321999851661392,0.0023355293,4118,-833.0578384099099,130.29227943459378,-245.0603285550178,78.67101358655258,-188.99007422925405,14.322767387995729,-118.3254854435465,-32.391100337736376,-69.05286557111818,-50.94199754302542,-43.789033826334645,-47.920656417136435,-30.833829711387583
EF_03.09.2024_20240903_233700.WAV,517.9589,2.193553760621263,98400.54857700274,5426.14356000482,0.07615859556869675,0.4317051595658042,0.0023407773,4146,-828.587252580507,127.05913363958793,-239.0633160080948,76.21002600558428,-183.60602218400354,11.997013647126995,-113.10284704423377,-34.215813365313025,-64.59520042736015,-51.874148003355806,-40.310095040175206,-48.37642729888282,-28.10747197378547
EF_03.09.2024_20240903_233800.WAV,520.1305,2.1943934486257795,99014.40017453917,5422.7561427951705,0.07591631224439846,0.431229785228965,0.002355539,4126,-829.4081510425204,128.55092806941252,-241.9627974920377,77.14080098487477,-186.29335209868339,12.894096648191992,-115.30601333961499,-33.49839702667574,-66.65478105085393,-51.09691404492162,-41.58906314573718,-48.295106029048284,-29.52651026101266
EF_03.09.2024_20240903_233900.WAV,546.33435,2.047136787081098,99478.0766380979,5428.202966649416,0.0761763675410937,0.4316166290487714,0.0023778165,4108,-815.6483250929455,119.02042808720986,-223.64934607593202,69.13715820053619,-169.10070410799386,6.483552624211589,-100.5643164840598,-37.918765433981484,-54.76813283796573,-53.424575286053745,-32.106962092049066,-47.93802635689683,-22.231132859493467
EF_03.09.2024_20240903_234000.WAV,519.0447,2.1804573089292267,98865.68671129597,5428.180834369375,0.07612601393200796,0.43209672986085257,0.0023512717,4148,-827.1460054327092,126.52098363293749,-238.59418220398328,76.22401412081602,-182.59199365294447,11.509012793208068,-112.76843421060187,-34.6161158650465,-64.34878112895514,-51.700525705959556,-39.731933170201714,-48.41990923930244,-28.018921975413917
EF_03.09.2024_20240903_234100.WAV,522.4447,2.1953730241203995,100289.84201291755,5415.700972584472,0.07539432211069849,0.4314497481152271,0.0023932632,4125,-831.7932152743197,131.79343505914287,-248.1608182806785,79.16420473111268,-192.53438090778224,14.912504859607228,-120.51138136555053,-31.551531458918006,-71.0239800760449,-49.708316622979495,-44.65667436082322,-47.907333859113095,-31.703459661586837
EF_03.09.2024_20240903_234200.WAV,581.66455,2.0200459229568706,105694.48348081624,5409.473191647357,0.07394822244544567,0.42844207377373417,0.0025975253,4109,-797.1616626952814,112.75522040700311,-209.9341734627024,60.93436821619968,-156.88525970405206,0.5334498955067255,-88.92498260207024,-40.49463169955334,-45.0256365741573,-52.81093290711379,-23.88010960118806,-46.24528493690334,-17.969490299934353
EF_03.09.2024_20240903_234300.WAV,535.2378,2.1924286181798163,107652.40487644207,5377.035399858019,0.0725024487628867,0.4250637347007632,0.0026115074,4123,-819.3260931520623,132.829644859734,-247.5699912548733,74.47301317398428,-191.72051747318565,13.776701667263701,-118.63599709655139,-32.99175107271766,-69.09582725761358,-47.88181499619493,-40.765284578340285,-47.2559605741721,-31.02357050275642
EF_03.09.2024_20240903_234400.WAV,537.43304,2.183005317001876,109870.46061957323,5356.370265676883,0.07117650059372654,0.42245417500465376,0.0026849662,4105,-811.3205167135118,130.50065112463238,-241.24636061571567,69.37713970856221,-186.1300726106221,11.284086032656026,-112.13703679587094,-35.226299324172125,-63.9636192967216,-48.720245777895826,-36.10671219838301,-47.70185832841397,-27.915777013835783
EF_03.09.2024_20240903_234500.WAV,540.06976,2.167080943250926,109118.12966989522,5368.845628270522,0.07213836422183106,0.4241351641032204,0.002656708,4134,-801.083477088706,122.13228389069224,-225.6319844489043,63.24649352873533,-172.31286046462915,5.533849394740162,-100.29711125763103,-37.83253820306982,-53.44816248248646,-50.6301625923759,-29.197491918929703,-47.35484098040929,-21.842446896154023
EF_03.09.2024_20240903_234600.WAV,532.2197,1.9410029175025363,105763.91376494816,5395.992680201136,0.07387270483578866,0.4272993574902271,0.0025465193,4125,-815.6752385161834,127.72503805140947,-239.3177850964986,71.96683480358647,-184.29074577032875,10.90424490521517,-112.25365053362198,-34.3716670348533,-63.46380794989436,-50.12486919098414,-37.698976758946856,-47.84211928531158,-27.322332576296894
EF_03.09.2024_20240903_234700.WAV,533.92346,1.5214857285696057,105478.97378508528,5393.795665089614,0.07369142331096888,0.4282008417488831,0.0025432098,4112,-811.9281550475572,125.0770029318343,-233.08272361347787,68.90120671691041,-178.1277938037601,9.363129859752911,-106.57346869006685,-36.24875064031904,-58.82662125707697,-51.1999755231723,-34.62653213101757,-48.19718696065174,-25.036835657919347
EF_03.09.2024_20240903_234800.WAV,528.6195,2.182367688276086,104983.79289361979,5390.299155107425,0.07367191473415478,0.4274491503978965,0.0025281243,4101,-809.4524237812202,123.10425070062315,-228.82707155131467,67.06417186472243,-174.0447278646377,7.285314772950051,-103.40531368391996,-37.55984554212067,-55.88134238244834,-51.11619366418109,-32.21706125390076,-47.905554982976646,-23.689471964922838
EF_03.09.2024_20240903_234900.WAV,535.91614,1.4424294416319998,105862.32940005037,5378.317059163865,0.07323748823945855,0.42671000238505213,0.0025632407,4120,-808.7768290050401,123.79345790634076,-229.1669153402258,66.78923648341163,-174.9478464338263,7.074102418402997,-103.5973721273452,-36.91912219331268,-56.036383983211024,-50.982645759511435,-32.57686622920669,-48.158018949678265,-23.423742474882655
EF_03.09.2024_20240903_235000.WAV,531.47095,2.1806082471932644,105184.53826694393,5390.334045513021,0.07378771361213933,0.4274542404481571,0.0025282833,4110,-817.4609751154858,128.75476578689222,-240.123793776501,72.77868153700277,-185.03252098688785,10.879407805553695,-113.26265511089309,-34.09716706891975,-63.73772697989678,-49.82360895154636,-38.324650912098235,-48.03875831673793,-27.73702011392174
EF_03.09.2024_20240903_235100.WAV,709.7433,1.670127545329678,576968.2216100744,5230.705883088949,0.06727525535571897,0.40137100503769546,0.019028947,4125,-616.0659230681748,58.89319518333275,-76.81743686969332,16.98121659236358,-54.359599525006125,-18.540195068044145,-24.34071357965629,-28.11681487419773,-8.999855504755764,-24.220660975129,-5.072851733725044,-12.136217959896685,-8.158151095124463
EF_03.09.2024_20240903_235300.WAV,683.7544,1.7953915027747627,3723.9864673231973,4662.293518244751,0.051588152774814086,0.32303292410714285,0.0073198597,65,-719.6046442339655,156.75073583192145,-193.65386732228492,66.67671251695288,-168.11201587665798,-14.687139739001479,-100.98885732035663,-45.415778144579114,-51.630404436174864,-49.74261481238326,-29.700848814370808,-46.53557625579081,-16.12908558304593
EF_03.09.2024_20240903_235200.WAV,652.6195,1.6425746898285116,2015648.9469930117,4935.733175112048,0.05529693517122814,0.3540573517777364,0.06271323,4114,-438.2763317719036,93.6243559397048,-116.06887278006698,29.851532910172264,-90.02189196124718,-22.244428864854285,-49.85935588472309,-31.34324128362768,-22.97398458712406,-32.803375251464054,-8.189260510851135,-26.309974039693504,-15.233161409218155
