filename,ACI,ADI,Bio_Energy,Spectral_Centroid_Mean,Spectral_Flatness_Mean,ZCR_Mean,RMS_Mean,Event_Count,MFCC_1,MFCC_2,MFCC_3,MFCC_4,MFCC_5,MFCC_6,MFCC_7,MFCC_8,MFCC_9,MFCC_10,MFCC_11,MFCC_12,MFCC_13
EF_03.09.2024_20240903_203741.WAV,753.8551,0.500402423538188,27854.348762898237,3183.465473575508,0.008369421082073412,0.48542437637061403,0.0076925,704,-831.4032780796663,-43.42047290572425,-290.81563902092023,1.485895061774731,-69.75884388375259,62.53128599260278,25.658397057617773,19.020082953807766,11.960886801420195,-38.636316760587306,17.74033002516769,-11.38494420886382,7.577348208436877
EF_03.09.2024_20240903_203800.WAV,665.3027,0.6109928459668559,112487.9207345537,3236.4612731153898,0.008387663829183807,0.4936537980500745,0.007453574,2743,-780.8362180185376,-24.844600166030244,-175.30346364556442,8.41118268887772,-14.991095212220173,37.89452371624582,30.154425606267463,-3.5386263265961913,-0.895892054040445,-32.48537317536472,4.827567246220623,8.495005213553586,3.1699959169921685
EF_03.09.2024_20240903_203900.WAV,634.57697,0.44701418433473905,30122.405619599514,3345.198795067038,0.009498519800312934,0.5248634412230082,0.0017718531,2745,-1032.7971066753876,-80.70249408785583,-373.0494054007782,17.965738338727405,-116.05641184434872,77.20362905609319,13.643647860530576,28.63772652637379,23.364294454577077,-23.860235173160813,20.024812862999188,-14.3286837492824,11.487078189104182
EF_03.09.2024_20240903_204000.WAV,575.37134,1.0133447590885447,25500.271792680258,3391.969001095366,0.010077896240510649,0.5363876785880491,0.0014365809,2734,-1103.8741864290475,-98.53656433304457,-436.56738076919595,15.093347884155211,-167.83140713337338,78.79183736421483,-18.48801656038323,35.970534701556105,11.718168376033654,-8.664875331810476,22.856039731865646,-5.293964754806834,17.89364385446578
EF_03.09.2024_20240903_204100.WAV,555.9671,1.059882099290728,24979.094223655375,3401.434066394912,0.010207692430167122,0.5385407698482875,0.0014087681,2746,-1074.2308675684048,-90.6809854646958,-392.2864297841266,20.95316286334111,-134.32337505099173,78.47447249907441,2.2315166193303986,30.08534486230859,21.49699095741054,-15.27290526448102,23.229532965616094,-12.714183129116497,13.709471796000182
EF_03.09.2024_20240903_204200.WAV,540.9314,1.0895937666392244,24654.74066760979,3405.1544255382546,0.01024629769428149,0.5388501721891288,0.0013753024,2724,-1114.7282299505073,-101.44977840523744,-443.52499840450014,14.961641815729424,-175.21871368695253,78.73381910141437,-23.74070796753383,36.03872485132001,10.25518361684727,-5.670554981401484,21.91608952659742,-4.3858972210290785,18.57980642950902
EF_03.09.2024_20240903_204300.WAV,543.5778,1.0741408696946992,24398.970161924546,3408.412631658413,0.010306292702988832,0.5402764769871556,0.0013578553,2745,-1117.3676440017127,-102.1720128617287,-444.6068383479969,14.945961557681517,-176.20229032946528,78.78122989785979,-24.651958863486858,36.32028837019993,10.094907398555103,-5.594039790750804,21.662489418869004,-4.045788564666738,18.384724172117348
EF_03.09.2024_20240903_204400.WAV,519.64764,1.0878946755845678,24349.841937407447,3408.754725411237,0.010347003980970411,0.5404691717470216,0.0013548096,2761,-1120.8819987557586,-103.20549690266898,-448.8355763967347,14.200013292293969,-179.85366927309636,78.43096605859348,-27.14303211652453,36.90644080224927,8.343188903521721,-4.304002167508415,21.32562200733248,-3.364909519033749,18.38118874744556
EF_03.09.2024_20240903_204500.WAV,531.5443,1.0886039643365186,24554.886786692925,3403.9551683975096,0.01022124007614318,0.5395031529225615,0.0013725267,2741,-1120.152594208689,-102.83018270638898,-449.332444494595,13.998892470362142,-179.48477709762855,78.7109840082484,-26.772973516874718,36.42798062102681,8.080244946257876,-4.447449976473566,21.58482828780909,-3.2275158423415338,18.6799471753353
EF_03.09.2024_20240903_204600.WAV,520.05493,1.083263217019471,24210.030190453483,3413.2317209816797,0.01032170112322769,0.5412817619136262,0.0013437503,2737,-1120.5127557354792,-103.37980665589751,-446.9659305220404,14.878765664607853,-178.66399939985058,78.80936974885576,-26.010640229844064,36.52791197335581,9.180556109830187,-4.489359196476555,21.730892764995566,-3.872547440300333,18.066204623144277
EF_03.09.2024_20240903_204700.WAV,519.1793,1.094186768948754,24360.01329762423,3412.4070551486066,0.01028152040850363,0.5409698145476545,0.0013566683,2739,-1111.8611373321808,-101.22701835306486,-436.5713596384609,16.402389480485564,-169.77278199980267,79.18625385380189,-19.948503841067627,35.48181033166551,12.434373925088146,-6.271715047678817,22.680149592571723,-5.792344314687198,18.39880492527263
EF_03.09.2024_20240903_204800.WAV,515.91565,1.0943126402060144,24241.026467034997,3412.1398816776536,0.01026553486658632,0.5406280540301563,0.0013459732,2763,-1132.5024001648617,-106.89496932109155,-463.10901332912334,12.579720025286091,-191.70936380598147,78.51109327917145,-35.93951039493565,37.62899437556425,3.023506248460515,-2.124626658089625,19.25339734296022,-0.9199707517711383,18.438996558051965
EF_03.09.2024_20240903_204900.WAV,518.12305,1.0958292649594257,24260.833068575805,3414.332672344117,0.010293586578939015,0.5413592033925912,0.0013495906,2751,-1120.8076376622435,-103.70703557237078,-447.46619897641307,15.06659883118058,-178.43335190498362,78.84461537364602,-26.11978896692689,36.36645358925651,9.072433676661419,-4.104832221246835,21.68663754994613,-3.716196734720052,18.165384766597473
EF_03.09.2024_20240903_205000.WAV,515.96204,1.0941673580572697,24470.460451569168,3409.5760880026132,0.010160618912468073,0.540102324553239,0.0013644779,2751,-1129.7901299539353,-106.20536622569442,-461.212883825189,12.903258255216588,-189.63408749438477,78.9691339333233,-34.00613489793621,37.062945800734724,3.9074416114072736,-2.8178973525069817,20.23590689565724,-0.825940394055715,18.64163381568351
EF_03.09.2024_20240903_205100.WAV,531.56323,0.6381981229171436,24556.08169039867,3404.2000682956123,0.010123994871005888,0.5396427657297096,0.0013742197,2746,-1120.0741182652469,-103.33471663614453,-448.85400037807955,14.163910450355656,-178.71686239978507,79.45838933816195,-26.04089650345283,36.39436336790392,8.214086698076262,-4.994053682632091,21.777912489959558,-2.660068846921308,18.572175314825174
EF_03.09.2024_20240903_205200.WAV,523.3052,1.0926187899593973,24973.814843041117,3398.6623819841134,0.009981096911187677,0.5385313168978034,0.0014073247,2740,-1111.395920555057,-101.24814639830852,-440.2748300112501,15.044966501901941,-170.5788318704929,79.93931791514056,-20.385894211267434,35.71729177858335,10.509302959255475,-6.97533394611321,23.41587914337998,-3.813953251381601,18.391438566032612
EF_03.09.2024_20240903_205300.WAV,524.8111,1.0906897024203261,24899.477482516206,3398.442099720162,0.009964278431075863,0.5388196318875651,0.0014046847,2737,-1111.7281772728236,-101.38459693393298,-439.92238254694774,15.06108443554436,-170.77138506995067,80.27336106550264,-19.613355835746844,35.54378309852323,10.404232716648185,-6.898372391483136,23.66655614031583,-3.6831094021300097,18.10980904180104
EF_03.09.2024_20240903_205400.WAV,526.4323,3.1524687046725343e-305,24859.123313540156,3400.190025480786,0.010036160811766354,0.5391835704811988,0.0014016886,2741,-1086.0702557098894,-94.36383487941413,-406.0648218832715,19.402249529815418,-144.3858131806387,80.1591811025085,-2.851174238323624,31.522882823622886,18.4965376942526,-12.654853001814399,24.181415576217983,-9.776449962658807,15.412777021393925
EF_03.09.2024_20240903_205500.WAV,517.7084,1.0962231034981709,24670.448668191555,3405.9234878203165,0.010106674279613082,0.5399903434475056,0.0013806055,2731,-1111.6771121271859,-101.58943812481652,-438.6111954790006,15.669414852481466,-170.57922350985052,79.92965489434705,-19.82682268388034,35.578963314697,11.101036257104163,-6.604850728460345,23.519743381965128,-4.735932722096022,18.043525386920717
EF_03.09.2024_20240903_205600.WAV,528.466,3.1524687046725343e-305,24396.131494245543,3410.2514290526615,0.01016947103795322,0.5402070341586002,0.0013598131,2740,-1125.7340964151533,-105.3725005463349,-454.9272639168231,13.713872573872823,-184.27565295226296,79.49806500687596,-30.325115074436436,36.828818281198124,5.7379387366391645,-3.606944760603952,21.0075127135467,-2.0663815971365174,18.714076358405997
EF_03.09.2024_20240903_205700.WAV,521.27423,0.7117780719311619,24499.8401960377,3406.1159465205415,0.010151593231749757,0.5398430955649665,0.0013667769,2760,-1124.752026928792,-105.01141628244646,-454.8530271448023,13.426788003313384,-183.62448793188423,79.20192727517693,-29.676129288885868,37.15239015749492,5.983620204995503,-3.8917791148452636,21.296445808424085,-1.4023379355463281,18.729042887624328
EF_03.09.2024_20240903_205800.WAV,527.225,0.5004024235381879,25380.722550585044,3398.4703865652637,0.009791049373790434,0.5387367367833209,0.0014362532,2758,-1120.6433003145708,-104.91311371183433,-455.29195447581344,13.40664562645181,-182.5739314209251,80.50349193140657,-27.962065170319107,36.83992663695352,5.418935075349011,-5.377484337777486,22.567111339335824,-0.7175094261895448,18.660271295872832
EF_03.09.2024_20240903_205900.WAV,524.36304,1.093732742453081,24942.729102510257,3399.7884580157283,0.009956461302029736,0.53888398466586,0.0014099606,2775,-1103.0009642478744,-99.49553310488457,-428.4376860740707,16.696497849166203,-161.7526977478665,80.94244810154683,-13.245219710627866,33.88275392998261,13.27620689416396,-8.250726115635452,24.446198374456703,-5.6434313695294716,17.85229737311757
EF_03.09.2024_20240903_210000.WAV,517.9792,1.0986122886681098,24481.02931069582,3409.5288721483203,0.010152132890183865,0.5398950867926284,0.0013626168,2743,-1132.3340206461726,-107.04497474720581,-464.96776611305,12.520051639913628,-192.26095016634906,78.62972380030497,-36.0275038404308,36.94893623770824,2.2045689277708713,-1.8921679538721352,19.51099309658223,-0.1369109263744373,18.764688567575586
EF_03.09.2024_20240903_210100.WAV,514.57666,1.0979138916784903,24242.954779933647,3413.0606786214717,0.010205051175784973,0.5421543419583023,0.0013488122,2758,-1121.3212966490241,-103.93445571452794,-447.9365181952563,14.958154474096103,-178.3377427592292,79.09329507989908,-26.406448950820582,36.25307208652837,9.059954174862419,-3.9760523813205255,21.81025620940861,-3.391339075889118,18.350344528019246
EF_03.09.2024_20240903_210200.WAV,516.38904,1.0976800171277707,24242.644945952205,3412.304258672655,0.010187395416804986,0.5408003885889799,0.0013480068,2747,-1135.1940234241742,-107.57306588205121,-466.2850482076996,12.323412396532346,-194.11501140980644,78.60694596605626,-37.063974543338034,37.39994642576052,2.080472541984393,-1.670312799681415,18.81070386472319,-0.33881818326839336,18.755991308730053
EF_03.09.2024_20240903_210300.WAV,512.85455,1.0954682719658901,24423.896852226553,3410.3249496095823,0.010123587725058966,0.541111972379933,0.0013617611,2740,-1128.9187549479418,-106.15819466968517,-459.1608728129176,13.269052596215975,-187.83746282154493,79.04663419000538,-32.451949935401366,37.3463628525707,4.376795949478703,-3.040833564559201,20.6042876288741,-1.1902749866297937,18.625644363309636
EF_03.09.2024_20240903_210400.WAV,518.26807,1.0976137046023067,24502.640071383146,3409.194025369321,0.010135310917648889,0.5402972007632166,0.0013679279,2733,-1123.8449631749882,-104.84905158025927,-453.12565084991263,13.995134552796516,-182.40696502889932,79.49369714491048,-28.457443676956622,36.74564951385415,6.611524574251394,-3.999213887442005,21.553449502917665,-1.9421209150443726,18.475144140044048
EF_03.09.2024_20240903_210500.WAV,531.7998,1.0954597609969718,24938.90688459017,3406.161518007307,0.010009538796692315,0.5405942415534252,0.001404008,2744,-1092.406280117496,-96.74796785783916,-414.6350187572538,18.963680181286602,-150.88273269682352,80.10737976855368,-7.254630114479928,32.98531585110798,17.23374910065854,-10.948537752275692,24.504063110638246,-8.66748333351095,16.112074259053546
EF_03.09.2024_20240903_210600.WAV,515.8845,1.0971518551738804,24742.44669346532,3401.7100280084073,0.010006158396035986,0.5382535455835815,0.0013850277,2757,-1123.7353234313714,-105.06605515654738,-455.2588054546907,13.083551913368943,-183.4071962670354,80.07815668489047,-29.169324759252795,36.808621910346034,5.22003799853656,-4.179176762695279,21.52048499570115,-1.0624936314346356,19.103517431111932
EF_03.09.2024_20240903_210700.WAV,524.2437,1.0958603822771156,25805.56146628514,3385.728851140861,0.009586188323544513,0.5365331085954952,0.0014760429,2747,-1105.602099122472,-100.65181744506013,-437.9507444335589,14.595827721690412,-167.35003096734926,82.23715234465767,-16.14121569522588,34.580259155860965,10.04177570193973,-8.28674295009225,24.678974007891803,-3.200285394837974,18.353263589176546
EF_03.09.2024_20240903_210800.WAV,533.8384,3.1524687046725343e-305,26051.39026303504,3384.4747443236784,0.009525644583554845,0.5360048340934475,0.001493379,2740,-1102.531050346023,-100.24033591750079,-436.3144350158361,15.132986552573216,-164.7564198361747,82.10065394392255,-14.559793242687721,34.555359481927994,10.329596515201098,-8.94808902763852,25.427291514533195,-3.2305154283854947,17.87462813940585
EF_03.09.2024_20240903_210900.WAV,529.94727,1.0870305939156164,26472.414107231747,3385.898018960832,0.009411209004291139,0.5361313581999255,0.0015262712,2749,-1095.7427215492178,-99.26698461561708,-429.3816049277083,16.39926753355746,-159.41436689949302,82.40028708019257,-10.337099349893556,33.71573483368809,11.92073330665528,-10.219101573544368,25.745524997382464,-4.616752873677519,17.500155359272405
EF_03.09.2024_20240903_211000.WAV,521.6312,1.0975919018366467,25710.904477131535,3395.949736612254,0.00963380023723557,0.53859785112621,0.0014581044,2756,-1102.6437308715379,-100.69088495382103,-434.1820206341841,16.163009451642193,-164.521237540831,81.5924041627493,-14.194111884273568,34.35487746187907,11.474139137422592,-8.647063853712101,24.817233370353573,-4.024902837550837,17.378572034187226
EF_03.09.2024_20240903_211100.WAV,523.5505,1.0952339331910599,26370.74498512807,3387.0795161183564,0.009436472880189423,0.5368294222356664,0.001511033,2736,-1108.933769406244,-103.14275060530713,-446.86029748447316,14.06386142807117,-173.50943076942104,82.5801575372059,-19.324926211190014,35.33426816821422,7.049575428992001,-6.948473242996735,24.18835873233744,-1.7169095773675407,18.824810563463704
EF_03.09.2024_20240903_211200.WAV,523.3127,1.0890631486963451,25684.36148904565,3389.9454522724495,0.009668791590637051,0.5371860893289278,0.0014609295,2749,-1101.306081970161,-99.83406009331554,-431.8930815412978,15.545836031372723,-163.00644244675397,82.3225463544942,-13.927819733771853,33.81733371175678,11.617266627224874,-8.8786472692092,24.819135945709785,-4.47692745280471,18.16997675958687
EF_03.09.2024_20240903_211300.WAV,521.8149,1.0970709126254068,25486.7969989958,3391.7465668518707,0.009695969583192288,0.5378761547142591,0.0014477697,2736,-1085.9423801393557,-95.09067212862698,-410.70923248927085,18.678108857993948,-145.8365163609436,81.43235670644445,-2.8349503695345204,31.297474201085986,16.335403162009776,-12.797330819445271,25.54998737681486,-8.402625623828301,15.738859650887779
EF_03.09.2024_20240903_211400.WAV,524.6273,0.8972312978637875,25272.837629696656,3400.749103915092,0.009843979256837361,0.5383880683404692,0.0014264676,2753,-1110.7403347531665,-102.3496121807023,-441.5149733916562,15.463394069393829,-170.98049092951194,80.98187546080499,-19.571310901196597,34.88826922344249,9.701268956870953,-6.589012269432552,23.684544237327415,-3.266879500736679,18.194897001254787
EF_03.09.2024_20240903_211500.WAV,522.05566,1.0112825680038409,25233.659853192476,3397.2384565707866,0.009839143496255592,0.5387429175586373,0.0014270843,2752,-1102.3913582051769,-99.5109970444593,-429.9404075071344,16.53388761084535,-161.20245113977447,80.75835340498722,-13.305847049279278,34.4855278788762,12.739731408815333,-8.831118744802723,25.10537918383545,-5.511131006856454,16.705461076281864
EF_03.09.2024_20240903_211600.WAV,517.2472,1.0978177788208492,24629.32713159272,3406.5479418048026,0.010068827288803164,0.5404917133981757,0.0013793777,2755,-1087.8680586879566,-95.31967366989178,-406.78736109756784,19.702718290230553,-145.12831342715998,80.38797273353504,-3.7156611602420924,31.3985316401438,18.402394729165664,-11.92055362499125,24.483256395384675,-9.846398703345685,15.137349858186782
EF_03.09.2024_20240903_211700.WAV,515.7443,1.0976822862809446,24407.56021723449,3408.0753734958353,0.01014436469674499,0.5402121242088608,0.0013615082,2769,-1126.2261738235256,-105.1595071654979,-455.63334702267076,13.375375440062662,-184.68024773614036,79.38804419303855,-30.145564997020895,36.31549125615045,5.917218725726838,-3.317150316672591,21.164765865461465,-1.4308013627616492,18.412738055406702
EF_03.09.2024_20240903_211800.WAV,513.22833,1.0978166501795377,24397.690856782447,3410.682217949053,0.010152463954039742,0.5405487946760983,0.0013573441,2718,-1132.7731961488507,-107.49381873486902,-464.44959617496175,12.48990482470844,-192.2486087642052,79.10723103747162,-35.92497605281231,37.37175359095144,2.4704771620766235,-2.129265952114848,19.399453544875797,-0.3192370599041713,18.917919637080466
EF_03.09.2024_20240903_211900.WAV,522.93445,0.886647101644485,25223.105833776342,3403.204644036362,0.009888205166193133,0.5399452601451973,0.0014285838,2728,-1107.090832074249,-101.07929363373498,-435.9771687480299,16.585965323337266,-166.47211376114245,80.32800561440911,-16.770705871290946,34.748682637961444,11.394828354705139,-7.446183679393018,24.322931563021402,-4.625322577826622,17.611737672496385
EF_03.09.2024_20240903_212000.WAV,517.42834,1.097841854225606,24457.146040401098,3410.626858787037,0.010145152460484993,0.5407178570597543,0.0013643528,2746,-1124.4813044246225,-105.1177584940841,-453.4163959524117,14.049899241865647,-182.67144539676846,79.89471826164274,-28.786312299350232,36.02077897509278,6.5520015264291755,-3.6587457552187237,21.60410549551797,-2.1984929803557507,18.4938054470023
EF_03.09.2024_20240903_212100.WAV,515.0061,1.0974799827013424,24157.452949360777,3413.043831237688,0.010245527845870229,0.5413904708441921,0.0013423169,2717,-1138.2002843248808,-108.10343328649327,-469.661029549165,11.800880908601645,-197.19551663931793,78.32401040494575,-40.09720184305957,37.203507014299895,0.5568968598583238,-0.9774117835424089,18.26935107095917,0.2260105761363253,18.29977669744367
EF_03.09.2024_20240903_212200.WAV,521.45996,1.0986122886681098,24112.807050526448,3413.7872573791137,0.010278770469033267,0.5415893463793745,0.0013392634,2744,-1146.0312234042249,-110.54298272953741,-479.96060732595544,10.33911503648608,-205.98585479957148,77.77743342005827,-47.558049750236165,37.75007160214996,-4.3768826176095725,0.4267481831775848,15.49150096385223,1.8953552791865917,17.528146932170756
EF_03.09.2024_20240903_212300.WAV,515.50085,0.20227300179743632,24139.760210932644,3414.3445283969113,0.010278514691380814,0.5421339817572599,0.0013404313,2737,-1143.3361642126977,-109.57969913947917,-476.71214761906555,10.940450366049722,-203.1899204519034,77.69303988914879,-45.004416680814316,37.63324908689403,-2.7930938780577845,0.07784330069790878,16.4977369982117,1.4140830143263263,17.709671947856858
EF_03.09.2024_20240903_212400.WAV,520.4281,1.0974906198585073,24728.43022354701,3405.4671542785477,0.010045393158706494,0.5408920094936709,0.0013897686,2747,-1109.8720000383819,-101.18324526212989,-435.76134641433913,16.095089191445606,-167.80947438075805,80.32460405205917,-18.038782408200145,34.95872750651129,11.888869772720279,-6.675492648185149,24.020060832370664,-5.402377840157696,17.84921230919854
EF_03.09.2024_20240903_212500.WAV,514.9235,1.0976268924274928,24243.01571714787,3410.8340806185133,0.010229140274881822,0.5410461653015637,0.0013481668,2736,-1136.2564148819486,-107.86287671314554,-468.11014481644077,12.085139143991958,-194.9060024160656,78.32965744549054,-38.11721684671017,37.436448626557436,1.0355785495981065,-0.8609862105567389,18.6021358826884,-0.001058935717898532,18.363780243496276
EF_03.09.2024_20240903_212600.WAV,514.478,1.098003058928256,24297.0935959086,3411.7720783174605,0.010181427568290578,0.5411766887332464,0.0013524798,2746,-1125.117827868898,-105.11017259552135,-453.1145432151198,14.146411650890942,-182.4587566423782,79.46254569821838,-29.019881243486704,36.35204119789748,6.400245784872495,-3.528562626139485,21.622618925345268,-2.1890978296565615,18.386143967060253
EF_03.09.2024_20240903_212700.WAV,517.5873,1.0978567666458616,24745.678034466066,3404.4301742301805,0.010017186213160964,0.5404157262192851,0.0013921042,2744,-1112.3576192745525,-101.88425451140185,-439.24328312762003,15.661375384436752,-169.94159898783,80.33969468667955,-19.61595844610305,35.327629998947366,10.912927892469027,-6.2363308619811155,23.533116669948967,-4.805487352428277,18.141115642144698
EF_03.09.2024_20240903_212800.WAV,516.09924,1.09750679024356,24201.73245416506,3411.8931912852136,0.010229779640470586,0.5406447784810127,0.0013455262,2755,-1140.142148006451,-108.85977163071638,-472.7018500719806,11.27322191391901,-199.45011409760306,78.1418501729715,-41.73307190823258,37.61424355844353,-0.8822426026408731,-0.6268034187310065,17.9598732127106,0.7839657915938747,18.207832841900267
EF_03.09.2024_20240903_212900.WAV,516.9972,1.096568926095178,24576.041308475604,3405.6354940185115,0.010069935160388512,0.5406974968587118,0.0013768227,2741,-1099.2703723793636,-98.16300335938809,-421.01825618404393,18.05820616397563,-155.87100020743367,80.27199100080415,-10.35561126161012,33.171366372196964,15.92729671412176,-9.140015656192457,24.267472077496905,-7.655969658583659,16.522984198437634
EF_03.09.2024_20240903_213000.WAV,516.47327,1.0978883262164354,24750.070376583022,3402.938030853145,0.010022074393011655,0.5398121916883842,0.0013854185,2762,-1126.7269390670072,-105.95880761924778,-459.2333938579627,12.625146400473659,-186.45742464892464,79.89086503840258,-31.69416309324747,36.77508049419068,3.9659981340780917,-3.021630608367209,20.74178805490463,-0.5855000283912547,18.648864630490426
EF_03.09.2024_20240903_213100.WAV,519.2155,1.0970594378974532,25057.061169976514,3400.6760015172104,0.00989079568868988,0.5393362719890171,0.0014072759,2738,-1123.4595576597474,-105.33422200128923,-457.22629955426197,12.959608146207747,-184.04404913842265,80.37138165624609,-29.177484260133944,36.1174035932948,4.559286067990182,-3.5003667355678014,22.099506906275096,-1.3029754886509834,18.63601543519236
EF_03.09.2024_20240903_213200.WAV,521.331,0.7524199304829509,25287.884559463655,3400.1577873472597,0.009801474815723547,0.5393457249395012,0.0014229342,2747,-1123.3698090627745,-105.71588618593069,-458.63979445918915,12.927986419370571,-185.18852005995748,80.68720193039185,-28.94401739545449,36.2204214817855,4.12894040973885,-3.8808799574450634,22.331263910139302,-0.5776607178003684,18.441360502112513
EF_03.09.2024_20240903_213300.WAV,519.504,0.49617272588608563,25068.161905971916,3402.4073194079533,0.009877645254340036,0.539343907064408,0.001409249,2762,-1115.011413273635,-103.33206288741447,-445.6409926055386,14.885331669799363,-174.0267446706444,80.60045939265127,-22.320890718259058,35.656819668362566,8.718684164638331,-5.275620182717644,23.417665761777986,-3.256661103399606,17.948437021905146
EF_03.09.2024_20240903_213400.WAV,549.15393,3.1524687046725343e-305,24557.837922217102,3411.18394001656,0.01020828258602858,0.5410498010517498,0.0013945797,2758,-1038.0925089609827,-81.1019614853237,-341.8319999561898,26.707382125005502,-99.69322991804496,75.51593598012737,18.98708684878063,20.0887519207131,23.94834722974784,-23.593919769272684,18.67806650809645,-17.808699911893925,7.810417258256841
EF_03.09.2024_20240903_213500.WAV,513.91,1.0862972255575847,24245.726504179955,3412.925895852786,0.010211925952424344,0.5412821254886448,0.0013473704,2755,-1143.4353938778643,-109.86662122578977,-477.6020706700926,10.778657424582658,-203.41889633528237,77.99120741320523,-44.88234239927685,37.66085414121667,-3.0947917270540404,-0.1911395806565733,16.66328675415772,1.6842466270819625,17.5334615699244
EF_03.09.2024_20240903_213600.WAV,516.5386,1.097552213627998,24394.52256268769,3411.3487424636724,0.010167475418881397,0.5412683096379375,0.0013584848,2741,-1135.1994504492407,-107.93288469470917,-467.76552990549277,12.070899644481653,-194.65524041732633,78.54364197668528,-38.34506188158212,37.72704430151072,1.222006222447508,-1.6134356183336007,19.243467304198024,0.01150092149706648,18.485130199522718
EF_03.09.2024_20240903_213700.WAV,514.9364,1.0977666244024837,24331.297300531045,3412.8976687435215,0.010205402513672726,0.5410148978499628,0.0013545234,2751,-1138.1851073951862,-108.77051429316984,-470.88279605526066,11.733992323997116,-197.58083294497496,78.73228166464628,-40.253621660145875,37.148312845768864,-0.07658072841093076,-0.6525444896124339,18.169590364963767,0.662422276479199,18.10760177805237
EF_03.09.2024_20240903_213800.WAV,515.1653,1.0953205964238284,24517.153279686187,3410.3684143729124,0.010160505342231747,0.5410083534996277,0.0013669693,2737,-1126.8685420352651,-105.97142099715693,-457.2481677366236,13.377154081448689,-185.88043624448213,79.65243572570286,-31.17899774362074,36.48473878145245,4.681741720903022,-2.87141195362684,21.2070339328992,-1.3248091931043036,18.44952567125548
EF_03.09.2024_20240903_213900.WAV,519.1623,1.0976597430217971,25135.742174836563,3403.1309781483365,0.009931697672091101,0.5395155144731943,0.0014111764,2759,-1122.3017264820144,-105.48508265439665,-455.8920060037269,13.12478321543874,-183.27135307867954,80.77418917920619,-28.80748910039025,36.257042719398896,5.191287427072179,-3.5927170356099523,22.32032352200983,-1.7524384651015203,18.595123616389635
EF_03.09.2024_20240903_214000.WAV,522.28845,1.0971413131062278,26258.96057236592,3386.3549212096673,0.00950307878300094,0.535928846914557,0.0014917445,2750,-1113.442804621306,-104.2173376026915,-453.28475730891375,12.703728455708903,-177.93646366057888,82.7582627768256,-24.37911018977663,35.546184202482415,5.323238683818365,-5.217227749727591,24.02243470706729,-1.5584817785322682,18.542906990458288
EF_03.09.2024_20240903_214100.WAV,526.7362,0.8561608303705421,25872.933427636464,3394.518798065127,0.00971125790034803,0.5379914079951601,0.0014670644,2736,-1111.8176537767947,-103.30282755474867,-447.6894741571893,14.069999396203668,-174.36868067753048,81.84845387195678,-22.512983524219198,35.206009529938626,7.717383274428719,-5.870084466304274,23.54160818333166,-2.1928384175659685,18.269396748844397
EF_03.09.2024_20240903_214200.WAV,526.12695,1.0978278303046378,25830.798098645562,3400.0898167749065,0.009724219732320198,0.5389817863458675,0.001456954,2740,-1110.1317639666072,-103.56038848689947,-445.37540171259377,15.081934583762637,-172.88122247220485,81.58330244676841,-21.227336466096645,35.110141071614464,8.23724788692626,-5.734956376575817,24.026216155958156,-2.787258895564166,17.93634023409433
EF_03.09.2024_20240903_214300.WAV,519.92206,1.0979663030100442,25641.60727241738,3400.72255241155,0.00976154495602439,0.5382062808311616,0.0014430337,2754,-1116.8622908424093,-105.35424770068812,-453.3232529631657,13.696107798196623,-179.92643793925515,81.7166274714694,-26.049249498358506,35.53855603484572,5.784639924953423,-4.2220551166858735,22.613553147671112,-1.2082491907554689,18.286295194481234
EF_03.09.2024_20240903_214400.WAV,520.7097,1.0976041053544103,25653.233048699374,3398.749842067519,0.00972435770942795,0.538541133423306,0.0014451965,2766,-1118.7890597789772,-105.5212953933309,-455.91920591239716,13.201356545039847,-181.55212097309376,81.53244280228766,-27.71164611186581,36.038729019178234,4.66754838117232,-4.467333816085158,22.851382755886878,-0.9154951326003177,18.810607682469282
EF_03.09.2024_20240903_214500.WAV,526.208,1.085049664419645,26354.199362933607,3390.8242251833435,0.009529153220851612,0.536499296118764,0.0014943802,2748,-1099.6308491257919,-101.29991163738066,-435.6936919682608,15.291491237713315,-164.11469499677742,83.17742671766817,-14.468213645109218,33.80846584587557,10.125061043289923,-7.877997683103621,25.142572150513463,-4.027649651918637,17.51079501845796
EF_03.09.2024_20240903_214600.WAV,525.8522,1.0975660590033813,26299.000137383486,3393.237467267683,0.009528784524646783,0.5362793332325019,0.0014870961,2745,-1117.672719486357,-106.47278303288914,-459.5079920791936,12.394982362048513,-183.82201155378667,82.18046875002939,-28.42258829988652,36.067670229839244,3.2570457469134024,-3.867498420169194,22.2001958162852,-0.018891569238054816,18.547781679255497
EF_03.09.2024_20240903_214700.WAV,535.55505,1.0762329950741676,28639.37050437531,3378.859063072242,0.008817858414070201,0.5325341469657483,0.001653559,2751,-1082.3500944780785,-100.43191166368264,-429.4241785700684,16.492289193967967,-154.91379445603675,85.71120286740701,-6.623166422694228,31.820868618519118,10.4918957245257,-10.489232022950022,27.128973518631447,-4.28578856756667,16.29768919135754
EF_03.09.2024_20240903_214800.WAV,531.441,1.0913592205733555,28028.219068907692,3374.9825432165467,0.00898647318898526,0.5319335210349962,0.0016090948,2754,-1094.6873328399859,-102.15681795385925,-442.02825361359373,13.888059511107675,-165.35647763167196,85.4944777073695,-14.733161679849864,33.08326591685879,8.083745473345727,-7.9977730281982025,26.326090628465654,-1.9239696128790138,17.431759374823827
EF_03.09.2024_20240903_214900.WAV,534.0288,1.0931771329306432,28772.416498321454,3374.8773895612076,0.008776421333116062,0.5315415871649293,0.0016599259,2759,-1088.1175800460346,-101.82907554944461,-438.19966856087456,15.221551166181747,-161.08203870289617,86.12577089995152,-10.788701159197178,32.44400612770287,8.521584176397665,-9.226676114378213,26.68661386428363,-2.9858858866774995,17.345627997765042
EF_03.09.2024_20240903_215000.WAV,530.9628,1.0843159035392165,28436.299291514482,3376.9626035456276,0.008844417011926158,0.5327915580789278,0.0016385758,2734,-1093.5169633516098,-102.8358226717811,-443.385103023383,14.796015049590713,-165.43342496257043,85.01398425023486,-13.912537191779913,33.16823200855232,6.998594014133566,-7.936430989789254,26.619470065891853,-1.62417863320253,17.600846295927273
EF_03.09.2024_20240903_215100.WAV,515.97974,0.8057453881380058,24715.920317085493,3412.202207754275,0.010012948500742679,0.5413290266660462,0.0013782021,2747,-1134.1075405232039,-108.63369595877252,-469.0124851561787,12.218384400701785,-195.04259664160088,79.1899453264063,-37.65378574550623,36.725503489360435,0.7807716702304797,-1.076719647877213,19.410817332516466,0.6565647691461322,18.122319315785404
EF_03.09.2024_20240903_215200.WAV,521.45325,1.0945498059169214,24440.56007369212,3412.560738799131,0.01018530605099926,0.5413733828183172,0.0013651921,2752,-1107.9231213632452,-100.69900451785772,-431.272301584679,17.16344993387691,-164.65055351157528,79.80279492273336,-16.684719681931004,34.364483209735084,13.995800638549818,-6.960170916443355,23.25524835019357,-6.005632617887539,17.314390898344623
EF_03.09.2024_20240903_215300.WAV,513.4392,1.094105941598318,23948.52131118555,3417.099276844576,0.010324222277260034,0.541717324785927,0.001327282,2754,-1151.643800567633,-111.51792237198872,-486.00735745762495,9.74387580720527,-212.0521305085296,76.82179631636461,-51.72497776093031,37.83680449707293,-6.593280490112785,1.1529783416618888,13.66374937915151,2.6163279297096684,17.00067443654633
EF_03.09.2024_20240903_215400.WAV,514.2805,0.2337916587064593,24049.6613595142,3419.190945099037,0.010286433573419317,0.5427197011122487,0.0013335807,2746,-1141.2884846596078,-109.63631803921378,-472.813501124836,11.988082970434382,-199.9159487705341,78.00268846773423,-42.547530540893575,37.55599535207694,-0.8125393797968875,-0.44299827153534876,16.973323118621327,0.6074938930671883,18.43681664887753
EF_03.09.2024_20240903_215500.WAV,512.5685,1.0493062819717012,23964.3217517773,3415.6290051928095,0.010352819115257943,0.5414791831487342,0.0013281744,2748,-1141.1801565852288,-108.88942517425285,-472.14901138302946,11.45977598230788,-199.57259063700758,78.23378801757093,-42.07754300802165,37.39421507475006,-0.3360793517213753,-0.30638035741087344,17.561005603529026,0.18583311104905112,18.095425264891386
EF_03.09.2024_20240903_215600.WAV,514.26337,1.08172989825436,24009.620371688332,3416.6996543976124,0.010332120092517704,0.54170605396035,0.0013318337,2761,-1119.474893250973,-103.23314546957634,-443.2556787164809,15.667716785308444,-175.65895696884343,79.27209329642456,-24.040641820414237,35.75088698414287,10.5945079592484,-4.358810252263707,22.10063196315095,-4.599600162668472,18.376033750777193
EF_03.09.2024_20240903_215700.WAV,515.2965,1.097953814168228,24191.741547936374,3413.582774540949,0.010257492368444974,0.5411890502838794,0.0013446753,2753,-1129.8669740386583,-106.07847567150742,-458.6352896311558,13.510027385687524,-187.59519506352285,78.92424912706515,-32.950140619900694,36.56650094400197,4.708863804381088,-2.575605773300691,20.28574470893592,-1.3040001877202754,18.77081929764244
EF_03.09.2024_20240903_215800.WAV,513.0679,1.0980185864492913,23972.449902122746,3417.26727112991,0.01034775992892356,0.5418114907157483,0.0013284539,2750,-1143.8537222756613,-109.74577660081678,-475.6811156425202,11.249710256494073,-202.4757509928496,77.66892942647073,-44.74939421754452,37.81870406030611,-1.5631614567079382,-0.2179047037904177,16.538113858100896,1.2875572555787862,17.756699918205513
EF_03.09.2024_20240903_215900.WAV,511.68872,1.0981171345312886,23868.880454521324,3419.8461606275273,0.010361292130030446,0.5432447034391288,0.0013217744,2745,-1151.0268933360294,-111.39758869510288,-484.2352326979628,10.313159112705037,-210.47943127152521,77.25050269932358,-50.7949169756052,37.74955402514443,-5.801350000706339,0.7245802132275629,13.924057711570871,2.3859851685800204,17.32637577119568
EF_03.09.2024_20240903_220000.WAV,514.45154,1.0982973383111552,23947.809240031846,3420.7696825797398,0.010330303309394549,0.5429254845727848,0.0013276713,2750,-1140.6730770850843,-109.2729619666582,-471.0719413631592,12.356667582468749,-198.65687056608786,77.7896854250275,-41.76486423388033,37.900208370044396,0.4620423767689764,-0.5688248019446285,17.57889594440794,-0.01903354880390062,18.111302016663704
EF_03.09.2024_20240903_220100.WAV,511.1848,1.0975895248486445,23863.98369830369,3418.4140937786956,0.010376911781426329,0.5418613004932986,0.001321622,2741,-1140.2013814279712,-108.5723036392526,-469.87336311561864,12.162727747497424,-197.7250709065622,77.93523459342707,-41.18138948982742,37.257706842933175,0.6632351196620344,-0.5507217596290184,17.770623346388444,0.2497205802153866,18.387442815599673
EF_03.09.2024_20240903_220200.WAV,512.97375,1.0958541481904558,23781.908507823468,3418.7587834403166,0.010412237437950217,0.5421776107594937,0.001316883,2728,-1161.383965637982,-113.68298329620804,-497.7469188975742,8.417107356221601,-222.0256385000467,75.74970061830822,-60.67443892664445,38.11124859068437,-12.994971608663887,2.1921740856721073,9.986318648691542,3.8715360398328755,15.155660616732009
EF_03.09.2024_20240903_220300.WAV,511.92767,1.0981143179485866,23822.439508057476,3418.841926680813,0.010396508925842035,0.5423830306450111,0.0013193979,2767,-1157.5181006165692,-112.94969004332657,-492.8464679234645,8.79852664108463,-218.08733895268622,76.28506329227078,-57.29148093135196,37.834213732562645,-10.520591277005355,2.033834013840344,11.141094470332435,3.685129171763426,16.221578247695028
EF_03.09.2024_20240903_220400.WAV,511.99048,1.0980047202631704,23867.47795714891,3419.4693444613076,0.010371554756639603,0.5429476626489204,0.0013211999,2758,-1157.2371902337206,-113.04445992979932,-493.06837816259457,9.050968288769257,-217.95553479073462,76.26296064815632,-56.84260840182371,37.86241649061557,-10.353069228196363,2.0971536232454873,11.447264945230405,3.582630937233672,16.16170623420948
EF_03.09.2024_20240903_220600.WAV,511.5597,1.0982146033781415,23827.588543989954,3420.765239208289,0.01040949715524924,0.5430316484782204,0.0013186709,2730,-1157.922091293644,-113.27143102863359,-493.51079817281783,8.955705274583135,-218.64341407055852,76.1509043106779,-57.50809571589447,37.98305510370696,-10.434737497161473,2.177952249903941,11.347633605145854,3.4960005201697864,15.77236027284081
EF_03.09.2024_20240903_220500.WAV,511.57755,1.0980378384754006,23855.464538486125,3417.723864547968,0.01036203824085242,0.5421819736597171,0.0013208182,2739,-1158.705324758465,-113.21209970664036,-494.9037982883018,8.645358488946178,-219.55714832699982,76.06903880234395,-58.18332779746982,38.22711906124324,-10.882019655391613,1.9059198159498196,10.880286155147136,3.615348010852949,15.57843245025234
EF_03.09.2024_20240903_220700.WAV,512.47687,1.0964675832175448,23827.32987026393,3418.0935231837093,0.010394001296607428,0.5423648518940805,0.0013189479,2746,-1155.0711737876059,-112.25519366129872,-489.6948161187284,9.097898303949922,-215.29448531545057,76.46038397430928,-54.81468514006982,38.12796354884156,-8.600303269734837,1.589074549834138,12.608722467442893,3.0646266615146804,16.263973793522542
EF_03.09.2024_20240903_220800.WAV,513.60913,1.0975702971151926,23850.960499280478,3418.322277718126,0.010342658797288084,0.542300135540767,0.0013208593,2777,-1151.6752234099288,-111.4500763506418,-485.11615369485804,9.998335691493269,-210.94286170467828,76.9255314484724,-51.18140760883777,37.998989792961865,-6.154764105425059,1.2316140294046294,14.2092200878276,1.7931768155021148,17.009019176082667
EF_03.09.2024_20240903_220900.WAV,514.81177,1.0822460406706589,23814.824633055967,3419.1097358346883,0.010407488840512206,0.5429091236969471,0.0013180987,2755,-1159.2490530413443,-113.30390828181388,-495.320761818652,8.525199558563802,-220.16708882945187,75.95119056553438,-58.83037145359201,37.93133080109223,-11.64080430552645,2.1732875577012223,10.691496409885822,3.6131199025908174,15.088556214520853
EF_03.09.2024_20240903_221000.WAV,512.6297,1.0975528237360432,23821.89026943313,3420.50381030306,0.010362195544672274,0.5429774758004468,0.0013186366,2740,-1160.4199353755932,-113.62509038844318,-496.7031988703532,8.763543702670667,-221.13973027924175,75.877296508993,-59.50596061036325,37.80003310654875,-12.065655554646101,2.1380258224568847,10.607961111182115,3.8891586073728472,15.193285902665384
EF_03.09.2024_20240903_221200.WAV,656.14124,1.0112564032820628,24804.223163521598,3425.0403264840124,0.01027023329061381,0.5435479250046538,0.00142313,2759,-1032.8959098953621,-80.37519341920648,-333.09161532299606,29.03135211586367,-94.61444589407418,73.56841928290069,20.283031652439842,19.120398027136694,24.285972051052823,-24.729115142529796,18.08506737715361,-18.91453310525496,6.341805674849893
EF_03.09.2024_20240903_221100.WAV,552.12305,1.0409260897343486,24635.292106484376,3419.4195563724766,0.01029163984025248,0.542529551377513,0.0014018273,2757,-1043.2937281613904,-82.91929936390474,-347.16259374126633,27.35569003825846,-102.93437388250946,75.38606541000574,16.791848611600585,21.37131894823063,24.856159224686504,-22.41027504734428,19.25992714743024,-18.087544801069527,8.161752586608223
EF_03.09.2024_20240903_221400.WAV,525.65845,1.0960175716684695,24779.838342020914,3422.100241441714,0.010051745208266098,0.5424997382259866,0.0014081653,2733,-1108.6283059771044,-101.67217296603992,-433.01896263752326,19.014429505324316,-164.0309313000027,77.89139588378352,-18.641419646234006,36.00957523841532,14.433260981167136,-7.121192857215656,23.273889227837525,-6.7107144387977025,17.54708660698247
EF_03.09.2024_20240903_221300.WAV,517.4231,1.0976813144810076,24447.33271494441,3422.3045810310055,0.010151366146759554,0.5429371189733805,0.0013702777,2755,-1112.1551255018207,-102.787786519517,-436.3216162856156,18.09394195926181,-167.55924833948558,78.47383200547229,-20.64648122806325,36.14826255986653,12.956252024370361,-6.0114587946353515,22.493368000074405,-5.848708997902966,17.765186831199244
EF_03.09.2024_20240903_221500.WAV,512.2449,1.0979517625098525,23919.360102867315,3418.838454597167,0.010333026721773752,0.5428938535461653,0.0013264163,2757,-1131.0652287505764,-106.31036469335264,-457.88683333788924,13.990071450834417,-187.45441605533262,78.23204385830223,-33.24759857359472,37.23632673467643,5.5035032920326605,-2.293722155186169,20.216672898882937,-2.015145541057496,18.491632949000024
EF_03.09.2024_20240903_221600.WAV,511.395,1.0953172802874582,23817.28295428446,3417.9834006534056,0.010401158791323644,0.5424244781971332,0.0013180455,2723,-1154.6383536309593,-112.21123456739096,-489.0496765885646,9.273121621092235,-214.57653935842552,76.445264270886,-54.34616687170415,38.24710915178139,-8.338909448789774,1.4848793440803012,12.793357203780488,2.937281098154261,16.756982965027888
EF_03.09.2024_20240903_221800.WAV,520.56757,1.063732237289233,23729.06921465835,3414.9741828922997,0.010325450355487344,0.54212343808172,0.0013218636,2737,-1104.559977989721,-97.29623594845707,-415.15682738664026,18.98060417565428,-153.68547016496487,78.96003163896657,-10.466152039789284,32.94005057173893,17.55496821122657,-8.630569879272631,23.41092354182798,-9.518197063721779,16.362408360420133
EF_03.09.2024_20240903_221700.WAV,511.76587,1.0975914624401546,23802.312632056015,3417.3852138188713,0.010398749160154866,0.5418518475428146,0.0013172987,2748,-1157.1842083693673,-112.53147198766445,-492.38994824854746,8.728390727116015,-217.75461815675646,76.18068497348189,-56.77866661117507,38.032789190798674,-9.779357682696242,2.1474690961982144,11.40996316660885,3.1746075870904895,15.747859905259242
EF_03.09.2024_20240903_221900.WAV,516.369,1.0979990862457667,23806.946928249752,3418.901376686194,0.010397572463607549,0.5426924329858526,0.0013202974,2744,-1129.0387763079498,-105.64540554276904,-453.85779328620964,14.504229669787579,-184.46834559201315,78.32206467550013,-31.02190845028229,36.923521058714705,7.00612261012765,-2.6996157209602676,20.437996273942748,-2.5054206863205377,18.556143681727907
EF_03.09.2024_20240903_222000.WAV,512.7273,1.0940667903918788,23891.228592253065,3419.3547037561616,0.010352765825206603,0.542311406366344,0.0013287344,2757,-1105.9069605838158,-99.49757522266063,-423.89957136807135,18.656790649693725,-159.72840265548206,79.07327549994339,-14.031734858433362,33.9238153985153,16.10793368601324,-7.5180543880822235,23.638000981742575,-8.149213475104121,16.900694570930234
EF_03.09.2024_20240903_222200.WAV,512.34265,1.096011220024836,23716.703596453262,3421.1640625860755,0.010394404223393276,0.5432668815152644,0.0013133863,2738,-1159.815308590351,-113.47561677560225,-494.75670154559066,9.103679072913419,-219.79724543920042,75.91795683958965,-58.28025619420274,38.00893924628307,-11.518587214162839,2.384664266642345,10.576853818791754,3.270676825920613,15.489373762550896
EF_03.09.2024_20240903_222100.WAV,513.5526,1.0977655143451506,23863.18374566147,3417.000652383694,0.010365295682771806,0.5418638455184289,0.0013224862,2762,-1139.8100376194775,-108.40505989591558,-469.21491266972885,12.097724156269756,-197.20852583875075,77.86263844433111,-40.534063353660635,37.59679126143335,0.8144887068025028,-0.6103151474551264,17.796360875036655,-0.1647021756051778,18.18788644801377
EF_03.09.2024_20240903_222400.WAV,512.2637,1.0981381477648642,23818.13450904905,3420.815201491671,0.010408491435984315,0.5430400107036486,0.0013185514,2739,-1144.764852120594,-109.77070093391218,-475.5200646913244,11.635004048703932,-203.267491471196,77.2984309570652,-45.13962970338586,37.73518044369702,-1.7194570071988193,0.12700161211070882,16.236038928444763,0.8149087639475978,17.960070297447142
EF_03.09.2024_20240903_222300.WAV,512.2744,1.0982458268394155,23827.419563537063,3419.4769530990443,0.010364658497184768,0.5425448215282949,0.0013192898,2747,-1157.477704720299,-112.87429504946151,-492.86589620319666,9.159102367272935,-217.96457542566358,76.15513419975093,-56.94455953564812,38.17736525704651,-9.927972091648384,1.718272920632773,11.388014109742459,3.2982891655059627,15.875850791686357
EF_03.09.2024_20240903_222600.WAV,511.86588,1.0980668056747176,23794.094435247775,3419.140288596364,0.01044604000186221,0.5425611824041325,0.0013162645,2745,-1154.8708883784343,-112.4358708978998,-489.112116529264,9.327848234403756,-215.00759741776997,76.65685315130588,-54.50424246752766,38.17473766676635,-8.771306115055834,1.591867360151836,12.518748616793896,2.7393058985336105,16.68032030701242
EF_03.09.2024_20240903_222500.WAV,515.47437,1.0912743033742902,23841.238964223172,3419.7321966439276,0.010396711465572191,0.5423481274432241,0.0013197804,2754,-1137.5541052395001,-108.14806888664371,-466.0736273612757,12.744443637972505,-194.61276551002445,77.9624436938757,-38.762828378695836,37.39344647759574,2.1917107538250855,-1.0175434929685356,18.527604984499867,-0.7553115621207186,18.37064841862166
EF_03.09.2024_20240903_222700.WAV,511.50714,1.0981497545747034,23842.14962928224,3418.276830436053,0.010369005280568298,0.5421950623603872,0.0013200159,2730,-1157.719819642665,-112.99167223559891,-493.3172349702119,8.86365864836429,-218.3494314550303,76.19553983988925,-57.227167407465224,38.15541106886088,-10.558143394396497,1.9066631084102883,11.527849900151333,3.4764153108094646,15.906552346199701
EF_03.09.2024_20240903_222800.WAV,511.30017,1.0981060688037352,23879.53562812172,3420.1218442389877,0.010347703677304849,0.542952752699181,0.0013223174,2744,-1154.847911382256,-112.66754986820342,-489.82058555371395,9.78217760599911,-214.75272352514997,76.07605469149466,-54.11149926698746,38.155781307339204,-8.962403504560848,1.8512184051656144,12.620929817282097,2.949571808439404,16.621938804992634
EF_03.09.2024_20240903_222900.WAV,513.63684,1.097811290206936,23875.008703910502,3419.429189993106,0.010352735270734754,0.5425895412555846,0.0013227594,2757,-1151.6764783434924,-111.71352235555558,-485.34680323209784,10.093428321521646,-211.16664883610494,76.76620241848168,-51.53967952610556,38.16231128453928,-6.336888596490945,1.3943937734202296,13.923399901102155,2.2613545886529893,16.917939676029267
EF_03.09.2024_20240903_223000.WAV,512.27936,1.0976395493941897,23778.019061835686,3419.116313610663,0.010416490240467932,0.5425081004514147,0.0013152447,2738,-1158.2638448484968,-113.12677484734529,-493.5879856573221,8.688856541500906,-218.92854694347915,76.15762118067401,-57.55363221225607,38.42003254666898,-10.411564964912365,2.1549065639696527,11.314909516960647,3.2450056251571486,15.590437841458918
EF_03.09.2024_20240903_223100.WAV,511.50397,1.0936827990976485,23842.957439238216,3419.078673053996,0.01038426588461195,0.5422659594890171,0.0013200764,2726,-1154.3220336437776,-112.37836496848564,-488.80204031734513,9.533905392868423,-214.07657021221561,76.65906571957434,-54.042645868050734,38.346139129620276,-8.211254309151697,1.5140243904335173,12.774028177471518,2.653500499282325,16.543402022330724
EF_03.09.2024_20240903_223200.WAV,511.04193,1.0815625055249773,23819.85164504392,3418.821979342439,0.010385846976475559,0.5424433840981012,0.001317569,2730,-1158.7128860619,-113.21251361074995,-494.53080901298955,8.680218508061762,-219.53378450217616,76.14343753101075,-57.915453381317484,38.00680633189465,-10.954210443563131,1.9318605396571775,10.985469892594187,3.62780886056561,15.917193516514736
EF_03.09.2024_20240903_223400.WAV,514.0803,1.0606924743280997,23801.551243498947,3418.398597534899,0.010374962535505568,0.5422172404365228,0.0013173177,2745,-1155.5766985687005,-112.6516106535754,-490.0623003117438,9.238928401477853,-215.30398802603852,76.66281900493925,-54.627729807058216,38.30604559839737,-8.817096903172935,1.805446759435032,12.379208952200072,2.783126622173778,16.06269170616806
EF_03.09.2024_20240903_223300.WAV,512.663,1.0774651178420935,23718.77946365401,3418.923226985631,0.010436719052139795,0.5418845692944899,0.0013127163,2751,-1160.440167516427,-113.5516086370164,-495.79735041574617,8.316198686941743,-221.03312696331028,75.79543563373213,-59.473791238623335,38.42998235443443,-12.10609972354363,2.2508360064514603,10.457058737682088,3.6043181820761188,15.297154447836139
EF_03.09.2024_20240903_223500.WAV,511.57605,1.0979534097015713,23791.303240095298,3419.2472685180182,0.010388929676316737,0.5421056229058079,0.0013176936,2747,-1144.3358264003614,-109.72959049078408,-474.5699350281206,11.485216587865759,-202.11393833192304,77.44258240876398,-44.42443750857743,37.71065805218814,-1.4555996714387596,0.4495289151099269,16.839020864989024,0.7517932389445416,17.920367551781773
EF_03.09.2024_20240903_223600.WAV,515.4674,1.0942574028392182,23823.223569464742,3418.003094200694,0.010412839875699102,0.542205606035927,0.0013185856,2750,-1144.43469898234,-109.31784075485086,-475.44257115172456,11.386955858434055,-202.7433945982811,77.5105374665165,-45.07844869807754,37.33472107091951,-1.7595195367758627,0.16794002572026434,16.581662321968842,0.776190781062867,17.976658067385152
EF_03.09.2024_20240903_223800.WAV,511.87073,1.0978024978130208,23838.280975851787,3418.659145129921,0.010377325827788579,0.5419547392730827,0.0013197347,2758,-1159.418230765112,-113.5703166627004,-495.68103132497544,8.339432731403717,-220.73248279154893,76.06799621577609,-58.797958798809205,38.31190966985412,-11.678445765768625,2.5801003631567196,10.62694394215493,3.6910503927693297,15.385609956692429
EF_03.09.2024_20240903_223700.WAV,515.2595,1.087294422810532,23803.820409243566,3420.120325017171,0.010415266107127466,0.5428804012704765,0.0013172234,2741,-1157.3207174173028,-112.96192496709389,-492.5285295536414,9.166396629219426,-217.81767025542578,76.18979987964923,-57.13608111893913,38.22831227890645,-10.344965027949963,1.9170339532617728,11.591141790200375,3.3059435759343345,16.029294574630992
EF_03.09.2024_20240903_223900.WAV,510.6679,1.0980478555483695,23781.507561157254,3416.768809105316,0.010419918512039387,0.5414984526247207,0.0013159171,2757,-1157.6977584182707,-112.5757587342216,-492.82016216097776,8.713399508487933,-217.89043706304557,76.22117889589866,-56.75954265524608,38.01617727724397,-10.08886801489663,1.7917153063200837,11.741693146302378,3.596267780046312,16.09077369886312
EF_03.09.2024_20240903_224000.WAV,625.75256,1.0797301600168199,24611.91617828734,3418.9309751361434,0.010343032893230459,0.5428989435964259,0.0014123298,2757,-1017.9450494287809,-75.25661826125396,-313.89885230119495,29.328660295430144,-82.67980221894211,71.50955264083768,24.263185606393154,14.36596712934558,23.823358368485895,-27.340796080570755,15.074794242693985,-18.958167917984007,5.074518477542116
EF_03.09.2024_20240903_224200.WAV,512.57666,1.0980672236851319,23765.21884442566,3418.5758728455735,0.01040282685196375,0.5425099183265079,0.0013156935,2761,-1150.3013434353275,-110.86026130000072,-482.3755131440794,10.386806062246624,-209.19048498456775,76.8200635347649,-49.310793173013614,38.043406050860725,-5.3077127730716676,0.9630520845999425,14.71608543232757,1.7746577979310836,17.144670000368116
EF_03.09.2024_20240903_224100.WAV,512.1354,1.097973385260138,23754.85897054622,3417.881721628167,0.010395447355585228,0.5422186947365971,0.0013142964,2755,-1159.0805264278938,-113.27928405230521,-494.3054034313811,8.417766511766215,-219.44442082446955,76.44940304472327,-57.79515021560639,38.4061954710377,-10.867036584930457,1.9681921234775033,10.913047004591597,3.511136344664666,15.716991334477386
EF_03.09.2024_20240903_224400.WAV,513.90204,1.0976800199706718,23875.292965972152,3422.9194626703515,0.010403000049750076,0.5439384045746463,0.0013214793,2757,-1141.0059974595647,-109.31724175474275,-470.95641835843566,12.39333594307725,-199.69233286694472,77.86329760196885,-42.072910754351646,37.699251261152725,0.17827551961687407,0.06450819779724513,17.10368724523326,-0.16596587129977444,18.38974056762582
EF_03.09.2024_20240903_224300.WAV,511.3072,1.097869374706993,23807.284725558588,3420.789799284986,0.010409861710013018,0.5428451344936709,0.0013171339,2745,-1158.3194973931147,-113.2450241696582,-494.0755559065386,9.103980025040586,-218.8946631198015,75.69496004653368,-57.609893436210726,38.41089827598148,-10.79086256346116,2.309730343404019,11.154721899346072,3.190604879937307,15.675746061091768
EF_03.09.2024_20240903_224600.WAV,516.3769,1.0965943084182144,23883.079215605005,3417.6800322093536,0.010349279589322597,0.5424459291232315,0.0013260989,2780,-1113.4727338135322,-101.26249873342488,-434.1678459437444,17.132514366496018,-168.28324067004638,79.11053500612239,-19.424744806199115,34.71533868002888,13.352876324006862,-5.81434421765487,22.840098025087833,-6.282252982860002,17.728055040806563
EF_03.09.2024_20240903_224500.WAV,511.7923,1.0980687113606482,23797.186715769418,3420.803105603288,0.010370393666552466,0.5432916046165301,0.0013176489,2747,-1148.8544347496506,-111.01417509531953,-480.60498697866603,10.824694507119904,-207.46966281365232,77.2542581100303,-48.19386413749389,38.186432367571626,-3.8893493089386038,0.9456861707076256,15.200768570954573,1.5446066572867576,17.79348077247018
EF_03.09.2024_20240903_224700.WAV,512.777,1.0978434377896042,23774.197212032668,3418.093224687302,0.010377961713599362,0.542745878513589,0.0013171303,2743,-1149.1487697883126,-110.76961476740692,-480.91750296626975,10.64665078479823,-207.14854425237493,76.81449434498862,-48.22256333021384,37.87150165540751,-4.284759018244596,0.8601305741411599,14.678057648260422,1.7925779715995993,17.47016448680732
EF_03.09.2024_20240903_224800.WAV,511.81964,1.0977777356053617,23828.956088200768,3419.1761953243827,0.01040558173213634,0.5421248923817945,0.0013187161,2745,-1156.6739575461525,-112.93164459110389,-491.6747905304598,9.048592884377982,-217.0171073000855,76.65379664753682,-56.307999896081775,38.20575778268821,-9.532460539026761,1.7590705455368771,11.665083348017918,2.920841231060793,16.25341834157039
EF_03.09.2024_20240903_225000.WAV,513.25183,1.062954211899268,23831.131951268293,3420.7688212322732,0.010374197163414617,0.5430807311057334,0.0013190529,2767,-1158.1381783452866,-113.49653859597214,-493.71176572584017,9.023793445513608,-218.42794570326072,76.60213360023471,-57.73245889961629,38.14269547391697,-10.543468088468767,2.0631533280178056,11.277700322638644,3.4067928807969365,15.928368707178981
EF_03.09.2024_20240903_224900.WAV,511.40445,1.0978717002129188,23785.725865429034,3421.2509725834116,0.010444773537280416,0.5431734427354803,0.0013154601,2759,-1159.0072550931118,-113.63970012501817,-494.64672310624815,8.753371125578841,-220.07854829182196,76.0807928837655,-58.683016695929915,38.45033828284126,-11.515130415688828,2.0810245300052013,10.575118590568499,3.5935541583286477,15.686026227630496
EF_03.09.2024_20240903_225100.WAV,511.18756,1.0744842523107065,23742.59040140295,3419.048367088873,0.01041328569779894,0.5427113388868205,0.0013136242,2751,-1159.6619739163946,-113.36402771918958,-495.0180991383239,8.529007555891049,-220.02583906752278,75.9631342319124,-58.684775334655605,38.03821779286841,-11.280809709503172,2.1289659695556455,10.893678595218407,3.8146558720164587,15.608293360426474
EF_03.09.2024_20240903_225200.WAV,761.57367,1.0725563321077392,30186.694919779995,3428.4383477218594,0.010127356947474573,0.5430483729290767,0.0019423055,2775,-1028.8017793933834,-83.78107107680184,-339.85959669179783,29.542442318514247,-97.11636716866991,75.52768048523683,18.422231975215556,19.807244702403892,24.708470097200273,-23.828265957656743,17.478545116281886,-17.770992672764432,6.665554910645557
EF_03.09.2024_20240903_225300.WAV,724.38794,1.0873495606080334,29095.028317913275,3419.28731457787,0.010092047351684902,0.5416213409810127,0.0018346867,2754,-1034.9762341014577,-83.63116133618921,-346.57614243255836,27.885932942092754,-100.85546496592809,76.08753405758294,17.01848456818342,21.28990652712697,24.735445061853508,-23.370772807445192,18.70959281032656,-17.9251759455597,7.906031264791893
EF_03.09.2024_20240903_225400.WAV,669.24036,1.02080925945334,25666.8114972177,3418.1551617903515,0.010173624051641302,0.5428295007678704,0.0014813349,2750,-1033.6873681943634,-81.39859772806196,-338.464302228127,27.99931876049273,-96.80290019735463,75.20615473192461,19.405477030031278,19.54285890835409,24.17358442083268,-24.13318239598926,18.04481687459682,-18.32426849699961,7.459688620701203
EF_03.09.2024_20240903_225500.WAV,528.79504,3.1524687046725343e-305,25262.68281354666,3401.460694767124,0.009900849269515871,0.5377278161066642,0.0014134328,2752,-1133.6221916926909,-109.13281857461502,-473.0495310427761,10.522330951655674,-196.9876097588573,80.8181225030133,-39.67604007390476,36.53358132249957,-1.0407049724149322,-0.8334518258751481,18.4742865531853,1.3341066099878922,18.14130399532501
EF_03.09.2024_20240903_225600.WAV,537.0768,1.01677061156902,27161.191483576735,3402.685970194363,0.009626025515955972,0.5383117175865599,0.0015777441,2734,-1021.4164516418422,-80.65637872860967,-336.52432794224745,26.895785890272162,-92.5139399196988,78.18417654382384,21.596716416250764,16.7772709594434,22.40675660127679,-25.940681476389127,18.389478658907144,-16.77027418169254,6.858192240631658
EF_03.09.2024_20240903_225700.WAV,526.0544,1.0943403114443744,26020.191013254847,3400.7728867027563,0.009696046188567233,0.5381721047794118,0.0014669826,2738,-1112.1368710348206,-104.96071321402692,-449.81552026336846,14.020968597098507,-175.58669613922683,82.72631905899294,-24.630021306656957,34.71251251825176,7.729968647428424,-4.452441324477006,23.114446595877645,-2.3633956816971984,17.88722972059673
EF_03.09.2024_20240903_225800.WAV,537.3894,1.0969591613649774,25513.823800888822,3409.5689369459565,0.00989241086730134,0.5403957295932613,0.0014310636,2730,-1119.8066608867152,-106.66525583220998,-456.23742969581406,13.785804455130588,-182.5866746199132,81.58249675490656,-29.633457172233612,35.91456907806885,5.890730059218264,-3.7316671280989784,21.51811440763249,-1.158488842279923,17.956376671538138
EF_03.09.2024_20240903_230000.WAV,516.3285,1.0978965805885705,24431.74405780351,3413.2613586182815,0.010154632215441776,0.5412930327392033,0.0013581857,2728,-1127.7316925226855,-106.49887676644053,-458.03174706779237,13.567892638864372,-186.23027145922006,79.74024764261601,-32.164498304585884,36.3326379659532,5.535072081580626,-2.370662678576627,20.33844197694142,-1.5973557206951916,18.78062232002186
EF_03.09.2024_20240903_225900.WAV,533.4672,1.0947014192598508,25330.60189858112,3409.77146709808,0.009909163335937405,0.5403088351638123,0.0014203179,2760,-1110.8163679163322,-103.67114360752034,-442.5484613178381,15.864872047324546,-170.98363433586758,81.55601763962285,-21.3967719625165,34.682021511633074,10.565618420568695,-5.486483364271144,23.053974322836233,-3.8760674595957325,17.75680295627579
EF_03.09.2024_20240903_230200.WAV,520.58636,1.0956591722813414,24792.641761721257,3413.358417692421,0.010050635210260757,0.5404669902969099,0.0013828088,2745,-1131.259021943662,-108.19101894048185,-465.6553990142514,12.685196217903817,-192.18162798371714,79.72606756606594,-36.18026749620412,36.736373236855506,2.5750525130663156,-1.7255827534183326,19.62081993810086,0.23800985851064807,18.465264537597026
EF_03.09.2024_20240903_230100.WAV,524.4498,1.096980785986472,24964.399670146136,3411.0875750529376,0.010044949338209952,0.5407763926377513,0.0013959452,2747,-1127.9028721480379,-107.56169906709677,-462.5597756917349,12.86504736628246,-189.09761998594067,79.90817543501605,-34.82782547324633,36.908279845486526,3.5731704324525486,-2.4339072888761226,20.13152669843412,-0.24001101881662937,18.648522210606778
EF_03.09.2024_20240903_230300.WAV,518.2416,1.0689875839383909,24649.910138458094,3413.0330042531473,0.010166836517331787,0.5407142213095681,0.0013746379,2772,-1117.3771320492806,-104.10392085644865,-445.455792665083,15.30875095595223,-175.58298359175726,80.51190292397732,-24.238751897471722,35.55647476281482,9.740273783759571,-4.438284147017493,21.90565782578961,-4.2838648826854016,18.426478128715278
EF_03.09.2024_20240903_230400.WAV,518.8175,1.097924285350412,24584.37101900526,3413.3020798622915,0.010147845846097013,0.5412690367879747,0.001372851,2727,-1110.0805170740107,-101.76463609488619,-434.9008595463291,16.874912720530457,-167.01005365951755,80.47231164821383,-18.483660513646353,34.27798584576986,13.287076884713471,-5.931618184007725,23.061465418426067,-6.003328346641847,17.547612672745817
EF_03.09.2024_20240903_230600.WAV,520.69495,1.0981255972664243,24114.585123169254,3416.2506985801347,0.010289321558892709,0.5417162340608712,0.0013398215,2745,-1129.2165828375769,-106.22560747961447,-456.89624257293707,13.697841755292735,-186.16280258903348,79.09999557255503,-32.04472370961757,36.823339912790935,6.167583107781883,-2.460600437882168,20.27682138286144,-1.965034231626225,18.291148962217335
EF_03.09.2024_20240903_230500.WAV,523.7893,1.0948583032942723,24598.87357128476,3411.1992561749666,0.010174296487546785,0.5411588735573343,0.0013739531,2746,-1116.1751353470343,-103.3298277288042,-442.9517703576815,15.422448110485373,-173.50859231549632,80.31987760625356,-23.150022203818736,35.62075341456499,10.424336289861792,-4.876984556932518,22.62532876087904,-4.265806931972249,17.942516400229295
EF_03.09.2024_20240903_230700.WAV,513.8584,1.098013424998077,24372.825093077485,3414.6469534691687,0.010180843805375185,0.5412744904132539,0.0013570756,2760,-1126.2892133861112,-106.02325340371637,-455.29300571816395,14.073185701928315,-183.9326624142445,79.85078746065639,-30.738443632883065,35.85560198971077,6.383031623618687,-2.2332770919267375,20.820636976229384,-2.278458781688588,18.35705330328596
EF_03.09.2024_20240903_230800.WAV,571.1327,1.0567458857865724,25496.794154496933,3408.4349253499076,0.00995616262085896,0.5401586786811243,0.001442636,2742,-1089.6075755277911,-97.43509127685549,-413.93837334498176,19.463732181339903,-148.77151983992297,81.37619156866802,-7.075112062060702,31.468877523906205,17.799733314565135,-10.695757674952713,24.103952162873348,-9.122555646449786,15.839824314022598
EF_03.09.2024_20240903_230900.WAV,517.59814,1.0976529479580972,24952.421365472983,3410.0361225371107,0.009979264181767032,0.5402161235340656,0.0013917444,2752,-1135.190833626215,-109.25582666530237,-472.5449141402585,11.437902507113956,-196.70065900290095,79.89812285919251,-40.48213355241941,36.58575640391901,0.42031700130718963,-0.5118617141844459,18.270725162436417,0.8402494926070072,18.513606955970467
EF_03.09.2024_20240903_231000.WAV,519.54395,1.0834696857270736,25102.640295074358,3404.6766918988924,0.009952995140375098,0.5386836548306031,0.0014042776,2762,-1128.9135383965197,-107.42712789049115,-464.978325234418,11.852475916202872,-190.07761094120144,80.80244604016102,-35.50112838736948,36.01485599275101,2.65256148206666,-1.6157926802929101,19.811850099233652,-0.2020224304291766,18.803867433389136
EF_03.09.2024_20240903_231100.WAV,523.1693,1.0971016328322114,25619.70632399179,3405.985139827959,0.009771110025260654,0.5388047253118019,0.0014386866,2755,-1124.2605965663013,-107.59332521445455,-462.8326970991342,12.726996365434173,-187.41686668240786,81.91270968294309,-33.06619095397717,35.454776308809805,3.930990063580334,-2.8090772851101815,20.586541609741527,-0.14618012226540758,18.376552220463562
EF_03.09.2024_20240903_231200.WAV,525.1651,1.0973753649124742,26251.979086286905,3402.083251886043,0.00960942613131662,0.5381757405295979,0.0014807248,2747,-1115.3862250504528,-106.57521119673757,-456.3665354857639,13.52336858448326,-180.1068139440424,82.95748695514413,-28.51840583208422,34.77819359493999,6.874700267626603,-3.759494777785179,21.911758178347032,-1.0066685328689151,17.808987366384322
EF_03.09.2024_20240903_231300.WAV,521.86597,1.0977732173930375,25500.18615738477,3402.9973520582066,0.009840903361651093,0.5385294990227103,0.0014315491,2729,-1120.4243328512473,-106.08558321504157,-456.7869499567572,13.137326000589253,-181.72517711550833,81.70687438717033,-29.500070513631204,35.49709866226897,6.088354289840082,-3.1108254265164677,21.40320657125688,-1.7891220178380465,18.3346572057115
EF_03.09.2024_20240903_231400.WAV,518.02075,1.0977072225928894,24754.683824521137,3411.059859665129,0.010068329139105532,0.5409461821714445,0.0013796508,2729,-1126.9074981462877,-106.67183203756915,-459.75288525480835,13.251413283215909,-186.4051305862752,80.3712369110628,-32.657582622958536,36.04002497452155,5.514983456132434,-2.456614774391353,20.483006516946148,-1.5001521559007849,18.121972665367846
EF_03.09.2024_20240903_231500.WAV,523.9767,0.8783684831858112,24921.089518510795,3410.754438141637,0.009989667972152713,0.5409389106710722,0.0013924162,2758,-1117.3174468550262,-104.52420845777714,-448.0858542244939,15.02341085717537,-176.20750984500776,80.96943751938922,-25.380215733460364,34.961027524525825,9.126366330535985,-4.354992441715033,21.89639397135698,-3.422442757909676,18.05870869214193
EF_03.09.2024_20240903_231600.WAV,521.5358,1.0975927880166418,25436.17639875557,3412.18259773154,0.009821575900110279,0.5394555245951228,0.0014267784,2749,-1117.9850130966745,-105.87542349292396,-452.84381261752515,14.631533049785961,-179.51343374299594,81.60224505792482,-28.031824764211922,35.19608519006734,8.283775903516256,-4.162543832857794,21.90929668196436,-2.373247407878592,18.31562576506614
EF_03.09.2024_20240903_231800.WAV,532.0691,1.0934655894222831,25989.915309337313,3414.352891577391,0.009735226915984618,0.5404313599450856,0.0014649632,2747,-1099.1176559533892,-102.23145595307169,-431.9499711621151,18.026540690991894,-161.29508555227804,82.78793933096674,-16.176485339003815,32.79894397894952,14.919199251148674,-7.852143469026786,23.9362999195432,-6.083952111584492,16.68126102189578
EF_03.09.2024_20240903_231700.WAV,530.37024,1.096691472098811,25615.622806296804,3409.7599721578244,0.009806141262278818,0.5398267346891288,0.001439504,2746,-1117.7266067000457,-106.28446821656836,-453.8484569960487,14.201443210434931,-180.26374209441033,81.79172431327935,-27.842151482739002,35.476953676637734,7.320687212399486,-4.114046956621628,21.831799128705413,-1.7005766646355225,18.200061725325334
EF_03.09.2024_20240903_231900.WAV,519.4097,1.090358349209648,25267.742561170428,3410.8061719234515,0.009913865577990106,0.5404000924934848,0.0014141726,2742,-1129.3120936309463,-108.36605139236983,-467.1490589176084,12.406722010396065,-191.74569231215264,80.77739954665273,-36.80224660508302,36.070872468114345,2.7952305748136226,-1.662688792208575,19.650323701553436,-0.17842972935262982,18.215659702537614
EF_03.09.2024_20240903_232000.WAV,522.6881,1.0968231721132635,26376.614016964155,3404.693467974684,0.009624080772678319,0.5380757573994788,0.001490937,2741,-1109.6539482156638,-104.7074724929439,-448.4258743261529,15.133348524866152,-173.11525522828072,82.77328018192006,-23.80953233173354,34.11589012540229,10.159048440013636,-5.402925567158393,22.675537415239976,-2.897810611660234,17.954877834611874
EF_03.09.2024_20240903_232100.WAV,537.3218,1.0916561683271069,26904.680970508995,3405.978656166993,0.009467640237078979,0.5385687651247207,0.001527698,2744,-1096.9341851924264,-102.907862226125,-436.11391543127854,16.655078434281318,-163.38126288926952,84.2244161235708,-16.720569341537715,32.888099029155484,13.440558957318324,-7.703509049005143,24.176277861646422,-4.8036731442563845,16.918658516790185
EF_03.09.2024_20240903_232200.WAV,522.7481,1.0974331187133024,26304.343634741304,3407.5638007759403,0.009627184562785513,0.5386854727056962,0.0014835717,2752,-1120.3060606699457,-108.2706942880181,-462.84115516415716,13.070158252172128,-185.6368848336989,82.62441801273718,-32.72360277430966,35.68456525851971,5.0162378475363285,-3.233883806212503,21.01500375120087,-0.25720720343897263,18.057217879259554
EF_03.09.2024_20240903_232300.WAV,550.8996,0.9788730604293607,25892.524700592738,3409.313356996732,0.009838726682784422,0.5395547805752048,0.0014794265,2765,-1034.6769166482861,-82.79772872090548,-346.8189379125279,26.61408301890628,-99.85743949091626,77.8803744254326,17.735426412141422,19.683495334194436,24.07615464511442,-23.77999443861414,19.34008264285417,-17.22473646191448,7.9579073851159805
EF_03.09.2024_20240903_232400.WAV,514.48254,1.0941624382114998,24750.68231190008,3409.660629578606,0.010082095569018316,0.5401317741297469,0.0013787076,2739,-1131.9207128930032,-108.14507143851105,-466.5349153705828,12.004185411766194,-192.68094232378243,79.68223496118078,-36.90805646342632,36.859211319638604,1.67256085513754,-1.5368703769980903,19.229675639884302,0.14289481958518924,18.97436064193921
EF_03.09.2024_20240903_232600.WAV,521.1135,1.097929816024244,25378.254427780736,3410.490580479622,0.009869119475122357,0.5401245026293745,0.0014211052,2755,-1130.287121238628,-109.27905194403559,-469.23379479086617,11.961126358737285,-193.6980594403829,80.6806352188418,-37.590870725042066,36.799285932153126,1.7432167023463863,-1.4787053514002104,19.142641600553727,0.27822038936910676,17.962971170677136
EF_03.09.2024_20240903_232500.WAV,522.66046,1.097594493546208,26415.11279892971,3399.2427862036984,0.009553045449541948,0.5368715969378257,0.0014923005,2750,-1116.4441648411873,-106.56216317072497,-458.54183452868085,12.935947696964565,-181.87267715256885,82.87591864332187,-29.101701873703178,35.18746626358352,6.041750531331086,-4.334733437483985,21.694150939417487,-0.7721943345778721,18.292617945930893
EF_03.09.2024_20240903_232700.WAV,522.766,1.0971132510378743,25359.40367035749,3413.726002887388,0.009894549090021108,0.5400808736271407,0.0014222078,2759,-1114.3551754602265,-104.74898547986282,-447.3165773739052,15.760658212235604,-175.13612535847963,81.10882915371519,-24.468311130827413,35.185307138831526,10.030385109768838,-5.024059962582129,22.23960019665843,-3.469669239868156,17.940419877680732
EF_03.09.2024_20240903_232800.WAV,531.47,1.0522467574402545,25595.93612671084,3414.573373976135,0.009833393490181903,0.5405640648268801,0.0014398865,2755,-1079.0036275980656,-95.73571113775876,-403.0953124735344,21.20416645329722,-140.6923874333624,81.91998789096787,-2.287982366612605,29.953259078047058,20.935729219907877,-13.605375825654821,23.942447996718943,-11.106580770362575,14.10031940429476
EF_03.09.2024_20240903_233000.WAV,518.7776,1.0975185675604282,25387.16376561735,3415.2516387296578,0.009855973502888722,0.5413024856896873,0.0014229522,2736,-1126.8486865242228,-108.59179660057528,-464.324402458082,13.290184162825854,-189.0217661824164,81.08495796699512,-35.44582719237832,36.107025546920354,4.145708191687771,-2.4985786051136745,20.337812736460123,-0.3410226201013992,18.406167607557375
EF_03.09.2024_20240903_232900.WAV,519.4085,1.094812135819186,25089.696917439025,3411.590076200494,0.009986119320877854,0.5402190321342144,0.0014047772,2755,-1131.135302050776,-108.8962560657871,-467.90606360909936,12.370067790984734,-192.23978175410093,80.27749728564102,-38.11983075786302,36.837754185006155,2.4010833700545,-1.7534894308149596,19.104202108869455,0.007679168452355241,18.2095478360323
EF_03.09.2024_20240903_233200.WAV,521.0935,1.08860604669065,25134.97733742,3410.1534836143956,0.009919858772168475,0.53903886762379,0.0014058634,2757,-1124.1047803954677,-106.89088777384092,-458.62839608761425,13.123715074421098,-184.97307462981476,81.5772410078178,-32.03677070647402,36.16009910981789,6.25782691736256,-3.352895216647643,20.499116257589144,-1.7578173498087846,18.657501513033115
EF_03.09.2024_20240903_233100.WAV,516.5354,1.097068974328066,24906.023562307884,3411.2505100876765,0.01004958967031611,0.54017031308172,0.0013916906,2744,-1124.1161989991776,-106.54100193399452,-456.87104528733374,13.515029755161189,-184.15519721287586,80.59567662539952,-31.052475746856118,36.409221511745855,5.993866544016271,-3.0540743396022005,20.604173498234612,-1.8073724865326168,18.60463792717395
EF_03.09.2024_20240903_233300.WAV,520.50024,1.0958465612543402,25327.485281587487,3414.9042986227223,0.009886445247077826,0.5409178233199926,0.0014194618,2727,-1114.7221552982442,-105.11007380248526,-447.77275538395804,15.321266965501174,-175.48766050779565,81.43078598532585,-25.531250507088586,35.47394074518363,10.354405690914943,-4.903849628131677,22.164343125393614,-3.7582803098560924,18.072770595145283
EF_03.09.2024_20240903_233400.WAV,516.4259,1.0974955109346851,25047.337109892756,3413.788162125985,0.009971564051783179,0.5405855157529784,0.0013982621,2733,-1130.0919573712467,-108.50376023676631,-466.4071489664826,12.442905946119478,-191.64071812042764,80.68239901753037,-37.28689099585539,36.537365552334464,3.032890975006875,-1.944821193446909,19.643908921909834,-0.864064620524172,18.674606815023775
EF_03.09.2024_20240903_233600.WAV,522.35913,1.0973895011151376,24872.78175473649,3416.1094062373786,0.010001431794143202,0.5419002030202904,0.0013903935,2725,-1123.189119286816,-106.29978352512249,-455.0069187471082,14.409889633516874,-182.57486022904232,80.74263272400641,-30.379264463313646,35.88911694027236,7.627332584666812,-3.6815335870664545,21.310244232518137,-2.4980262348015234,18.412660033241593
EF_03.09.2024_20240903_233500.WAV,524.9874,1.0974691528692968,25500.19662042303,3418.2950493038443,0.009829546267757427,0.5413370253164557,0.0014317664,2738,-1113.3567080198206,-105.30653707615186,-446.6470672779063,15.668693862332344,-174.82276612949218,82.13727947075303,-25.203137308010646,35.02946156414954,10.867286039416944,-5.394525950241517,22.84017468824162,-3.9091809866327463,18.26236277425129
EF_03.09.2024_20240903_233800.WAV,518.2445,1.0977942160407286,25105.99233924878,3415.2476060220347,0.009959617898853808,0.5411450577066269,0.0014037322,2738,-1117.4219731177834,-105.5077413302803,-449.44730730551055,15.0081983255078,-177.4508829328565,81.45439428933582,-26.863288374782584,35.52646147134905,9.725866270679493,-4.425089037914738,22.220829591260394,-3.6401575550520415,18.573119332312782
EF_03.09.2024_20240903_233700.WAV,526.1511,1.0968713028128385,24899.162105551808,3413.4905125000546,0.010040374210223383,0.5401964904830603,0.0013935992,2737,-1112.8539886231315,-103.3252288685794,-441.32418642077437,16.104291252589345,-171.10886401649634,80.99264862680015,-21.871871821182417,34.986370679359275,11.615082962222635,-5.7872077654886285,23.014997775317216,-4.8122818958575655,18.248373333617835
EF_03.09.2024_20240903_233900.WAV,523.6833,1.0852106673731594,25205.73885281415,3416.8042291973193,0.009979404833239284,0.5411399676563663,0.0014197004,2731,-1089.1831459885884,-97.70041827954213,-411.93089236859794,20.045815137035692,-148.50296847219084,81.49724129848269,-6.788684477772457,31.784137971460453,18.90205830337173,-10.875872470096567,23.847643977342027,-10.318022245042881,16.03808826072229
EF_03.09.2024_20240903_234000.WAV,519.31555,1.0975923196486708,24856.082169550085,3411.4065090103854,0.010073662321200792,0.5403019272384587,0.0013879739,2729,-1110.5448559670372,-102.7480913419404,-438.55213265758573,15.803057330362817,-169.69265948818537,81.24907619093737,-20.695845681432125,35.18207119086222,11.934507817636584,-6.106847240863945,23.165741164228564,-5.167889212541494,18.236106962902753
EF_03.09.2024_20240903_234200.WAV,528.7176,1.0958072229708375,27300.568776039767,3413.8916458312765,0.009359866357721658,0.5390726801005212,0.0015521303,2758,-1100.887177837263,-105.66766200540657,-444.02429290911994,16.40539146632121,-169.3077519598509,84.34578115202156,-21.929848771723837,34.36062665679569,12.013998528040322,-7.144092442661262,23.16148527316085,-4.568647089722956,18.618363059791193
EF_03.09.2024_20240903_234100.WAV,525.3851,1.0974211054660974,25753.325012745416,3413.1350217589543,0.009746550943668069,0.5406502321062919,0.0014480134,2740,-1115.1662805081753,-106.1004695709031,-451.50278262730654,14.925876801429348,-177.4412772829196,81.9777046145134,-26.812248665619986,35.42825410060093,8.944108650901487,-4.46423891784746,22.073842174713132,-3.0720695265175895,18.64096613217947
EF_03.09.2024_20240903_234300.WAV,530.8711,1.0973882117674614,29053.762811738354,3418.401891735529,0.008911795618812035,0.5380633958488459,0.0016633476,2739,-1101.3595111330048,-110.48197400173171,-457.142097750731,14.539980410920135,-178.5702898424998,87.7152451498865,-29.565047877775783,35.52084666301987,8.259940822423056,-6.90441928069644,23.499700341855835,-2.1705834726783677,19.094667770430984
EF_03.09.2024_20240903_234400.WAV,543.553,1.096749258586638,30310.836408590094,3427.8816880917598,0.008580020271739966,0.5383138990366716,0.0017489716,2766,-1089.971812601892,-110.31271041122984,-450.557401263534,16.906223051703556,-171.76305526862788,88.9578097630284,-25.39460474336163,34.89463138170356,11.495272786066607,-9.157103382736585,25.51732844840632,-3.78692923386857,18.589059918275076
EF_03.09.2024_20240903_234500.WAV,542.0841,1.0863710742136838,29873.64847869431,3418.7612539985726,0.008708986366817318,0.5376100178006329,0.0017194233,2751,-1072.6127553239942,-103.85190976944592,-425.3918444185954,20.272613706433738,-150.21664711767187,87.76254590156482,-10.805895107460692,31.742660694407387,17.663254711749396,-12.501839228349477,25.675660729521354,-8.698240584031801,16.914982813374536
EF_03.09.2024_20240903_234600.WAV,537.3733,1.077255202167272,28030.779857707006,3416.6778390053755,0.009176544410459047,0.5379397803425168,0.001595396,2756,-1095.428385405709,-106.43278299202848,-443.12123851235265,17.113354168520683,-167.55046906422714,85.1537132746353,-21.04429340587308,34.79245935540939,12.124862077063218,-8.072400812105586,23.99954172319339,-4.840932108895181,18.52506990898767
EF_03.09.2024_20240903_234700.WAV,536.155,1.087295068870883,27992.92534110363,3423.7700997483394,0.009241595701410655,0.5399892527224497,0.0015909368,2739,-1086.0330929202505,-104.31989719790941,-429.9352107081344,19.67521987812816,-157.7481578250107,84.96394459507823,-14.897097849209452,33.51200435063191,15.565533411988326,-10.26444508574464,24.373992626844448,-7.204880184590971,17.863843968284012
EF_03.09.2024_20240903_234800.WAV,528.6319,1.0976545191696325,27714.432345654637,3418.7098625365325,0.00923886283082005,0.5391083104523455,0.0015696082,2755,-1115.593533230278,-111.96499867087907,-468.1131965851561,13.185681573906713,-188.67269302972488,84.51180211053826,-37.11412075775722,36.975191274653184,3.6903141735945235,-3.871860699111173,20.757435589154856,-0.49453164840163705,19.326522793812565
EF_03.09.2024_20240903_234900.WAV,551.5071,0.6037479613474842,28212.919036848216,3412.668270439286,0.009114275715468068,0.5382422747580045,0.0016065673,2756,-1108.7753459310554,-110.37160374751225,-462.864347533296,14.295814545050659,-182.39643990001767,84.48949841405832,-32.673449917032336,36.21065280337363,5.722721044503979,-4.131647054771452,21.276159524845557,-1.866931482339871,19.751480399489388
EF_03.09.2024_20240903_235000.WAV,524.5017,1.0975193385636641,27711.83937358671,3407.625416843299,0.009219540642177343,0.5369570370672003,0.0015680253,2751,-1121.1559651586585,-112.51690303171418,-476.21109614263463,11.42677525329388,-194.36154941725815,83.75857050249844,-40.93871145159592,36.96753644164068,0.26616236464280296,-2.5072753958881817,18.501183647875788,1.3897563090173206,19.41918059655183
EF_03.09.2024_20240903_235100.WAV,704.7322,0.8084919023341903,191081.5878678098,3345.463269049307,0.008530140386015288,0.5202667622626582,0.014019975,2730,-763.272088312024,-32.73962096704514,-161.95101771741795,17.98532739749301,-17.730737530272425,38.555190526733696,22.95336123655853,-9.50077827344771,-1.520318876065526,-26.34566162220878,7.9348757350579895,7.311586984361907,4.448591788349589
EF_03.09.2024_20240903_235200.WAV,670.3148,0.5609859772935413,630279.8024703087,3248.3534510194568,0.009476035901981431,0.4898591655807893,0.044272456,2711,-582.7289856938565,-39.91032705029103,-230.52591240275405,8.407101673373637,-41.01928640928454,52.20382495985194,18.960272282642467,4.2298083372144335,2.1727021936239908,-32.42104415278407,12.438403322675608,7.385928867441156,11.577053162104962
EF_03.09.2024_20240903_235300.WAV,624.69336,0.4983569846691877,1272.8959359624394,3132.9914193246213,0.008068353110587682,0.45082310267857145,0.005904459,43,-939.4540935147122,-60.743648702516126,-423.2594029473815,-11.953477469577159,-138.787685818074,79.98555272281708,3.461827360312725,16.05593668327678,11.501985037281889,-9.438394840542605,32.22238387765275,-4.20089887592233,13.96321156525249
