filename,ACI,ADI,Bio_Energy,Spectral_Centroid_Mean,Spectral_Flatness_Mean,ZCR_Mean,RMS_Mean,Event_Count,MFCC_1,MFCC_2,MFCC_3,MFCC_4,MFCC_5,MFCC_6,MFCC_7,MFCC_8,MFCC_9,MFCC_10,MFCC_11,MFCC_12,MFCC_13
EF_03.09.2024_20240903_203741.WAV,713.74896,1.4186109171026404e-304,125484.02178843606,23455.871873949065,0.0005657208459051209,0.6158724021818625,0.0066898484,1041,-896.8804349717678,-148.09096411227773,-219.10110331853497,193.16189031037516,-6.881384901105071,-17.4229190169741,-20.67628805395703,-6.2929732177381785,36.44524672176654,-29.823460320259645,16.72736149693743,-6.34447097574607,-3.6033199348765215
EF_03.09.2024_20240903_203800.WAV,696.0694,1.4773001630070817,423117.0771420872,23935.344240146944,0.0003508073708733493,0.6308997368359811,0.00548675,4102,-887.806270920356,-137.7091233762142,-177.0097858095647,186.5069223714708,-22.176679535606343,-28.029418506537738,-9.92826892341139,0.5468636266999034,34.84302330889301,-32.75429735862431,11.965959608836238,-2.3288142704896675,-2.7131427982039966
EF_03.09.2024_20240903_203900.WAV,621.0537,1.5915140845008726,305831.4841262678,24005.025318558433,0.00029802611840996636,0.6315974632889103,0.0038007079,4130,-941.5990293707888,-156.965710521298,-198.68136816735566,205.49779571152217,-24.395401726830098,-21.91952434146341,-17.35622087861854,-2.3157321748393653,38.09546432751753,-32.48149170667956,16.139903692026245,-7.284566017875954,-1.8536508093729247
EF_03.09.2024_20240903_204000.WAV,523.8325,1.5936003213400938,282780.3016138682,24062.86540377644,0.0003002142340036898,0.6331704234283853,0.0034308848,4136,-1176.2152112130304,-276.39628102091916,-369.33849181625664,269.5208110867929,-39.38302131789138,56.36188174558943,-46.03860762969023,0.5040423914087222,12.582957126373927,-35.60765641084463,30.555558644274377,-10.804445727475006,13.956993829703872
EF_03.09.2024_20240903_204100.WAV,532.82605,1.2875612523655016,281875.5452925382,24062.928944926058,0.00029945553222662905,0.6332146638792354,0.0034209583,4116,-1181.156747386012,-278.8815561477934,-373.30670899157036,269.9921704077965,-40.14459217751444,58.20242375322686,-46.06720915076306,1.2137680101823132,11.739685127723435,-35.6479276461049,30.131557971542986,-10.8307169419755,14.174482011622937
EF_03.09.2024_20240903_204200.WAV,519.13055,1.8952447376966377,282192.4770261756,24063.72404774706,0.0002999592431082861,0.6334342904461958,0.0034227502,4130,-1176.8336098446991,-276.6470589066594,-369.50021025712215,269.57940974550786,-39.41459533307242,56.45413490503408,-46.10055067991376,0.5873570032466007,12.50864477343982,-35.538344305763246,30.4273583925295,-10.711729222016519,13.898329520038244
EF_03.09.2024_20240903_204300.WAV,516.77057,2.036014718635688,281275.01619091094,24067.546203681053,0.00030067350337697064,0.6333769596701626,0.003410405,4132,-1224.2351938395789,-305.3014722899794,-414.21341349469844,272.16847994816794,-50.0317540365077,77.42434780119578,-47.25128095652528,12.061418717666013,4.253097168593952,-35.827519960996064,23.58849325902993,-10.988747163659522,15.484098198755754
EF_03.09.2024_20240903_204400.WAV,517.0775,1.8633827808543175,282418.92458447005,24065.553546135765,0.00029917648762956353,0.6333630815013342,0.0034245106,4146,-1216.3237193628827,-300.7615138408568,-406.9564155881397,272.3081796576249,-47.93561894735694,74.03629852191284,-47.18838603325651,9.871260461770087,5.4897233794920925,-36.0143130792008,24.89751852407312,-10.907043333712888,15.644493452927403
EF_03.09.2024_20240903_204500.WAV,516.47784,2.0386752281114595,281734.2996236332,24067.223466110343,0.00029905312572449177,0.6333549606514521,0.003416773,4150,-1210.379055314386,-296.7819392734478,-400.75475081764284,272.0911289871754,-46.380926495808026,71.27288931773231,-47.020310724142035,8.022334298018135,6.542558203542124,-35.97966800301522,25.94452010900079,-10.830756145280523,15.465522702200074
EF_03.09.2024_20240903_204600.WAV,515.4204,2.037744485274822,281875.01947965205,24065.081993016323,0.00029834298355953037,0.6333089627032394,0.0034191667,4163,-1219.8501295048886,-302.63759495741624,-410.14274959482145,272.2707282506451,-48.83377024143883,75.36948707129983,-47.09425598712595,10.835171357648928,4.8951622515198805,-35.89033667114931,24.37642969757848,-11.076768500146027,15.649832858095056
EF_03.09.2024_20240903_204700.WAV,515.7534,2.1041343274778264,281787.48514919356,24068.153311376733,0.0003008183040221548,0.6335483459646891,0.0034172575,4122,-1220.6785112849661,-303.32658560277224,-410.89747337983675,272.20589219394134,-49.1487207763676,75.9426205368384,-47.15705186647542,11.134507050179648,4.738969330570089,-35.966941920398405,24.07759071592198,-10.864891174554437,15.580989799035883
EF_03.09.2024_20240903_204800.WAV,514.4395,2.0649457577497063,282117.5476430492,24065.33240949364,0.0002982995290805433,0.6332754490466365,0.0034228966,4154,-1214.2364159535205,-299.3383808216933,-404.67077115474325,272.19839438259436,-47.40159968179662,73.00672850948675,-47.11820838309051,9.361179938476184,5.7843011241137665,-36.06859338179888,25.255988724610663,-10.855871963945468,15.673993130490858
EF_03.09.2024_20240903_204900.WAV,517.77136,1.8920737806115595,281544.56098471093,24068.803656254637,0.0003002394402992661,0.6334262908030284,0.0034151622,4127,-1223.1676926915209,-304.678594781569,-412.9808455834781,272.34243050369145,-49.747666836952625,76.79017538413756,-47.26337839754287,11.776468509816103,4.442208028241605,-35.85840596398144,23.86499567984055,-11.016698508174944,15.423147303619363
EF_03.09.2024_20240903_205000.WAV,516.2656,2.069375787092181,281776.5376341294,24069.929977470736,0.0003013090667000924,0.6336087069085888,0.0034164514,4134,-1219.2893069257182,-302.38986449324716,-409.4725775517899,272.3010903023032,-48.701641352937195,75.23962427995711,-47.132998635923556,10.47099605871108,5.047977757390059,-35.78436188783498,24.37469422124827,-10.884782011727117,15.465810087029158
EF_03.09.2024_20240903_205100.WAV,517.318,1.745092591952383,282915.6153699052,24068.171411757983,0.0002976735853106709,0.6336138581939618,0.003432955,4157,-1160.0557105197206,-266.90897790966,-354.3278496639722,267.7907899949591,-36.870190045906625,48.89747350754,-45.219557037644094,-2.3418765898822147,15.771585727837747,-34.88365362273181,31.96819042788309,-11.090069576743858,12.464853505203758
EF_03.09.2024_20240903_205200.WAV,518.88696,2.066269135799708,283058.28709198843,24066.201858580724,0.0003014358406729811,0.6336149490543938,0.0034336941,4162,-1194.608499381149,-287.65358158341076,-386.57903574002376,271.19198549113185,-43.07174378711488,64.68740041907934,-46.61801622551208,4.428879749579682,9.111401898978368,-35.97293566231504,28.125424301579528,-10.704804364323557,15.121308348105043
EF_03.09.2024_20240903_205300.WAV,520.1983,1.9005979535232214,282592.9010053456,24064.00209846268,0.0002986898068917894,0.6332964178082723,0.0034300587,4127,-1190.6746386003308,-284.9655075200623,-382.3880233925197,270.86015520448626,-42.10137138120426,62.583698631591496,-46.484589741749495,3.5267255162411115,9.921472964572986,-35.975250286567075,28.734347670272633,-10.645374368573535,14.779910517096273
EF_03.09.2024_20240903_205400.WAV,520.02563,2.302585092994046,282123.48571028066,24068.757235274556,0.0003005871714327097,0.6334107763435521,0.0034226011,4116,-1195.9129492213767,-288.02758465299803,-387.0032460373497,271.28270710235034,-43.2701462958028,64.89762756087596,-46.56404735141031,4.51311017753452,8.995891989577721,-35.90164914552731,28.028663093144214,-10.70902433316072,15.070368614952208
EF_03.09.2024_20240903_205500.WAV,516.8658,2.1064063464883707,282443.1710453818,24067.732333012485,0.00029863479343723295,0.6335773143694924,0.0034255635,4135,-1206.4817015285398,-294.6613838848114,-397.49473967365356,271.8606674974993,-45.669674581307724,69.81183259449419,-46.83976146484868,7.198606926573355,7.087759095149938,-36.138883241411314,26.478998309383293,-10.689052520208122,15.464640248168523
EF_03.09.2024_20240903_205600.WAV,521.1908,1.3794502800853805,282554.7598406616,24067.768202718005,0.00029982760653240635,0.6333922317162095,0.0034263209,4162,-1217.4568030262717,-301.4755642287915,-408.2951617272867,272.16846989617767,-48.44581127421342,74.71423073995064,-47.082711196548246,10.28077737564545,5.3292051141723435,-36.081714305571325,24.54357218003699,-10.871808733078323,15.69121587529835
EF_03.09.2024_20240903_205700.WAV,517.084,1.6105194376956213,282497.09867090994,24065.903027916833,0.0003005068007638427,0.6335318618514956,0.003427176,4136,-1208.5923735963574,-295.84025362731273,-399.4643193746808,272.01204793573703,-46.12704186749138,70.55499282511256,-46.81992821212723,7.743359653410442,6.698110836784064,-35.99456573460052,26.142840773938246,-10.882463388096458,15.611122058841662
EF_03.09.2024_20240903_205800.WAV,520.2639,1.530306929577051,283614.0336346027,24065.67063309353,0.000299303294457968,0.6334902273450106,0.0034409417,4154,-1199.5233861088557,-290.71048007529106,-391.49527596241745,271.58200875766363,-44.18378370372595,66.87835221244805,-46.702657274494904,5.6644566053059755,8.260698859613278,-36.12387992990312,27.426377016843638,-10.871670294841934,15.497783066223551
EF_03.09.2024_20240903_205900.WAV,518.4396,1.899083544349754,283601.35862191394,24071.486867417083,0.00030022033965637434,0.633779123549398,0.003440064,4145,-1192.284394354765,-286.4487773009877,-384.50723217669184,271.1205356808134,-42.73701103887757,63.79679061441618,-46.47038351526106,3.8658128736901887,9.407395375073415,-35.9199835439946,28.471864068510488,-10.751024875383262,15.085488721357116
EF_03.09.2024_20240903_210000.WAV,517.22473,2.302585092994046,282811.6019423743,24068.048333595125,0.00029949819191480163,0.633596949857267,0.003430007,4138,-1205.2164161766916,-294.1266330185468,-396.3754342718672,271.9492075228283,-45.35600537342422,69.2857650263522,-46.988948135818326,6.9511828642805185,7.289423171148242,-35.96910656501174,26.54548146248271,-10.798318146053527,15.592840359664201
EF_03.09.2024_20240903_210100.WAV,518.55634,1.9671455062189438,284397.7909977752,24066.314049697005,0.0002977616983451957,0.6334857426965682,0.0034526363,4134,-1165.6363360355665,-270.65046232349675,-360.0123313792788,268.70905565698394,-37.70369034741317,51.66745670468981,-45.7213877875602,-1.3540335294807526,14.637821448788072,-35.01581137227761,31.375441334731047,-11.054470515521047,13.141440715071969
EF_03.09.2024_20240903_210200.WAV,515.4706,2.1462120595144656,281977.4472318024,24065.945140914297,0.00029891959817583393,0.6333021145238612,0.003419273,4131,-1226.4096180803997,-306.8688355039745,-416.6618821695538,272.25733645476504,-50.70732623737295,78.29790723968264,-47.217119793769164,12.895786153807792,3.9437535082923243,-35.77754755806637,22.96946274718431,-11.03875211443931,15.503249183264058
EF_03.09.2024_20240903_210300.WAV,515.6809,2.2437561175890224,282999.8869866164,24066.98969451649,0.00029809358171169816,0.6333148412289004,0.0034314094,4149,-1208.1875074907825,-296.0094137550426,-399.1427035601073,272.16311986252134,-46.03513814629824,70.44713474760435,-47.084550258119116,7.815976077914015,6.824234498864264,-35.93863733614896,25.951949129510858,-10.821652546978772,15.694285880355825
EF_03.09.2024_20240903_210400.WAV,516.44495,2.2626944914541847,282860.254400391,24068.820353774932,0.0002978424123929614,0.6335776779896364,0.0034311062,4144,-1184.9162497582138,-281.61266567173914,-376.98012227295953,270.6628602112294,-41.0538487902382,59.949944654469014,-46.30278032628539,2.142085078704008,11.105259350950584,-35.74418399567229,29.39962464389898,-10.846159255075838,14.709781925605043
EF_03.09.2024_20240903_210500.WAV,519.8616,2.1462111376641175,283479.4194610103,24066.116010508504,0.00029885470937137456,0.6336482202975673,0.0034381847,4174,-1175.8658986237551,-276.4012885446554,-369.2055843250614,269.68616960814103,-39.37924535567306,56.205301878642366,-46.069316642902876,0.45989690733471256,12.73891443172287,-35.5517723064896,30.433001373986553,-11.005453187990957,14.169535890386284
EF_03.09.2024_20240903_210600.WAV,519.18176,2.145731173020414,282371.97571227484,24065.882498022114,0.00030057105871066287,0.6333532637574469,0.0034232503,4138,-1198.9899096058311,-289.9859975788105,-390.30286775399793,271.4409889205117,-43.875503994481164,66.39660375504761,-46.80265700915616,5.373871838556818,8.619014587746241,-36.03937150449997,27.36889768061311,-10.8745384118007,15.524767146041398
EF_03.09.2024_20240903_210700.WAV,519.512,2.1147891322520156,283275.18084468384,24060.23070946762,0.0002987743374781219,0.6332704189679782,0.0034361985,4175,-1202.0280078482422,-292.07280492187084,-393.9770821014968,271.56481213539394,-44.49960852945491,67.94878022924935,-46.85058908986548,6.265461801209582,7.863397438944274,-36.05030228316702,27.010253750648083,-10.956960899842386,15.570404353049907
EF_03.09.2024_20240903_210800.WAV,521.5409,2.302585092994046,282882.63143933105,24062.432203918834,0.00029959958709577266,0.6335190745430992,0.003429686,4143,-1220.273418689715,-303.37610777407934,-411.7527444884251,271.96744973058554,-49.1899774281519,76.19490159704492,-47.21522182914102,11.232822691204404,4.93971214538753,-35.89236770983654,23.87566641644759,-11.112188371961494,15.642136005452576
EF_03.09.2024_20240903_210900.WAV,523.1205,2.1461948446190853,283924.6490071448,24061.73117783512,0.0002984506382045977,0.6333888379281991,0.003444864,4165,-1205.3531098740214,-294.4135261256172,-397.5705524696289,271.74153903575836,-45.48953908955559,69.62445621097908,-46.791166332415116,7.230715034121416,7.139308928919047,-36.054335020759495,26.394442152239822,-10.978024463136158,15.657410696842257
EF_03.09.2024_20240903_211000.WAV,521.1522,2.257843302972854,283038.880523499,24064.530087955143,0.00029880254382218295,0.6334858639032829,0.0034336618,4134,-1212.6347556701633,-298.6450435260345,-404.06231431116083,271.91298928450294,-47.24378254931775,72.66385238743922,-46.98516121232341,9.137503336497609,6.07157112544587,-35.9555774147115,25.173759315354662,-11.11971399348445,15.693484420638809
EF_03.09.2024_20240903_211100.WAV,522.2804,2.2346754789714587,283640.2678591399,24060.123456123278,0.0003004255635667078,0.6334624710073539,0.0034413626,4144,-1200.5199186507102,-291.36527431236385,-392.93471694339064,271.40881186394523,-44.29303832372695,67.53104754077711,-46.780118728974074,5.959320525608877,8.04000572699936,-35.97292431241255,27.11008803339489,-10.966160088394792,15.516460240787618
EF_03.09.2024_20240903_211200.WAV,522.5297,1.3687892772093393,283193.3923461972,24058.843030891472,0.00029957774247640694,0.6333041144346531,0.0034377347,4162,-1201.1138816633143,-291.4773431325889,-393.06193089304514,271.4473976043459,-44.35039519552423,67.48398803138315,-46.673422249465595,6.07009608835456,7.891861253089224,-35.95000726334528,27.111409654213706,-10.94148671367347,15.44016212681272
EF_03.09.2024_20240903_211300.WAV,518.99634,2.2562600156268693,282415.8155322785,24068.03012636094,0.0002993672364357491,0.6334926514793037,0.003425022,4164,-1218.14523943853,-301.8212177389007,-408.94545265515234,272.10206148686774,-48.57459100142153,74.93013199541207,-47.1583294890192,10.510170569856308,5.30130995366093,-35.88532666087661,24.482055205329665,-11.3427679636819,15.592627602162402
EF_03.09.2024_20240903_211400.WAV,519.74286,1.671490326885679,282786.37088766746,24064.05975788919,0.00029938913717109035,0.633357324182388,0.0034309532,4120,-1154.3545722165152,-263.56743247201314,-349.3672843680852,266.9513823796509,-35.890473676276486,46.2987621014568,-45.05388468650516,-3.0712203845202675,16.86060179511592,-34.43203073616983,32.319352574332704,-11.572079238333753,11.9770577190315
EF_03.09.2024_20240903_211500.WAV,518.80334,1.8634761534911644,282468.1707934808,24066.326027401054,0.0003016504653981988,0.6335837989287266,0.0034274159,4155,-1203.7647419859807,-293.0170849883687,-394.8480526228275,271.7526204905836,-44.907414190785424,68.48461240519747,-46.87951379053951,6.50603594154502,7.573941747144446,-35.77071694052044,26.70868579023856,-11.046273987847249,15.517830275942702
EF_03.09.2024_20240903_211600.WAV,517.8368,1.9761403484047315,282399.71829427907,24064.24746461727,0.00029902104960011596,0.6333624148644036,0.003425081,4151,-1223.2882942095794,-305.10015687451084,-413.9640325873595,272.2560444062294,-49.877666302386224,77.02501366485794,-47.2472533555569,12.131842368278718,4.365215490312527,-35.66269442412506,23.390368278919297,-11.30089828116145,15.696670158421057
EF_03.09.2024_20240903_211700.WAV,515.9772,2.2903741170517944,283081.9515931929,24069.0055408451,0.00029852833653472126,0.633653129169511,0.0034335605,4129,-1223.4600494299154,-305.5174894132679,-414.4432559623108,272.3074610076349,-50.112857895336624,77.38918490649093,-47.31066505559093,12.244217074304244,4.298053932097973,-35.76797297857754,23.50887845449167,-11.326815692134453,15.567464803792339
EF_03.09.2024_20240903_211800.WAV,515.6988,2.2985258780610356,282534.71499861556,24067.44613477978,0.0002985403043600018,0.6336698556961338,0.0034275118,4136,-1216.8896745627626,-301.17858151373383,-407.6019685071605,272.2068933777731,-48.15684366176251,74.35413069878113,-47.15583539641269,10.11887338822879,5.285184455309591,-35.807569815975135,24.689403337393156,-11.166611595370492,15.79034380460367
EF_03.09.2024_20240903_211900.WAV,522.9282,1.579575764619156,283314.23507048446,24064.506885198065,0.00029942640373863106,0.6334020494600968,0.0034405463,4118,-1128.7408671783205,-249.07186651296925,-327.09769994113407,262.70192701343444,-32.900917429721204,35.09025610664619,-43.36088607758588,-5.78864202835893,21.95220709515433,-33.40200236584069,32.84624473671991,-12.160171185821548,9.50893764662589
EF_03.09.2024_20240903_212000.WAV,515.8036,2.2920192536387787,282463.05900665076,24070.788231208557,0.0002982411269592169,0.6338237882237495,0.0034263746,4156,-1219.497054956372,-302.79494223051097,-409.969732714725,272.342772361133,-48.9452716995368,75.42629600297872,-47.1106812873082,10.867047132265172,4.842489842445656,-35.81355388614493,24.24114120075247,-11.16781550066693,15.790913281176126
EF_03.09.2024_20240903_212100.WAV,515.5231,2.247783512030004,282574.51859975304,24069.20913605583,0.00029746784769815005,0.6336753706016507,0.0034275996,4141,-1223.2889624821637,-305.23676538690444,-413.6871539780817,272.47204995535935,-49.92594783877714,76.98145136690925,-47.26501572300581,12.014197314324935,4.322040147305718,-35.655345026588456,23.52941732316088,-11.21885577215885,15.610582180631408
EF_03.09.2024_20240903_212200.WAV,517.94995,1.8668133893707535,282235.8932963426,24068.237446190695,0.00029830761052296003,0.6335765871292044,0.0034245325,4135,-1161.7006390604454,-267.6983210889659,-355.14077341980595,268.04676835756476,-37.05144357420848,49.27283377084182,-45.451822580127654,-1.9368917118095392,15.557360317632163,-34.80786303337567,31.6847310889442,-11.276258250896086,12.85793410542287
EF_03.09.2024_20240903_212300.WAV,515.58014,1.7863351184785723,283139.7406331367,24067.755115604814,0.0002972790664697891,0.633577253766135,0.0034352313,4128,-1220.1497998405678,-303.44218907080864,-410.94710342771447,272.45988623470555,-49.13631000454168,75.69927695467419,-47.203585118771215,11.210925321660174,4.792977198626726,-35.778645555520065,24.014349727354627,-11.182623329527908,15.699619186971338
EF_03.09.2024_20240903_212500.WAV,514.91895,2.289175507843071,282008.24643846747,24071.523549385784,0.0002994356362986909,0.6336235547311344,0.003420842,4143,-1222.8728516406723,-304.88714381091347,-412.99937891385986,272.36169962588866,-49.84415077551788,76.87762290909667,-47.31875241106608,11.838149685707346,4.435313270323928,-35.656888527438035,23.632219476677,-11.250094469703141,15.607474340875951
EF_03.09.2024_20240903_212400.WAV,518.1386,2.200803869436902,282838.002215221,24067.39005847264,0.00029883068641507347,0.633375929413088,0.0034319907,4139,-1218.542138784033,-302.3505225852199,-409.2527653335273,272.3564628184278,-48.66581550376651,74.97985543061455,-47.154772585986265,10.694257479906494,4.989886403015856,-35.739994593621034,24.35183351578461,-11.13346331440308,15.617687446320856
EF_03.09.2024_20240903_212600.WAV,515.4774,2.2944650603378562,282041.97149565845,24071.0070432539,0.0002988264788128427,0.6338243942573228,0.0034213054,4160,-1216.3628905260089,-300.6396289405112,-406.53160072898646,272.37888749920063,-48.009260626800845,73.79714641551766,-47.04922525778731,9.812296438135556,5.4827189379684675,-35.821442250891195,24.815529202792955,-11.14272681363759,15.680639720447044
EF_03.09.2024_20240903_212700.WAV,518.97186,2.2466819876609683,282184.93519820785,24066.85509233458,0.000299433823994508,0.6335910107282487,0.0034254736,4148,-1192.8780515359329,-286.2179894472189,-384.0884763175672,271.18555356653513,-42.50432443793084,63.36902050783617,-46.57361256703421,3.9195923173169605,9.443858018073325,-35.7235267052755,28.57193346387775,-11.098080621943387,15.082803127509367
EF_03.09.2024_20240903_212900.WAV,517.84204,2.0689810555157595,282645.69051822135,24063.360048530983,0.00029875301945912855,0.6334348964797691,0.0034300294,4139,-1205.1599335561582,-293.7710611897485,-396.2982455802866,271.8263318847671,-45.186557977498154,69.03117711358641,-46.80904889872758,6.920741902763926,7.276315647058064,-36.03316502815955,26.680909356771693,-10.979970478567672,15.593523834205467
EF_03.09.2024_20240903_212800.WAV,517.0404,2.29234331098812,282613.92395741184,24069.908021166793,0.00029782400742693144,0.6336174943954015,0.003428552,4161,-1218.3293939775006,-302.15896628121897,-408.9748064875192,272.2776196374353,-48.70415852923026,75.03328000677807,-47.14825620528902,10.58855666568759,5.115205842488386,-35.910120556834976,24.43434778616643,-11.17417410858362,15.713930491460838
EF_03.09.2024_20240903_213100.WAV,518.19653,2.2662816096574865,282511.894170257,24063.485619298834,0.0002999610953097805,0.6337416706745687,0.0034275583,4123,-1205.9648099983885,-294.3676964303004,-397.14935036746044,271.7564533470703,-45.44062480904779,69.54332181876336,-46.888495740837726,7.218561275777277,7.0709867277257725,-35.878060765955794,26.429675673980526,-11.141699833263266,15.674616432409977
EF_03.09.2024_20240903_213000.WAV,516.80005,2.2644071071487133,282666.2821611533,24064.202586271203,0.0002991146885526825,0.6335252560855468,0.0034284673,4103,-1220.9046429884531,-303.6598656558511,-411.93447450111626,272.1845358989747,-49.23648043668352,76.19873264595475,-47.16050156324602,11.299172355425878,4.664820057209175,-35.74502539113734,23.975937309458953,-11.277161644331922,15.69935158734662
EF_03.09.2024_20240903_213300.WAV,518.433,1.809342348657261,282748.8657311478,24063.911036264886,0.0002987338032914503,0.6335486489814758,0.0034297523,4134,-1211.9822435233564,-298.1723397913306,-403.2802372048939,271.9609997182042,-46.99010449775657,72.28599870033217,-46.932616978859755,8.920917618565214,5.943465245006248,-35.84198344286153,25.509062084554685,-11.302808168333309,15.76193673919951
EF_03.09.2024_20240903_213200.WAV,518.9033,2.2037119119343975,282744.883687407,24066.688488603086,0.0002988305951087454,0.6336233729210624,0.0034296482,4138,-1209.5603149791727,-296.6416219894414,-400.7361404177268,271.99446772803554,-46.366923772231715,71.19085294635589,-46.95957709103438,8.077444133348127,6.56505153646762,-35.921482261661396,25.88991495645341,-11.184282081110728,15.728671911281147
EF_03.09.2024_20240903_213400.WAV,539.41003,0.6853142072764582,282740.6045282022,24068.95080515924,0.0002979418089598889,0.6336760372385813,0.0034362047,4142,-1068.1683098007727,-215.80939199425424,-277.5445580399806,248.03633183661205,-28.67613621044263,10.7199617224068,-36.75172955085597,-7.792435719310132,32.13278453298703,-31.64811817181747,30.02557720548185,-13.494109796434232,3.4026610218575337
EF_03.09.2024_20240903_213500.WAV,515.7126,2.097139537708144,282834.5202864045,24068.48934258196,0.00029804408797885735,0.6335518609594142,0.0034330082,4136,-1218.641888639523,-302.36805384011546,-409.25821731499263,272.3968411461499,-48.72300486149753,75.02723890651468,-47.18490456381995,10.74566246850657,4.991999431049585,-35.796954996927894,24.3633751141202,-11.264424421791288,15.829773354453168
EF_03.09.2024_20240903_213600.WAV,515.6832,2.0959934182851807,282354.2903049941,24068.932773257024,0.0003004021667076927,0.6335650724913119,0.0034254957,4143,-1215.2690956218667,-300.1173132704359,-405.7459017425452,272.24977534367883,-47.80289200325414,73.48579850250573,-47.129651369379545,9.747605709859082,5.609711563012813,-35.878405838298846,24.97598968742349,-11.262808159410307,15.772656120922369
EF_03.09.2024_20240903_213700.WAV,515.74963,2.284757417178707,281414.42969984206,24069.133704617292,0.0002998683011308864,0.6336394328107546,0.0034128076,4143,-1217.844449234139,-301.3371308743836,-407.8412493191389,272.2469094082537,-48.313521306771136,74.43286333769295,-47.13165539315491,10.195380763779506,5.354434535640675,-35.768066908751656,24.515593796340898,-11.247132979138684,15.781220198309214
EF_03.09.2024_20240903_213800.WAV,517.2219,2.25356578694967,282322.03756790893,24067.54134537184,0.00030062564970446585,0.6335891926275289,0.003424174,4129,-1200.7288302281086,-291.1511030202744,-391.8419926577561,271.5802501468434,-44.315289347715556,67.10169860005863,-46.7372681793478,5.838263762824586,8.026581877267837,-35.85036674348461,27.31178468361107,-11.07839881238715,15.437175297913777
EF_03.09.2024_20240903_213900.WAV,518.1954,2.283104120520817,282806.45373545465,24066.000952900744,0.00029837011948234194,0.6336938546256361,0.0034303514,4139,-1214.997479344999,-300.0637546246822,-406.1440563884811,272.0396204531698,-47.838899705182975,73.60413438810006,-46.92679657285494,9.792895887287505,5.508180358970888,-35.93720691579361,24.873782977216845,-11.16749286180398,15.818735329687986
EF_03.09.2024_20240903_214000.WAV,520.8938,2.2542655611605897,283170.7616537748,24057.416268904584,0.00029963958224800245,0.6334491988720988,0.0034353537,4121,-1220.722384589437,-303.59965821124433,-412.72385592616536,271.7087686259745,-49.310166002859454,76.41458729571059,-46.882897910742464,11.527031537965529,4.506719536367397,-35.707457315605886,23.7490456104572,-11.404827987471409,15.648318920871224
EF_03.09.2024_20240903_214100.WAV,522.2991,2.083357788842204,283830.707789872,24063.17197506542,0.0002991158066345464,0.6335582243119338,0.0034440092,4135,-1215.7849251055925,-300.93090553502196,-407.90011568247525,271.9770808470037,-48.2113291586816,74.40523562733598,-46.93418554901518,10.12155731152002,5.229785335614596,-35.76693521052672,24.704310799713337,-11.409645458588647,15.802066441476319
EF_03.09.2024_20240903_214300.WAV,521.14343,1.8414378993429155,283792.12829002034,24060.62575877155,0.00029900614312688794,0.6332589043300857,0.0034451818,4163,-1173.239709154471,-274.8998058437206,-367.41672482327266,269.1715950437024,-38.975212451781815,55.28563901264507,-45.70727630647097,0.08044736429335217,12.828566456658635,-35.339696965651314,30.703692202659393,-11.209524344874517,14.064626845704835
EF_03.09.2024_20240903_214200.WAV,520.39404,2.235136029288482,283401.08039701433,24064.758879250563,0.0002999686264567349,0.6336250698150676,0.0034390758,4136,-1206.0042594168972,-294.63221955223224,-398.07404564776124,271.6471849433424,-45.693592541989666,69.91071953208406,-46.58278047333447,7.215778091899259,6.9163233705868645,-35.845092190449826,26.30365834219055,-11.096076357492553,15.584808030135562
EF_03.09.2024_20240903_214400.WAV,519.9203,2.2837304339982047,282885.1693539532,24059.214514368225,0.0003019727490298549,0.633502287413119,0.0034324825,4147,-1195.47499818741,-287.85166244971236,-387.88668097386625,270.934897634609,-43.10543040666018,65.07506174700987,-46.386870850517425,4.516047043489732,8.955742652558738,-35.78165005264045,27.867464473946963,-11.141180121890775,15.303078400947014
EF_03.09.2024_20240903_214500.WAV,524.00635,2.096227379529642,283933.78762746113,24055.31211700385,0.00030126834581112354,0.6333872016375512,0.0034440362,4123,-1213.4599877473438,-299.36959921199053,-406.55767881126474,271.4116650157026,-47.54347564868675,73.76842213666534,-46.74863901060153,9.481211309810538,5.517137521881366,-35.75823231645989,25.010266298414585,-11.384264395732444,15.703951881119433
EF_03.09.2024_20240903_214600.WAV,529.7075,2.094754376958708,283841.4855274764,24052.078850622307,0.00030058753919899795,0.6333064779655889,0.0034443014,4142,-1194.9734365346762,-287.8615309135843,-388.4916708788122,270.6683543270476,-43.07583923069673,65.24962556655477,-46.311202127348714,4.667852234065917,8.788344684206306,-35.74798248748463,27.810684668595446,-11.124697177477554,15.319329041993896
EF_03.09.2024_20240903_214700.WAV,528.9823,2.004770830836595,286233.2730213538,24041.22610858146,0.0003021357381263828,0.6331771504010488,0.003474709,4155,-1157.832606068072,-266.4328820512231,-356.53170022542974,266.60570043323037,-36.29760628630914,49.74407113178254,-44.8369469618006,-2.471010476377729,15.329107689587099,-34.69218264382395,31.780882327317084,-11.482285808454503,12.716553283745741
EF_03.09.2024_20240903_214800.WAV,528.68005,1.8874683079705847,285549.8049365566,24045.39705284079,0.00030070811193508366,0.6330916390638576,0.0034661423,4135,-1157.6690908631795,-266.09180284557516,-355.6252153329726,266.7330925006911,-36.30933251745344,49.263403792116875,-44.863596049006176,-2.497783843881249,15.607638914337622,-34.74553703742646,31.81476732526116,-11.502297761436362,12.692123951857685
EF_03.09.2024_20240903_214900.WAV,530.0813,2.124180829043886,285989.2258791326,24038.97841608393,0.00030328219687627666,0.6331815744461338,0.0034692548,4138,-1197.790517537876,-290.1781556746804,-394.08546953990066,270.0609438011274,-43.699747683013236,67.99405981831694,-46.24688479675054,5.4104766332525065,7.880923969397666,-35.74857902678757,27.236926987210246,-11.188626671971878,15.274724116992452
EF_03.09.2024_20240903_215000.WAV,527.32227,2.140490559763099,285533.6513398375,24039.445344464846,0.0003021366730020538,0.633041277673917,0.0034652273,4151,-1164.578536156535,-270.1456750286942,-362.2870202924434,267.3579201073517,-37.10057781591992,52.72711857469502,-45.37313432737836,-1.5252207004129972,14.151154874652885,-34.985472886040874,31.349276419623987,-11.172921425542189,13.157800982300014
EF_03.09.2024_20240903_215100.WAV,516.8298,1.838664891348545,283476.2756969138,24059.90313150306,0.0002980721719256826,0.6333294466380166,0.0034402017,4156,-1219.5556457829919,-303.0768643615177,-411.3571301511871,272.0322565824243,-48.951729789806215,75.82088203242104,-46.99718904248753,11.063665301140917,4.689930945782705,-35.66960949622472,24.046553756059186,-11.231296364459334,15.57151104278893
EF_03.09.2024_20240903_215300.WAV,514.6024,2.29326593451326,282394.1995469316,24071.479108696145,0.00029834983458205976,0.6335974346841257,0.0034254359,4134,-1223.830657080451,-305.4523230023255,-414.10493844347883,272.51953771708526,-50.09690231214024,77.19076954173256,-47.21095564740302,12.084050054698059,4.2213544832926635,-35.67792925881367,23.565250746336638,-11.31398639765138,15.730549555624892
EF_03.09.2024_20240903_215200.WAV,519.2948,2.051357748022276,282047.12696827145,24066.34881086951,0.00029796364873856763,0.6337024603023769,0.0034224652,4141,-1219.9576079571523,-302.7690198346515,-410.2384199341566,272.22671273125934,-48.9452017637665,75.4191430153399,-47.12590282565091,11.056773677425273,4.902258374546365,-35.86332283305225,24.184142297346895,-11.285265419136692,15.716224032009547
EF_03.09.2024_20240903_215400.WAV,515.1577,2.08971404085446,282407.0386435426,24073.4788818127,0.0002994941689376619,0.6336822793843863,0.0034256997,4156,-1220.9123484475226,-303.7641315426525,-411.0616155303688,272.4997384792674,-49.37494647712821,75.91648587959511,-47.181203274722414,11.31125366895576,4.6498237152079644,-35.7332920607763,23.97382709232811,-11.209608596485939,15.712785903100801
EF_03.09.2024_20240903_215500.WAV,514.90796,2.261622801553715,281749.70550221275,24072.473727916502,0.0002985955843859342,0.633881543223284,0.0034171056,4156,-1215.7256511322732,-300.13962629994205,-405.5714250129111,272.44221744773523,-47.85447949610734,73.37496355699571,-47.094241475165056,9.576849630146798,5.750840787459599,-35.85328992912291,24.912461155796596,-11.127357039458204,15.745327757044308
EF_03.09.2024_20240903_215700.WAV,515.5962,2.261644543537877,281866.6025061565,24071.217976425793,0.0002980779558554991,0.6337665180510736,0.003418851,4143,-1219.0465361561594,-302.36069951671897,-409.2602041010514,272.2561351688634,-48.73448648535659,75.1733740600569,-47.1555171385247,10.60348974796735,5.000247485535617,-35.68911837305501,24.33518182579065,-11.288970981032733,15.724142583219205
EF_03.09.2024_20240903_215600.WAV,522.30383,1.705326817936425,282702.7156414204,24071.598249163973,0.0002987249209985801,0.6338176672846593,0.0034305318,4158,-1133.1252141993755,-251.4891382137751,-330.45606809835516,263.5286963316591,-33.44332652761392,36.946509868192095,-43.649712142245924,-5.572563820913717,21.03474602431933,-33.33591860424811,32.94639827027335,-12.187218818060396,9.858997868953256
EF_03.09.2024_20240903_215800.WAV,515.1544,2.297368418967265,282130.82757102145,24072.77055101848,0.00030060539437788914,0.633878573658775,0.003421478,4142,-1216.6688373769832,-300.9492115982582,-406.9322193226226,272.3160126278875,-48.233130821436966,74.09816000028158,-47.08742759759095,10.0624233434349,5.403799512418444,-35.91035473018109,24.700365720949428,-11.177076271056922,15.834951863614997
EF_03.09.2024_20240903_215900.WAV,515.00195,2.2986103547695413,282246.277432777,24071.705028675588,0.00030190198496297276,0.6337262168184498,0.0034228228,4143,-1225.6256858081276,-306.7188108017938,-415.9811769213558,272.3712014587614,-50.599694889536,78.19972213998747,-47.3104032131203,12.64352002173102,3.8928597607175703,-35.51433777583364,23.10567364426966,-11.40680277365207,15.680829557137555
EF_03.09.2024_20240903_220000.WAV,515.18555,2.2942814783474983,282063.3230934978,24068.031534832135,0.0002973794017825924,0.6335789506601402,0.0034238526,4121,-1223.6957890767214,-305.1172523223865,-413.65668406524554,272.50097029362377,-49.908310757035466,76.83376502923743,-47.1497801264492,11.99970279547736,4.340337330979912,-35.687601429737725,23.558985963545883,-11.303583069304226,15.69967595887444
EF_03.09.2024_20240903_220100.WAV,514.839,2.291576329764198,282544.8711954569,24072.084826959246,0.0002967619402704551,0.6337400343839208,0.0034297768,4143,-1224.3350973218394,-305.86690141002634,-414.3430259618989,272.597728798002,-50.218751363930174,77.29199937480723,-47.20134589822915,12.24746322815638,4.017847580671972,-35.56399598802172,23.489405479188015,-11.215088505693114,15.53101287040827
EF_03.09.2024_20240903_220300.WAV,514.6505,2.288255259789994,282064.59239389125,24070.164067512145,0.0002982165501985099,0.6335511943224835,0.0034228277,4151,-1217.611783194114,-301.50295374760225,-407.49575067228716,272.4912072961241,-48.383441869208504,74.22722974253911,-47.15338303694078,10.397812743848839,5.211207534601614,-35.86596355831237,24.584400334600353,-11.177361380460765,15.862057363171049
EF_03.09.2024_20240903_220200.WAV,514.2708,2.186525487361618,281542.71755285765,24071.42821585918,0.00029807107099830854,0.6337003391848703,0.0034156702,4160,-1222.2421097112858,-304.115698675468,-411.83322686633903,272.55859888757726,-49.505319695716324,76.10975196229435,-47.12056496038052,11.482494810788388,4.52616941106335,-35.6922216543444,23.887247069111485,-11.284742704468213,15.744437811452892
EF_03.09.2024_20240903_220500.WAV,514.7875,2.2978017594320637,281985.8900346069,24072.760687051927,0.00029824618310972037,0.6336902790275537,0.003421937,4125,-1207.1627020574747,-294.9408900729721,-397.2840689901826,272.19249197201754,-45.808248709596484,69.57855509480073,-46.83951380333237,7.342331414883409,6.958107735532255,-35.78628513214106,26.346886146638422,-11.144277823564268,15.671140767945385
EF_03.09.2024_20240903_220400.WAV,515.3192,2.29847620465115,282310.22248200414,24072.94945089156,0.0002986255432961836,0.6336732494841443,0.0034239613,4128,-1206.4046242664263,-294.65081257991716,-396.9263489900273,272.13843612281823,-45.7331054220697,69.43431350211715,-46.76498823303063,7.2053778527100505,7.042025470792151,-35.89439405008279,26.35963903181229,-10.94993806097987,15.719768384046855
EF_03.09.2024_20240903_220600.WAV,514.2255,2.2986008834663054,282195.42301130155,24071.84779806462,0.00030103803528222885,0.6336184034457615,0.003424226,4143,-1216.7029551072333,-300.8312385187179,-406.791321519567,272.47270182050374,-48.198669600288675,73.88388536965707,-47.0296904583585,9.924966712077584,5.489716997067593,-35.8103439167676,24.763670330807113,-11.256909629144312,15.70949886994878
EF_03.09.2024_20240903_220700.WAV,514.41205,2.129889074028037,282172.8258973054,24072.37629039234,0.000297989900295449,0.6337921532712237,0.003423128,4147,-1192.8211914089493,-286.31728724955593,-383.61307358201924,271.4197470611188,-42.578754684073424,63.17251906662482,-46.62857210889204,3.921867293881496,9.536960491082407,-35.75013707144329,28.506024959193702,-10.978080214747143,15.113069174141597
EF_03.09.2024_20240903_220800.WAV,514.1353,2.2906981318853092,282401.8120429609,24072.699112545855,0.00029906839285906054,0.6337674271014335,0.0034253418,4137,-1198.646339375493,-290.0269848930714,-389.3820821719788,271.8199868741381,-43.88544925540311,65.95236150407167,-46.7349453778811,5.292250213351726,8.310442410690309,-35.74927698009009,27.651812625130898,-10.980431181748884,15.460090970306101
EF_03.09.2024_20240903_220900.WAV,514.8872,2.123549407243876,282120.8879524933,24068.84889622567,0.0002987111740145337,0.6337209443263622,0.0034221257,4151,-1200.489702672822,-290.8503617994478,-391.18066180632695,271.81541117410103,-44.20377881071952,66.72177995570007,-46.71858326957538,5.633511212276074,8.116839349248606,-35.859607048891604,27.477335425157275,-11.00850313655429,15.408848659329747
EF_03.09.2024_20240903_221100.WAV,524.8504,1.8885061232253326,283043.3240080293,24068.702578627614,0.0002970987919060598,0.633690703251055,0.0034358283,4172,-1206.5565214629637,-294.9144902400852,-397.4114168517629,272.13672310037725,-45.75840837912001,69.52862616096967,-46.86639486359356,7.47636824923207,6.975216929000233,-35.89391154498435,26.315391637842126,-11.068891218259049,15.709180669415344
EF_03.09.2024_20240903_221000.WAV,515.0801,2.285157328018941,282171.7304140952,24071.52384165478,0.00029750905707270214,0.6337616091791299,0.003423971,4160,-1215.8400202695295,-300.45434589388907,-405.93880018622485,272.3502242667866,-47.91035684673499,73.60311872243551,-47.09154432991957,9.852944924126213,5.457273756536581,-35.961258878046536,24.943129889933882,-11.056248396844229,15.695460098071486
EF_03.09.2024_20240903_221200.WAV,531.7029,1.204520151386613,283060.2093493206,24063.901726956956,0.000296616111352371,0.6334672586725828,0.003438977,4125,-1151.214928183391,-261.6001705425564,-346.19598002285585,266.6244621784251,-35.52408494403884,44.54837600431794,-44.72382273594894,-3.456118724299497,17.543171461883162,-34.40232659459579,32.472283553068834,-11.51805821120789,11.688086938198992
EF_03.09.2024_20240903_221300.WAV,518.2959,2.2856583951842806,282697.40190440125,24069.497722298467,0.0002986988827598622,0.6337099751186857,0.0034296634,4121,-1216.0252755718107,-300.7665599602426,-406.97349220144326,272.1397329079134,-48.0430532764669,74.14093959834764,-46.939383040460925,9.759711576141765,5.235986271685164,-35.643123236505,24.73078620022191,-11.098102566940305,15.721458247852118
EF_03.09.2024_20240903_221400.WAV,517.73315,2.243331356229766,282585.46567582135,24067.462990080887,0.00029715480769290404,0.6335271953929813,0.0034300038,4146,-1221.829924128774,-304.2196469847378,-412.2438068535326,272.4632933046879,-49.49963044081605,76.20616639840564,-47.03595654921292,11.537135872854853,4.367590180203838,-35.57331578025614,23.821858292971452,-11.253698438228513,15.756488882622348
EF_03.09.2024_20240903_221500.WAV,514.8873,2.2951501754415546,281977.9440064428,24070.117539883882,0.0003004155035531116,0.6334990148318232,0.0034207152,4150,-1227.6633222293904,-307.764207634322,-417.52221536214074,272.4983448711644,-51.13192613989545,78.65683880060736,-47.303491578111725,13.402631825542448,3.681158401923102,-35.63554190865319,22.731767330424812,-11.318601909332369,15.695891193577397
EF_03.09.2024_20240903_221700.WAV,515.2571,2.2979824788751486,282764.553076503,24073.437447277633,0.00029752855687931255,0.6338076677307,0.003432755,4125,-1215.6469278120155,-300.4622037969375,-405.88722882658,272.57999491577107,-47.98911120722538,73.50844579266032,-47.02296071249156,9.70560720508524,5.519534306408978,-35.873343555930276,24.928352016818746,-11.129969603771674,15.841577824307596
EF_03.09.2024_20240903_221600.WAV,514.58936,2.2918428599669203,282500.8605562582,24076.257338535626,0.00029714966144855394,0.6339971744290679,0.0034286028,4127,-1212.822174597833,-298.7198777229501,-402.9313328669819,272.48479526847484,-47.325409259393524,72.25768820823735,-47.01901892348416,8.973418619854122,5.953306138078277,-35.89766979086103,25.476325086409467,-11.121887875394933,15.791950689147887
EF_03.09.2024_20240903_221800.WAV,521.4204,1.8830695098621448,280091.35639350826,24074.884813099623,0.00030633035549192605,0.6349562225587998,0.00340444,4149,-1089.9655511030408,-224.66189387767545,-290.31056710160306,252.02624238761788,-29.66737686268188,17.489117471179064,-38.785441603349206,-7.777222466787837,29.194410586757353,-31.726214968770595,31.402392402052033,-13.239240177671105,4.918407467108483
EF_03.09.2024_20240903_221900.WAV,515.4348,2.234783906227466,281717.0833471752,24069.529057562104,0.0003014985559640888,0.6337303378467481,0.0034195108,4165,-1216.3408448395055,-300.4306064506394,-406.06275094501797,272.5204580991726,-47.84797239817706,73.50905722580646,-47.06506618743812,9.754267109696414,5.406661528928172,-35.83375237639961,24.999631926973148,-11.105353671366839,15.84004930481606
EF_03.09.2024_20240903_222000.WAV,516.0911,1.9545425778702508,281478.52395038476,24071.099048237942,0.00029742300616622145,0.6335283468567705,0.003415492,4134,-1216.4432861237494,-300.4582340970969,-405.9832251906954,272.4945708645662,-47.908012220062794,73.54071231823936,-47.05831800254384,9.760222185107986,5.407944904149664,-35.82797905836547,25.00161743779247,-11.153766573032433,15.860354760223448
EF_03.09.2024_20240903_222100.WAV,514.29926,2.2856945142567264,282306.754332345,24071.82493954851,0.00029732965566866355,0.6336633711368996,0.003426541,4149,-1211.14783079182,-297.48506928003786,-401.1832086626314,272.45745248719027,-46.732125722049936,71.28768699750282,-46.90239413871693,8.389594050480783,6.259621178181438,-35.800081225359634,25.66696126056529,-11.065884406260698,15.802389359926714
EF_03.09.2024_20240903_222200.WAV,514.6914,2.295917437622114,281848.0012036116,24070.80711878454,0.00029771354047988737,0.6336872488596872,0.003419197,4137,-1210.179083144659,-296.766029819388,-400.09136569777644,272.35556279116895,-46.408318817256045,70.83942395925165,-46.99887617016312,8.132450006626943,6.51262503293609,-35.858883702881,25.826908589239938,-11.020872191993192,15.81981766851169
EF_03.09.2024_20240903_222300.WAV,514.28186,2.2574747237680657,282364.0132247173,24072.082927760555,0.0002968424691445622,0.6337422161047847,0.003427407,4144,-1215.5623159901913,-300.1761037778634,-405.70091738502566,272.5317364842912,-47.81852210601384,73.40146777032123,-46.94555241981938,9.468957563499007,5.500565756201908,-35.829810495066305,25.15052743420515,-11.137722099828363,15.618496196971494
EF_03.09.2024_20240903_222400.WAV,514.51306,2.2971607828822327,282908.5532152516,24073.908665356794,0.0002972638413094553,0.6337483976472322,0.0034338308,4154,-1227.4624351301559,-307.9437007972059,-417.6390771987325,272.69061972782436,-51.328320502320864,78.5437742878011,-47.11743608884324,13.46086753311391,3.5585887538229852,-35.546819945970135,22.826508751397878,-11.44488918430209,15.52678786957569
EF_03.09.2024_20240903_222500.WAV,514.5597,2.108878533301766,282701.472516764,24070.903419139868,0.00029778837566340013,0.6336364026428881,0.0034313828,4136,-1222.999674129743,-305.01490824342767,-413.1510247757065,272.60860401374725,-49.88482315516121,76.67575451566557,-47.17731644887017,11.953813405692387,4.314617003879186,-35.69640098212307,23.630051297648624,-11.24682982320533,15.68846347152734
EF_03.09.2024_20240903_222600.WAV,515.54004,2.1268649585521477,282745.1040781269,24071.50679009034,0.0002984791673377412,0.633709126671683,0.0034325789,4165,-1151.8674147097236,-262.12355542847945,-346.4951665757568,266.80607579405125,-35.77647865136621,44.850772658063086,-44.769414699764994,-3.3420560754914934,17.363323938199652,-34.32842210378747,32.38503108474565,-11.564451852907535,11.823692323214129
EF_03.09.2024_20240903_222700.WAV,513.79675,2.2986757613479996,281823.7622445254,24070.55862315484,0.00029877953473773764,0.6336752493949361,0.003420236,4176,-1212.9492521199772,-298.55526087617665,-402.7894430090044,272.36249300691975,-47.138183775278144,72.09962052436296,-47.05016118597139,9.037042551930348,5.9244265362953605,-35.80269666415135,25.366108061843274,-11.136376421283684,15.870466583827035
EF_03.09.2024_20240903_222800.WAV,514.6135,2.2952337194062973,282760.066422782,24070.737465147104,0.00029689394325219267,0.6337270652654524,0.0034326946,4119,-1223.0629907028172,-305.0143272088191,-413.1596148719236,272.6833488199378,-49.867459281954055,76.58015860953263,-47.051536557977535,11.89121749600895,4.234797998918845,-35.62001649600912,23.565856447432967,-11.1843430622064,15.743815325272934
EF_03.09.2024_20240903_222900.WAV,514.7169,2.298556910485255,282847.3565464017,24072.15246174576,0.0002994618428395164,0.633742640328286,0.0034330452,4138,-1221.4341047793905,-304.1228824042866,-411.6909529447233,272.6394062471394,-49.544461187371304,76.0165394636849,-47.110570531504365,11.570216870830349,4.53432580522652,-35.846125904019615,23.954944763810573,-11.233087999900205,15.709355587730858
EF_03.09.2024_20240903_223000.WAV,514.38184,2.2979694289036465,281688.6618269965,24072.42769657697,0.00029973829329770494,0.6336626438966116,0.0034196884,4171,-1225.8477392886223,-306.4790636967351,-415.33225274280016,272.5271530616367,-50.58304269866914,77.72870027666917,-47.229878564248125,12.691659080414162,3.961368650716431,-35.59302733248234,23.160282413569234,-11.325377481833613,15.64581558807195
EF_03.09.2024_20240903_223100.WAV,514.8685,2.2894864027928996,281950.5016336137,24071.897518876864,0.00029823838918967077,0.633714096146984,0.0034231704,4126,-1196.1201653324426,-288.0563794751784,-386.62308111609804,271.6176827077453,-43.27160103064998,64.53979371311871,-46.50788419202101,4.496395008747958,8.905285852382091,-35.6912019447454,28.085963222348777,-11.03225506418585,15.257054988196924
EF_03.09.2024_20240903_223300.WAV,514.4435,2.1775314980756137,281887.5977215381,24072.980821602072,0.00029761758263178697,0.633686461016042,0.0034230144,4147,-1168.457710602422,-271.4158197147478,-360.7441208214705,269.0538090698816,-38.17612897423934,51.94024700402104,-45.47554258819018,-1.0910746380765763,14.266559137014996,-34.938656201357205,31.156990968021546,-11.14823563583451,13.372527584556817
EF_03.09.2024_20240903_223200.WAV,514.06213,2.2923530574093105,281573.6314777772,24069.126392496277,0.0002975366246101303,0.6336856125690393,0.0034177697,4140,-1220.2351649338111,-302.8392172741737,-409.8415241407526,272.49797126422897,-48.826754953648575,75.20532055790606,-47.163672839377,10.831497011753585,4.822282926156473,-35.64882103958757,24.342970937496162,-11.228589241986167,15.589371545942528
EF_03.09.2024_20240903_223400.WAV,514.417,2.0786109032647766,281869.60790424224,24068.27952043437,0.0002992471442484872,0.6335963438236937,0.0034212524,4129,-1222.3475802407036,-304.20032539219,-412.2100504393605,272.4995957005565,-49.46057525087111,76.21016020434448,-47.06921259810725,11.491630694688698,4.415959045357108,-35.64521439855499,23.87337153250681,-11.224743252561439,15.702205255856338
EF_03.09.2024_20240903_223500.WAV,515.44257,2.2611586964309245,281991.1126534787,24069.17091085097,0.0002977114256462424,0.633577981006423,0.003422102,4131,-1220.5317162316262,-303.2312401391286,-410.5109985883887,272.4865843379516,-49.06733994887001,75.56982741899935,-47.194800206534524,11.077923652899427,4.757811726614567,-35.72247536713643,24.225161352930886,-11.34152571272625,15.712903883001978
EF_03.09.2024_20240903_223600.WAV,514.61035,2.0790870212038444,283009.59489618376,24074.353044514868,0.00029650175451670027,0.6337556700501117,0.0034342338,4143,-1222.262723941867,-304.6883187888698,-412.43740346052635,272.8192403569417,-49.795913752515936,76.34361200243195,-47.10618743979743,11.67350909967709,4.4102020939308355,-35.733712504054374,23.81749405201418,-11.23921316353079,15.752880223497973
EF_03.09.2024_20240903_223700.WAV,514.6497,1.6074509034384665,282695.3490975319,24073.397785111163,0.00029720063514887275,0.6337925168913677,0.0034314143,4115,-1223.050361857235,-305.071326174006,-413.13432197296964,272.63891286275094,-49.93511472184949,76.74222706605285,-47.14461655413884,11.846606732062636,4.293296520715645,-35.61424780648024,23.614602922249194,-11.252318212227904,15.708179957127783
EF_03.09.2024_20240903_223800.WAV,513.5661,2.2862389248337505,282634.24142519303,24071.268339210917,0.0002979260449658102,0.633535982879794,0.003429421,4154,-1222.8162688359728,-304.96180072966007,-412.98663542688104,272.6368945686489,-49.745890609213106,76.6579208161111,-47.27434151098632,11.812150362277364,4.33773026358082,-35.688371406028786,23.783083226680233,-11.210770665522226,15.617395957672102
EF_03.09.2024_20240903_223900.WAV,514.84485,2.298106128201179,281816.6420010345,24067.69088929959,0.0002972502711788991,0.6334329571723346,0.0034201618,4142,-1219.765952903998,-302.56205339067526,-409.3568291757745,272.5774589994488,-48.73593782821977,74.87143784826489,-47.17762725274384,10.911050484569571,4.954869978895691,-35.80773752499285,24.29402988039674,-11.24601529820382,15.794071875447612
EF_03.09.2024_20240903_224000.WAV,596.1822,1.9659424575137552,283842.4293764147,24069.652807170627,0.00029749155088715305,0.6336916729047722,0.003453654,4146,-1039.9383011991586,-201.48711291538834,-256.6672778275625,239.75137786684277,-27.846925564881754,0.9366343537263717,-32.621250942333965,-6.898605045913628,35.36235075384898,-31.60263319850003,27.041643331605233,-13.234409348599412,1.5263529429949696
EF_03.09.2024_20240903_224100.WAV,514.65027,2.295967367479874,281594.9194975264,24070.115490058557,0.00029783692992525475,0.6336197367196227,0.0034178263,4150,-1221.3578938525375,-303.49850500820764,-410.81325327471365,272.5930929882184,-49.20220290767677,75.68107998865831,-47.186700254010155,11.248807817659078,4.657489483730441,-35.815175192624956,24.173137279233906,-11.271408969643572,15.79134139176002
EF_03.09.2024_20240903_224200.WAV,513.84216,2.299425905783989,282057.0258931953,24073.43797467902,0.00029745024089091604,0.6336391903973253,0.003423285,4127,-1218.2877018511322,-301.74325022839946,-407.93298198791496,272.7075363090714,-48.54088890633713,74.27718649588846,-47.04151067909108,10.284566195179114,5.317872040491949,-35.79188090883427,24.473461746917287,-11.122478837333112,15.735712329315513
EF_03.09.2024_20240903_224300.WAV,514.2047,1.8096013932648827,281866.06125516095,24067.920480154615,0.0002997375673692411,0.6334592590294155,0.0034214198,4138,-1191.1244117715594,-284.9778680236877,-381.88726396276917,271.2736633461192,-42.10759493999585,62.16295813748152,-46.427296697215716,3.478978932965852,9.820918500548917,-35.7213467997276,28.799035628879455,-10.96806381703693,15.045235304113847
EF_03.09.2024_20240903_224400.WAV,514.4238,2.2886765401506675,282632.534713803,24070.017952123497,0.00029778730336171356,0.6337074297776778,0.00343042,4124,-1210.8514039651113,-297.4454100026438,-401.15920114196837,272.4579438886419,-46.63977178618022,71.25722043579644,-46.965075436893954,8.39194640483576,6.258236094197549,-35.865052503092095,25.781526987757967,-10.988403174672428,15.681140990065861
EF_03.09.2024_20240903_224500.WAV,514.61707,2.2975983626149006,282799.2855107133,24071.422820712032,0.00029744309154960887,0.6337274288855964,0.0034329433,4128,-1222.4830653263084,-304.79322371304966,-412.68789723849295,272.6793226417984,-49.75671097790407,76.47362762059782,-47.20816090064057,11.795932774817931,4.387031564501563,-35.70047521209415,23.767826874897107,-11.274077061474042,15.723080987214832
EF_03.09.2024_20240903_224600.WAV,515.52625,1.60796626609665,282805.68918838626,24073.274444217284,0.00029756935404452706,0.6336936122122068,0.0034330625,4149,-1156.8218419003838,-265.09656326237575,-350.8149382005138,267.6479940122679,-36.532648630596036,47.027039579726974,-45.04803760934162,-2.646208251627266,16.35398621301252,-34.48438755755845,32.05023432944525,-11.475380948026073,12.414535548576737
EF_03.09.2024_20240903_224700.WAV,514.4044,2.2880165121659854,281474.521487738,24072.286424313457,0.0003000030487509495,0.6337931835282984,0.0034166998,4164,-1201.1046930946557,-290.9834574077263,-390.99486673126006,271.92802674158156,-44.25761948081939,66.65702169406883,-46.73937851550277,5.700765626553631,8.018188537127093,-35.78067814022747,27.471571874573783,-11.084854876531063,15.530128945546917
EF_03.09.2024_20240903_224800.WAV,514.2234,2.2941861894966142,282562.4470914658,24074.212423214296,0.0002983693889435855,0.6337925168913677,0.0034301183,4155,-1186.8291751568522,-282.72216454209484,-378.0881273678323,271.0168512751497,-41.48078134750242,60.43448986792169,-46.2942106180177,2.5777968476283157,10.618761923101724,-35.57133122039752,29.278970216084478,-11.080977004067494,14.705416022570983
EF_03.09.2024_20240903_224900.WAV,514.46014,2.2984299597509628,283139.72764404374,24073.58082266516,0.00029720522820634167,0.633616100518183,0.0034374786,4156,-1199.1535655778403,-290.52576575858836,-390.1492701010367,271.93224826936637,-44.063207299883096,66.27067850427274,-46.706567108355,5.402298340246098,8.180897640101344,-35.67810483264417,27.504819207128573,-11.017349626092884,15.48704442227259
EF_03.09.2024_20240903_225000.WAV,514.1934,2.1132866747989953,282437.0209515391,24070.90671447829,0.00029680718939977056,0.6334875607972881,0.003428832,4146,-1176.9773364455118,-276.74379802699355,-368.7907691422328,270.15950898372654,-39.64267748935329,55.79248342981876,-45.865479939000345,0.6183255921825173,12.464000021989815,-35.264549133416935,30.361437784198472,-11.071689768696455,14.1352170519921
EF_03.09.2024_20240903_225100.WAV,515.1539,2.249562446956649,282977.2619702967,24072.40446793042,0.00029764541743586525,0.6336765826687973,0.0034364315,4145,-1183.680721173514,-280.86470348202545,-375.1508057473399,270.95332486644463,-40.87414838060309,58.84959167523976,-46.126483406735794,1.8917675070471516,11.172368444131457,-35.470455134926844,29.690659564686953,-10.980269048686049,14.528108978872524
EF_03.09.2024_20240903_225300.WAV,689.6808,1.6327919614650446,287787.8946714052,24067.031402000077,0.0002973723316925766,0.633685006535466,0.003530723,4149,-947.4357209689309,-157.66724877224132,-195.5580496264488,206.55554692985677,-26.547972154877055,-22.815781927287826,-16.80309259170864,-1.2745958372699342,38.05143718562534,-32.83738549632232,15.812731970525116,-7.574142059934899,-1.2145651930796457
EF_03.09.2024_20240903_225200.WAV,666.30237,1.8505535418103305,288859.9159451164,24058.669003567153,0.00029816813285727875,0.6335111355032891,0.0035487856,4143,-989.769266864539,-176.906905282671,-222.93057786220663,222.2922448017893,-26.676103351379325,-13.207792026005427,-24.27125392787908,-4.243316735255716,38.20586201194376,-32.13054810025343,20.889352292097904,-11.094265482707094,-0.38844071477590675
EF_03.09.2024_20240903_225500.WAV,525.2007,2.302585092994046,283579.73239708605,24057.681783399777,0.0002992315386179685,0.6334628346274979,0.0034411575,4143,-1213.644244001407,-299.18171115896547,-405.7322996044843,271.89393141306317,-47.335427882545716,73.21845482383874,-46.83308649528069,9.244586773295273,5.732816623985037,-35.805362330386174,25.066129944261107,-11.283373749584774,15.846466178986622
EF_03.09.2024_20240903_225400.WAV,659.0093,1.5075752321077687,286107.06625638495,24065.207639831533,0.0002961005224119336,0.6337218533767222,0.003484268,4114,-1016.5496253167652,-190.24161783044931,-240.9879166059187,232.23099780310193,-27.18699195854701,-5.944001312776466,-29.04066456670794,-5.864888540127893,37.13141172752277,-31.689357263898458,24.292354519887066,-12.577694286751392,0.42749339213616394
EF_03.09.2024_20240903_225600.WAV,567.5515,1.5687011137597993,285583.12744665885,24046.655772888535,0.00029938460097802123,0.6331092746408402,0.0034683887,4164,-1158.0669744265379,-266.27411253199585,-355.42739881550904,267.03520869834097,-36.30266217214541,49.08931036340936,-45.01322997690711,-2.502851490995979,15.606161676107309,-34.59148746779418,31.91355723794249,-11.545648592427495,12.598842384261562
EF_03.09.2024_20240903_225700.WAV,526.59686,2.2277448020299087,284604.7896190122,24051.78916650987,0.00030066653128616203,0.6332596315703736,0.0034551183,4140,-1174.640727968811,-275.81508566442744,-369.7488895088146,269.02528778214986,-39.09511343704646,56.283874400683416,-45.686465135788524,0.33890428117653654,12.52903697703448,-35.40945872229331,30.401624848360594,-11.108645839308327,14.079842599691657
EF_03.09.2024_20240903_225900.WAV,523.9874,2.178118134807096,283731.22068173334,24056.308010852164,0.0003015743681519701,0.6333470822149994,0.0034449813,4124,-1153.764795515352,-263.2978792018609,-349.60755675623847,266.7984473039214,-35.71531487607838,46.18702059131909,-44.820951890335415,-3.2115213284096735,16.83046660390374,-34.335965581886725,32.17406428454323,-11.540188795236114,12.060559283287947
EF_03.09.2024_20240903_225800.WAV,531.77905,2.083283588505894,284038.4922427195,24054.90718465707,0.0003000881144082821,0.6332510864969902,0.0034474304,4128,-1193.0833761873403,-286.76294523587495,-386.60395385130647,270.6714230032182,-42.72712065795475,64.43677722454069,-46.216480794529204,4.121077908095276,9.065802721439582,-35.77410833936036,28.256772490584478,-11.105530083810121,15.191179792451392
EF_03.09.2024_20240903_230000.WAV,517.1368,2.2598408781560106,283580.27644405904,24068.389846596117,0.0002975273015036792,0.6335630119771627,0.003441064,4139,-1199.3486857772584,-290.7242218487431,-391.07076793528466,271.73510063770595,-44.09992429929506,66.61449256574959,-46.671591417022114,5.539365051454654,8.1720840112444,-35.74040839110002,27.311777462819144,-11.011319000411133,15.530907443880926
EF_03.09.2024_20240903_230100.WAV,537.16785,1.63284148120467,284053.56492833816,24065.55257287782,0.0002973485474376777,0.6335494974284783,0.0034475396,4140,-1188.4887876665305,-284.12441430341806,-381.1271253560679,271.02075789649774,-41.86097733715327,61.74210743886188,-46.30627424884734,3.099151714170696,10.179486666306143,-35.62923602971722,28.798312249219013,-11.103770452147065,15.079037603678575
EF_03.09.2024_20240903_230200.WAV,518.1469,2.2704808012272726,283131.01482148096,24061.692683538633,0.0002983691102299089,0.6334911969987278,0.0034349712,4160,-1212.6179267444786,-298.50619535216623,-404.0108142130122,272.09099326366845,-46.98624761946821,72.48486390617879,-46.9315221059513,8.86611247116755,5.942915074406458,-35.79778270545029,25.389181116085304,-11.190650982563591,15.773594141220629
EF_03.09.2024_20240903_230300.WAV,517.9871,2.0780722831163296,283777.1964172838,24063.8407601934,0.00029698045183684823,0.6334785915004034,0.003444909,4145,-1168.402244965302,-272.024502013979,-362.373223197013,269.0089813413337,-38.1196561871378,52.551348408100814,-45.58898395328636,-0.8103722373414719,14.041382387505648,-35.016541996854,31.012542868029556,-11.241662016630656,13.542637772326103
EF_03.09.2024_20240903_230400.WAV,518.9968,2.241555676898294,283495.47001684195,24064.437494381582,0.00029697258035657194,0.6332978116854909,0.003440775,4119,-1210.9575881889002,-297.68066763063666,-402.2961427471336,272.2460301574788,-46.76021135209604,71.69718450083477,-46.91584166924774,8.554005670910035,6.258934635902934,-35.90009607518422,25.595882504729374,-11.189443497689966,15.807457295585637
EF_03.09.2024_20240903_230500.WAV,519.0071,2.184234551833664,284281.795542229,24062.876065525823,0.000296558820101854,0.6335936772759712,0.0034524077,4147,-1202.774946923482,-292.89485862310164,-394.81001793550905,272.0178316918041,-44.835331018125665,68.14620722022593,-46.62402419064421,6.423658367602596,7.401471107664078,-35.806766138459956,26.914538894442142,-10.991844393844874,15.553076780720449
EF_03.09.2024_20240903_230700.WAV,517.5197,2.292771055512979,283854.6943500641,24064.94370915047,0.00029614050379301877,0.6335124687771503,0.0034467285,4141,-1213.1975174541587,-299.2465779354128,-404.54229924575895,272.3983372571952,-47.35134717243496,72.67376842218682,-46.912750535127735,9.25276678814416,5.727636198196884,-35.85204646990582,25.190561944041622,-11.088045094665945,15.824866356459323
EF_03.09.2024_20240903_230600.WAV,520.7375,2.2030930543293916,282676.06092751405,24065.52101383287,0.00029693933526474264,0.6335650118879546,0.0034314508,4152,-1196.0975648158958,-288.1996538047609,-387.30385127972374,271.5916001744515,-43.15155421074541,64.69997766068123,-46.470220287137614,4.476977273466664,8.869159552504666,-35.73700949486359,27.976490501753965,-10.931582280205081,15.39064658746141
EF_03.09.2024_20240903_230800.WAV,530.5231,2.143353307868046,285041.5276395315,24060.590931943654,0.0002969989166559144,0.6335021056030471,0.0034643316,4138,-1116.8666558430914,-242.7753622635764,-318.10194656500835,260.4489231476634,-31.70439516679827,30.405863005975274,-42.28317919504572,-6.857103824580719,23.98989471330228,-32.75988536127075,32.841736525271166,-12.558745933151512,8.185946519123066
EF_03.09.2024_20240903_230900.WAV,518.7607,2.294346662792776,283961.3349760122,24060.809838712667,0.00029911410145614444,0.6333429005833436,0.003444819,4109,-1212.5584361305544,-298.78489351108783,-404.6796162866959,272.0156205207351,-47.14740642201602,72.77607513204948,-46.87627851498116,8.945657865516523,5.952896320558009,-35.76831090195298,25.207472382148623,-11.19642847001729,15.662087120838326
EF_03.09.2024_20240903_231100.WAV,523.40845,2.2395456910329306,284501.20244856965,24058.950205836518,0.00030031156567009496,0.6335230137613256,0.0034564305,4152,-1121.1147874163228,-244.99027520503066,-321.82587997957137,260.9803814239307,-32.07919038865006,32.40460112605668,-42.453400616494896,-6.537899881126606,22.88090818749778,-33.00816196962021,33.05976751853364,-12.401737598683575,8.62470047776686
EF_03.09.2024_20240903_231000.WAV,519.74194,2.26920767903442,283393.26752304006,24061.944598047296,0.0003013641270086871,0.6334922272558025,0.003439046,4157,-1211.0808286334063,-297.62636829728234,-402.7287785527765,271.9995320888263,-46.769391636108644,71.9275628873702,-46.765140920863324,8.505091144227839,6.115169591171376,-35.864680952872305,25.67188808263296,-11.22891575488019,15.75397820541307
EF_03.09.2024_20240903_231300.WAV,520.7655,2.2632915795113155,283267.3198457361,24061.984408687025,0.00030027791347779585,0.633639857034256,0.0034373188,4170,-1219.6253514434159,-302.9094434898127,-411.40011716031375,271.90160547321,-49.08351403704705,75.84826353026311,-46.908939828445575,11.061049426295746,4.81909680124963,-35.64768425709396,23.97222530845925,-11.484245710385988,15.668358836281456
EF_03.09.2024_20240903_231200.WAV,521.5688,2.2734213926581717,284994.8975114407,24052.512247877392,0.00029961859964472225,0.6333778687205225,0.0034591742,4141,-1203.630063070097,-293.57080633169005,-397.3454982697246,271.3128364961374,-45.036846589741494,69.37080071064949,-46.54572802470601,6.819953160883255,7.079408206467809,-35.72895343327417,26.515502499568125,-11.21217275402804,15.588002276011322
EF_03.09.2024_20240903_231400.WAV,517.7285,2.278624122433375,283081.92253221985,24067.599486436393,0.0002978316457690248,0.633601010282208,0.0034354741,4154,-1221.8650306208592,-304.30198939787516,-412.92251259338735,272.280529405202,-49.67802752954657,76.550765897427,-46.93277582329503,11.58504607840196,4.400732874224457,-35.70781171750487,23.826730756164768,-11.355551379742094,15.66164900632286
EF_03.09.2024_20240903_231500.WAV,519.0294,1.7463632376222646,284053.7622706284,24064.946601425534,0.0002978141173054011,0.6335493156184063,0.0034477636,4143,-1199.9850149373158,-291.20565460713317,-392.4203852520956,271.5262036570507,-44.35373332472668,67.2235573867273,-46.50777605117791,5.803687777553491,7.886207986725416,-35.71420995287937,27.111139282292054,-11.130003638005714,15.619461973851063
EF_03.09.2024_20240903_231600.WAV,520.75995,2.2775169192080806,283860.3582996825,24061.40950055032,0.0002994239093439832,0.6335068326649187,0.0034435112,4143,-1216.9912220466015,-301.6487762990372,-408.9458189764922,272.02699794034305,-48.37740337446447,74.86052911363223,-47.0265717460182,10.424072899945344,5.103982045292247,-35.84928028224375,24.447005839872503,-11.20560141262615,15.788839787050254
EF_03.09.2024_20240903_231700.WAV,521.5132,2.2333736054990165,284042.66149434197,24058.361353719883,0.0002990727522470094,0.6335084689555666,0.0034479045,4138,-1217.2120947063509,-301.63088086885097,-409.5917179861552,271.825538549163,-48.47039357520795,75.02367312432747,-46.82304219259082,10.505587700082996,5.005599822021367,-35.8519269527206,24.413970074081558,-11.279519600555757,15.749561927806104
EF_03.09.2024_20240903_231900.WAV,519.42474,2.1179666598740083,284035.6034118621,24059.786902249358,0.0002990715824838216,0.6334921666524451,0.0034477175,4126,-1201.025551289371,-291.7399593334696,-393.47075450989854,271.60525739358263,-44.380597220358304,67.58000958298078,-46.649171878680015,6.004746930278794,7.805632694778854,-35.70156378696276,27.044700178578363,-11.183286263184634,15.518152055741723
EF_03.09.2024_20240903_231800.WAV,521.8608,2.2728465136139566,284006.44902743667,24054.28374419941,0.0002983296397925292,0.6333802322514583,0.0034477722,4143,-1205.474607740923,-294.3540311262748,-398.0055401754991,271.6126041434645,-45.32895066054531,69.60152902824315,-46.67722882858668,7.244981861081565,6.9496699924791505,-35.75513786349837,26.268786533401315,-11.2742649552352,15.820792287236795
EF_03.09.2024_20240903_232100.WAV,527.4866,2.0216551538148906,285582.9555299759,24046.23276412311,0.0003011952808846218,0.6331332129669852,0.0034643407,4146,-1182.0001209442876,-280.54485213709034,-377.70366148933823,269.69124515796807,-40.372246757251965,60.033053028582685,-46.00680436885656,1.8149945989445,11.013234273808107,-35.48642873669397,29.45207188884758,-11.217804893853131,14.69948545768684
EF_03.09.2024_20240903_232000.WAV,523.4177,2.254069513921495,284140.2497758377,24054.15863313008,0.00030018661177635356,0.6331336977938439,0.003449025,4124,-1215.6734146635486,-300.68030425196633,-408.09158420887314,271.8600402937966,-47.91583173967147,74.17670357219785,-46.870885704792485,10.0812790202575,5.3094418127822305,-35.7378125137484,24.571410239846564,-11.27288528453162,15.702871703242042
EF_03.09.2024_20240903_232200.WAV,523.1103,2.2540187110546346,284896.1199013391,24050.779811735058,0.00030050711277565783,0.6334003525660916,0.003457359,4148,-1207.3715836729393,-295.697318858243,-400.80994113998327,271.5266101640162,-45.850821140484875,70.81179984921224,-46.72543160429892,7.839055759006096,6.7087378534087385,-35.85121915440085,25.927663337094742,-11.358431775763636,15.751029018393364
EF_03.09.2024_20240903_232300.WAV,593.28436,1.4131104395451863,285204.55736601003,24057.69795203901,0.00029884733292258764,0.6335755568721299,0.0034655086,4111,-1116.7341690557696,-242.74322831909333,-318.4856544610457,260.2095849658887,-31.604651297853508,30.680352893535655,-42.308378096113614,-6.8396926044495725,23.880377236960623,-32.88613588256737,32.98245717568158,-12.55608660129784,8.118509902665846
EF_03.09.2024_20240903_232400.WAV,516.67694,2.2860251023042935,283663.15803271026,24065.567633822866,0.0002994173734234276,0.6336387055704666,0.003441126,4130,-1215.6100882305716,-300.69717491095076,-407.5695228223274,271.98820354606744,-48.132134397111955,74.25121408289873,-46.77595377716908,9.865115468847634,5.286747125468823,-35.75398269002652,24.69966644683594,-11.367655654716843,15.865670546201589
EF_03.09.2024_20240903_232500.WAV,522.44666,2.279218152974732,285227.9136228115,24047.9649379619,0.0002988790321716806,0.6330700036652911,0.0034606108,4141,-1200.8593528666643,-291.8997274772665,-395.20055622210657,271.0433404302743,-44.28597146412567,68.3736459067131,-46.55115468985919,6.096161816730839,7.597639311947059,-35.7764616398717,26.91923457617974,-11.20930323831444,15.56107573520963
EF_03.09.2024_20240903_232600.WAV,521.4149,2.248871475938963,284510.50782348047,24059.47185279974,0.000298734401409394,0.6335996164049894,0.003453306,4130,-1177.8173532787864,-277.8377455732314,-372.05288273535393,269.7498235758946,-39.768106928473834,57.4269269528169,-45.9287335611779,0.8461692092073884,12.110156784470627,-35.33377599277126,29.999981111613767,-11.142142259932417,14.294529438801836
EF_03.09.2024_20240903_232700.WAV,522.6384,1.9515248687758422,284415.37712048093,24060.27531713592,0.00029732325348253775,0.6335146504980141,0.0034527632,4140,-1202.8447378247083,-292.9499894982181,-395.51002764687786,271.64750579944075,-44.930357699730486,68.48730039151022,-46.56949492201936,6.5978523252581684,7.348902344050381,-35.718241347306275,26.736066480749454,-11.294507816629748,15.673101135810452
EF_03.09.2024_20240903_232800.WAV,531.2499,1.8338720033984677,285305.2890960257,24054.294506965824,0.0002993926068810918,0.6333398098121199,0.0034618003,4149,-1157.9288424146716,-266.388005173839,-354.6351802147853,267.37210532320313,-36.43563779413591,48.78127122723931,-45.17499512263165,-2.43103917281169,15.806874664228166,-34.5807783583851,31.770330111893028,-11.528502656677807,12.72405138360965
EF_03.09.2024_20240903_232900.WAV,520.3512,2.2704620443713153,284192.68787165964,24057.5245628531,0.00029789883092078346,0.6334086552260457,0.0034503906,4129,-1151.9683880036678,-262.55963643414077,-348.32478534443385,266.52004581158945,-35.5469359223798,45.72175473632318,-44.91623906261219,-3.3385791817423853,17.182532503769842,-34.27828720076181,32.156260670270704,-11.633862061473534,12.02135698885097
EF_03.09.2024_20240903_233000.WAV,520.5146,2.2465058577904404,284195.47965493496,24060.878745114598,0.00029876210810872385,0.6335184685095259,0.0034491294,4148,-1203.0849926874125,-292.9451808495696,-395.43935308829657,271.7905593032848,-44.89092130575251,68.4546781378378,-46.68063376637095,6.513489256377886,7.5740569478516955,-35.897897981303466,26.801536584130407,-11.20301535030125,15.576378142986414
EF_03.09.2024_20240903_233100.WAV,518.1262,2.2581637917035198,283982.5532198485,24063.897934785222,0.0002982236058020431,0.63346028928649,0.003446596,4147,-1220.2329516088303,-303.68340969971496,-411.95394437810637,272.25147329436123,-49.256638015281276,76.09751821323407,-47.019643695160646,11.308774722316121,4.515942195102387,-35.61280129168656,23.968321725882884,-11.385270342250283,15.700305789549152
EF_03.09.2024_20240903_233200.WAV,523.1057,1.8043757387653239,283506.75465286436,24062.71783639065,0.0002996130156239522,0.6335653755080985,0.0034407969,4122,-1136.564917349367,-253.41256598283232,-334.3367347404939,264.0005047444033,-33.72294989637104,38.64861009708664,-43.68445684071474,-5.218508425259935,20.246552838628183,-33.65990704244737,32.83299571992925,-12.071035925973172,10.362537832257521
EF_03.09.2024_20240903_233300.WAV,519.0447,2.2300117851186148,283655.21987862163,24065.212799290468,0.0002994263529330399,0.6336771280990133,0.0034402797,4130,-1217.877666502502,-302.10699069592886,-409.7850107415325,272.02868571920305,-48.69091044964398,75.24877800895005,-46.908004521566234,10.537711600223952,4.9415161213599,-35.67283628983684,24.335590214945505,-11.4953889890078,15.899358238030644
EF_03.09.2024_20240903_233400.WAV,519.6401,2.2151441438423123,284054.8183970659,24065.516642200328,0.00029774259273889517,0.6336273121392888,0.0034469971,4123,-1205.9923166862202,-294.88484740703086,-398.1454488853507,271.8233155965605,-45.76531663091668,69.96444579322376,-46.69292367095242,7.330883631814347,6.903231306792443,-35.937121464431065,26.29494708093968,-11.091294596076965,15.756298235134059
EF_03.09.2024_20240903_233500.WAV,520.1732,2.2345174242043875,282779.542351553,24058.387278077455,0.0002993001843887329,0.6335196805766724,0.0034322534,4152,-1219.7077562149962,-302.698201928581,-411.08911599933725,272.0039961610877,-48.82686912050609,75.63902359885907,-46.95352607698488,10.933388597367625,4.81938464349224,-35.75658929209246,24.164021443651617,-11.379383059028278,15.708849347274272
EF_03.09.2024_20240903_233600.WAV,518.22034,2.2426288787078374,282530.54560947604,24064.22109699386,0.00029817479307880435,0.6336496747781433,0.0034294315,4157,-1218.242678602653,-301.77019920616044,-409.0505247561599,272.2259099344606,-48.50814104030001,74.7599974441807,-46.911228966633715,10.446450650580585,5.075546193097782,-35.735832690329936,24.39558793152716,-11.392685818653236,15.859576946965683
EF_03.09.2024_20240903_233700.WAV,520.46875,2.124734566784046,283159.5231966163,24062.314833354627,0.0003004077807491363,0.6334812580481258,0.0034369125,4137,-1214.6295997413083,-299.80079499676094,-405.9759220423584,272.1083391716424,-47.621451334625405,73.3813927051526,-46.89524408393816,9.585919416845705,5.4970717581270305,-35.781870421616325,24.998705269258476,-11.229959433313338,15.824858612184144
EF_03.09.2024_20240903_233800.WAV,519.1195,2.205235337548914,283261.6794565666,24062.75620330146,0.00029996514709687246,0.6336248880049956,0.0034369153,4141,-1210.9023269272884,-297.54613840921087,-402.6456842700898,271.9209079958007,-46.73371020014233,71.8809932379761,-46.73627144924416,8.462902484690353,6.101851407757648,-35.71113432977796,25.639104520969667,-11.303446033295565,15.599166518061717
EF_03.09.2024_20240903_233900.WAV,527.9803,2.0034895606161034,284747.9559960208,24059.031884576016,0.0002985711254801743,0.6334098066898349,0.0034628958,4112,-1109.736057014028,-238.55925461875702,-312.2044102793085,258.5966533852671,-31.078414050351856,27.53087985709434,-41.41737420675878,-7.261045450562136,25.12013188521276,-32.60983167304528,32.769094514081075,-12.724398647719218,7.437702979731068
EF_03.09.2024_20240903_234000.WAV,518.9745,2.277213248734098,284165.2854953239,24063.66683218946,0.0002991670519735366,0.6335137414476543,0.0034489876,4111,-1220.4925821586644,-303.93398251745145,-412.64092529357305,272.0367660657826,-49.423182974932416,76.45677661189754,-46.912826512422086,11.439780205092578,4.369421647613438,-35.59626945897693,23.81663862591274,-11.326124927683122,15.700508763052346
EF_03.09.2024_20240903_234100.WAV,522.41516,2.1640898564108686,284980.3363480642,24060.02447591808,0.0002994879164728346,0.6335142868778701,0.0034605383,4151,-1126.4089642175936,-248.19339143385966,-326.67737436838473,262.1166929907452,-32.6348824068816,34.90373793583199,-43.039900375482745,-6.149286613901444,21.983918976137485,-33.24002932608289,32.94026921925767,-12.271490321696227,9.338963291443527
EF_03.09.2024_20240903_234300.WAV,530.59973,2.20288369315822,287789.6212151843,24029.809292377377,0.00030180862229222034,0.6327157770417029,0.0034912238,4142,-1199.5243577146866,-291.68657298952,-397.3878638979606,269.95681612288683,-44.232419087364065,69.34920301885863,-46.24457204054639,6.172834906756288,7.504014769970275,-35.85051304088271,26.69607218965721,-11.420390835206003,15.569460516892603
EF_03.09.2024_20240903_234200.WAV,559.2261,1.5831593141795,286691.4583572192,24042.03086346873,0.0003013711726805246,0.6330572163568946,0.0034804584,4142,-1186.028491575518,-283.2451305767737,-382.5521772967066,269.73950523981745,-41.31087066170155,62.35256632799068,-46.10073669820594,2.8169018327312743,10.108983273963283,-35.46417214759777,28.831445752453067,-11.358501034113948,14.947933630103925
EF_03.09.2024_20240903_234400.WAV,529.4613,2.108172132641278,287020.34294923756,24025.407643928338,0.0003036481652683223,0.63282316619089,0.0034808854,4140,-1201.7121095282037,-292.6518215365777,-399.62502901088317,269.72632809901575,-44.65010885181838,70.30909618282338,-46.071237743247636,6.668940680105167,7.053964802270383,-35.84339437148175,26.44342041584858,-11.537112984378554,15.550273613575088
EF_03.09.2024_20240903_234500.WAV,538.5945,1.6372602456413885,287896.6573648035,24018.738961547802,0.000303148092636858,0.6324705758579496,0.0034981177,4154,-1122.9563323386992,-246.61715002798312,-328.3212937680474,260.3133911947935,-31.348740958852954,35.45989734279321,-42.62505014439764,-6.715988976169546,21.702776842846042,-33.16691706461505,33.128003852443136,-12.459082298959526,9.34291338643468
EF_03.09.2024_20240903_234600.WAV,527.99097,1.6984924281442777,287192.6694231764,24030.09439415534,0.0003021697859473084,0.6326819603683133,0.0034846633,4145,-1193.1866368318795,-287.62112119474153,-391.1922884526652,269.437586084315,-42.845856180448905,66.50002548800626,-45.77586068428344,4.554069133329741,8.38252898348323,-35.872029828306154,27.689191697233753,-11.182295713265479,15.296540995071663
EF_03.09.2024_20240903_234700.WAV,529.8131,0.9317066007264374,286533.55353108584,24038.724285957232,0.00030263162195656544,0.6331427276940859,0.0034763392,4153,-1200.2510060088778,-291.83179575100695,-396.9386778039799,270.0839403754904,-44.53459020571193,69.29471870468848,-46.06574802355236,6.273661114116794,7.228749267463601,-35.86953617875845,26.820904478751284,-11.382280008843177,15.64087300093941
EF_03.09.2024_20240903_234800.WAV,526.58374,1.7607355580294797,285758.83012065943,24040.552583411918,0.00030292435349241225,0.6331293343521162,0.0034669193,4143,-1148.8387594125527,-260.9595637647139,-348.5933760681988,265.1170212686596,-34.94044645154942,45.86555359640087,-44.31228987117438,-3.840251637466942,17.149731541720822,-34.47307074677085,32.43108636068269,-11.72744975945564,11.999522063451218
EF_03.09.2024_20240903_234900.WAV,532.3386,1.4186109171026404e-304,286649.3034226192,24037.517608083414,0.0003025090879240825,0.6329569784038724,0.003477896,4144,-1216.2994932669399,-301.8545265406954,-412.5411486838558,270.60493765427725,-48.57068127005796,76.29611217209055,-46.498503535197365,10.901714090059029,4.691048456966442,-35.88068696428235,24.025509904656722,-11.427899861001533,15.763277606095787
EF_03.09.2024_20240903_235000.WAV,526.7042,2.226127591913416,286505.46413150145,24034.773768593674,0.00030176015026171766,0.6330552164461027,0.0034742553,4142,-1202.9456012732026,-293.4651161348446,-399.6989956462934,270.188589938353,-44.9978655790561,70.41339513631624,-46.14388502630227,6.970849106122842,6.792050321404071,-35.85741294548852,26.33608684544561,-11.369127724164429,15.640460411382834
EF_03.09.2024_20240903_235100.WAV,699.0875,1.3220372166020804,564681.2406140225,23788.092908822848,0.0003456557784674249,0.627070634909861,0.0074930647,4131,-838.7806473113474,-124.25257365462113,-168.15040324993745,171.51423989123413,-16.957521231820515,-29.29507237434004,-6.008264015734581,0.25145460189175933,30.84581146759241,-30.69809418199385,10.640302294024123,0.5893376310562046,-3.9445816528833006
EF_03.09.2024_20240903_235300.WAV,619.4484,1.7470680456187722,9654.348671979442,23460.46435186347,0.00021663118103679786,0.60175,0.008823187,64,-1039.281824550363,-231.88778315396567,-326.7628190838912,271.4465046364656,-18.09181753075019,-0.7611650117507074,-34.823957331524554,0.6225903800024396,29.278380463391063,-39.6273262453189,32.05025716058031,-9.908352267055959,2.941461977326753
EF_03.09.2024_20240903_235200.WAV,599.7728,1.3887436870626066,1968015.1469569153,23341.79305649716,0.005814712299073863,0.6119422794231724,0.025955705,4085,-753.9340640892835,-137.0220770392772,-216.4064283204886,175.878143607248,-6.769399089039371,-14.142452856746255,-11.84986260576431,-4.059718001276523,27.8248952151269,-30.460234025497893,14.928790370551086,-0.8426381811281859,-3.204409680629509
