filename,ACI,ADI,Bio_Energy,Spectral_Centroid_Mean,Spectral_Flatness_Mean,ZCR_Mean,RMS_Mean,Event_Count,MFCC_1,MFCC_2,MFCC_3,MFCC_4,MFCC_5,MFCC_6,MFCC_7,MFCC_8,MFCC_9,MFCC_10,MFCC_11,MFCC_12,MFCC_13
EF_03.09.2024_20240903_203741.WAV,729.4337,0.6365141682948128,88628.03568853691,10770.351434706487,0.002744478871314146,0.6243063144245825,0.008411041,2072,-849.3534969362149,-156.16869948799697,-297.52435348070503,116.35569366533316,-41.89846828746962,94.70278798262103,-9.293700847698839,-20.378462115129825,0.545108245311952,-24.47703468600924,30.062937711575547,-18.355453962576174,11.69612407262867
EF_03.09.2024_20240903_203800.WAV,700.40295,1.820461808163613,250557.57112799995,10688.69306734342,0.003385105164413771,0.6207945478723405,0.0059410906,8245,-819.2871304494852,-101.94812112079028,-191.68080088108013,96.97550077396488,-13.67122509811242,52.086243151157234,-9.944203653578153,-34.12635672382898,12.952754566814942,-16.6523184482495,26.951061486326605,-6.320794483447505,-2.922235288225054
EF_03.09.2024_20240903_203900.WAV,711.9053,1.7713972678457868,124894.85329942308,10714.839595390797,0.0031706019305322588,0.6219118808178191,0.002891512,8223,-934.2235629475553,-140.96501853621717,-270.39231507001796,112.4734880191914,-27.996098919319387,86.24740687318092,-10.317809496063333,-26.36422295622995,6.94402929994127,-27.918644736085014,26.924688398060358,-12.467271303306436,8.718876388231287
EF_03.09.2024_20240903_204000.WAV,536.55096,1.1161259318691135,107146.6167548737,10700.189042858587,0.0032096314245622388,0.6208320780003325,0.0023176994,8240,-1113.2748434965586,-222.44485661258562,-459.89236715466893,95.04431384807597,-121.35234503347442,133.3674139453556,-32.89833615033577,31.127241817454635,2.7163506013649035,1.9636456366087918,19.418097959207817,-12.541911718346425,3.0592684499606295
EF_03.09.2024_20240903_204100.WAV,534.1882,1.096120197429911,106822.2335432181,10703.537242672197,0.003187169052196696,0.6215102175448803,0.0023162344,8200,-1076.2521348656765,-202.83721083657463,-412.9120642692745,104.523123434927,-90.92790952783801,128.50412817803982,-19.871963814888932,17.231242885828394,5.027781798789244,-12.519676594757211,19.51789421737481,-20.581630717733145,4.838183553607168
EF_03.09.2024_20240903_204200.WAV,529.77704,1.3368140438311058,106619.75168468157,10703.123918047799,0.003184277380378343,0.6215058022357048,0.0023057964,8225,-1121.7025478024777,-226.79590472012185,-468.85472138960785,93.30617160283833,-127.06019391797213,134.18533939168438,-35.6304794155308,33.68330830593891,1.78716554970622,4.436667797372894,19.147361191437124,-10.725371830172051,2.576606733470319
EF_03.09.2024_20240903_204300.WAV,519.24744,1.7334725779283984,106093.22673660281,10699.870557429334,0.003185326297085958,0.621173095703125,0.002293152,8230,-1127.9944613706828,-229.67407169694553,-475.72916832686957,91.49554703262658,-131.72996157139534,134.56197229310348,-38.09059119140808,35.28310107603898,0.8504727019300803,6.728689227397769,18.796873408537326,-9.017139595720083,2.86106917163238
EF_03.09.2024_20240903_204400.WAV,519.6573,1.7341503689855349,106026.13135429601,10703.020703841154,0.003190670499503221,0.621539306640625,0.0022923297,8221,-1126.8680577567065,-229.15647270295761,-474.05896851363,91.9741096624513,-130.67362002263246,134.4511242436769,-37.348265195867135,35.08671789299963,0.9449875066804926,6.068943457204748,18.987088823594263,-9.404706292437762,2.551682003690433
EF_03.09.2024_20240903_204500.WAV,522.2714,1.8110123742975124,106029.1396041196,10699.021372566327,0.003192145859225342,0.6206761136968085,0.0022915516,8239,-1121.0133967541494,-225.92403716159194,-466.85389025366277,93.59087415019482,-125.47803092995296,134.2082497912999,-34.953102151590706,33.087350342295665,1.900801501320811,4.049925494510287,18.86689000112896,-11.282835550513463,2.9380940854585247
EF_03.09.2024_20240903_204600.WAV,514.7328,1.8661949085777156,106284.97939059488,10702.976146258952,0.0031707548197308557,0.6211180342004654,0.0023013826,8235,-1124.972791830962,-228.3627873783692,-471.8671979400246,92.60823115494776,-128.8193763552814,134.56072239394283,-36.54675146632949,34.58420468505758,1.6078942925927702,5.282810520664282,18.73647748849506,-10.075727592611583,2.4336456836918794
EF_03.09.2024_20240903_204700.WAV,519.3666,1.793455057595403,106188.4095610943,10707.661198169795,0.003176298032659145,0.6217603318234708,0.0023005435,8261,-1122.9197219810076,-227.17389588099095,-469.00305362443885,93.2941456786987,-127.26771525930008,134.40543286841674,-35.48236523132471,33.8131284324078,1.7420645679638338,4.706299818082704,18.87535250066771,-10.818692312361417,2.6248152383048726
EF_03.09.2024_20240903_204800.WAV,515.3027,1.8052095430452595,106153.69440385255,10704.853747119034,0.0031742813945842435,0.6216889077044548,0.0022972124,8240,-1127.360410437622,-229.4741438492646,-474.7770643049308,91.9836573988715,-131.11380729068597,134.58141848043402,-37.42212055672044,35.17226636928899,1.0674949861504153,6.064682703157608,18.730282364683838,-9.186467612949652,2.664829559070712
EF_03.09.2024_20240903_204900.WAV,518.0237,1.8832826185942564,105954.13868981559,10701.76955227805,0.0031897316146926205,0.6213228266289894,0.0022922517,8210,-1128.5086255451483,-229.9223477265275,-475.9663045107692,91.39417746542803,-131.94885605017498,134.54580912201564,-38.138290775928766,35.688510852173344,0.8557185299579123,6.7093369969322145,18.775692316728417,-9.026782066789213,2.5830394533474035
EF_03.09.2024_20240903_205000.WAV,516.2698,1.925521429775636,106098.36692698694,10700.327726352147,0.003188289639772311,0.6210155730551862,0.0022953898,8279,-1121.4689276322035,-226.2826145022961,-467.39921990802486,93.41008669543898,-125.82216505230987,134.20890758768144,-35.2273213438473,33.51730227045448,1.8777660427926934,4.247600596268846,18.722644814202063,-11.277673765176374,2.7902382130290673
EF_03.09.2024_20240903_205100.WAV,518.9303,1.004321314093269,106628.70257132094,10706.792864615645,0.003172109289392643,0.6219151273686835,0.0023119575,8229,-1110.2083703095946,-220.71197964844347,-453.8754482254723,96.81662292983788,-116.69398620083504,133.56675252668495,-30.409948485860752,29.75436589078029,3.087952897879529,-0.4550677690756921,19.089680207725557,-13.999710721822659,2.8372943057255107
EF_03.09.2024_20240903_205200.WAV,522.0832,1.940116606811561,107191.7554827081,10706.089445298863,0.0031731263968250694,0.6215163210605054,0.0023282599,8291,-1103.2365660673624,-217.27000966710204,-446.2676705178832,98.4765652987215,-111.76196853049845,132.8095486438622,-28.15821953076051,27.53950308380143,3.6682547414447866,-2.781949256360151,19.148454260586213,-15.640406804952427,3.231627721663693
EF_03.09.2024_20240903_205300.WAV,525.0405,1.4471276437276817,106980.16347953997,10705.433117660206,0.003162918311157099,0.6214807388630319,0.002323307,8222,-1084.7619356980865,-207.3349594889908,-423.1196539147076,103.13419158852568,-96.82130779471773,129.93918866051584,-21.941243136200214,20.44738852788122,5.062628242560058,-9.72215758321736,19.050600429829846,-19.51207920189058,4.02556239174141
EF_03.09.2024_20240903_205400.WAV,522.9103,1.9459101490553132,106624.29109634772,10702.629939982513,0.003177261429329373,0.6212302349983377,0.0023110206,8204,-1112.7478384986284,-221.94819921289601,-457.29481059036465,96.08530887490488,-118.87204148533534,133.40833429949618,-31.658327834669002,30.72688586399103,2.9748441047413903,0.7595530176147596,18.786392385605435,-13.320328809315392,2.6983599571801102
EF_03.09.2024_20240903_205500.WAV,516.8762,1.9095295852875662,106687.21575065592,10703.19461959432,0.00317736136582066,0.6216972188746676,0.0023101598,8233,-1119.478608003121,-225.73784107156533,-465.95745244023095,93.9641865568004,-124.87782406434847,134.14517268710486,-34.60263994459052,33.0071261967051,2.2307146437794816,3.6532534694871552,18.614985795407748,-11.507900324448405,2.51597224353281
EF_03.09.2024_20240903_205600.WAV,528.1372,0.09749011055364115,106693.3859938402,10706.482001792107,0.0031693879527285363,0.6219429178440824,0.0023107408,8203,-1116.2616940637183,-224.1199775785941,-461.6906196957682,95.18695642212063,-121.9080748194485,134.08683135424943,-32.78812408899138,31.767391855674948,2.65551562225884,2.0667321143883064,18.705508669963276,-12.442512689417999,2.59367361071418
EF_03.09.2024_20240903_205700.WAV,516.686,1.6663704235637027,106622.56189588878,10702.750594035726,0.0031691962875054526,0.6212445198221409,0.0023095766,8239,-1122.3254687476085,-227.1265451286022,-469.19558794892004,93.21702963401123,-127.02491479447089,134.21514455760163,-35.70428413693026,33.76868767610576,1.7616907660334022,4.451637357171894,18.740642647200875,-10.44750494750681,2.6016339394710823
EF_03.09.2024_20240903_205800.WAV,526.9581,9.457406114017602e-305,107487.13672889672,10701.326571457794,0.003172990163651136,0.6212919194647606,0.0023344674,8186,-1089.788247662406,-209.9893541057635,-430.63679762568,101.35225164784376,-101.69130315828859,130.9877652247916,-23.713894749753887,22.52566644560144,5.025355943380896,-7.552796993550879,19.05524605220737,-18.35501825159688,3.6439892341530484
EF_03.09.2024_20240903_205900.WAV,518.7422,1.8862014600096129,107093.45840486352,10708.225664126707,0.0031686364948730686,0.6217776034740692,0.0023234864,8218,-1114.4926562658584,-223.3694172716519,-460.1521369841124,95.48370468702122,-121.26978146380615,133.96991810971105,-32.355876856581105,31.281421511830477,2.6290142851121017,1.7289534326711316,18.822238940511674,-12.94684935648652,2.6229625950801934
EF_03.09.2024_20240903_210000.WAV,521.9486,1.9459101490553132,106530.10599578006,10704.2740873094,0.0031702615161626965,0.6215693047706117,0.0023085796,8256,-1120.756194744869,-226.20449599346549,-467.0868768083271,93.66438999938032,-125.77244906784351,134.29198078743943,-34.920561838128855,33.172668846522825,1.9690752039922148,3.8790364608321783,18.934297213116356,-11.032634791969754,2.464551391501544
EF_03.09.2024_20240903_210100.WAV,517.65,1.8826347925468971,106591.59874570358,10706.668218737395,0.00315918159694266,0.6216180030335772,0.0023089699,8250,-1113.8654708135316,-222.88903485036766,-458.27386582450185,95.92163855027344,-119.46903413513789,133.92074437175086,-31.818997276585456,31.144234959191696,2.725047178899633,0.9950546509682405,18.917195855037935,-13.211508483095901,2.707451821203853
EF_03.09.2024_20240903_210200.WAV,516.97363,1.931343108653048,106268.25214664491,10706.850860330404,0.0031628390104076766,0.6213994452293883,0.002302992,8219,-1112.337566144753,-221.52261457425186,-455.6521021139874,96.66999184466246,-117.78543751573355,133.59048722160142,-30.796511177445616,30.279063980842103,3.253256705149633,0.3070315718938739,18.862329800234498,-14.01672502404255,2.6378065771874226
EF_03.09.2024_20240903_210300.WAV,517.1053,1.9154087416588368,106371.08093853385,10700.36367712947,0.0031778341807035867,0.6212997111868351,0.0023027735,8249,-1111.9232006090983,-221.23174807935447,-455.92718347978865,96.3599562905014,-117.75228478919732,133.61148637644172,-30.767796679580382,30.210510356890147,3.2547436320102454,0.1770314459914353,18.8235786646391,-13.743957456838581,2.7101390826082588
EF_03.09.2024_20240903_210500.WAV,525.2268,1.719359094169588,107230.70158421613,10707.394742836532,0.003167112383529757,0.6214476240442154,0.0023316504,8240,-1064.13988605119,-196.76151945301663,-398.6889726039923,106.91837488146186,-82.83868310996358,126.00242706409121,-16.881158695287887,12.152057354135952,5.51207729988464,-16.167326200068064,19.28558513817952,-21.705342235885897,5.439028975303256
EF_03.09.2024_20240903_210400.WAV,517.6422,1.9314208348007234,106617.56266298436,10704.785917045441,0.00316284700170558,0.6211498503989362,0.002314524,8228,-1113.9896350429551,-222.45314420592646,-458.4463095165337,95.9396135354081,-119.63362645850589,133.69500514732695,-31.68836663875031,31.010633052976686,2.9787638235014207,0.9608717049480514,18.84021220884802,-13.21135476519944,2.6472371111731694
EF_03.09.2024_20240903_210600.WAV,519.96497,1.933403730704696,107055.41755194351,10701.824456748162,0.003161606296458824,0.6212982827044548,0.0023248312,8241,-1072.6123819572367,-200.94463454318418,-408.76622386588707,105.41653195523575,-88.08989192053876,127.81281985799467,-18.489042086659886,15.388225637506382,5.293789751998547,-13.769510266489624,19.08528781541275,-20.974020531209014,4.791217107214766
EF_03.09.2024_20240903_210700.WAV,521.76355,1.9372260846552611,107278.64333967866,10701.052932033803,0.00319184651807158,0.6212625706449468,0.0023251092,8230,-1122.462462925199,-227.3726400333708,-471.34472737141226,92.54558398370384,-129.21596967247447,133.6386418239517,-36.93714013219965,33.880349186035865,1.376095195733875,5.350220505466124,18.528942919235288,-9.802032232957368,2.3700415959731393
EF_03.09.2024_20240903_210800.WAV,527.359,1.9459101490553132,107484.87397502379,10699.801241780691,0.0031943787299922076,0.6214597012134309,0.00233009,8218,-1120.0075575012495,-226.07980919063763,-468.74153377321574,93.16838232430437,-127.40024716838622,133.35285113628044,-36.217459632313144,33.217393436999465,1.6950654666798806,4.529029209010169,18.92657375072981,-10.360274477096914,2.311051717735071
EF_03.09.2024_20240903_210900.WAV,528.9767,1.6263537476862013,107853.57405482745,10704.351827601458,0.00319703494036983,0.6218224058759974,0.0023422665,8245,-1102.2828175500256,-216.79974993542623,-447.16790165598917,97.83864281399168,-113.21516417556967,132.0601115763401,-28.556103003727447,27.58051449705671,3.9791021191245166,-2.2419955040707675,19.1711231290038,-15.208724982468757,2.67930935131738
EF_03.09.2024_20240903_211000.WAV,523.44104,1.8650850758756319,107645.46739018081,10699.72981902278,0.0031799570482785935,0.6208703873005319,0.0023382558,8246,-1115.1984208581011,-223.48187692606862,-462.84426799706523,94.5511924833559,-123.0339063695589,133.20673550848096,-33.37728087529328,31.78966880621359,2.6687063603672616,2.5197131331224587,18.844991299529124,-11.913255951499677,2.279799633123916
EF_03.09.2024_20240903_211100.WAV,526.54834,1.935745185441483,107915.84248715441,10707.536599137291,0.0031906026847668472,0.6214263266705452,0.002346093,8203,-1114.0860386415752,-223.1777197919378,-461.8023859239862,94.62674186879656,-123.38628955496237,133.10228678069595,-33.428610709244346,31.681311880023937,2.688444450902365,2.147845086127467,19.020326449585635,-12.005871611063592,2.2100622010890567
EF_03.09.2024_20240903_211200.WAV,528.75616,0.5810512787702741,107467.50285731214,10704.195947598608,0.0031860278877767156,0.6215986535904255,0.002331109,8220,-1094.8116507297048,-212.8591022828029,-436.97984538684756,100.13230220967027,-105.94557198166552,131.473938590272,-25.452993449023232,24.809544417134454,4.570715640192716,-5.6937457852025775,18.920621226011125,-17.164337428544496,3.09215509018134
EF_03.09.2024_20240903_211300.WAV,522.1768,1.7796494921452897,106983.31779251914,10698.04235345705,0.0031883509013326703,0.620771172706117,0.0023195606,8214,-1123.745324893179,-227.70408827741846,-472.2971428498247,92.43193845279797,-129.56516880666692,133.46788561850497,-37.012391640732744,34.12173675321221,1.2156669947637266,5.6374913235138395,18.640623931602757,-9.509472843038486,2.308165533540878
EF_03.09.2024_20240903_211400.WAV,522.64166,1.3987232850708597,106908.1267858329,10700.7361792924,0.0031866475256925706,0.6208751921958112,0.0023182307,8243,-1103.394043765914,-216.90449732685718,-446.4696096936121,98.10269511621917,-111.95303253321875,132.37152502127265,-28.308001578404298,27.73014091239385,4.0747090539734145,-2.597355594301666,19.002463429297332,-15.626743847624862,2.7715292403222374
EF_03.09.2024_20240903_211500.WAV,521.87036,1.4315477708363227,106738.51160173291,10701.768645718135,0.003183292537410766,0.6212499740275931,0.0023180419,8238,-1105.9706430378521,-218.05399101260093,-449.19131152055684,97.59721856988651,-113.67936210583142,132.61603376699307,-28.8287471020174,28.178008187588862,3.7210044952715244,-1.736148257662938,18.850122300655602,-14.75087377661747,2.6798280728585975
EF_03.09.2024_20240903_211600.WAV,519.5835,1.9289443097289702,106815.87929109807,10705.336930726296,0.0031665936521024073,0.621239325340758,0.0023226324,8270,-1092.153527649764,-210.92189704654945,-431.7475199001807,101.49827270315303,-102.23780345499755,131.0747174552737,-23.555712641178857,23.155643613744804,4.637727257587379,-7.410077313464574,19.004382511799953,-18.28172795642322,3.400188131866192
EF_03.09.2024_20240903_211700.WAV,517.7749,1.9413970914850942,106798.0971720333,10705.782175780954,0.003148986712784005,0.621420872465093,0.002321791,8242,-1110.9410383117818,-221.163511296857,-454.747907811604,96.79442364871062,-116.95065017887994,133.67511624739535,-30.28910091180171,29.75405161986028,3.0794440826821776,-0.237424232193619,18.784847583581296,-13.818998521481467,2.4706299720701463
EF_03.09.2024_20240903_211800.WAV,515.9901,1.9404893341759006,106514.30531303909,10706.536826168493,0.0031610500498576773,0.6217333205202793,0.002310841,8215,-1120.3397137025722,-225.88556799669487,-466.38755997911693,93.95880109069441,-125.18667230586158,134.18537503978706,-34.3635317317896,33.081299858140675,2.2268886839440287,3.3005812067411866,18.83969907830909,-11.233893021431163,2.3122671973496396
EF_03.09.2024_20240903_211900.WAV,524.0681,0.36062235660255193,106942.05251592636,10704.690199414948,0.003177399123839885,0.621323865525266,0.002321098,8231,-1117.9571186532512,-224.6613546909858,-464.43282485969706,94.50368546134533,-124.1819414203658,133.5163790928091,-34.05779034867101,32.18677053721411,2.580607732955534,3.228202731119926,18.92971576476955,-11.6499773574404,2.2399986694154514
EF_03.09.2024_20240903_212000.WAV,516.7911,1.9128628679630837,106298.40021672632,10707.136717079251,0.003165425779545193,0.6218605853141622,0.0023065049,8257,-1117.4071529684293,-224.0333116352791,-462.12337550908103,94.89591528997501,-122.49371520742685,133.96263937559277,-32.81774862650521,31.781865724106723,2.8308859675919016,2.131886210299589,18.66448798573565,-12.25903509738691,2.298807219375225
EF_03.09.2024_20240903_212100.WAV,515.19324,1.940718343251758,106290.44532358037,10701.826543322844,0.0031583999642914545,0.6215285280917553,0.0023053677,8234,-1123.3580700266082,-227.28713999341542,-469.6760463719088,93.18579249872195,-127.04462972545264,134.39263968401144,-35.43271618713967,33.59488813553525,1.8550736351324777,4.609006737792163,18.62292176966354,-10.39544375988071,2.0728280666874985
EF_03.09.2024_20240903_212200.WAV,517.60645,0.07191504975673019,106295.67637022428,10706.845206527772,0.0031498200420904216,0.6215543706366357,0.002311263,8198,-1120.9842812116874,-225.7732957179257,-466.2691796337608,94.07459379053338,-124.93836587438189,134.26151161065948,-34.02122903909867,32.67586616849709,2.3342421989546156,3.2995569556940474,18.77927736074922,-11.340087715003113,2.3629650160149027
EF_03.09.2024_20240903_212300.WAV,514.925,0.7188158047187794,106492.20531826385,10706.834909151325,0.003149860406061762,0.6216444948886303,0.0023144432,8237,-1116.9992609340234,-224.0520916920358,-461.8359132842348,95.17029588682244,-121.79649937250615,134.00532683543975,-32.55893193589772,31.751096166861853,2.802721255262473,1.855919332159024,18.7749324895816,-12.154583621074691,2.0705297558333005
EF_03.09.2024_20240903_212400.WAV,521.02386,1.9370002498439467,106499.73623046004,10705.438963448009,0.0031602140022519427,0.6218016279504655,0.0023125461,8237,-1117.9637881457702,-224.4042483119712,-463.22674734978057,94.69491509588818,-123.03950054528464,133.7729743164464,-33.331337427052404,32.13974467193482,2.588020681416219,2.273871363481816,18.794331746536944,-11.712315447253953,2.2374985002258505
EF_03.09.2024_20240903_212500.WAV,515.69586,1.94244770812355,106155.80442826104,10703.087018648406,0.003162171643597933,0.6213776284075798,0.002301607,8205,-1121.4501979518866,-226.14705746932205,-466.9851722352119,93.88871689572744,-125.36975212086809,134.07272946097643,-34.56114435208486,33.01986972553665,2.036439684658284,3.766692354448687,18.80427655022984,-10.896800374443309,2.2248571466526688
EF_03.09.2024_20240903_212600.WAV,515.91064,1.9276016599881554,106062.25756538603,10703.913872968067,0.0031665379849487277,0.6212436107878989,0.0023007544,8246,-1125.1952823180886,-228.06775930924476,-471.51460224730135,92.74518208219175,-128.7520523346333,134.13191692741762,-36.0480584419378,34.13931128808314,1.6229563553722213,5.236962640575595,18.423862711488685,-9.727819452004022,2.1324344077571435
EF_03.09.2024_20240903_212700.WAV,531.15204,1.788505763887454,106595.27183218919,10704.131559796211,0.003169242481947238,0.6217542283078458,0.0023174721,8209,-1059.5039312972647,-193.63226894415038,-392.0302328279544,107.84483442857564,-78.74731876395117,124.41333164087615,-15.6449188751811,9.814844168797963,5.612690226099788,-18.1206632394449,19.400518757439638,-21.726823074804855,5.648508842293567
EF_03.09.2024_20240903_212800.WAV,517.328,1.938081541488509,106727.34915863197,10710.860139711285,0.0031384379043271748,0.6219482421875,0.0023233232,8246,-1112.0799037270588,-221.59451629214237,-455.64397354987005,96.76941536116027,-117.6872719156672,133.60533032972836,-30.56667906817121,30.06053452420698,3.37469531550263,-0.0648636559625839,18.77508193207909,-13.68254896095629,2.3971957322602164
EF_03.09.2024_20240903_212900.WAV,519.4446,1.5997473016010768,106839.37581144596,10710.398399538688,0.0031500495056165545,0.6215676165641623,0.002322584,8223,-1116.4204794961513,-224.02584346016093,-461.57605257696844,95.31827281379432,-121.95817241811879,133.95676756212254,-32.82250727372051,31.47413666890424,2.789534312134162,1.8100175100320326,18.847678797243013,-12.167788130402148,2.2854678354055946
EF_03.09.2024_20240903_213000.WAV,519.3922,1.9357956209517182,106831.09647899237,10707.47294341395,0.0031677150860503762,0.6217170877659575,0.0023190263,8240,-1118.8146029402963,-225.33044596794062,-465.05516406139316,94.21700185896024,-124.55652907236716,133.98664646873843,-34.107791379636524,32.50867998546788,2.271059463806016,3.0542733053405615,18.822820981078078,-11.378714128390321,2.3888755642763355
EF_03.09.2024_20240903_213100.WAV,519.0619,1.9358850194134194,106944.06227892563,10704.602717524189,0.003174743061488038,0.6213413968999335,0.0023201953,8238,-1116.5859007527629,-224.07624084169694,-462.68763210029783,94.79752694394314,-122.9451020215648,133.52382586734743,-33.27762323182349,31.701818436042245,2.5812331000079514,2.6323941433660174,18.741796840532178,-11.960928365491213,2.2616313423589065
EF_03.09.2024_20240903_213200.WAV,520.5093,1.4401067234109743,106872.10725349102,10705.851192671302,0.0031761386406114144,0.6218498067652926,0.0023196938,8221,-1122.7009922523312,-227.1384463760654,-470.4122961847199,92.71574857615168,-128.61768425299215,133.73049525451668,-36.129764342468285,33.753385232460275,1.692443703568225,4.9408829330826265,18.762509705368316,-10.116620234533974,2.169099844775735
EF_03.09.2024_20240903_213300.WAV,522.2948,0.8501563210345863,107231.08088531742,10707.580353237923,0.003168871195160518,0.6213678887549867,0.002332938,8236,-1109.5254990239052,-220.44386858565335,-454.12863241249136,96.83123010804803,-117.08829395830195,132.96705736743624,-30.511364110569076,29.574176424532993,3.4614939520873103,-0.30267719533467885,19.014100528685717,-13.874006579296912,2.4433684207913635
EF_03.09.2024_20240903_213400.WAV,531.36523,1.9459101490553132,106529.07418666314,10707.722949082157,0.0031573863979664015,0.6216494296459442,0.0023181261,8258,-1077.913293668048,-203.21421302904926,-413.6702444331009,104.63267982486465,-91.19280395352348,128.75835057628666,-19.454296282648347,17.164592558248046,5.401133609707647,-12.64253064468171,18.79676348178437,-20.374756983552505,4.421549995187713
EF_03.09.2024_20240903_213500.WAV,516.05835,1.7035103806638916,106450.3027306549,10707.012209845196,0.0031563642938298715,0.6215398260887633,0.0023125007,8239,-1117.377497402974,-224.19387862982873,-462.09509429067003,95.15964376945257,-122.01023957675352,133.84585399550636,-32.76622173512172,31.79643383908999,2.7059208835038695,2.115385860226349,18.73195757335718,-12.193450743567942,2.4161265421260985
EF_03.09.2024_20240903_213600.WAV,517.23785,1.442392826494916,106348.84749041195,10706.912755601898,0.00315307737496371,0.6217582540309176,0.0023089543,8226,-1123.8666607280466,-227.51666576459314,-470.2809858653869,93.13119897632002,-127.83720917549171,133.99714552301106,-35.65287827625793,33.82379583669949,1.8456764814574633,4.721182420910257,18.616493757903214,-10.08824649698699,2.139465455114807
EF_03.09.2024_20240903_213700.WAV,515.49756,1.9398712661548223,106153.6842624091,10703.94223427887,0.00316427436770903,0.6214273655668218,0.0023043642,8221,-1124.0760512852823,-227.32806356015305,-470.16540893819086,93.19803360152645,-127.5493721597884,133.98476254388163,-35.66329717144939,33.77211535083425,1.9344364497610593,4.62705764019313,18.67654745581718,-10.357173013097658,2.2358320626675883
EF_03.09.2024_20240903_213800.WAV,518.69336,1.9207308411516832,106861.93553101293,10706.320287425213,0.003154421117632935,0.6217298142453458,0.0023215737,8222,-1104.208239772772,-217.43951441473118,-446.69130353557273,98.53336473910373,-111.6203783608904,132.80050962038177,-27.85724123751134,27.666227146226277,4.065585448947872,-2.9286315843168804,18.798567275752152,-15.724972970143451,2.6873155484154063
EF_03.09.2024_20240903_213900.WAV,521.343,1.9403060074276817,107261.99707711626,10705.899679759645,0.003155944009185432,0.6218101988447473,0.0023306955,8221,-1114.575124902976,-223.11051914050105,-460.64752877349684,95.28294092541879,-121.56786688506914,133.43028867801465,-32.36205964716898,31.128793075063854,2.8658014734134643,1.855178688964981,18.713513700021462,-12.69763365001251,2.375317879957
EF_03.09.2024_20240903_214000.WAV,524.90466,1.9274689168916768,108286.67057532807,10708.872120813674,0.0031801781552954563,0.6222175760472074,0.0023582168,8223,-1101.31365718133,-216.74730037915228,-446.4854393748346,98.14040609534247,-112.89567029744916,131.91752405761338,-28.319681920291096,27.40393689558773,3.9977117141489766,-2.450651624661182,18.97092466641128,-15.381986163189785,2.8137215063068846
EF_03.09.2024_20240903_214100.WAV,528.655,0.8666188419686848,107993.06427846939,10706.409805757628,0.00317695635677013,0.6215455400182845,0.0023515865,8211,-1108.6401561507544,-220.44521339234228,-454.9029339468074,96.23674004187998,-118.17221340163593,132.88011600707827,-30.77009047876416,29.897272635036,3.065865483210273,-0.11157732789215122,18.92450185288251,-13.387595330814456,2.6564154896923724
EF_03.09.2024_20240903_214200.WAV,525.2156,1.9372826928897813,107886.61082196336,10705.32664501298,0.0031882064989204413,0.62183837890625,0.0023442102,8211,-1117.4301622992455,-225.0278441658315,-466.15634707958634,93.60174239082728,-126.06982205624129,133.28631529447173,-34.77971339727661,32.80843350280104,2.1705305759266014,3.7560446196884585,18.973692460408557,-11.13038384993211,2.4056238748159524
EF_03.09.2024_20240903_214300.WAV,529.313,1.4951879381318696,108017.14924081939,10708.42370137564,0.0031727547031076488,0.6218713638630319,0.0023462565,8232,-1114.5683607896126,-223.8403493909971,-462.6073995149486,94.46463637690618,-123.61291850701203,133.57457167070126,-33.24700856353902,31.691220442110616,2.776659231376364,2.5805253354276645,18.483424790706177,-12.000828126639185,2.4446670917540883
EF_03.09.2024_20240903_214400.WAV,523.3946,1.9382448262967613,108040.03356004492,10703.189959958248,0.0031746540363017392,0.6209580441738697,0.0023477413,8243,-1104.4882286245147,-218.26382695661493,-450.0928278781771,97.43669165373834,-114.59902980569743,132.43031571022627,-29.187849756632197,28.432131232980595,3.847821342128777,-1.4155628475743567,18.853123596721588,-14.86537414212201,2.7668636510343503
EF_03.09.2024_20240903_214500.WAV,529.1328,1.8327622072996688,109206.736787056,10702.924133298347,0.003178953878836883,0.62139892578125,0.0023752507,8228,-1103.4198033529844,-218.90751788493213,-451.2306724653112,96.83003534622722,-115.71368332715866,132.5961499742114,-29.805227718537445,28.836625379734905,3.5376504576380277,-0.7834477748955698,18.59196693745592,-14.42408266231898,2.7153698202085947
EF_03.09.2024_20240903_214600.WAV,543.9917,1.835460921669253,110028.76317997977,10702.151085252031,0.003171295234402313,0.6215921604886968,0.0024057652,8257,-1049.8817698320274,-190.99788685852877,-386.96822933299836,108.17335728218676,-76.5827726845653,123.0820736435928,-14.947340530745592,8.099031920365194,5.9320945490055434,-18.89388840626187,19.681520804299794,-22.178901096148692,5.950730075631237
EF_03.09.2024_20240903_214700.WAV,543.4278,1.3344592447537154,111478.47781022427,10706.92430742781,0.0032211551922168955,0.6219486317736037,0.002430511,8251,-1086.0299470309512,-211.45873659437584,-435.13469843170816,99.45484580712044,-106.94060380225746,130.07899185585813,-25.77203639242148,24.898302080634824,5.018528983970729,-4.994944628329029,18.644458233888006,-17.31208989645782,3.2489677491977442
EF_03.09.2024_20240903_214800.WAV,535.49084,1.8603633536589033,110583.84931193895,10706.469124498786,0.0032187310318502332,0.6217230614195479,0.002404759,8225,-1090.2486654704571,-213.01954032494643,-438.4364473842861,99.16091372248181,-108.65858896204618,130.55244185616587,-26.527286784648233,25.598654464720656,4.509098138729805,-4.293180840569693,18.874699902127894,-16.79401573044006,3.1767609399182692
EF_03.09.2024_20240903_214900.WAV,541.52673,1.9239522062357735,111770.76911016266,10707.523139779372,0.0032310114613161942,0.6217592929271941,0.002433176,8243,-1074.4866292470967,-205.90816079806066,-421.3955612595642,102.01242004025484,-98.29877932847182,128.55499056745134,-22.527938681354673,20.690523323211366,5.6443126369138135,-8.874883755026712,18.902076871341144,-19.332982493213716,3.813134464127606
EF_03.09.2024_20240903_215000.WAV,539.7606,1.789234447915884,110863.55197029062,10705.380317584213,0.0032365302782015417,0.6213700964095744,0.0024099476,8222,-1062.133858595529,-198.8098598808347,-405.1649862712087,104.54430142115282,-88.4490284304098,126.4057320922804,-18.89377202828314,15.202954992478055,6.121464622392993,-13.562982756817409,19.385561577570694,-20.951961187523718,4.5389708782522495
EF_03.09.2024_20240903_215100.WAV,518.01587,0.5183491042247114,107318.05902843704,10710.569618176696,0.0031580393089784787,0.6218577283494016,0.0023318056,8249,-1118.011632195054,-225.47517648551985,-464.95118446699774,94.39703975050138,-124.48991136063643,133.8173325324472,-34.18030879068697,32.78236976154926,2.584204427512684,3.1053990307229684,18.65989324745319,-11.477429150467225,2.186067943301367
EF_03.09.2024_20240903_215200.WAV,527.6441,1.7681287720951577,106602.06443309289,10710.312362696279,0.003149226010412864,0.6219086342669548,0.0023210803,8216,-1091.1165564540793,-210.2122737857106,-429.67289679198495,102.06280715424722,-100.97719004995903,130.8357711445175,-23.003844610630875,22.498354709191204,4.808374311642366,-8.09612218744304,18.818617304544286,-18.432888379378436,3.607209197187471
EF_03.09.2024_20240903_215300.WAV,515.355,1.9232636486457548,106116.30197441856,10708.121496279284,0.003151303985950917,0.6216702075714761,0.0023047125,8218,-1122.7179559901156,-226.9442404020286,-467.94449043192924,93.78698350816316,-126.05625379561873,134.3880452719223,-34.87770948313606,33.4163566363425,2.1682109814276425,3.9817890413371204,18.641384160158687,-10.941485530226004,2.32052922415948
EF_03.09.2024_20240903_215400.WAV,514.3975,0.813444973263015,106078.51169681366,10706.70737127855,0.0031606931262719673,0.6216169641373005,0.002301997,8236,-1106.1461928179956,-217.8365839413627,-447.57560954022733,98.20486295924648,-112.4338968613588,132.9841476831633,-27.786927308631586,27.968786823922432,3.8660780233982437,-2.5562926989938846,18.877675524280175,-15.534751130399526,2.6708669181460336
EF_03.09.2024_20240903_215500.WAV,514.5426,1.7106610409086742,105890.88286520963,10704.484483622071,0.003159637244635927,0.6210768679355053,0.0022986098,8219,-1123.5374393423397,-227.07695447215607,-468.7146608869093,93.664261532613,-126.33264420121516,134.17879433647266,-35.02108100741876,33.6607587551914,2.0089523254388904,4.198293655031514,18.529663992009255,-10.907387201850684,2.353159953230997
EF_03.09.2024_20240903_215600.WAV,517.3367,1.8205734559985811,106367.65244830378,10709.708982153157,0.003152280004971403,0.6219590207363697,0.0023147753,8208,-1031.2664614330872,-179.23971892230406,-358.61329303203087,111.78322816814662,-61.761371069674816,116.55996922350636,-11.571677042948279,-1.5985856756277659,5.2935123799134205,-24.972276279562504,21.084275458524203,-21.892329446979748,8.24993335231104
EF_03.09.2024_20240903_215700.WAV,520.1425,1.9094935656626617,106324.29837950428,10709.230428912315,0.0031517192982102628,0.621844482421875,0.002312118,8225,-1079.1350653383756,-203.91785481811198,-414.5274495830596,104.70186967886848,-91.66335622563562,128.8384146731351,-19.715183621423236,17.56770131058329,5.3553084855376785,-12.363057939908105,18.735682935106052,-20.27240252755841,4.288615603229943
EF_03.09.2024_20240903_215800.WAV,515.3811,1.9398608952960568,106267.15065759633,10711.398331810558,0.0031401651109129063,0.6221332955867687,0.002310901,8198,-1120.0291641640858,-225.54277627892355,-464.70809783626595,94.74399200699501,-123.82276917553257,134.09982617225404,-33.405393046914654,32.4260327794128,2.4107955768573666,2.87690100238943,18.726602146284225,-11.622497560598083,2.2696146157021766
EF_03.09.2024_20240903_215900.WAV,514.0897,1.9380601735335004,106102.950111126,10711.980803141845,0.0031465479137677056,0.6218812333776595,0.0023049552,8245,-1123.6149666858832,-227.52616775909655,-468.8912425852316,93.64799433517203,-126.83475877784515,134.49673748988104,-34.855693206704416,33.578270181227566,1.9571337429410534,4.2571742003110105,18.722626420306803,-10.780848083898208,1.9646400178085888
EF_03.09.2024_20240903_220000.WAV,514.6495,1.9384110088602684,105963.81062363552,10707.712210891805,0.003149972425239113,0.6219316198470745,0.002300649,8217,-1104.4454451979527,-216.87603599049658,-444.9170719960521,98.94773546102257,-110.44132314512028,132.75976899125172,-27.324132291406382,27.237927362446545,4.19691663837446,-3.4183499221018554,18.863903216311822,-16.064703826876325,2.704007707226032
EF_03.09.2024_20240903_220100.WAV,514.3895,1.937159561608746,105870.53383539846,10709.13382582012,0.0031469843803793632,0.6215230738863032,0.0023001768,8234,-1123.0892850485286,-226.87520845277118,-467.86188510287855,93.75854999984789,-125.95076416085476,134.35487654167088,-34.73489148713965,33.42307204158658,2.2522408500693745,3.754440641568042,18.66258094203451,-10.942959567822633,2.1832504451095622
EF_03.09.2024_20240903_220200.WAV,514.64246,1.8895594109594591,105806.91199278156,10706.572744967058,0.0031446146499041682,0.6214548963181517,0.0022974808,8263,-1122.8500835403981,-226.57143460884083,-467.4941820873516,93.8926058236291,-125.53250155733174,134.39738339484077,-34.54126035408008,33.155468551936785,2.1752619055515616,3.7284771931580463,18.784452430926336,-10.911967521094972,2.264681852673754
EF_03.09.2024_20240903_220300.WAV,514.05566,1.9409527054852558,105984.11066116889,10705.259276402965,0.003140852347528493,0.621248805269282,0.0023017281,8245,-1100.8470050064725,-214.78460246091993,-440.4512648387676,99.92950610553383,-107.2749626165717,132.45691290117895,-25.637488538994155,25.454105999945888,4.312522239934032,-4.827101703189419,18.847865704649124,-16.963995904310718,3.0335829505668905
EF_03.09.2024_20240903_220400.WAV,515.1949,1.941797797093208,106355.50172298259,10711.611255378173,0.0031348380323802695,0.6222109530834441,0.0023155801,8204,-1118.7661375197597,-224.9097616617578,-463.1080578128329,95.1000281769731,-122.74114335875487,134.1136014294558,-32.86906021953936,32.10268215808431,2.6954935724295526,2.366673727874757,18.718460894378346,-12.096133670970778,2.293853967807286
EF_03.09.2024_20240903_220500.WAV,514.78,1.9412159136172202,106047.65656627167,10708.690989296107,0.0031412156990160544,0.6216733242603059,0.0023082814,8230,-1114.1973781951565,-222.03929889992145,-456.8826972532031,96.5620052689716,-118.30065988420415,133.5840381195454,-30.782149672067103,30.459312509457494,3.1201042948701474,0.46716604763299313,18.78646544538668,-13.539186376185667,2.527142596767061
EF_03.09.2024_20240903_220600.WAV,514.6166,1.9426172929094951,106006.77524218048,10706.172493851273,0.0031453476865999433,0.6214543768700133,0.0023019132,8216,-1120.922779968592,-225.69541729741982,-465.6286407034468,94.42991861732175,-124.10664388091227,134.11603843918823,-33.6279161946062,32.8236297609523,2.3747558827539406,3.059591321948502,18.796862729502962,-11.58853270012725,2.1407766577780225
EF_03.09.2024_20240903_220700.WAV,513.2643,1.8609351410360027,105927.24258471225,10705.448155035248,0.003142082651461398,0.6217637082363697,0.0023006736,8229,-1120.124712711697,-225.22480985873986,-464.40113216581904,94.65581987271297,-123.25255042702076,134.2516500742007,-33.16455471832087,32.35046613202309,2.492477449235977,2.688721121398053,18.65576072195441,-11.774808558492927,2.2172654784549106
EF_03.09.2024_20240903_220800.WAV,514.0218,1.932388157116186,105954.28315103974,10709.047007408259,0.0031419489419607406,0.6221201795212766,0.0023013202,8226,-1109.2015522557583,-219.41285166683895,-450.5787474726614,97.81276967358218,-114.00194799064018,133.41749797149387,-28.949115961990998,28.555857828680892,3.9338234861071215,-1.6795991394338434,18.665439482844082,-14.84242986670228,2.5314349888144694
EF_03.09.2024_20240903_220900.WAV,516.7908,1.5700592230814265,105973.46743362914,10710.119213573298,0.003140134577007157,0.6220669360871011,0.0023013917,8248,-1119.9590951655189,-225.50839870939913,-464.0367879716489,94.75098199620504,-123.27871286751154,134.2161835794448,-33.31113958540137,32.53216150214615,2.3707313793166973,2.6764166929510793,18.67793663498742,-11.69565807746738,2.2485221134501474
EF_03.09.2024_20240903_221000.WAV,514.9328,1.934208565385517,106146.40745798974,10713.002617321888,0.0031371968391754757,0.6219905772107712,0.002310339,8235,-1118.349410474177,-224.46904110583284,-462.15002856327334,95.35813612909163,-122.14011265645235,134.15141626477896,-32.40429819341502,31.732811400300054,2.730549702154467,1.9566962912351658,18.840143500997705,-12.265216425838506,2.2971587496746704
EF_03.09.2024_20240903_221100.WAV,554.426,1.6662214495220373,106820.49675992709,10708.679566490235,0.0031371624399482746,0.6216882583942819,0.0023297884,8241,-1065.3738727749417,-196.6220504442829,-398.7018334532331,107.30696473598007,-82.58734350611765,125.762650041739,-16.570287365014327,12.080333687604321,5.579122746921303,-16.790445038375502,19.486339094886333,-21.648623993568698,5.387917274733332
EF_03.09.2024_20240903_221300.WAV,519.911,1.9307244315854297,106738.15578703789,10714.366858595184,0.003153597997384836,0.6225230115525267,0.0023195308,8235,-1119.054619244644,-225.71622131130178,-464.7556798146285,94.19591245158365,-124.72117435938792,133.916128471623,-34.00589768668197,32.80173879592665,2.568588849843958,3.432628290398216,18.761122967626896,-11.148774294491387,2.269272790847163
EF_03.09.2024_20240903_221200.WAV,558.16394,1.493091119699074,106873.7024160538,10709.273040398786,0.0031442953327722807,0.6219978494847075,0.0023281155,8229,-1023.5739914550211,-175.28803034306736,-350.4122584062735,112.32051288169794,-58.04214754908429,114.01070024996736,-10.988688341411073,-4.522371619645563,5.540714004320747,-25.99055975314174,21.567444143589405,-21.470145006637967,8.878353707854481
EF_03.09.2024_20240903_221500.WAV,515.6671,1.9414230626806734,106088.87207005531,10709.443722286247,0.003134811603937548,0.6220240816156914,0.0023073172,8208,-1115.3853004504483,-222.670005694301,-458.5014056434457,96.03260761318326,-119.57421975000234,133.8574363993405,-31.21523011581381,30.720894708573177,3.153295148051996,0.9751773312489047,18.86545225926945,-13.208996880965497,2.2500020210966913
EF_03.09.2024_20240903_221400.WAV,519.3563,1.894294471429426,106272.41196991027,10706.678798574067,0.003163527259479378,0.6215098279587766,0.0023072034,8232,-1116.7574924711314,-223.50441114436234,-461.33882167131236,94.90981138726868,-122.20548442409411,133.40270037313138,-32.998411886835314,31.69658794870193,3.0594229880460992,2.22599014983686,19.251620382628346,-11.82678349328824,2.478998149003125
EF_03.09.2024_20240903_221700.WAV,513.963,1.9418942356053046,106022.87261804592,10709.973683163033,0.0031351392348834754,0.6219401907413564,0.002304796,8266,-1123.035518407777,-226.96209401663057,-467.95884431687267,93.92669686607783,-125.90927788993012,134.5373966529687,-34.54545461353164,33.177426881451,2.117724267994922,3.807635543269367,18.60885221318367,-10.825714462863258,2.2897063785436678
EF_03.09.2024_20240903_221600.WAV,514.13635,1.9173588953683052,105927.91980193215,10709.200170610786,0.0031442805953108928,0.6217979918134974,0.0023022313,8223,-1117.4650057765368,-223.78794679312554,-460.83312354683926,95.61845779707294,-121.04795487014836,134.01158805098092,-32.05753020316576,31.533479080112777,2.8455791536745805,1.4967362869593384,18.870575685519984,-12.703753184084169,2.3717845736218175
EF_03.09.2024_20240903_221800.WAV,513.8608,1.9183129395160616,104969.75926323622,10701.78419374896,0.0031334175565159495,0.6228070198221409,0.002281058,8230,-1099.2607598709167,-210.72131869947034,-430.73834950509513,100.91763683908042,-102.11408256407069,130.86130132418785,-23.70437060658692,23.322081910613566,4.580419833586126,-7.147027452735476,18.78307575484923,-18.057823638690966,3.2667553049842524
EF_03.09.2024_20240903_221900.WAV,515.8573,1.9365101510961813,105611.37201073793,10707.755223895389,0.0031504431049016774,0.6216496893700133,0.002291725,8194,-1125.5405814171515,-227.93513591498342,-470.425828206543,93.08037198711092,-127.72924650441806,134.75621618937947,-35.63447875353347,34.01896060522429,1.8653622174045381,4.543360456128258,18.824130072029856,-10.334407654005888,2.167102060881656
EF_03.09.2024_20240903_222000.WAV,515.6051,1.8084050755635217,105603.20331198846,10708.118204427157,0.003153205564545639,0.6218622735206117,0.0022918424,8237,-1126.2680990807514,-228.33860438956293,-471.3729971755231,92.86282024434708,-128.45621717029246,134.49135755909663,-35.96811248097832,34.25995695612391,1.7905957266728354,4.926971752659007,18.6316143989024,-9.926802397244337,2.110878601526543
EF_03.09.2024_20240903_222100.WAV,515.0753,1.9224811843885716,105729.16932747314,10708.826511336521,0.0031465901090456006,0.622092259183843,0.0022949402,8257,-1107.481222959853,-218.23758677475587,-448.1186281573215,98.29784478491383,-112.54387894415507,133.14673553712754,-28.041588607586682,27.913009474741173,3.904282148489875,-2.505106363766825,18.931229799254453,-15.439365988122402,2.5676651797975576
EF_03.09.2024_20240903_222200.WAV,515.0233,1.9330675009339564,105957.63377723124,10708.72104752983,0.0031320098114082074,0.6215430726396277,0.002305243,8227,-1120.0216531559533,-225.05957676468756,-463.9196061985609,94.82717547952447,-123.03823184221531,134.38177383474732,-33.08832277612956,32.1955769502845,2.653109550007757,2.46606352779935,18.909804738023958,-12.011452858223963,2.200421905561792
EF_03.09.2024_20240903_222300.WAV,513.6553,1.92609830315304,105915.13285150149,10711.285155336143,0.003147955404182221,0.6217961737450133,0.0023045691,8218,-1119.0735611963557,-224.80650769126925,-462.6980735680345,94.93849650292807,-122.58693898166835,134.16606247233034,-32.98408857927982,32.06928754019918,2.7093070196189775,2.5140202313322253,18.631141730244433,-12.07183201805046,2.177413618120291
EF_03.09.2024_20240903_222400.WAV,514.64685,1.9398204807288881,106096.32329932362,10708.348500665274,0.003135641806687436,0.6216869597739362,0.0023069447,8225,-1121.5743929350438,-226.04017392733522,-466.22031756943363,94.41439957861236,-124.669634294465,134.18489840788646,-33.80412115429456,32.96423908213877,2.4800326779447897,3.0926999122404135,18.698564386670995,-11.2484607632117,2.050857807438862
EF_03.09.2024_20240903_222500.WAV,514.369,1.5524907842278477,105936.60882693344,10707.939863438354,0.003152410288607861,0.6219024008892952,0.002300762,8220,-1113.034646793732,-221.43255585991608,-455.43836222846016,96.65553751328686,-117.39210536127558,133.63504310588453,-30.16553812710391,30.114764508400803,3.2991229836280795,-0.24817151288007674,18.697845775810563,-13.697242856711192,2.422421981538528
EF_03.09.2024_20240903_222600.WAV,519.27893,1.907849302690309,106342.00739508841,10711.1249160472,0.0031331258398848223,0.6220320031998006,0.0023165299,8254,-1052.4662595049958,-189.8720327468158,-382.6508087273172,109.49382596152044,-73.65712753207137,122.763102426901,-14.16223886859828,6.4769168729478706,5.634812845867402,-20.75300339419417,19.810213763808942,-22.31197721072614,6.529868894121748
EF_03.09.2024_20240903_222700.WAV,513.5298,1.9409915983125057,105784.8187570494,10708.24240906696,0.00314315407349989,0.6220221336851729,0.002295907,8233,-1121.3587144327978,-225.75381338526003,-465.6165441592193,94.47787896457845,-124.3406151939983,134.16511071072634,-33.74705478054408,32.74202718779129,2.486102903663101,3.042635765440738,18.821757051597363,-11.587329064696874,2.272059500346893
EF_03.09.2024_20240903_222800.WAV,514.4153,1.9420785967901162,106125.42825571189,10710.696891326985,0.003145533279337401,0.6216812458444149,0.002310448,8249,-1116.724116866046,-223.5009127422707,-460.2311121111382,95.6319021343983,-120.74499361712094,133.99657639889108,-31.943087816511365,31.25921503667753,3.061120378393245,1.4531512970359541,18.756386016986475,-12.615156578552195,2.3486843538348463
EF_03.09.2024_20240903_222900.WAV,514.4935,1.9420080647720939,106175.87023736679,10709.099164744759,0.003133742870778697,0.6217925376080452,0.0023105668,8237,-1117.40307897484,-223.89930140533485,-461.15274915244413,95.54704550194266,-121.25259187336574,133.9283548956103,-32.17220936863251,31.51928184408875,2.9124324805103385,1.7848640324065344,18.6875844960244,-12.610341403391436,2.283774985231618
EF_03.09.2024_20240903_223000.WAV,514.53937,1.9390464309446156,105829.47966663494,10708.306565345927,0.003139342464686658,0.6217329309341756,0.002300142,8257,-1122.797487338311,-226.391614137515,-467.3763652427985,94.04580196411702,-125.4677544137554,134.29913858501575,-34.23217067604466,33.204598801074944,2.2182256928757744,3.522647825697725,18.85827001425504,-11.265813743973847,2.119121378280308
EF_03.09.2024_20240903_223100.WAV,513.9625,1.9173868959350717,105894.65017536275,10707.301390235087,0.0031442354982955585,0.6217230614195479,0.0022997768,8215,-1104.4456831221,-216.805682343009,-444.7200325190873,99.01463757700722,-110.25798385676744,132.7584153077912,-27.12165673917052,27.017064228326443,4.201715404308047,-3.5317249623652796,18.76836775689671,-15.944776558314121,2.785535407614855
EF_03.09.2024_20240903_223200.WAV,513.6134,1.6301703281618536,105654.64422005427,10707.163363743664,0.0031510922985046575,0.6216904660488697,0.0022932843,8190,-1124.2970856025413,-227.34340158076554,-469.02108578566276,93.42314902381712,-126.69683739469548,134.48651754847032,-35.224337538417096,33.7650297848647,2.053501556510808,4.147075978967432,18.763341989523575,-10.616728300907774,2.142914111715094
EF_03.09.2024_20240903_223300.WAV,514.57654,1.8181091622599714,105913.33995351191,10708.107418632688,0.0031413311119302813,0.6217833174035904,0.0023016203,8261,-1102.1881897828478,-215.58348681997478,-441.85186321282106,99.69067412020323,-108.20134746447074,132.7732661438967,-26.12132907796926,25.974419754190816,4.340976085458766,-4.594261750362895,18.725954357888497,-16.632633395452682,2.9289220513732652
EF_03.09.2024_20240903_223400.WAV,513.98737,1.058564457902007,106028.37892193232,10712.092018224019,0.0031377387929394157,0.6218059133976064,0.002307055,8217,-1114.778532203796,-222.48848559971455,-457.4321370603378,96.29167918216639,-118.86357243909993,133.99278598379337,-31.17352748126147,30.647950175327644,3.3575908782579362,0.3915020737400217,18.85114623484141,-13.504041930420428,2.3047848665502637
EF_03.09.2024_20240903_223500.WAV,514.5693,1.9407870313226878,105969.66179917454,10709.159051207425,0.003143696248619586,0.6217929271941489,0.0023048597,8292,-1124.1229526776287,-227.5020699572248,-469.18710573629033,93.53378248120735,-126.79702293468574,134.415439880208,-35.11799226424563,33.79784355326288,1.8906292538883516,4.256511483997566,18.696678423393752,-10.601073557195509,2.12918923354539
EF_03.09.2024_20240903_223600.WAV,514.46106,1.8362056321223594,105814.52413319288,10708.455590255242,0.0031489859824957336,0.6217183863863032,0.0022974096,8236,-1124.3404783497124,-227.43895998425654,-469.3175805811949,93.51768745269978,-126.82104356898799,134.40476903654326,-35.226707219645895,33.622522003853554,2.114799325676814,4.348095412448946,18.638215948854988,-10.606749517517782,2.12567394117226
EF_03.09.2024_20240903_223700.WAV,516.32623,1.1184762636057495,105857.41585085948,10708.188036180394,0.003152686500379061,0.6218316260804522,0.0022978527,8264,-1123.7292547967158,-227.20069885275456,-468.77860952109387,93.56931821785778,-126.54953101244807,134.39488110794696,-34.995337486939775,33.676973529224476,2.1078509146127553,4.073419364976306,18.655545432758576,-10.683949051267499,2.3735989354333142
EF_03.09.2024_20240903_223800.WAV,513.037,1.939458837193483,105832.77521916998,10706.32146350916,0.003150702621013579,0.6218594165558511,0.0022972305,8253,-1121.107045444166,-225.65653836597002,-465.5645448007861,94.114402129434,-124.1764440559149,134.45044083431546,-33.85923353971052,32.76102810772005,2.5429259176152668,2.944451647383365,18.637798807788172,-11.42789255968666,2.184940482523224
EF_03.09.2024_20240903_223900.WAV,514.5145,1.941047579570706,105727.48372330405,10708.921031328242,0.00314016276811943,0.6216325475814495,0.0022980766,8214,-1122.8924231851697,-226.38921429495605,-467.06345364284266,94.10553386561796,-125.27016808536771,134.37113735704364,-34.22812506371034,33.09199251724477,2.1835269811852096,3.4105141750110035,18.890658953598173,-11.214728938080663,2.1834148892102347
EF_03.09.2024_20240903_224000.WAV,607.5846,1.9130097387738623,108580.62885987274,10711.757370396497,0.0031332067036866857,0.6217853951961436,0.0024005566,8227,-959.8563196531638,-144.64257031352304,-281.7104432168813,113.2125538021884,-31.233514755105578,90.27224559790614,-8.902110096749746,-25.136862635086036,6.810494650803509,-28.889462380444314,26.504778560484247,-14.181935566703924,9.433976651117824
EF_03.09.2024_20240903_224100.WAV,514.5265,1.9416584285284357,105551.34591770684,10710.010432397863,0.0031499568044751243,0.6219725263879654,0.0022933555,8230,-1114.5444852621665,-221.95107749250954,-456.3318876484136,96.4814856759602,-118.0562443970616,133.88720782911957,-30.55147356992173,30.32775454331413,3.2791037323264245,0.06309808388469493,18.639448487938466,-13.656915894249158,2.519576022839703
EF_03.09.2024_20240903_224200.WAV,513.876,1.9417915858583266,105597.77946232063,10704.060096769821,0.003152788033895344,0.6212893222240692,0.002290884,8266,-1124.1503125896093,-227.0501887027048,-468.87390977751147,93.59743038839558,-126.28008114993212,134.4103780303154,-34.9051790907427,33.72648327208673,2.0347181626293507,3.942060046274916,18.822038274844832,-10.807317227687502,2.2352303048465303
EF_03.09.2024_20240903_224300.WAV,514.2162,1.93893796380923,105788.28972617918,10707.835806183803,0.0031452713057495687,0.6221884869514628,0.0022964245,8258,-1111.1352911797658,-220.23344817456922,-452.78465109975417,97.28217385348778,-115.53573306785466,133.44632840289177,-29.50379260961117,29.204580264584266,3.6180426710124602,-0.8890261248883168,18.909123905114964,-14.433183326320346,2.5338993728028303
EF_03.09.2024_20240903_224400.WAV,514.36786,1.9418323000512274,105867.158054799,10705.765892503383,0.0031472063018655326,0.6212242613447473,0.0022973618,8209,-1122.423222913921,-226.4386440307583,-467.3718252251988,93.65041232845806,-125.53678237448875,134.5039740400864,-34.35300732855348,33.367138751879814,2.295879410994473,3.678526138168091,18.75941391929462,-11.42556774320591,2.2255663247675415
EF_03.09.2024_20240903_224500.WAV,513.9884,1.941048050391406,105939.76792872688,10707.516851178854,0.003140732290126489,0.6215298267121011,0.0023020657,8246,-1103.9561513754065,-216.55177104465238,-444.0862183032734,99.1283617718374,-109.7781678362493,132.8191428523085,-26.84287928326278,26.81333609157922,4.34256676105443,-3.8164284091845597,18.692701326263496,-16.13108349747395,2.6766372963469447
EF_03.09.2024_20240903_224600.WAV,515.0915,1.8557234640580362,106071.47819003151,10713.379282054511,0.0031281471503275976,0.621908244680851,0.0023091885,8222,-1117.425910870318,-223.83073849981656,-460.6466896859589,95.76991881604653,-121.04433294801817,134.0313231923246,-32.17971916664329,31.396790622937743,3.098740136483793,1.373591170856278,18.90460138540604,-12.726626768294048,2.1504563739243574
EF_03.09.2024_20240903_224700.WAV,514.90533,1.9113613446305004,105534.40426999553,10710.37544637293,0.0031446192461177325,0.6219723965259308,0.002294849,8229,-1112.7476620921786,-220.82340733806495,-453.97830166782296,96.94663126976282,-116.6448007701703,133.7361059103037,-29.922775058092082,29.690868010619795,3.307041347199277,-0.6627844856781777,19.03886086204345,-14.039490168385177,2.56134538746034
EF_03.09.2024_20240903_224800.WAV,513.692,1.9412391498446275,105922.12905810488,10708.62996126858,0.003138402041476118,0.6221662805435505,0.0023009134,8255,-1119.7478689439963,-224.92120170747557,-463.7471867054799,94.90621316265955,-122.95769012686735,134.11874536258364,-32.91977027769737,32.20457886184217,2.6661673063714657,2.3577817996803385,18.654802531637205,-12.018106409133402,2.279799038776461
EF_03.09.2024_20240903_224900.WAV,513.7777,1.9365345680994188,106062.7689129925,10710.17311382994,0.003146000628230695,0.6217504623088431,0.0023050983,8222,-1117.0971623265343,-223.84752229228354,-460.6558431882789,95.48695121481401,-120.99978393552237,134.23654578816345,-32.09035492902869,31.619798229327206,3.0408100815487473,1.4316246936546955,18.65935862955328,-12.823400844749356,2.29578394572396
EF_03.09.2024_20240903_225000.WAV,514.75665,1.667058374399551,105840.4045780541,10708.23297817302,0.003139338664726979,0.6219461643949468,0.0022978717,8269,-1121.2400143859015,-225.57111512106283,-465.58085188723624,94.45636836066325,-124.41513758678795,134.2517497745601,-33.4620779772157,32.68015360443711,2.4197182324951187,2.8699231598193866,18.85457653213865,-11.565705886324203,2.2095827302833
EF_03.09.2024_20240903_225100.WAV,514.29376,1.8735764449621182,105874.52387869662,10708.103096553938,0.0031406239428321647,0.621431910738032,0.002301778,8228,-1119.7498849693236,-224.91820132359803,-463.55945968267724,94.94949239917067,-122.72746479834085,134.2639550694365,-33.02218281690637,32.26085585344977,2.6641226839383276,2.1685426006791353,18.83450011721623,-12.020543978360097,2.3348225612674653
EF_03.09.2024_20240903_225200.WAV,773.39484,1.935808021627596,120191.63127931932,10711.572961173091,0.003119316141122549,0.622116413522274,0.002802373,8233,-953.4774902112287,-143.7310329096792,-280.56753391906426,112.80654994926036,-31.4659028813829,89.28982986662061,-9.003455508077701,-25.1668270917994,7.42503416340131,-28.546875002487152,26.50055075580701,-14.031113010439269,8.899668529298408
EF_03.09.2024_20240903_225300.WAV,719.7887,1.9395509157536437,115415.31420997714,10706.469372701888,0.0031232643083086513,0.6218000696060505,0.0026219573,8233,-981.8942408220457,-156.4960201765404,-309.11994086093085,113.59634186957624,-40.90014852382907,100.28586803849481,-9.161512446684977,-17.942394819995503,6.037712029627582,-29.10019484054241,24.859654630964812,-17.39151552023136,9.800511043766617
EF_03.09.2024_20240903_225400.WAV,641.3689,1.9364396577884317,110792.84281852652,10707.144173220071,0.003140867025936613,0.6221077127659574,0.0024492843,8249,-953.72921807794,-142.4027373086887,-277.4338174944617,112.61317717739686,-29.99388185489651,88.5793866572107,-9.094494321140198,-26.07656543186596,7.3250262450733725,-28.52418058916519,26.72944806895101,-13.956989904218114,9.084690441433183
EF_03.09.2024_20240903_225500.WAV,535.36926,0.5929533174474745,108087.46947152854,10705.285055805727,0.0031621358752698613,0.6219435671542554,0.0023554638,8246,-1065.3169253815918,-197.87931816832028,-401.6941400176044,106.22251334510926,-84.54233355105046,126.55958122976482,-17.232179061191445,13.260195524023784,5.4419389682177135,-15.578330610471424,19.1906143136168,-21.64503266949669,5.0683084147854265
EF_03.09.2024_20240903_225600.WAV,679.1751,1.9242795212974144,111159.6515462436,10705.720245874518,0.0031710846735735665,0.621474895071476,0.0024459762,8227,-979.8329889546804,-156.73065780097303,-309.1584624235134,113.2450914210172,-41.236667656126876,100.38197611721968,-9.172880080621821,-17.034748496860658,6.124019479587731,-28.801102235424775,23.93210867505908,-18.082980095701604,10.121794421974718
EF_03.09.2024_20240903_225700.WAV,530.04865,1.889033114975518,109456.92544596523,10710.45214743086,0.003164580298847344,0.6220566769863697,0.002388202,8225,-1088.3290988073813,-211.10197055169021,-432.2277510803258,101.07021888405873,-103.44896205746633,131.04086736619396,-24.281807498896377,23.284436769101493,4.844282486944936,-6.843124796705888,18.78513698319576,-18.223628069658552,3.508962828298995
EF_03.09.2024_20240903_225800.WAV,542.9358,1.899645214342434,109412.62573886622,10709.358659105987,0.00314863179628927,0.621817600980718,0.002391867,8224,-1068.9152906089348,-200.69162305387252,-408.0524642510451,105.30211183684273,-88.42159086301496,127.60837591131856,-18.4336187823549,15.495595277871832,5.476506935680021,-13.977763878865048,19.096030539951496,-21.185487480699184,4.640912855686782
EF_03.09.2024_20240903_225900.WAV,529.1991,1.885572281065668,107599.43998976277,10706.626923728716,0.0031811848567173335,0.6217465664478059,0.0023404188,8240,-1102.6429951550454,-217.1588563224931,-446.5646823019475,97.96646730118299,-112.3353287303699,132.31504220089616,-28.286535318529168,27.681893955305608,4.159491749681117,-2.3541953891699285,18.688631793032,-15.486175388555024,2.618979055002399
EF_03.09.2024_20240903_230000.WAV,518.04736,1.9338039659443238,106738.01522390466,10709.690750317572,0.0031533634721517836,0.6220491449883644,0.0023184884,8241,-1113.2742697461113,-222.22534645970134,-457.58353078319703,96.10486036683699,-119.26539334542504,133.61385360504732,-31.17877143889832,30.56249568609267,3.1040638541487735,0.5755751074668476,18.914310291205364,-13.2606229796492,2.2899054352095507
EF_03.09.2024_20240903_230100.WAV,551.21313,1.488300114299388,107576.93254280018,10705.505784924817,0.003165637368118282,0.6216803368101729,0.002344284,8209,-1036.8882193053114,-182.5071924057678,-367.4592575987868,110.64147646236394,-66.36729076679518,118.57708959697452,-12.138492506430953,1.3883419216506014,5.579404527873531,-23.4588611410502,20.620017845397395,-22.275613052516494,7.529719524593867
EF_03.09.2024_20240903_230200.WAV,521.4562,1.9367607620067102,107036.547554022,10707.255719284172,0.0031610543786499906,0.6220174586519281,0.0023254515,8242,-1108.9671611310494,-220.0861408514733,-453.04260480061873,96.71596062497873,-116.49249990340242,133.26957517715758,-30.176341178896653,29.504178245619418,3.855947374618794,-0.5917984949418662,18.83878362879399,-14.483447174549536,2.4067905949497157
EF_03.09.2024_20240903_230300.WAV,524.02734,1.8036063306336152,106994.7760736799,10710.365478854785,0.003151188783668677,0.6220575860206117,0.0023270517,8238,-1116.803590235172,-224.21406677499664,-462.6153270692413,94.98186166761728,-122.83090728105904,133.710279098872,-32.772660640188505,31.894400885710912,2.7424965737078386,2.1474433776452617,18.745224874606507,-12.156687675346657,2.2718353414285954
EF_03.09.2024_20240903_230400.WAV,525.1831,1.8280990587884078,106793.96271391322,10709.826027596298,0.00314712240654022,0.6221874480551862,0.0023227083,8221,-1108.1936660712383,-219.5455321085782,-451.2782648897553,97.54446027321173,-114.98091290643421,133.0173894865168,-29.11730939643971,28.88416315563826,3.665596003694768,-1.3835732357089092,18.667349844385782,-14.560409720297763,2.5695417368769133
EF_03.09.2024_20240903_230500.WAV,521.5123,1.8592410128852748,106875.07885812467,10712.820298529357,0.0031492335115711778,0.6220796625664894,0.0023239274,8229,-1116.3128310606023,-224.12182222753756,-461.3849392642344,95.20971182841564,-122.01336601693072,133.8902557933969,-32.71069621851624,31.75347352458819,2.6086454961840784,1.9167203953070389,18.77778321339743,-12.303814582052352,2.1925830688823105
EF_03.09.2024_20240903_230600.WAV,517.55664,1.9375481394455067,106505.08516350656,10708.826865994704,0.0031401224853415933,0.6219855125914229,0.0023177923,8214,-1077.5564857854674,-202.9611040965654,-412.7857581022674,104.82004157760406,-90.48257048199699,128.9053436061102,-19.362517027963822,16.642053583900637,5.594525214730022,-13.000117536323488,18.88039178708233,-20.638004221779333,4.305447405915156
EF_03.09.2024_20240903_230700.WAV,518.12634,1.9241354119091838,106733.84065235338,10709.983414884744,0.003147587402474805,0.6218272107712766,0.002319272,8246,-1124.852258544396,-228.43153272184307,-472.1109901144576,92.71007040006403,-129.37878793674332,134.29544779507611,-36.38846313286574,34.191741295662816,1.6555795883406854,5.240298508714674,18.56812609107503,-9.71948431438348,2.2520672203176386
EF_03.09.2024_20240903_230800.WAV,552.5477,1.606856208400222,108544.71512168767,10700.915552831382,0.003172245751441402,0.6214004841256648,0.0023725408,8254,-1057.304688783959,-193.49558859291096,-392.4828952449342,107.4121221205763,-79.02286184349663,124.5817779648922,-15.919882399630366,9.981849997621456,5.708603171777963,-17.960665799496898,19.43678567076041,-22.07747809695879,5.962175553187653
EF_03.09.2024_20240903_230900.WAV,521.22253,1.9349386236020372,107703.06105622009,10707.067836311155,0.003154634347148988,0.6216113800698139,0.0023423969,8262,-1117.040061397328,-225.05155996657265,-464.5629300192296,94.28694561939635,-124.1488899606541,133.76813087243463,-34.12683696946922,32.40323176270919,2.3971009500897513,3.0039867667459137,18.914296507395502,-11.587906707510113,2.20711677661157
EF_03.09.2024_20240903_231000.WAV,521.5641,1.8898117488957533,107364.9261572255,10709.744092579362,0.003170994044228537,0.6218708444148936,0.0023355188,8244,-1107.5901462215154,-219.75039154626708,-452.0364965803472,97.0290585491523,-115.95120820209823,133.0470245213015,-29.796860281071915,29.137673824538503,3.50228951112129,-1.0404339213003215,18.620594924658445,-14.299767735279293,2.7555792903868315
EF_03.09.2024_20240903_231100.WAV,527.4453,1.9301013188352945,108349.32394070498,10711.961763895208,0.003167560504619164,0.6223787348321144,0.0023584082,8281,-1101.0252519623498,-217.1649260466555,-446.0192339150663,98.24145002101051,-112.39880470524614,132.41546654672254,-28.108246963929943,27.446494876825618,4.035666039270555,-2.50119170129244,18.66935172252048,-15.713190619206088,2.814918446975936
EF_03.09.2024_20240903_231200.WAV,525.61694,1.923142428211381,108941.4170451558,10706.671694107079,0.0031810279363717066,0.6218153933261303,0.0023679673,8235,-1114.739192277177,-224.6712836490525,-465.0587147160565,93.67796364051809,-125.62150384147597,133.11958090805695,-34.73460692697505,32.4744844746029,2.314432097175109,3.4570847138190026,18.525764958619426,-11.252477096669569,2.6550484537327725
EF_03.09.2024_20240903_231300.WAV,523.98816,1.920992685127761,108081.25532832113,10702.663516604416,0.0031650365376175516,0.6213119182180851,0.002349919,8218,-1093.5843559443335,-212.4646437446727,-436.4578515704257,100.26103122374643,-105.40339970366541,131.31947786280116,-25.1964637987444,24.28700729500066,4.607650051303398,-5.792078155569944,18.96631548477439,-17.393312359107615,3.3527254856717534
EF_03.09.2024_20240903_231400.WAV,519.8955,1.9381340334694062,107054.31055664441,10708.52388868883,0.003152931767811278,0.6219257760555186,0.0023267716,8231,-1120.371061808051,-226.20085828648726,-467.3234045742,93.7563731807498,-126.11556935755009,133.91042200419557,-34.92170686449303,32.9920684856222,2.162717964681767,3.938793327757112,18.740105674868122,-11.146015765686899,2.502540681878379
EF_03.09.2024_20240903_231500.WAV,523.58545,1.7209300327151893,107900.5242129012,10708.960571457405,0.0031475507589137242,0.621404120262633,0.0023511155,8268,-1076.4410847759843,-203.51840342833293,-414.54446498542603,104.63559961888278,-91.82165594972076,128.5532007806718,-19.821574756833282,17.509740966960077,5.4685211678058705,-12.436136655595565,19.123822945920658,-20.577449595506042,4.27846113822193
EF_03.09.2024_20240903_231600.WAV,523.9181,1.9257559805354125,107767.1379514155,10709.283491578415,0.003167538744368151,0.6220042127244017,0.002347612,8258,-1096.9622507338902,-214.1175465230954,-439.8345235226032,99.36197172647712,-108.34947071797109,131.82345226741995,-26.149462816611624,25.605032491213297,4.541887833706481,-4.577873977007423,18.79482372572684,-16.914536805180557,3.214311187841865
EF_03.09.2024_20240903_231700.WAV,530.0577,1.6985161245315146,108345.24452088815,10708.549028833706,0.0031732416581221248,0.6215368392619681,0.002356353,8238,-1105.4911809705075,-219.1925290624193,-451.6872399866502,96.95167874242986,-116.08823880356096,132.72129945809803,-29.719975886846967,29.00427462513745,3.885920542502576,-0.9395749517800276,18.731228671263253,-14.463988658503942,2.668605223397456
EF_03.09.2024_20240903_231800.WAV,527.79565,1.9025858864904477,107925.23078117085,10705.824141020248,0.003184805342198757,0.6217220225232712,0.0023454889,8204,-1118.5466757482084,-225.59596154482827,-467.8570110073223,92.8755094255896,-127.72178177518796,133.00698240092012,-35.317411935595814,33.34721165809853,2.280903020280173,4.377016217691969,18.40763370938873,-10.610254625928645,2.662887579420092
EF_03.09.2024_20240903_231900.WAV,522.8115,1.6212420085479131,107545.47731064883,10703.577118118794,0.0031728151076518426,0.6214142495013298,0.0023344122,8243,-1121.7090928935352,-227.1522466648736,-470.781757227602,92.51275078148113,-128.68902013876433,133.64938343624698,-36.34777651833844,33.988231388010654,1.7425534893654506,4.912704418014377,18.703217062001258,-9.987232514941645,2.415856868749192
EF_03.09.2024_20240903_232000.WAV,528.7543,1.9261086121808564,108334.33997823589,10703.283200414278,0.0031847959893024523,0.6217420212765957,0.002356263,8256,-1109.5224324768596,-220.90411239512585,-457.23183371891685,95.42457376786112,-120.06612073021704,132.65988633853294,-31.8975939259764,30.333886102242328,3.2331096377298914,0.9457324319115443,18.966769161502167,-13.190422774410408,2.8765965333978754
EF_03.09.2024_20240903_232100.WAV,534.8584,1.903996098273643,109923.53150417631,10709.094627926117,0.003181808323812009,0.6217125425947473,0.0023976853,8210,-1093.7117954895389,-214.3128640902922,-440.67547718622427,98.70356895534005,-109.66134057117642,131.26163520759613,-26.82275922531893,26.314835137656075,4.493503552378279,-3.9356045306576593,18.654252116195728,-16.530184114381264,2.975845827210217
EF_03.09.2024_20240903_232200.WAV,530.6272,1.9343078146015682,109060.53707476026,10703.511084631467,0.0031768831104208952,0.6213997049534574,0.0023755273,8257,-1103.5406733769432,-218.47355456763842,-451.1950615682504,96.76217934799254,-115.8949727816348,132.23548065151613,-29.74808287308998,28.847634128692548,4.014157819166043,-1.0606214239075513,18.62687861896528,-14.370131289697142,2.769622328021526
EF_03.09.2024_20240903_232300.WAV,614.4872,1.444051302663407,110258.9184157121,10707.920292526424,0.0031638173561758134,0.6217957841589096,0.0024363275,8225,-978.2179826371055,-154.76843105891993,-304.7923538815305,113.53319001536093,-39.45736773829393,98.85261135843321,-8.922524383035654,-18.678499786979234,6.197416070027093,-29.26420941127751,24.637054867510898,-17.27955028350621,10.000643445491441
EF_03.09.2024_20240903_232400.WAV,518.5914,1.9384837012162837,107604.5359616682,10707.03634801199,0.003152845322474986,0.6215625519448138,0.0023347235,8262,-1118.9092238385751,-226.26304526769658,-466.8270715519668,93.78914767326849,-125.75743537199374,134.10662886914173,-34.435182787738256,32.84350240202362,2.0480668184239565,3.848491962132238,18.542683170224095,-10.998160185569978,2.2245443108026697
EF_03.09.2024_20240903_232500.WAV,525.3602,1.9352011878951028,109219.12510515866,10708.11735124721,0.0031837144168698366,0.6218198086353058,0.0023711442,8219,-1121.9923618479716,-229.07755849753556,-474.9125370160215,91.21936958480467,-132.71199794402622,133.53778542872195,-38.50564358290139,34.7813532539662,0.7555118743550524,6.662618224202387,18.42747672881109,-8.629413472103685,2.3866850552829013
EF_03.09.2024_20240903_232600.WAV,524.19653,1.9317104068065156,108170.81943249059,10704.095626537348,0.003175197149899322,0.6213891861286569,0.0023498721,8256,-1085.8538875145518,-208.9078781984307,-427.40728222911395,101.85868435661985,-99.84645451888258,130.26297879307123,-22.935278232676836,21.939520883242015,5.087044094857691,-8.337072066249982,18.773504811317956,-18.905013216479126,3.6425376747804012
EF_03.09.2024_20240903_232700.WAV,525.8987,1.9178748421056693,108026.87948194594,10705.222495587519,0.0031628707113672805,0.6216804666722074,0.002351884,8223,-1062.370345019774,-196.28328473361708,-398.39038043837644,106.8178404901429,-82.80083296375759,125.36734453303275,-16.64111198531114,12.149415595097645,5.695346981645189,-16.252537178983864,19.294333889755663,-21.73494671006488,5.147346172534421
EF_03.09.2024_20240903_232800.WAV,543.0152,0.987931989564175,109136.49398584048,10708.276886138448,0.003155232161710023,0.6216865701878325,0.0023976192,8253,-981.4699326652407,-156.4677665355886,-308.82926962982305,113.49220521596723,-40.90268242535853,100.27803163345679,-8.965294582481027,-17.663665443587753,6.4756286725551,-29.063628571194684,24.03173162199515,-17.876135918773937,9.693741952604514
EF_03.09.2024_20240903_232900.WAV,523.4768,1.9380415462292313,107692.72776468891,10710.41108571743,0.0031581766286720176,0.6213842513713431,0.0023440062,8246,-1097.1948910327003,-214.5380440938633,-439.74026269277243,99.62534344670917,-107.95908337469464,131.88502989125666,-26.03134337539995,25.54248590427176,4.269990588439735,-4.578627346996678,18.769135896194438,-16.666813729850546,3.037488093513875
EF_03.09.2024_20240903_233000.WAV,524.7202,1.934132081085381,107499.45114565338,10705.061053734697,0.0031777549283390346,0.621748644240359,0.0023354655,8230,-1120.3235172270897,-226.42046180365438,-468.973558487347,92.76138622973698,-127.82145077637557,133.35943726758336,-35.5466006776415,33.597166542031985,2.016014467962845,4.567142224626,18.473490255537488,-10.250465538933634,2.352222156607397
EF_03.09.2024_20240903_233100.WAV,518.516,1.9397827153392913,107232.47081244923,10709.369858022075,0.0031609819618214326,0.621994343209774,0.0023295165,8218,-1124.4910343869462,-228.7594686336071,-473.14213975518584,92.09171773499216,-130.44562066337951,134.04969956938373,-36.97067195863455,34.76411532803786,1.180727942235147,5.563909228992872,18.596883932493803,-9.245532815059697,2.325605172690456
EF_03.09.2024_20240903_233200.WAV,523.79803,1.7829282854636466,107648.0407226401,10707.76194781235,0.0031565837997435003,0.6220288865109708,0.002343947,8212,-1059.0335975357302,-194.3189819722193,-393.51025251733023,107.65285792827177,-80.02730249291209,124.72271434681507,-15.693318948208335,10.32004887933451,5.709203262655334,-17.74656031736447,19.151772507999315,-21.898556050071726,5.568017690969253
EF_03.09.2024_20240903_233300.WAV,523.30096,1.8997566580386644,107875.99673261185,10705.702170839595,0.003176617907688542,0.6216013806931516,0.002345334,8196,-1109.24766149048,-220.75564666055251,-455.5189283055075,96.06228389984221,-118.36570023912242,133.16247309095354,-30.75839725069317,29.805566461230303,3.5192179033198085,0.19055023205077837,18.72175951362685,-13.482137037614086,2.5426839009103444
EF_03.09.2024_20240903_233400.WAV,521.79504,1.9232799169850292,107729.02401124901,10711.904312816121,0.0031500716565321637,0.6221629041306516,0.002346686,8231,-1111.5925924056164,-221.97836800779646,-457.59983629550106,95.82589138508388,-119.865269145167,133.37999286934755,-31.49520969660482,30.535255399967525,3.276011074628182,0.7545483488249078,18.793253122116276,-13.188007648360156,2.4058357132675385
EF_03.09.2024_20240903_233500.WAV,521.982,1.9325648868942729,107444.38871482556,10705.71477264108,0.0031818955891425595,0.6220212246509309,0.0023362106,8219,-1112.820607309679,-222.2920589672288,-459.4121626303194,94.85791308387444,-121.31511237033162,133.13247442123435,-32.089961366987175,31.263412006185924,3.066957987952774,1.4195269269254678,18.674805149982745,-12.639163189044687,2.3365630639641157
EF_03.09.2024_20240903_233600.WAV,519.9965,1.934467235987849,106797.9842923516,10707.905772975815,0.003162093511181815,0.6216811159823803,0.002319772,8249,-1124.3632180748775,-228.02825271105735,-472.1163097436032,92.43019017693747,-129.8705137179475,133.86147183249153,-36.35051634203473,34.27067687587482,1.5736631104926664,5.327671276395144,18.73822511697215,-9.620344683093986,2.0640131298142808
EF_03.09.2024_20240903_233700.WAV,520.9164,1.9355563277322982,107185.81735304775,10708.830954594201,0.003152190888585811,0.6217847458859708,0.0023303013,8231,-1119.619412938732,-225.85656971427113,-466.6271578452371,93.82419886035164,-125.6995442862601,133.88130940205616,-34.56138856399458,32.907342583823294,2.337943028828875,3.465362459279376,18.655971314062352,-10.874562338987825,2.164245915812727
EF_03.09.2024_20240903_233800.WAV,521.9767,1.9063560588809012,107513.00985872367,10704.264651425274,0.003170193741438292,0.6216312489611038,0.0023360597,8247,-1111.0260866316262,-221.63278435143428,-457.01553099410916,95.70207146258817,-119.0902672226529,133.1509277389701,-31.331746921903502,30.516420979010054,3.1693798491797023,0.7836962938298935,18.54047057434075,-13.135810828942702,2.360315381544173
EF_03.09.2024_20240903_233900.WAV,539.6896,1.4040251234422405,108925.48163711754,10712.068414885121,0.0031429969886090457,0.6218118870511968,0.0023877905,8254,-1046.8232220834225,-188.83199111125637,-380.593004332142,109.36081148025609,-73.16530679989413,122.04253367030893,-13.887461980213862,5.962652425221196,5.715796156226879,-20.64446554130427,19.720465576315906,-22.454248824064624,6.335197817257877
EF_03.09.2024_20240903_234000.WAV,524.2771,1.8857645960158969,108032.7689164079,10709.65447620137,0.0031431019089252416,0.6217086467337101,0.0023545304,8218,-1087.3306577361259,-209.54898909361486,-427.97699561347144,101.96235670186037,-100.10014197919112,131.08414877915942,-22.83374203111516,21.818093901403994,5.016946746051798,-8.613529160197626,18.755748892270304,-18.74728846172818,3.413921967386919
EF_03.09.2024_20240903_234100.WAV,527.2063,1.8716199117310048,108751.13019595611,10708.72485474688,0.0031575078704955827,0.6220088877576463,0.0023708462,8263,-1062.297579942347,-196.8439549803696,-399.7612961710441,106.5204059661451,-83.91558213282006,125.72055229724282,-16.951023767017876,12.59291054419268,5.923757143129857,-16.043227148748414,19.200440043469296,-21.581952257015647,4.898468564908979
EF_03.09.2024_20240903_234200.WAV,563.90955,1.4714575142382385,113142.47191611156,10696.281270664604,0.0031804371660209985,0.6211658234291888,0.0024989683,8242,-993.30969801465,-164.17631188810583,-327.14600462475534,112.4189418940211,-48.27737186165555,106.54017947487257,-9.408988474729561,-11.78917626827975,5.985292092562325,-27.901478129853885,22.633246919424277,-19.901221723981866,9.156582742652086
EF_03.09.2024_20240903_234300.WAV,537.3988,1.929799827606544,113113.39735304892,10701.875611423564,0.0032127587191825816,0.6220974536652261,0.0024625245,8201,-1106.0300738997869,-223.3665754683634,-464.43566572944223,92.14013868482965,-127.22531189240325,132.03820384529894,-34.647457857226684,33.152529210937544,2.3954028045768494,3.747262299262117,17.860934001512007,-11.077478091844696,2.3979948710594705
EF_03.09.2024_20240903_234400.WAV,540.49,1.9088392951762068,113708.73719793509,10699.537676550035,0.0032543013748425526,0.6213524351728723,0.0024732226,8281,-1101.0594556492804,-220.70995884827306,-460.63083385943634,92.25137561158928,-125.86049454159716,131.06002516594515,-33.59264442989426,32.61270557654123,3.547200157677933,2.7197752020597576,17.84380145006298,-11.950417110172305,2.5773934773578495
EF_03.09.2024_20240903_234500.WAV,541.1778,1.8522469536257853,114296.20912489519,10707.337027780977,0.003224061446782497,0.6220560276761968,0.0024933927,8205,-1084.2813552978662,-212.65864836699646,-439.73654954529775,97.57428403309433,-111.33248878438171,129.9205755171765,-26.76844950963469,26.550887226980837,5.046798608148643,-3.620393234227084,18.382604290731802,-15.948834549074174,2.8705621290651417
EF_03.09.2024_20240903_234600.WAV,533.63983,1.8883764745725617,113246.68862585975,10716.065856831283,0.0031731450803080177,0.622450548537234,0.0024687874,8205,-1100.4056154011907,-221.15215755266,-456.3769587997545,95.06662938603527,-121.35896485324463,132.34618002745353,-31.754984653455775,30.857860642747372,3.317022353601026,1.2175398209799873,18.42420355586759,-12.700187184912155,2.2856242266370663
EF_03.09.2024_20240903_234700.WAV,539.2676,0.8343714263979133,112339.69733569726,10711.226750368462,0.0031880567335737554,0.6220113551363032,0.0024479115,8250,-1095.8453721726173,-217.60132147996924,-449.30248683704247,96.26165257718571,-116.64469259402401,131.61609471951257,-29.299331823027952,29.21812024091294,4.34462598951402,-1.1535597174548187,18.23629301142616,-14.165604711375957,2.5513052158812717
EF_03.09.2024_20240903_234800.WAV,537.2632,1.762725778851073,111872.6282615403,10709.26573873521,0.0031940105835186715,0.6222957529920212,0.002441704,8213,-1022.1407673002692,-178.8319725804928,-360.23566564248733,110.17639664671708,-64.67293209896266,116.32722135022252,-11.166132910057451,-0.09115955515059712,6.340750381141587,-24.369921546949037,19.979335920410016,-22.185617531987916,7.922722331744241
EF_03.09.2024_20240903_234900.WAV,537.43085,0.6365141682948128,112136.18529915714,10710.574308930769,0.0031976921828060128,0.6219139586103724,0.0024427937,8216,-1065.6766209807938,-201.3696400188664,-411.950437444992,103.30237667253216,-93.1654468192478,127.21200307503783,-19.498735071531314,17.409034954161356,6.048453812628257,-12.169762909890466,18.664683434389442,-20.047976917837868,4.317510595974178
EF_03.09.2024_20240903_235000.WAV,530.594,1.9248739008633675,112231.55619055574,10709.687162437229,0.0031901467396751736,0.6217104648021942,0.0024413231,8203,-1094.2047330989924,-216.8822408375189,-446.86668046568906,96.8883072135575,-114.64475660450802,131.81276525846164,-28.733013796651065,28.12175292523984,3.907786850885111,-1.8716933706616738,18.59784841110424,-14.642255728711607,2.7792517202285216
EF_03.09.2024_20240903_235100.WAV,692.27344,1.8416331953725897,411486.1182583144,10746.152824198576,0.002963135772482897,0.6236082685754655,0.010176672,8252,-788.5438466752963,-107.98061822005359,-197.4329053375919,97.59346974300126,-19.81681408287399,56.984539648987,-11.173465494709712,-31.519834416123,11.229444620175752,-15.449326653348837,27.684339587481464,-9.099477247266483,-2.239303385261671
EF_03.09.2024_20240903_235300.WAV,680.1661,1.8112903981598667,2689.8237328508335,10637.772881982548,0.0033514792036013637,0.605568061440678,0.0040823235,129,-1000.14070164487,-181.67842884564675,-386.492321001413,103.72838604621755,-82.80003785551635,117.02119797295033,-20.26579408611717,2.4767703344442316,5.65890350979636,-14.022375949724598,22.317542644117328,-20.036638365554982,10.433404120307834
EF_03.09.2024_20240903_235200.WAV,626.6346,1.680790191955721,1695379.0555842451,10711.974491387793,0.007266791761454758,0.6199721316073803,0.040583584,8098,-627.3922081498557,-123.50093389710638,-237.33662680518114,94.98457733294931,-36.07594317223012,71.0742595334433,-11.679160388137136,-21.49630432451973,6.7843969406422655,-12.797468720700731,29.433337389915145,-16.060859088747385,-0.844142625044343
