filename,ACI,ADI,Bio_Energy,Spectral_Centroid_Mean,Spectral_Flatness_Mean,ZCR_Mean,RMS_Mean,Event_Count,MFCC_1,MFCC_2,MFCC_3,MFCC_4,MFCC_5,MFCC_6,MFCC_7,MFCC_8,MFCC_9,MFCC_10,MFCC_11,MFCC_12,MFCC_13
EF_03.09.2024_20240903_203741.WAV,640.3739,1.9459101490553132,34873.9602228543,42250.48674621384,0.0004200663402079479,0.7216631227143635,0.0016972438,1046,-1278.1479791911902,-119.94847421426881,-49.82841601427577,163.60062874321557,-139.59730141899192,22.026969019480696,80.1017070788664,-98.66668770862576,50.03060273465547,6.562012940280815,-32.39785383473293,30.032943800869123,-19.573543217923902
EF_03.09.2024_20240903_203800.WAV,692.2416,1.9459101490553132,156281.56452254092,42256.5464730527,0.00010444507904211882,0.7217699709855027,0.0019446329,4104,-1200.0391900072514,-105.1335381980275,-40.184490029545486,141.65824813101386,-126.23794058399221,24.90452699300763,70.19130559757127,-92.99310953482448,49.70258143822239,7.011619890744754,-34.74055902297728,30.519062399160084,-15.790008257033099
EF_03.09.2024_20240903_203900.WAV,569.813,1.9459101490553132,133267.7843259627,42261.85118300045,8.75225444449777e-06,0.7214465905489978,0.001613544,4118,-1567.419846263087,-195.0210368297983,-118.37534962953576,276.85043599701294,-184.6535062164611,-1.993411902449046,109.9410920116138,-109.83651250645653,62.304231183738416,-13.427210918693872,-23.233140716277706,40.997642278883276,-38.260230481533306
EF_03.09.2024_20240903_204000.WAV,524.8078,0.6931471805599453,133127.8366884166,42264.35825544247,9.54734850584266e-06,0.7215059672200547,0.0016115921,4104,-1623.3947316672247,-210.79152322901254,-138.89275325678315,300.4634184014078,-188.04220508029712,-7.0231767303177834,110.44679626563908,-111.49557550004077,69.1471428479028,-18.143712541568355,-24.21016571598543,43.13492543319962,-39.66291895087958
EF_03.09.2024_20240903_204100.WAV,529.08936,1.9459101490553132,132466.45568167666,42262.89194069964,8.251005890800781e-06,0.7214181593742574,0.0016039213,4117,-1681.5533723916935,-227.2247590128635,-164.58717808327108,324.2871277903207,-188.78168388623428,-10.215517193025272,109.0471290771361,-115.57814477545514,77.27332872196871,-21.05942995274831,-25.11191281756328,43.62169264937629,-41.71526103875261
EF_03.09.2024_20240903_204200.WAV,519.9293,1.4148675351144004,133261.64984433568,42262.66664174813,8.116936957072732e-06,0.7214787738651668,0.0016133878,4092,-1678.821055208635,-226.82971698398964,-163.76898098800154,323.73739129918937,-188.87037332006025,-10.271227025547105,109.19775516298725,-115.34261760717587,76.93899385888415,-21.02248767023493,-25.0279953545358,43.58638392735771,-41.6417219146105
EF_03.09.2024_20240903_204300.WAV,521.8779,0.8511637101680265,132837.11637782658,42264.485196021844,8.400496048511768e-06,0.7215054256738691,0.0016084617,4135,-1683.077775496683,-227.87379671819755,-165.5370986165424,325.18607607828244,-188.8384453085453,-10.314708122130858,109.00422640919828,-115.72145697957846,77.5265308652661,-21.170106341796966,-25.053518599868354,43.582774849812445,-41.82869325326135
EF_03.09.2024_20240903_204400.WAV,519.7496,1.1418896490155288,133134.21442872137,42262.83639843582,8.167662708428497e-06,0.7215235287892141,0.001611429,4105,-1686.364495859696,-229.00600980093057,-167.46440896943093,326.7874109525566,-188.82400892795255,-10.42817496209751,108.89705043526088,-116.12484606664957,78.05364162227761,-21.268630400596617,-25.05753245373681,43.5445710417865,-42.012896135721235
EF_03.09.2024_20240903_204500.WAV,519.6527,1.1851252150011145,132813.58948452675,42263.82639212791,8.909724911207256e-06,0.7216188795997386,0.0016073646,4120,-1671.643058375577,-224.58450701726494,-160.08227405723323,320.5189282384641,-188.8683877806002,-9.88860760554157,109.3872616796549,-114.6927121320808,75.8823525604023,-20.72196350181967,-24.957458244529168,43.55653559225109,-41.2916806981164
EF_03.09.2024_20240903_204600.WAV,518.81165,1.2939319961490237,132972.21588092303,42265.13096587001,8.382138521341811e-06,0.7215468539570625,0.0016095326,4107,-1681.9951700074507,-227.65570124202486,-165.06823582026098,324.8414209515961,-188.93541778439635,-10.222072083507161,109.06863029057573,-115.67419708845814,77.38246978570238,-21.153291921334322,-24.992064993065203,43.58032106104333,-41.81791791939457
EF_03.09.2024_20240903_204700.WAV,520.0147,1.434667131226211,132944.26789845427,42263.87152922546,8.369724211931527e-06,0.7214791220020003,0.0016095467,4137,-1680.741058409116,-227.27812549850142,-164.59403569601605,324.3770868183284,-188.81714309995795,-10.28036654139409,109.0560324101335,-115.4832623594914,77.22729434859193,-21.133228830497217,-25.02096504061612,43.60804712604897,-41.76051417476171
EF_03.09.2024_20240903_204800.WAV,519.5076,1.4688392183703816,133376.4577118647,42265.7211524221,9.062533902183898e-06,0.7216115300443635,0.0016142793,4097,-1679.7194791145155,-227.12349102470372,-164.19118013997232,324.13330780537746,-188.94225224098477,-10.210876658202912,109.13602390110194,-115.46880976318339,77.14597146617363,-21.134804103542805,-25.010457776805694,43.65084563887277,-41.75840484668215
EF_03.09.2024_20240903_204900.WAV,518.5443,1.5166825497353784,132970.9173645488,42262.787559424854,8.067683341921684e-06,0.7215676261214647,0.0016092052,4115,-1669.872046365203,-224.12820195944954,-159.2922067745338,319.87676664114485,-188.8985610582825,-9.857519163678337,109.48916553288016,-114.54578937558146,75.62784670025252,-20.65155972697223,-24.976502127023195,43.60044328789704,-41.19510259706728
EF_03.09.2024_20240903_205000.WAV,519.38116,1.5638981175867066,132973.8169656137,42262.02538366748,8.274676903953099e-06,0.7214738612676266,0.0016096282,4109,-1682.111341113629,-227.64952671585536,-165.20257635061046,324.87361456053884,-188.82223754254653,-10.286779050164094,109.03724268712882,-115.67565286010274,77.41156057464616,-21.11303388448398,-25.049375178680677,43.58339641400051,-41.83198301871733
EF_03.09.2024_20240903_205100.WAV,519.4404,1.3296613488547582,133481.30486904192,42265.518446629714,8.338081159575663e-06,0.7216000802107264,0.0016165704,4090,-1575.5107574106482,-197.31632701967868,-120.62257202265937,280.3148070869803,-185.66950947822437,-2.8319153243989983,110.3535519615009,-109.93872740908455,63.114499510878815,-14.262630962885368,-23.298529480696885,41.47008904047836,-38.52604616948746
EF_03.09.2024_20240903_205200.WAV,522.0886,1.530995667466581,133647.23453581153,42262.46613079323,8.572537344582682e-06,0.7214548297873921,0.0016184192,4104,-1665.068215338791,-222.95078414065705,-157.37541445211167,318.168352421555,-188.89678927742293,-9.617604211812397,109.59073014120086,-114.26197150941395,75.10826028749959,-20.481459055885065,-24.983937381614233,43.6490034946842,-41.03119098126065
EF_03.09.2024_20240903_205300.WAV,521.6166,1.581189564578122,133597.66499415593,42264.964317212754,8.197298554472546e-06,0.72156031524796,0.0016173945,4081,-1681.7478345045895,-227.74906392719302,-165.20605380411467,324.9961570813571,-188.9764742080555,-10.250079522678798,109.1231840840002,-115.75942872301336,77.45025049251429,-21.140347856011896,-25.0638496979147,43.64216637968398,-41.85904483829435
EF_03.09.2024_20240903_205400.WAV,521.77356,1.9459101490553132,132883.99536894006,42262.21976880587,8.876113780983368e-06,0.7214976119360492,0.0016086233,4116,-1681.8920465863,-227.59445494074157,-165.1740516203711,324.824522400614,-188.79287209287818,-10.316794687335431,109.06389473431314,-115.64878109297852,77.3457235595288,-21.07840929880412,-25.041232724045855,43.55803876783898,-41.79600915671568
EF_03.09.2024_20240903_205500.WAV,520.5226,1.4601683912640562,133238.10967143212,42265.58085152589,8.378489460417941e-06,0.7215804298205656,0.0016127139,4116,-1686.631119744278,-229.10838192389173,-167.62827716303303,326.9255173254743,-188.83760221151766,-10.402072939538979,108.8676087828546,-116.1826797288928,78.13270905298333,-21.284547889326912,-25.059130983706673,43.53116246428059,-42.03191708250992
EF_03.09.2024_20240903_205600.WAV,522.24536,1.9459101490553132,133469.81179385347,42264.47507484218,8.429894266943898e-06,0.7214973024810861,0.0016161216,4117,-1675.3359830969841,-225.85693148206659,-162.10788253262174,322.29586866312576,-188.93153214366356,-9.974654946686353,109.23506045497017,-115.14934841412408,76.58031214006715,-20.896613843353713,-25.047284221982668,43.5952343396228,-41.4777246716374
EF_03.09.2024_20240903_205700.WAV,518.4545,9.457406114017602e-305,133139.31807901346,42265.58203530557,8.308648487356727e-06,0.7216008925300047,0.0016118434,4104,-1676.142636575797,-226.01249599810663,-162.35815965248406,322.49951190375975,-188.9334878158782,-9.985395016292477,109.2285305534927,-115.17683937567449,76.59829678805598,-20.93806567619707,-24.95022770672779,43.57081173946782,-41.570339344073616
EF_03.09.2024_20240903_205800.WAV,522.21967,1.9459101490553132,133438.97373569428,42264.95079515921,8.65658735042522e-06,0.7215947807944822,0.001615617,4101,-1664.2799904749334,-222.65404923495007,-156.97400564162217,317.7383959815903,-188.84641744773873,-9.543491760897078,109.58486073899462,-114.1948690186867,74.97121448506748,-20.433749492658137,-24.93665020390696,43.60968656893735,-41.01649529280787
EF_03.09.2024_20240903_205900.WAV,520.3576,1.5291913914557251,133772.68258186147,42264.88566789963,8.097443820284054e-06,0.7215019056236631,0.0016198487,4138,-1686.0162764824854,-229.09088891101015,-167.6881305845004,326.90936567157075,-188.7796855283073,-10.400770621147515,108.84449664835398,-116.20718239388016,78.16869860529576,-21.278218353093436,-25.104275486550165,43.58396929824203,-42.04970656282121
EF_03.09.2024_20240903_210000.WAV,519.94403,1.9459101490553132,133548.06489479585,42264.41323470224,8.141116129182124e-06,0.721585265054365,0.0016174174,4108,-1679.0337292975182,-227.0033520464688,-164.11011702646553,323.99201842578594,-188.84980923019418,-10.268473581101444,109.16175815954966,-115.42580270125819,77.05233655259617,-21.064858700203963,-25.01811606929388,43.627948844025525,-41.74828271944067
EF_03.09.2024_20240903_210100.WAV,520.7605,1.4777913588585974,133684.30398935705,42263.00001762162,9.682871882554022e-06,0.7215012867137368,0.001619243,4124,-1675.4895132799697,-226.02511938566855,-162.54532298360465,322.5704808532192,-188.83520740126787,-10.05214841256098,109.22784630229054,-115.20392894619499,76.63092045043409,-20.890080818566314,-25.052358026468955,43.61905000564113,-41.53318311314422
EF_03.09.2024_20240903_210200.WAV,518.39923,1.5542125353786942,133420.5090902295,42261.65240317381,8.46574832304177e-06,0.721429763935376,0.0016158194,4133,-1670.3180801954118,-224.32788901751337,-159.6228375436372,320.1876885000733,-188.93217928251244,-9.89735341375849,109.5310392947153,-114.64942283557477,75.70759684809732,-20.655237509377507,-24.978529040012127,43.63252272323627,-41.29911197572093
EF_03.09.2024_20240903_210300.WAV,518.44446,1.6498207024338412,133516.0155430215,42263.595980470185,9.204461738259673e-06,0.7215547063767528,0.0016159898,4119,-1681.533877591535,-227.71944949753313,-165.34434412164586,325.0002735289951,-188.8185808656888,-10.327589605634929,109.05005488320259,-115.67494670264034,77.42496334258908,-21.15130596795499,-25.032503158097242,43.625624574127386,-41.86081455583281
EF_03.09.2024_20240903_210400.WAV,520.8985,1.7214755603427359,133497.88055569777,42262.03879636791,8.450293952801884e-06,0.721450613463519,0.0016166,4115,-1670.3635262341345,-224.41414351051768,-159.76952360648932,320.265275701371,-188.92748722270773,-9.818934487064663,109.4734314096041,-114.74925712046301,75.81810426288219,-20.62768036610325,-25.051420043419878,43.62354363272742,-41.23681972131651
EF_03.09.2024_20240903_210500.WAV,523.8973,1.3834512358896232,133695.64505112157,42264.560737288644,8.99866296402688e-06,0.721496025979363,0.0016188408,4088,-1682.2634203787636,-227.99090236361707,-165.7300678841405,325.35734688004254,-188.87444619525385,-10.30090584567805,109.01818887391445,-115.78219325738868,77.57109850899131,-21.19346746242669,-25.03334330698164,43.59178806919112,-41.85962952724398
EF_03.09.2024_20240903_210600.WAV,519.1113,1.6950424639359833,133232.7944084085,42262.231074400675,8.167415235594312e-06,0.7213893800626832,0.001613111,4112,-1673.3640485056053,-225.21028527371507,-161.12502496570056,321.4305705851935,-188.8809140656984,-9.986581491802461,109.3482372053932,-114.90560722917655,76.19692686371609,-20.792629978309776,-25.026476472281562,43.61600465763333,-41.38177548374353
EF_03.09.2024_20240903_210700.WAV,521.0052,1.6088123059951482,133008.44551312216,42260.503220911036,8.63306291064015e-06,0.721487013103561,0.0016102804,4134,-1665.202409770597,-222.79331118260984,-157.27079341689574,317.98274208709444,-188.7893844253059,-9.66365269392433,109.59212335537161,-114.17164113438886,74.979561555198,-20.443907561342353,-24.93566426358303,43.61718708785758,-41.024076765747836
EF_03.09.2024_20240903_210800.WAV,522.9084,1.9459101490553132,133341.28342568292,42261.96188284628,8.169266565521553e-06,0.721474789632516,0.0016144504,4118,-1681.0012900206377,-227.50454559308338,-164.94292353198603,324.70465007089723,-188.87018949359077,-10.308285394118998,109.13520456407039,-115.6287685197819,77.26469872855245,-21.04437370110455,-25.03551696246481,43.524734839308735,-41.738016469728485
EF_03.09.2024_20240903_210900.WAV,523.7119,1.3151840680587024,133574.22926107846,42264.68419881851,8.614022105491124e-06,0.7216065014012121,0.0016174546,4121,-1682.8261076842066,-228.09131110214742,-165.93396518798653,325.46448009685366,-188.84646818589846,-10.242691324518113,108.95740371498789,-115.86960709229517,77.67608091723139,-21.1964930203958,-25.06542956523652,43.622922998707374,-41.88510466450299
EF_03.09.2024_20240903_211000.WAV,523.42755,1.5978131645015063,133542.97499211697,42262.96066564494,9.08548018011398e-06,0.7214716564010141,0.0016173248,4089,-1677.2696461806422,-226.466548470024,-163.1707595840978,323.1945289776576,-188.90005222961128,-10.116453393549552,109.2026212777003,-115.30290301811358,76.82874384614877,-21.00213578593079,-25.023547076323776,43.65059559581234,-41.640758627738144
EF_03.09.2024_20240903_211100.WAV,523.308,1.6254892812965132,133363.25906795924,42265.46669398039,8.25468785035438e-06,0.7214994686658283,0.0016147787,4127,-1679.007698821582,-226.92869208626604,-164.03827248381987,323.86198452107544,-188.82331182079966,-10.191658372827265,109.1145388131032,-115.44023772130579,77.07156298307308,-21.075057325361346,-25.025214688512097,43.657803932240284,-41.74336584001041
EF_03.09.2024_20240903_211200.WAV,522.8738,1.9459101490553132,133524.053952239,42265.07985558547,8.379651716720377e-06,0.7215275130218648,0.0016170113,4121,-1677.1436827466916,-226.40354992072284,-162.98021695757726,323.08857655840427,-188.97960412428287,-10.079539333981943,109.26143492580417,-115.28819282078162,76.74418717270163,-20.99932634339771,-24.956152068876087,43.62403788478654,-41.65362041350777
EF_03.09.2024_20240903_211300.WAV,521.29834,1.418752625049745,133435.7873359663,42262.783500076745,8.14311545012244e-06,0.721519699284045,0.0016161166,4105,-1670.3782496773085,-224.3645470295765,-159.7105692138863,320.23042005790944,-188.9145362783101,-9.870319806082053,109.4898221507896,-114.68647714046006,75.7790738254467,-20.652636625039893,-25.046256028635728,43.64896807638802,-41.23078571522141
EF_03.09.2024_20240903_211400.WAV,521.5665,1.4165614303769414,133547.40987575412,42265.096153574654,8.135292164600756e-06,0.7214859300111899,0.0016171893,4108,-1681.2207548361882,-227.6038120118165,-165.00816153573538,324.798024370179,-188.94198918242537,-10.240342343716637,109.11385492743882,-115.68424576950375,77.37101329629007,-21.147091939173766,-25.034633432045467,43.64708856405662,-41.82464059987825
EF_03.09.2024_20240903_211500.WAV,522.1483,1.4071351332881117,133185.9879111957,42262.6444235831,8.80933848021405e-06,0.7214884443327656,0.0016121229,4132,-1662.6885598965232,-222.15276130253287,-156.1167821825118,317.03598130481305,-188.8669020078639,-9.537960364256977,109.71586253495597,-113.98295353651584,74.59501214963602,-20.35991140594333,-24.82473476368226,43.586214695270655,-40.984472033185
EF_03.09.2024_20240903_211600.WAV,520.44836,1.5833863497394713,133619.46488824443,42266.53543548618,8.067102251297084e-06,0.721603754988414,0.0016178882,4102,-1673.0581949586756,-225.24372339853417,-160.99680114216216,321.4278683625171,-189.0116454887293,-9.919425071003246,109.37730489335927,-114.9213442562582,76.22428239245194,-20.89508561784446,-24.967252466289622,43.70935596326239,-41.494783187400486
EF_03.09.2024_20240903_211700.WAV,520.43164,1.6349957374776964,133937.66676014548,42263.20190366425,8.473489195802592e-06,0.7214708053998653,0.0016215586,4091,-1681.2977000086603,-227.81562277971463,-165.39114841198764,325.1437947902374,-188.92732666206805,-10.329371573272635,109.1098879132239,-115.71293159057004,77.43093621851361,-21.143605420914966,-25.035164196560682,43.58703973565551,-41.807966800249595
EF_03.09.2024_20240903_211800.WAV,520.3407,1.7782560959993614,133535.74820829762,42265.94084918267,8.359036230623625e-06,0.7214946334320288,0.0016167904,4121,-1673.2332299520403,-225.32079621149262,-161.19866864205085,321.5608718338927,-188.93549638956307,-10.00002113963405,109.34209650691075,-114.85965606365131,76.20392345053658,-20.90810394730226,-24.909636196500944,43.61552767206856,-41.454227728921765
EF_03.09.2024_20240903_211900.WAV,525.14246,9.457406114017602e-305,133695.4566059906,42263.4586751377,8.854823994583471e-06,0.7215161018700982,0.0016187254,4108,-1668.4564306358207,-224.0105019255882,-159.08265760509386,319.7044299408199,-188.92220424250112,-9.841552045501075,109.53102085895888,-114.48195509262769,75.51355564093758,-20.677182724109713,-24.88219187406833,43.61047575097283,-41.24883308875053
EF_03.09.2024_20240903_212000.WAV,518.5133,1.6767995088827847,133699.80315294315,42263.790579795306,8.142158903510251e-06,0.7214759114067575,0.0016188131,4103,-1665.857734404605,-223.15955042869822,-157.6660922596384,318.4761199266982,-188.9743017817464,-9.622060625215799,109.62081770318439,-114.35923529703334,75.20309269181702,-20.521592060494115,-24.976017940079817,43.688661497993344,-41.10521895827315
EF_03.09.2024_20240903_212100.WAV,519.0565,1.7018240669763263,133666.8576378885,42263.7766132824,8.032055246940515e-06,0.7214636879357126,0.0016186651,4102,-1675.7062709553086,-226.0738892017152,-162.4546861857153,322.6398921285007,-188.93465824826592,-10.115812500883019,109.30029575361496,-115.13242906329138,76.56414532186906,-20.954750756642735,-24.96824639570279,43.629431352016304,-41.58821997265823
EF_03.09.2024_20240903_212200.WAV,519.1719,1.9459101490553132,133682.3778577827,42264.41329815093,8.15655963806676e-06,0.7215238382441773,0.0016185236,4096,-1674.0396634990686,-225.5245021836016,-161.519916566746,321.8735715031808,-188.97583452942095,-10.035615601227345,109.38036617473801,-114.98854773031526,76.34050003082619,-20.909873926928032,-25.01500000529566,43.72373321165091,-41.501688486465405
EF_03.09.2024_20240903_212300.WAV,518.76154,1.2431491449770578,134044.5991629143,42264.55245290689,8.133498712892888e-06,0.7214882122415432,0.0016232098,4094,-1679.9230122505144,-227.42311475208982,-164.6567824725554,324.5502732666417,-188.99449711669558,-10.21256554665177,109.16686911977139,-115.64627721490375,77.27883689815533,-21.108933810238295,-25.037904154227416,43.64457034503811,-41.808785097078875
EF_03.09.2024_20240903_212400.WAV,520.65704,1.613580620034755,133816.72660300534,42261.731430046966,8.54225193791781e-06,0.7214418326789392,0.0016204041,4094,-1682.5335726415055,-228.1024065840821,-165.86858940406987,325.5400568707178,-188.9252420844827,-10.362956745817407,109.10160419139913,-115.82168817185942,77.55536352746897,-21.173575787441663,-25.0363806543839,43.62865775376083,-41.90071723769118
EF_03.09.2024_20240903_212500.WAV,518.3535,1.7748505346709182,133581.17934604178,42263.40663325922,8.254632256469115e-06,0.7216608494291175,0.0016177677,4098,-1680.5188016030766,-227.4396784729828,-164.76903221151957,324.60200237690236,-188.89395626407202,-10.31102535561103,109.12391551109992,-115.54420210883833,77.24940637796536,-21.137787163627305,-25.017493863374366,43.62272949551671,-41.76705887945371
EF_03.09.2024_20240903_212600.WAV,519.8573,1.694729003020409,133351.82213617463,42264.23895751641,8.64007004174766e-06,0.721541902677652,0.0016149861,4136,-1683.601034818306,-228.21624207021304,-166.08407746129902,325.67755324917647,-188.90333148444878,-10.322938951905178,109.04262386640796,-115.89475950574646,77.64974066537684,-21.171473483854555,-25.03936429919176,43.59165194857613,-41.927287542045754
EF_03.09.2024_20240903_212700.WAV,523.9199,1.266278040475854,133460.83091178277,42264.332585116805,8.611874909740833e-06,0.7215102609076686,0.0016155959,4113,-1677.2396320588032,-226.43969941283973,-163.02327923772455,323.1628900979251,-188.98723485271597,-10.138182813020615,109.28768269962812,-115.25969524109331,76.73083897130832,-21.01151500413873,-24.962745177963676,43.63158862103441,-41.62708929507925
EF_03.09.2024_20240903_212800.WAV,519.15924,1.7545634915542958,133815.34388677467,42264.396941035644,8.290973292482481e-06,0.7215419800413927,0.0016205095,4127,-1674.5097775850293,-225.76703262896018,-161.91716872728733,322.1942253172173,-188.96571406903468,-10.025795592630825,109.30292363290225,-115.05919955002493,76.47272475261079,-20.933022225855883,-25.007744739170963,43.651102905064526,-41.48256269406144
EF_03.09.2024_20240903_212900.WAV,519.5799,1.3878133672738964,133374.5895186671,42264.25604605908,8.035288380020574e-06,0.7214714629916621,0.0016155944,4116,-1675.2133779552496,-225.73901373235748,-161.89894058711474,322.138458515127,-188.96551823946243,-9.987840707572612,109.33690769755405,-115.13814763868784,76.47370138084213,-20.86672525719939,-25.051312622199305,43.67295745352778,-41.51040056017574
EF_03.09.2024_20240903_213000.WAV,520.0472,1.730758644105923,133639.025563906,42263.65093473783,8.600107959518584e-06,0.7215443783173572,0.0016178314,4119,-1679.7590722823086,-227.20814675996323,-164.31011391525868,324.2460107243587,-188.9801886375596,-10.20853715354246,109.19945768989027,-115.54199793992821,77.1049637624774,-21.052979554246736,-24.980030889241466,43.55618929629307,-41.71894164080366
EF_03.09.2024_20240903_213100.WAV,522.3611,1.6071739063776858,133428.99137132816,42262.054936959685,8.97723731057957e-06,0.72139297747663,0.0016160046,4131,-1677.177113037322,-226.3745548813025,-163.03005067324537,323.1032594673686,-188.908356343293,-10.172615499495699,109.26827570040483,-115.2281395362301,76.71552545559813,-20.997929089749245,-24.999917379301163,43.67790204554622,-41.62684319019808
EF_03.09.2024_20240903_213200.WAV,521.43506,1.7077286746837452,133437.28090327125,42264.93875047992,8.488747388848807e-06,0.7215601218386081,0.0016159624,4130,-1680.228642009891,-227.2920225688298,-164.54316225125663,324.3584374820943,-188.89674110021787,-10.198334659690682,109.09324162918993,-115.55924468892104,77.2240912741704,-21.107498692437197,-25.00384134809444,43.588251988906805,-41.74771611391595
EF_03.09.2024_20240903_213300.WAV,522.43835,1.5741608957494904,133583.5430559758,42263.4909789987,8.539008296216025e-06,0.7214274043412818,0.0016174238,4107,-1674.556063850269,-225.70618856520278,-161.82528892859554,322.1158549046581,-188.97310530116755,-10.036762799246722,109.35124029318496,-115.03078078465204,76.37997412868175,-20.914729598543474,-24.955922263716488,43.642740608193044,-41.500227600293314
EF_03.09.2024_20240903_213400.WAV,531.15784,1.9459101490553132,133509.5106921616,42265.85288477119,8.188836138576708e-06,0.7214875546497465,0.0016161862,4096,-1682.7648595423557,-228.02816082153592,-165.7421994043313,325.4063592827376,-188.93563796319594,-10.275360574412494,109.04708274956822,-115.80699643173824,77.56630022391661,-21.22144010983713,-24.979979295713996,43.61598905824906,-41.9453805471411
EF_03.09.2024_20240903_213500.WAV,518.3065,1.6001352488807354,133900.8584135446,42264.04843781459,8.140676212298008e-06,0.7215968696154836,0.0016207239,4103,-1678.8707388387725,-227.1276897102313,-164.107023998091,324.1086280313246,-189.01336655921,-10.202033103625366,109.21753110412936,-115.47948020214466,77.04991768151918,-21.088621433401322,-24.958077812714006,43.59412188216293,-41.71708133912906
EF_03.09.2024_20240903_213600.WAV,519.8453,1.6114831018022977,133886.07983593343,42263.82348542177,8.079720975605877e-06,0.7214501105992038,0.0016208179,4109,-1680.3671177784659,-227.509158599917,-164.7494429807215,324.6765648826083,-189.01948576570442,-10.263240530047446,109.19251203974473,-115.61109210048994,77.23821854193123,-21.1196272886364,-24.985169087725225,43.580666894791555,-41.75904422967447
EF_03.09.2024_20240903_213700.WAV,518.88684,1.7179406860963915,132984.97933780935,42262.480229358895,8.255414652670401e-06,0.7214471320951834,0.0016101956,4117,-1676.6686679962893,-226.0479790883308,-162.4776249721706,322.60764046685097,-188.89460304912808,-10.092742990084444,109.27135462543522,-115.16854974817787,76.60094621627022,-20.911445074952447,-25.039447710637084,43.62908169233848,-41.5162908143737
EF_03.09.2024_20240903_213800.WAV,520.68713,1.748551998414264,133729.61726328963,42260.51722030969,8.482308683654412e-06,0.7213812955517706,0.0016196411,4089,-1688.1597897118738,-229.67438333923042,-168.5683581391596,327.7933224798768,-188.88470859050506,-10.56582494135352,108.93989699965671,-116.33667049617138,78.29702052777972,-21.352339801612057,-25.045350583929483,43.61261291908077,-42.17076521370198
EF_03.09.2024_20240903_213900.WAV,520.0199,1.7158002985632557,133670.58064819727,42263.110030798925,8.157195947960726e-06,0.7214813655504833,0.0016185241,4119,-1643.6474110287872,-216.78065988028482,-147.65870581134274,309.2669298521782,-188.69507478857713,-8.51522224339615,110.25995144345183,-112.68167973155639,71.92991190828167,-19.39808453588199,-24.582402724623698,43.50147449533901,-40.31388268770946
EF_03.09.2024_20240903_214000.WAV,522.9399,1.6543730204733682,133235.010277814,42263.21805714224,8.528324846361489e-06,0.721484769555078,0.001612627,4141,-1674.9604476584707,-225.68797841331997,-161.89643347323732,322.112686961335,-188.91314616051375,-10.062979666026724,109.35610181511603,-115.03023577835523,76.34380320365254,-20.890119259079075,-24.917250301123236,43.62532083169373,-41.566955794333204
EF_03.09.2024_20240903_214100.WAV,523.3425,1.1842608113555366,133839.99322433316,42264.91077376765,8.103154708244784e-06,0.7215015188049592,0.001620719,4106,-1680.9157249217355,-227.64456908542326,-165.12979176543155,324.84971975803967,-188.9126697539514,-10.21767849044572,109.07972890284786,-115.70388772439561,77.38820133980343,-21.1576413948416,-24.994891002984534,43.64049553669661,-41.8676815589469
EF_03.09.2024_20240903_214200.WAV,521.85425,1.6944361045991507,133547.76179580798,42265.84453023055,8.077903047151547e-06,0.7215968309336133,0.0016172496,4126,-1684.8113032749675,-228.61628247032164,-166.8505792627058,326.21490865178146,-188.83374959108002,-10.305361857814527,108.93345223662581,-116.07106559677457,77.89144717664857,-21.23111872388666,-25.016930111292048,43.59937421386363,-42.06731740929205
EF_03.09.2024_20240903_214300.WAV,523.3207,0.5402041423888608,133849.4003467131,42263.70443637013,8.181921380770129e-06,0.7215561762878278,0.0016205325,4094,-1676.8083738728915,-226.43585953002437,-163.067313192621,323.15157921807173,-188.96971457466884,-10.107683424519836,109.29431519019222,-115.32445465197081,76.74851455204025,-20.961413704716765,-25.008887548348447,43.651021958693065,-41.615622338482254
EF_03.09.2024_20240903_214400.WAV,521.68445,1.7040809848772622,133220.427760611,42264.14295164789,8.545219653862206e-06,0.7215046133545908,0.0016127808,4122,-1682.3099833232393,-227.75236492098676,-165.32420020306404,325.003426090363,-188.92369509115593,-10.205884647269604,109.08853775850285,-115.79508568518695,77.44497081313065,-21.119666931753024,-25.017569665989267,43.61945929272636,-41.89219259749995
EF_03.09.2024_20240903_214500.WAV,524.103,1.5239596261534925,133340.56841612526,42263.75090575929,8.155986834623321e-06,0.7215555960597718,0.0016146512,4093,-1661.9123201474108,-221.94781975832194,-155.82916300920996,316.7361958324156,-188.84051575800757,-9.473377934934394,109.70589141428025,-113.96096569919627,74.55127658917827,-20.349311459837242,-24.84465326508428,43.65160967668944,-41.00934480596818
EF_03.09.2024_20240903_214600.WAV,526.2228,1.450727453363877,133346.66255925997,42260.719960915405,8.943064133039981e-06,0.7214549845148737,0.0016145314,4112,-1681.0524371193912,-227.50072993985228,-164.9412239382032,324.6937064523133,-188.90733290961583,-10.283543053232357,109.19905905730857,-115.6479828443344,77.17872676746975,-21.04157210288828,-24.949883469914063,43.56561053040115,-41.825931150522436
EF_03.09.2024_20240903_214700.WAV,529.1139,1.9459101490553132,133414.6209661355,42262.30346215771,8.459200005646017e-06,0.7213524388764557,0.0016151306,4128,-1680.4513272414003,-227.3109017327634,-164.81527974208262,324.39698698728836,-188.7772922773689,-10.178438735190742,109.10158729016045,-115.68137352389364,77.23133659119951,-21.014594257861198,-25.039160644439622,43.634483107680275,-41.80342148222874
EF_03.09.2024_20240903_214800.WAV,527.3428,1.5562328804468413,133550.48641371264,42264.10073623388,8.162020854565403e-06,0.7215337408029985,0.0016175398,4111,-1675.9777348580444,-226.10691248796624,-162.6096179518952,322.63682327479194,-188.89814099117916,-9.99352064096406,109.25558784344143,-115.26366002427454,76.61953611000656,-20.894310944233123,-24.97403104276235,43.593656431056274,-41.58789632999701
EF_03.09.2024_20240903_214900.WAV,529.41016,1.4657284425308978,133425.1359080611,42262.035670494704,8.184677828540409e-06,0.7214176178280718,0.0016152246,4105,-1680.94359208592,-227.50666345461406,-165.08144742734183,324.680883378816,-188.82365543590123,-10.209722962698295,109.10741333131644,-115.71534444480403,77.26854346734616,-21.032410741466485,-24.972112645702815,43.55963420590731,-41.85458854704827
EF_03.09.2024_20240903_215100.WAV,519.9004,1.695587484634278,133585.41476285653,42263.59067026021,8.053482710937849e-06,0.7216036002609324,0.0016178659,4125,-1672.8815216575933,-225.23661978615675,-161.07271624522863,321.4274861137554,-188.94232371769547,-9.983134924497833,109.4126086773182,-114.89083328186804,76.11212244072493,-20.821211735770675,-24.910851210629566,43.62214301361514,-41.48513874925239
EF_03.09.2024_20240903_215000.WAV,527.6134,1.4138999069247802,133525.22809866126,42266.26591054702,8.583665936703038e-06,0.7216132320466608,0.001616648,4122,-1679.538882585079,-227.1226882056467,-164.34614251795438,324.1206844104196,-188.86851457980325,-10.159862358329502,109.12647684459789,-115.5505122741454,77.1407501126718,-21.086172867194506,-24.97730488772541,43.63890038283994,-41.820556962627215
EF_03.09.2024_20240903_215200.WAV,520.2356,1.412093100796471,133230.5261348717,42266.219984340845,8.736280104267547e-06,0.721608744949695,0.0016137436,4103,-1680.4338975177582,-227.22563420933076,-164.39541699379504,324.2570236285008,-188.92830378281354,-10.179840075362522,109.12047592582073,-115.551994508734,77.20953834925594,-21.13149011625757,-25.015419148158713,43.66812019097857,-41.78867120663275
EF_03.09.2024_20240903_215300.WAV,517.62036,1.673698800416199,133736.6997333625,42262.92923197836,8.095720555141427e-06,0.7214990431652539,0.0016190922,4121,-1675.7059207855118,-226.05423309410537,-162.3922511615145,322.60769611719167,-188.98650206401803,-10.067555388388543,109.34176768881774,-115.21848067328065,76.5892628338614,-20.88219368843861,-25.071728871352814,43.648837050338905,-41.49091114412247
EF_03.09.2024_20240903_215400.WAV,518.8396,1.7169685385116638,133864.80122254303,42262.50270610663,8.764600097520276e-06,0.7214558355160223,0.0016208994,4106,-1683.0243638320833,-228.23468817148054,-166.10467663770427,325.7371051256637,-188.92781335849386,-10.36662294144356,109.08183285795059,-115.87888541247716,77.62272223590357,-21.17038193236952,-25.038236952365956,43.59817989645361,-41.91085904106105
EF_03.09.2024_20240903_215500.WAV,519.04333,1.7542720811764791,133128.35740104035,42263.27176469423,8.301157528359788e-06,0.7215940845208152,0.0016114822,4103,-1674.7244554661204,-225.57339935676515,-161.6686058192277,321.9251738697068,-188.92769382777666,-9.999746144506435,109.33375498008527,-115.03347986656527,76.33763083003129,-20.82654240984637,-24.976877603383166,43.55585813478653,-41.438530517501775
EF_03.09.2024_20240903_215600.WAV,522.43207,1.9459101490553132,133967.34111627768,42263.34230784418,8.025583733236156e-06,0.7213916236111662,0.0016221908,4124,-1658.1911484340526,-221.10410615424502,-154.33021616989987,315.5146952339143,-188.92985435520615,-9.342356382611515,109.87357308618493,-113.72254367555384,74.08816252047066,-20.220591265853457,-24.802806811266777,43.652958414923404,-40.88815181771473
EF_03.09.2024_20240903_215700.WAV,519.0305,1.4829375580282713,133186.5398345173,42261.09921263387,8.14807969654103e-06,0.7214178499192941,0.0016125032,4151,-1681.1858554279406,-227.49243498817577,-164.96154205217124,324.70424856973733,-188.82570851602273,-10.377727509552349,109.1505250541279,-115.56008054233601,77.21436427876255,-21.087186170183045,-25.006640574762226,43.59272234711849,-41.76782663099929
EF_03.09.2024_20240903_215900.WAV,518.34973,1.7774641941794167,133665.429392061,42264.35021662068,8.184025501985973e-06,0.7214790446382595,0.0016183191,4118,-1673.8958195682412,-225.56717234242382,-161.61498557453058,321.92632273268623,-188.93772314213777,-10.053262495051627,109.34594771966903,-114.96250368187674,76.33348826303246,-20.914355647823438,-24.968311635163737,43.656068232067,-41.49707637657106
EF_03.09.2024_20240903_215800.WAV,517.8394,1.7673512048811661,133424.61741393697,42263.05736895592,8.57449005560889e-06,0.7214837638264477,0.001616132,4125,-1675.6629622049074,-225.94218527267486,-162.30125460799601,322.4585590483639,-188.89533643560765,-10.071156679450732,109.25502871367848,-115.10968097388941,76.56673414353816,-20.94477937423764,-25.021598696089463,43.65563911438894,-41.51974501922637
EF_03.09.2024_20240903_220000.WAV,519.5419,1.7473659055501858,133168.38066245356,42263.89388356087,8.269409869350955e-06,0.7215142064584489,0.0016124212,4115,-1655.7618521010888,-220.0436814806778,-152.68227519825243,313.94412908796835,-188.88005182847812,-9.069252880621317,109.9247476916978,-113.51807694430173,73.624755241952,-20.016008472994777,-24.789139201936166,43.631328599334346,-40.73650617080994
EF_03.09.2024_20240903_220100.WAV,516.77795,1.7599499315759712,133599.42417246674,42264.830783873906,8.529816970133231e-06,0.7215582264269588,0.0016174854,4094,-1673.0550813023413,-225.28968769258387,-161.20308462103068,321.54496434982985,-188.92124576626446,-10.025052999302636,109.38348045245715,-114.85865288550919,76.14274139277173,-20.878636982214815,-24.87242312943053,43.611574671865455,-41.51423420644429
EF_03.09.2024_20240903_220300.WAV,518.28503,1.707587530307575,133316.10114713095,42260.99258124213,8.704355470540253e-06,0.7214684844876416,0.0016139303,4107,-1678.8554641386345,-226.85957072525161,-163.87829132392963,323.80774253009383,-188.86585893379578,-10.269363054333853,109.20716806919404,-115.36343966001135,76.94330741921488,-21.048841665737562,-25.00914342324701,43.655733155592905,-41.6897075700448
EF_03.09.2024_20240903_220200.WAV,517.57764,1.6620747552625823,133036.9071218675,42263.88142941602,8.501618948910505e-06,0.7214680203051969,0.0016107003,4126,-1681.0555100703516,-227.38386574695338,-164.68561256599526,324.4972213428311,-188.9030927406947,-10.240719410743118,109.11640064890054,-115.56315579018964,77.21316360357181,-21.116721772372358,-24.957271187290942,43.57362070684892,-41.793452207965196
EF_03.09.2024_20240903_220500.WAV,520.3033,1.7584855048189887,133397.6981810899,42263.561194108486,8.561491874731748e-06,0.7214512710553157,0.0016152711,4100,-1677.4367281846453,-226.46176153163964,-163.15388120028072,323.21732415983655,-188.91343676874277,-10.177998206613246,109.25455298206842,-115.2473327065759,76.74568031485546,-21.011946891655953,-24.96320913271683,43.638481342798144,-41.65813918050917
EF_03.09.2024_20240903_220400.WAV,518.10974,1.776709989850469,133601.3811209322,42263.79808725967,8.2163989740695e-06,0.7215590774281074,0.0016177122,4100,-1666.6118316364268,-223.43953194824917,-158.1101543303296,318.8766178628674,-188.95051827937638,-9.738676968446509,109.62142492721286,-114.34292248859535,75.20357960719933,-20.554043930411133,-24.84619383811422,43.56900991193457,-41.16969618291348
EF_03.09.2024_20240903_220600.WAV,518.9159,1.7723290909583973,133493.7426659861,42266.7080536336,8.704733218944766e-06,0.7215950515675751,0.0016164852,4116,-1681.3668201701425,-227.5918233564425,-164.9960164173597,324.77550257473507,-188.95486818839936,-10.18753187236928,109.08916309699137,-115.71005069490973,77.37416971252836,-21.115055635352654,-25.00902701890419,43.565359852208395,-41.811822147395326
EF_03.09.2024_20240903_220700.WAV,518.81714,1.6325218204048748,133495.20879105022,42264.98207602678,9.551404545735245e-06,0.7214992752564763,0.0016164301,4104,-1681.5179143703829,-227.69656519761878,-165.21371114575544,324.9619049384087,-188.89390063838937,-10.314064715021724,109.08350568475002,-115.64085740793239,77.38696050219637,-21.19095944921782,-24.991981118842695,43.63140866676434,-41.86235544445566
EF_03.09.2024_20240903_220800.WAV,518.13416,1.751145923656537,133803.2496337532,42263.287762960805,8.104378870501511e-06,0.7215085975872415,0.0016203385,4126,-1669.1905098645188,-224.18848064938695,-159.37043633602264,319.9793652841986,-188.936555338891,-9.880653208214042,109.5376998334846,-114.58389742624851,75.65642144851032,-20.68736284908548,-24.990884650951475,43.708478423472584,-41.27240114102835
EF_03.09.2024_20240903_220900.WAV,520.24396,1.2583770892918573,133306.0557368331,42264.15807945655,8.137200216904117e-06,0.7214778455002773,0.0016142996,4115,-1676.5603431212262,-226.1763928239752,-162.62904905192872,322.78014276087714,-188.95626173599183,-10.068944928532611,109.26629224947276,-115.20152908129253,76.6373627037685,-20.95343775439934,-24.971110505832,43.59984680688186,-41.575817108812245
EF_03.09.2024_20240903_221000.WAV,518.9215,1.7419115625709747,133325.98345928802,42264.77102098577,8.313935854021151e-06,0.721495832570011,0.0016142135,4118,-1674.9634839341222,-225.73861892119427,-161.95227120884863,322.1683519596965,-188.89466799749823,-10.060352030554954,109.27114610075563,-115.0033980727612,76.45584027810848,-20.97867608080134,-24.96021539796554,43.68052842556961,-41.5598888289682
EF_03.09.2024_20240903_221100.WAV,528.8173,1.9459101490553132,133578.95176837945,42263.02573309805,8.251730013436641e-06,0.7215552092410679,0.0016171207,4091,-1677.8330972950948,-226.65589322418342,-163.52849760963085,323.49488974391227,-188.87719926035209,-10.212648358236166,109.24640962628506,-115.34296597433352,76.84087958079922,-20.994005310278553,-24.999313802738442,43.63926225229891,-41.676045646377325
EF_03.09.2024_20240903_221200.WAV,539.86646,1.9459101490553132,133540.07521473698,42262.76329722838,8.311075615512408e-06,0.721455410015448,0.0016167598,4104,-1684.2525258803892,-228.4470738631985,-166.47308870244527,326.0018543372914,-188.92954208942425,-10.333999506538404,109.06474841721149,-115.99989391812566,77.73362287699892,-21.195158000776253,-25.028468753040418,43.62118175442078,-41.98415381457715
EF_03.09.2024_20240903_221300.WAV,520.2733,1.7074651102368492,133540.31610627368,42262.116503233774,8.137306164748776e-06,0.7214412911327537,0.001616245,4130,-1672.7008643986837,-225.19818259349566,-161.05177049273993,321.3900780240389,-188.90962744270115,-10.008834200137215,109.40736763954679,-114.86633454101556,76.09383035433807,-20.8023712228277,-24.927335753865528,43.60173569235783,-41.43648176193612
EF_03.09.2024_20240903_221500.WAV,518.6792,1.7568688591383363,133579.02136540032,42263.873412558874,8.45532595229214e-06,0.7215866576016993,0.001618097,4151,-1680.6262225462842,-227.377730334178,-164.62784826875327,324.49053905641466,-188.94907266524476,-10.223679286308823,109.13614013007208,-115.60408680837494,77.28007470060112,-21.137855888976826,-25.06000373273177,43.70473271100196,-41.7945429998987
EF_03.09.2024_20240903_221400.WAV,520.69543,1.6436889918242674,133589.5034125283,42264.71396582257,8.057355112966559e-06,0.7215130846842074,0.0016177677,4136,-1682.952298409154,-228.08317856963689,-165.86145353685652,325.49453450954286,-188.9367623569603,-10.297868749877136,109.10799858146608,-115.86655006499741,77.5266647053351,-21.157178573523563,-24.96033551867484,43.602592363379635,-41.984814806347586
EF_03.09.2024_20240903_221600.WAV,517.9391,1.713895308949934,133588.47378119113,42262.59454847459,8.6101591374769e-06,0.7214828354615582,0.0016179323,4100,-1673.2450527853925,-225.32918760108285,-161.30782671562721,321.5952555085361,-188.88657678942363,-10.012331935953489,109.346594330097,-114.9175025437583,76.23371199699386,-20.84842245861245,-24.988096103838743,43.64819931336015,-41.438730360730055
EF_03.09.2024_20240903_221700.WAV,518.5748,1.7740001357446846,133963.1228066353,42264.03589689637,8.030988728483922e-06,0.721523025924899,0.0016224033,4113,-1676.5376992594436,-226.40811761419775,-162.91014513675478,323.07454353014145,-189.03383559099296,-10.05570949957671,109.29817020878596,-115.32937016637285,76.74041162448779,-20.95564795353894,-24.98567891207732,43.603498476181585,-41.62165662485193
EF_03.09.2024_20240903_221900.WAV,518.5038,1.7618855609513882,133074.59536200998,42264.92267444357,8.07460094321314e-06,0.7215764069060445,0.00161114,4110,-1682.8660962870804,-227.87701152492008,-165.55932146175604,325.2103969699979,-188.88736430920378,-10.308401721314173,109.10050143743412,-115.77647256269347,77.46732743812085,-21.15811100441439,-25.008460989480074,43.64754888563762,-41.922063755382915
EF_03.09.2024_20240903_221800.WAV,522.13,9.457406114017602e-305,132519.2946965579,42266.76080383163,1.3224154099381026e-05,0.7220561394626872,0.0016049359,4087,-1682.588183495037,-226.656607043163,-163.98471202381745,323.36388097113087,-188.5120539529698,-9.915961798960012,108.81029500333601,-115.52185212870056,77.16241178172118,-20.950627825411566,-25.075756732871664,43.54124138203107,-41.64602874953474
EF_03.09.2024_20240903_222000.WAV,518.77844,1.6447462279496596,132953.7789210652,42261.92770098602,8.190020952738803e-06,0.721438776811178,0.0016098962,4111,-1677.4891543103645,-226.27891572074617,-162.8586412197332,322.92410596199136,-188.90047239733593,-10.106401442196855,109.25503222071757,-115.24668813540679,76.69781179601543,-20.950326779588764,-25.023493096125062,43.65165294794757,-41.57064349288437
EF_03.09.2024_20240903_222100.WAV,518.65344,1.6825021982228743,133858.22936109648,42264.740698864116,8.502128030546652e-06,0.7214766076804247,0.00162076,4122,-1668.4683324483128,-224.025314323162,-158.95022057272612,319.69144917815527,-189.08226853315932,-9.730488002184726,109.60169336537324,-114.59615969152783,75.5268433940815,-20.651868353369057,-24.87104455764187,43.63529502605585,-41.32569857699186
EF_03.09.2024_20240903_222300.WAV,518.73346,1.728832211852893,133378.66077314198,42262.23045044038,8.44168813669383e-06,0.7215090617696863,0.0016148123,4098,-1667.3941983563072,-223.53111898118203,-158.2725591882142,318.9935170193196,-188.9684219891797,-9.685776389504802,109.61262647926189,-114.47276589909005,75.3124873549529,-20.50733723059766,-24.9440307212172,43.598602383990446,-41.14540248740262
EF_03.09.2024_20240903_222200.WAV,518.6426,1.7612191057407747,133238.19106025388,42263.779057676424,8.076232030493345e-06,0.7215617464771646,0.0016131784,4121,-1685.0470025438055,-228.62604760048782,-166.74612663269872,326.23727512886967,-188.9060165782423,-10.3419899170407,108.96555233591933,-116.00739305240255,77.85636602634276,-21.2586656852647,-25.021088921674515,43.59725834559498,-41.9808765370617
EF_03.09.2024_20240903_222400.WAV,517.76746,1.7271458704488463,133701.65036733012,42262.59601508816,8.284552354414967e-06,0.7215046520364612,0.001619627,4094,-1675.4509944832907,-225.9683121879912,-162.34688093681694,322.493860201212,-188.91482634348216,-10.063342952409643,109.300041843919,-115.16737286769471,76.5630536625825,-20.91827796425803,-25.029355159992672,43.69403821961034,-41.57024175149203
EF_03.09.2024_20240903_222500.WAV,519.075,1.4665600118736548,133691.9315764689,42263.35488884426,9.098550560663152e-06,0.7216166360512557,0.0016184591,4102,-1661.5488296318954,-222.00422568362035,-155.79064106040903,316.81636925098553,-188.94875959309695,-9.480626092770535,109.77375533504612,-113.96642315123532,74.50743609323094,-20.332875596928172,-24.804745922507934,43.573233859597806,-40.95957210576383
EF_03.09.2024_20240903_222700.WAV,518.55664,1.785946614990201,133305.74485489054,42262.175765851585,8.412310691004037e-06,0.7215400072660025,0.0016145073,4111,-1677.9831059299179,-226.57821737674283,-163.38214966549856,323.4016945130398,-188.89043912111197,-10.233836189691335,109.26914809021174,-115.28221739904909,76.78683279842292,-21.019686903693476,-24.983536659371527,43.68279975703697,-41.68921115152292
EF_03.09.2024_20240903_222600.WAV,517.9674,1.5165832011908182,133766.62798418658,42264.84865209776,8.08646425309752e-06,0.7215024471698487,0.001620003,4122,-1677.202113387703,-226.4906334067635,-163.16003512607233,323.2321064069276,-188.9662754805278,-10.103850189738807,109.25800336024243,-115.33636419242478,76.8075178367333,-20.996377977893378,-24.996460912971507,43.64791147891513,-41.66427826779143
EF_03.09.2024_20240903_222800.WAV,518.8865,1.767779875688298,133265.17279793136,42263.176241132875,8.247622967875401e-06,0.7214925832928979,0.0016142245,4090,-1672.4963838857407,-224.97142419178772,-160.78476911460905,321.08581448129354,-188.84633382033346,-9.969437661485209,109.393917008756,-114.81142841977879,76.00827077254847,-20.78716180369941,-24.896463289715843,43.62378584248529,-41.4862519340649
EF_03.09.2024_20240903_222900.WAV,518.0973,1.743190603494898,133627.58033312374,42260.65744166765,8.039969208867462e-06,0.7214064774493979,0.0016181536,4119,-1681.762504000409,-227.8062219628375,-165.40051501882746,325.09799978053445,-188.90795512969535,-10.281194595511945,109.1012686873089,-115.76625973480846,77.44248529223013,-21.100594020774025,-25.070774740456297,43.60625536348165,-41.79065973006065
EF_03.09.2024_20240903_223100.WAV,519.3706,1.7653619751314054,133159.0824556466,42262.50802518263,1.0006790767942484e-05,0.7215296405247366,0.001612515,4122,-1665.8155541579283,-223.0087227337039,-157.48915820107044,318.2738595273659,-188.90042465205434,-9.680785011879653,109.65379058075122,-114.23056224815168,74.99976999064121,-20.479240523524325,-24.844929007221822,43.58084826944738,-41.11572236932655
EF_03.09.2024_20240903_223000.WAV,518.0834,1.777087870285493,132784.70137942676,42263.3045920904,8.942871551639403e-06,0.7215343983947952,0.0016074289,4129,-1675.5393281599086,-225.71187483599198,-162.00364601488286,322.1388595995124,-188.82375159053237,-10.080874708402037,109.26327974789619,-114.99089478646559,76.40668010724194,-20.931103901647425,-24.942820862884314,43.63666834456869,-41.53359014026291
EF_03.09.2024_20240903_223200.WAV,517.73535,1.7421929729845131,133267.7426063495,42262.0735609014,8.51863463738011e-06,0.7214525862389092,0.0016137743,4137,-1661.6635572014702,-221.79441245124227,-155.46691482629245,316.5390304452817,-188.95254203916392,-9.46778063892535,109.82738829967197,-113.93393416524968,74.41608189958419,-20.281059031389017,-24.85596261526688,43.63061096999991,-40.93532161446617
EF_03.09.2024_20240903_223300.WAV,518.2529,1.673801820026572,133399.89672296762,42264.16744726255,9.005408975862144e-06,0.7216067334924344,0.0016156638,4130,-1668.3920206505213,-223.77985459675494,-158.68729311990032,319.36394206761815,-188.98752803378417,-9.721020113796824,109.60567135651291,-114.55346374597764,75.42614417318008,-20.56594130302138,-24.908370937648286,43.62289723496581,-41.27057446153368
EF_03.09.2024_20240903_223500.WAV,519.7631,1.669690161710577,133320.91088683467,42263.995983788176,1.0394527583515528e-05,0.7214972251173454,0.001614088,4119,-1683.668621110671,-228.21249034935062,-166.051096369088,325.6520404268726,-188.91807112407295,-10.290218353342837,109.01469226539311,-115.87456163881764,77.66315949013662,-21.218866369604743,-25.02228719463603,43.60679088210257,-41.89275227962234
EF_03.09.2024_20240903_223400.WAV,518.75305,1.0267689558496875,133190.7483676026,42263.788139166274,8.0451373814975e-06,0.7214944013408064,0.0016127587,4093,-1682.450475814946,-227.77246398252493,-165.31076370762358,325.0507936124445,-188.95890568656483,-10.259304384857028,109.14515560705692,-115.76830440458913,77.39309024955031,-21.11465511432326,-24.993918335439123,43.60504921935045,-41.887661186008245
EF_03.09.2024_20240903_223700.WAV,517.4297,1.9459101490553132,133896.15879677527,42264.682433704555,8.678650958356404e-06,0.7215767937247485,0.001621602,4122,-1667.6964240625143,-223.79288168317123,-158.68384883345902,319.3746623289265,-188.97677201266328,-9.75277840723328,109.5973352177124,-114.51305287954618,75.42313373457544,-20.587342004416456,-24.91419394727314,43.61995526286173,-41.22868830759328
EF_03.09.2024_20240903_223600.WAV,518.548,1.552767185349288,133899.1794892042,42264.50014995753,8.12076616573258e-06,0.721560895476016,0.0016214972,4091,-1671.9218613429707,-225.01472926027856,-160.71363277257214,321.12378020258876,-188.98044554646683,-9.888449862967825,109.43520730935369,-114.91508091117893,76.06546487698222,-20.737074973467845,-24.968433288779753,43.57813026904798,-41.37450318190278
EF_03.09.2024_20240903_223900.WAV,518.77563,1.7697206184453609,133114.70301131872,42260.37649689258,8.702677887238079e-06,0.721433980259249,0.0016119509,4097,-1667.3903242059432,-223.4213041223985,-158.1376545988852,318.8824719896982,-188.92158858209984,-9.78554787884989,109.65100800973008,-114.33026016076053,75.16797327694609,-20.520819122719644,-24.886625681450003,43.592308350991466,-41.11196864509392
EF_03.09.2024_20240903_223800.WAV,518.0273,1.7513487082209576,133823.8192552392,42261.776547511676,8.056512095084608e-06,0.7213869044229779,0.0016201183,4106,-1674.488406292374,-225.7595238920402,-161.93858106196885,322.2295283264952,-188.96755695163017,-10.113896872864336,109.42789320237252,-115.077289497065,76.35542661156347,-20.829715354511695,-24.99604830691064,43.603687776152526,-41.48400054318413
EF_03.09.2024_20240903_224100.WAV,519.38666,1.7722374859623142,132900.03632507593,42261.824393534385,8.186951874029197e-06,0.7214755632699239,0.0016089993,4092,-1675.850105732691,-225.7786191529604,-162.06788271266242,322.2357407641732,-188.88680650513675,-10.055971899791771,109.30495274644116,-115.09893058050524,76.47622931642249,-20.872662798596345,-25.060011220138286,43.67001007760428,-41.4609613698526
EF_03.09.2024_20240903_224000.WAV,541.679,1.9459101490553132,133622.33801814253,42266.06250368543,8.117099828051614e-06,0.721593775065852,0.0016185791,4098,-1473.863931227064,-169.61050132001148,-89.40242641415371,238.13886824370059,-175.3946928598474,7.719862200913379,105.04197491486354,-108.70845304275724,54.760283928329656,-4.335374079394029,-24.05336065578593,35.65618764416288,-34.05544245237948
EF_03.09.2024_20240903_224300.WAV,518.9072,1.6315540984981254,133237.93709281148,42264.394845342096,9.05204471336763e-06,0.7215653825729819,0.0016134162,4106,-1619.6626683381876,-209.6981930067405,-137.2165422851463,298.859453367328,-188.0289136067374,-6.744241243481094,110.62966294528088,-111.338963002657,68.51304790219568,-17.840375757694307,-24.066431641947187,43.0413933182632,-39.61371366720949
EF_03.09.2024_20240903_224200.WAV,518.2289,1.7602619425492876,133442.87158236385,42262.74897097087,8.026517597370964e-06,0.721407560541769,0.0016158868,4120,-1677.453303820408,-226.41038841579896,-163.06446295070384,323.1394678956005,-188.96317056104493,-10.122412773032694,109.34921541483001,-115.38267134918817,76.70257801804648,-20.842547166656285,-25.017104764218715,43.555277539310374,-41.63193720307541
EF_03.09.2024_20240903_224400.WAV,517.84766,1.7511340397351027,133626.45138751014,42263.394191411375,8.975435174603887e-06,0.7214521994202052,0.0016178081,4132,-1682.249927064467,-227.9302677168416,-165.61213794372114,325.2903066422601,-188.9210115572002,-10.303319712627015,109.10254294849697,-115.79513329064403,77.47665951185127,-21.132868611734263,-25.01350152104116,43.5927101660551,-41.8763509955599
EF_03.09.2024_20240903_224500.WAV,518.1654,1.69184648691866,133721.84709424365,42263.67666905598,8.087340633819412e-06,0.7216286274310781,0.0016192663,4099,-1682.4996302629092,-228.0224274457954,-165.78876942381657,325.41141097424935,-188.9040490493277,-10.290902425896371,109.06444754321694,-115.8441095255922,77.57744603015236,-21.181686545673177,-25.04616035848391,43.667713628160335,-41.91998789650115
EF_03.09.2024_20240903_224700.WAV,519.059,1.7461002825822949,132769.63116250533,42263.825729135635,9.080949476095506e-06,0.7214919257011012,0.0016068588,4126,-1682.3923153087815,-227.73793892642408,-165.32004555512543,325.00324219727935,-188.85038138360633,-10.322835474366041,109.05864958507894,-115.61368659078491,77.34674428133803,-21.193443064833257,-24.911120025082877,43.561371641655235,-41.85972987256542
EF_03.09.2024_20240903_224600.WAV,517.4399,1.4704019567089759,133598.17684685663,42263.896235918306,8.03365234874166e-06,0.7215101835439277,0.001618194,4115,-1573.9046299411877,-196.8850470126028,-120.09649824549878,279.6970646251319,-185.5635430135509,-2.712944930441325,110.33627771108306,-109.89153119210565,62.94498077725135,-14.139823864218462,-23.308426513393442,41.452221377132815,-38.452718501636184
EF_03.09.2024_20240903_224800.WAV,519.7113,1.7741271217600196,133590.93577506774,42264.033729378585,8.315627429367555e-06,0.7214769558172581,0.0016179727,4107,-1680.6724496583615,-227.48229014362022,-164.82994349724956,324.63052797867863,-188.92859573929397,-10.2327471503532,109.12882680250881,-115.63538961760902,77.27987409889417,-21.114822916850663,-25.003953631151997,43.619303685618775,-41.81853287444292
EF_03.09.2024_20240903_224900.WAV,518.59125,1.779714321194822,133922.03243310368,42263.29666669989,8.65198293327441e-06,0.7215600444748673,0.001621959,4108,-1670.0312051455194,-224.53238115506673,-159.97989878435214,320.48155563679165,-188.91915855446916,-9.953623290660333,109.53048183376603,-114.66437241048621,75.73936880262319,-20.71726903369387,-24.90296278129178,43.643310464154254,-41.376140764811105
EF_03.09.2024_20240903_225000.WAV,517.71436,1.6329490000684008,133181.50182764165,42263.16745021142,9.433327604153242e-06,0.7214248900197061,0.0016130743,4116,-1683.721069771373,-228.1990912979106,-166.1296533333547,325.64175392308124,-188.8417655568935,-10.307552657292769,108.98538788656396,-115.85167385181856,77.63726007718577,-21.22500082216646,-24.964081257313758,43.605523947205434,-41.983349170040405
EF_03.09.2024_20240903_225100.WAV,518.68207,1.6900241906016893,133206.24807621646,42262.99038309273,8.216817078952662e-06,0.7214869357398201,0.0016128179,4090,-1678.6939285424266,-226.753649883194,-163.72748633362912,323.57729534730225,-188.85265859560042,-10.102521849121027,109.15439065082802,-115.44907990189158,76.95353370378568,-20.985940566277502,-24.99559847835083,43.60612505770841,-41.71057522800742
EF_03.09.2024_20240903_225200.WAV,632.6094,1.9459101490553132,133436.22011985534,42264.499367712604,8.089448668971318e-06,0.7214988110740316,0.0016180589,4115,-1443.5556771905954,-161.5336742941319,-81.70680752955828,225.84892114368517,-171.01735152093536,10.713216439787313,102.23040950919956,-108.17711694510794,53.32811709966888,-1.5336449308375395,-25.111200520507406,33.946394247372474,-31.957729099001128
EF_03.09.2024_20240903_225300.WAV,639.53424,0.8710409658853171,134438.59363627582,42263.53822128691,8.596832505223497e-06,0.7214766850441654,0.0016323649,4097,-1344.6133617623984,-137.22942416043176,-61.051432190140645,188.972419540722,-154.896241843797,18.95097727261816,90.74390605868419,-104.85134269858528,51.25637706484462,4.927758995598078,-29.778093566645595,30.527551556269245,-24.343136860266313
EF_03.09.2024_20240903_225500.WAV,523.66986,1.9459101490553132,133101.54793769322,42261.70319478634,8.542701863363119e-06,0.7214679042595856,0.0016117517,4123,-1684.096649256748,-228.25710857868458,-166.34138444712536,325.75912977329915,-188.80100889410159,-10.351019182119483,109.05803695545578,-115.94539330200351,77.59825753389171,-21.09212994220694,-24.996684340788835,43.53075611274135,-41.93151031951866
EF_03.09.2024_20240903_225400.WAV,634.06934,9.457406114017602e-305,134347.72464042928,42262.65946250016,8.319304424163501e-06,0.7214588140200427,0.0016304735,4109,-1345.9295086707884,-137.54099567588145,-61.3016695715193,189.45231790478394,-155.1137335652206,18.81394511256274,90.94135194382729,-104.8866383568144,51.212031225312636,4.8899551009126485,-29.68339049949974,30.518455198228217,-24.442481367838987
EF_03.09.2024_20240903_225700.WAV,527.78015,1.571983359456527,133277.8100621303,42264.49512595804,8.403618279313754e-06,0.7215521146914363,0.0016146251,4107,-1659.6046947477678,-221.2081933844748,-154.6978283977788,315.6667200533648,-188.80400197723642,-9.310825200868592,109.76485334708579,-113.8131259668768,74.21377740971226,-20.197086713500664,-24.8380227341941,43.6194287212533,-40.88552863652391
EF_03.09.2024_20240903_225600.WAV,574.28314,1.9459101490553132,133432.55163985744,42264.380835676304,8.760911834826513e-06,0.7215128139111147,0.0016159671,4110,-1648.0297574023311,-217.90301144105362,-149.53996195269318,310.8800367421116,-188.6600631415785,-8.676493387408318,110.06965853587131,-113.009835291648,72.59468120825144,-19.622175425931953,-24.68944854367135,43.59716055657974,-40.506534806709745
EF_03.09.2024_20240903_225800.WAV,529.88794,1.5175911871174426,133029.355390248,42264.21801551381,8.555597585097751e-06,0.7215838338251604,0.0016108783,4118,-1680.1318382095976,-227.05852935030052,-164.2946521511655,324.00348945684345,-188.82188714507296,-10.090556670470502,109.06505262914098,-115.58640123966218,77.187336672884,-21.051245984639362,-25.05088767016683,43.66692021675907,-41.76951015319456
EF_03.09.2024_20240903_225900.WAV,523.5564,1.6855473869148256,133248.91748684976,42263.8922702092,8.686795222450338e-06,0.7215270875212905,0.0016136153,4137,-1677.8130373903284,-226.51426966179906,-163.2861591404212,323.2590711001385,-188.90133392796605,-10.11824949159018,109.26056829610809,-115.35495460605154,76.76953505254797,-20.963102461687594,-24.942341710370634,43.62780195462931,-41.75121076220929
EF_03.09.2024_20240903_230000.WAV,520.2897,1.750800356308558,133987.58092652957,42265.55963029801,8.02695410948702e-06,0.7215689413050582,0.0016218341,4123,-1679.5244990461877,-227.29239285734994,-164.48146992616407,324.34517618254216,-188.96371781124415,-10.177256539899442,109.17860461235082,-115.62115191606516,77.18118154722268,-21.06412173155324,-24.994254826727502,43.615477948739,-41.804488401887596
EF_03.09.2024_20240903_230100.WAV,528.0102,1.1486962032988812,134016.9219931594,42265.88962069764,8.18921334506876e-06,0.7215612436128496,0.0016227701,4104,-1679.282675427563,-227.16797293549908,-164.33056667604276,324.1721942043373,-188.94536043054393,-10.135163695379452,109.17510478734334,-115.62595487303484,77.17059390904912,-21.04887542676391,-25.02483368631666,43.656625259794524,-41.82364537318683
EF_03.09.2024_20240903_230200.WAV,521.9964,1.6658298060480077,133032.65375668972,42263.856026665475,8.18792459480866e-06,0.7214533598763171,0.0016111177,4116,-1682.8740738249285,-227.8702192884462,-165.63890734411393,325.156401712155,-188.80147680665883,-10.250695781430549,109.01258857735648,-115.80631473880744,77.50984903762367,-21.129668540451444,-25.01727763443483,43.607631296272274,-41.910230070049366
EF_03.09.2024_20240903_230300.WAV,520.5919,1.5580783897918882,133712.7949957532,42263.70762784789,8.154825039784155e-06,0.7214606320679514,0.0016192943,4087,-1674.5172206582067,-225.71383715156728,-161.91547419849127,322.1175348292223,-188.93231966589798,-10.000474809342153,109.33894422410135,-115.10622773225168,76.4051239776591,-20.861252787103318,-24.964956811425896,43.632638081299476,-41.56469950799967
EF_03.09.2024_20240903_230400.WAV,521.5355,1.6852094937491784,133349.53576562548,42261.659787299955,8.07463188486597e-06,0.7214263986126515,0.0016143629,4081,-1677.578436965337,-226.48939709235458,-163.26546055219657,323.21861393920744,-188.87012142159247,-10.116974511358936,109.24185409482298,-115.36437605507419,76.77815468540362,-20.89396820746301,-25.02668463846875,43.57502236375627,-41.596365328845955
EF_03.09.2024_20240903_230500.WAV,523.1754,1.5593290526193826,133636.61791212368,42265.473462866605,9.181719631909473e-06,0.7216452993172185,0.001617708,4106,-1682.0809056717562,-227.9045250871994,-165.62568181114762,325.2099942358189,-188.89199606824943,-10.21052179683412,109.0592226453487,-115.84488757895322,77.49266466976373,-21.133629969855225,-24.960241288292647,43.57451102682349,-41.94100527408106
EF_03.09.2024_20240903_230600.WAV,521.4946,1.6015982405250666,132989.20621386624,42259.362459854085,8.40879231089054e-06,0.7214062840400459,0.0016109655,4119,-1681.7555186407228,-227.53342869683624,-165.0774287697269,324.72225711005984,-188.82687592537292,-10.270538408791216,109.1415982387644,-115.70042101277775,77.24686387631954,-20.99477682484609,-25.009628114559128,43.539083276308084,-41.8002004050891
EF_03.09.2024_20240903_230700.WAV,519.4044,1.7387666601272107,133712.61067136345,42261.51194064079,8.234274228932432e-06,0.7214673240315298,0.0016189332,4106,-1669.8774191683851,-224.39311270259114,-159.78025290004592,320.2597040287588,-188.9027092926793,-9.880752850074503,109.51993753940273,-114.67859979063418,75.70158606032287,-20.655947278949647,-24.92965752082373,43.6311419235247,-41.332988885981386
EF_03.09.2024_20240903_230900.WAV,522.1203,1.7636766726697355,133452.94178834392,42264.32492862206,8.100419497054298e-06,0.7214943626589361,0.0016160192,4112,-1662.4251744225523,-222.1330170026846,-156.09031571967577,316.96669359948896,-188.86744888015778,-9.447202957720764,109.67380775045386,-114.05202991308303,74.66783953570234,-20.364618506561364,-24.84951825727278,43.62019704747183,-41.03970485013038
EF_03.09.2024_20240903_230800.WAV,529.3553,1.357763582060085,133840.2597841789,42263.35112884367,8.002671745766077e-06,0.7214571506996158,0.0016209572,4122,-1661.515838197529,-221.96879488110352,-155.84598757309396,316.7351759614333,-188.88405700403732,-9.399010469452266,109.74430581522734,-114.0841153957931,74.57673973968944,-20.26509655173837,-24.89565583158845,43.631932796953365,-40.99060684390079
EF_03.09.2024_20240903_231000.WAV,522.71313,1.6998913028236033,133520.02037770484,42263.2457056819,8.090969820295256e-06,0.7214626822070823,0.0016170818,4106,-1678.5126900879557,-226.7632517476606,-163.6127434036313,323.5714478791512,-188.96298558625395,-10.061403758180791,109.21726749792113,-115.51234300259777,76.97258880764883,-20.96003502407979,-25.05966305776984,43.642816476709385,-41.66955375995432
EF_03.09.2024_20240903_231100.WAV,524.7472,1.568230414019377,133632.86409840483,42262.037508249115,8.938451636900863e-06,0.7214844987819853,0.0016183186,4125,-1685.5695705848764,-228.86188468035573,-167.35581429594043,326.6090196331214,-188.80118540346828,-10.387140582723914,108.95831165463271,-116.15665448768894,77.96269281898851,-21.230759268659018,-25.033984106166375,43.633996556854726,-42.0952971403782
EF_03.09.2024_20240903_231300.WAV,521.7481,1.6448307051462479,133392.51004950757,42264.486993362465,8.417916988477443e-06,0.7214441922730334,0.0016151932,4112,-1679.0907340715314,-226.9060853096574,-163.93823203668154,323.8135589457004,-188.90731836576896,-10.129360277343837,109.17757984791025,-115.49325459657888,77.01250871322121,-21.023791860175937,-24.982934281026605,43.61911585492876,-41.75934363343124
EF_03.09.2024_20240903_231200.WAV,522.8254,1.7037493278016593,134068.068246147,42262.31872119357,8.358587339532113e-06,0.7214176178280718,0.0016234431,4114,-1676.1632640713772,-226.31432280571855,-162.87289336247835,322.9762642666752,-189.00391306464138,-10.051576224683224,109.36142171110953,-115.37096731735701,76.65880348617615,-20.869440236999328,-24.98947902866203,43.62238644821325,-41.654627846446935
EF_03.09.2024_20240903_231500.WAV,522.4348,1.3069012040718129,133924.19512856982,42264.707519037045,8.065465125109321e-06,0.7215018282599224,0.001621254,4108,-1661.1925141011152,-221.971329787383,-155.75579043715734,316.73905571849605,-188.93225414997082,-9.42897508818887,109.75615053174772,-113.99850353197145,74.52073857525288,-20.327334747747557,-24.80698724881264,43.601133948640616,-40.993591407337675
EF_03.09.2024_20240903_231400.WAV,519.83154,1.702870945212049,133503.93295641965,42264.08110297277,8.774795729377749e-06,0.7215684771226135,0.0016158124,4109,-1666.4086083612497,-223.28002762670832,-157.90127198671274,318.63764726748235,-188.95198657637116,-9.639143278244955,109.6404221669033,-114.41844272356438,75.18210752163915,-20.457771225886745,-24.913183015892187,43.57447238417665,-41.12762627910405
EF_03.09.2024_20240903_231600.WAV,523.3842,1.7076474558689183,133614.94527788155,42263.41382556437,8.315411014879862e-06,0.721470186489939,0.0016178979,4125,-1680.8742076688018,-227.54359186168065,-165.0433175590473,324.7237531052784,-188.8390325506822,-10.259730833444506,109.08233283731919,-115.66129685948376,77.34288121026007,-21.122257815402477,-25.03246508257219,43.65265426854697,-41.839665059325256
EF_03.09.2024_20240903_231700.WAV,523.72394,1.6430800011487332,133475.85736026053,42265.16002051544,8.031084219301653e-06,0.7215936590202409,0.0016168088,4097,-1667.3755484204432,-223.51398712961003,-158.39420696984405,319.00090719556266,-188.8718150818004,-9.713332937249344,109.57250449842044,-114.45957215742975,75.32944858193258,-20.53146960437397,-24.924187798367825,43.62024571007425,-41.211592837670274
EF_03.09.2024_20240903_231900.WAV,521.7744,1.6602824447843227,134062.2385394612,42265.1289754952,8.6517120634645e-06,0.7215022924423671,0.0016237588,4121,-1682.031993150075,-227.98326194661936,-165.61349739180298,325.30577864809226,-189.00463511013905,-10.19761855581727,109.12430395841989,-115.90521513507439,77.528327856181,-21.1440003058947,-24.99893361265105,43.64210459395764,-41.964104618051856
EF_03.09.2024_20240903_231800.WAV,524.0215,1.3276678552254921,133316.7354854356,42263.07508618982,8.331212544095571e-06,0.7214505360997782,0.0016144806,4102,-1674.2908944339629,-225.5141278020152,-161.62965111618638,321.83619346406454,-188.89667172432465,-10.010404769499413,109.37683293709749,-115.0008215738753,76.23475548355364,-20.844599710478214,-24.886451883856537,43.61873721064871,-41.554514303876104
EF_03.09.2024_20240903_232100.WAV,528.31494,1.0514585272229513,133693.86849294917,42263.727963819925,8.090344761220505e-06,0.7214359917165095,0.0016191393,4134,-1664.5778728728726,-222.81412633696885,-157.198591897332,317.94212990511824,-188.89481901729667,-9.532967898745065,109.62881801845867,-114.29326814604653,75.00585888368137,-20.428329159283468,-24.90621566669498,43.63366961040496,-41.10839812538649
EF_03.09.2024_20240903_232000.WAV,524.9662,1.676708336834317,133357.7297702048,42265.42791517156,9.351345462014517e-06,0.7215519599639547,0.0016146754,4102,-1681.5278633442213,-227.60127281939225,-165.1313683739827,324.7868121364066,-188.88419994531904,-10.183169189411577,109.08503116654818,-115.74857192833464,77.37652998506113,-21.118138171559046,-24.988206392940874,43.63873297923246,-41.916400277897836
EF_03.09.2024_20240903_232300.WAV,552.13513,1.9459101490553132,133737.21984206812,42263.48785371927,8.153581373963993e-06,0.7215340502579617,0.0016203654,4114,-1610.6851583492291,-207.30809279536305,-133.9818668752692,295.31511851913746,-187.583640884619,-6.0839018792685975,110.61780247892686,-110.99394095182748,67.46242147685031,-17.22154959341525,-23.95275310490842,42.85173651642722,-39.42317692073936
EF_03.09.2024_20240903_232200.WAV,524.12067,1.718507780317288,133231.92001827055,42261.03946546174,8.49313360470869e-06,0.7214445790917373,0.0016130992,4107,-1680.9549436976256,-227.37972362116432,-164.87255029291768,324.4922900359034,-188.8073344955129,-10.206924408678256,109.13874890492971,-115.71704058244984,77.2405187709216,-20.97401605034295,-25.071233861945046,43.60638309149498,-41.77163618266094
EF_03.09.2024_20240903_232400.WAV,520.04736,1.7312138965516717,133450.68005395358,42263.608637863756,8.328759072593856e-06,0.7215589613824962,0.0016162494,4104,-1661.5896130985911,-221.89053429108935,-155.73747856319997,316.6430255239278,-188.8523772268992,-9.420754149292986,109.6959563836844,-113.969108701911,74.5296851531432,-20.32073938141036,-24.834833992183086,43.604034627955244,-40.966025132707095
EF_03.09.2024_20240903_232500.WAV,524.00757,1.7033961768173107,133649.0044897239,42265.28847143186,9.257711066364013e-06,0.721483879872059,0.0016189272,4125,-1673.3321479365889,-225.31498991416456,-161.33265399270937,321.5373343383726,-188.89084730329117,-9.907237096068483,109.3495513517925,-115.02085025858415,76.24217134741001,-20.818922433833986,-24.942105084550093,43.662731855920896,-41.56569281748116
EF_03.09.2024_20240903_232600.WAV,521.74176,1.6859528858747022,133658.3091355989,42265.04812124235,8.042584692061852e-06,0.721570681989226,0.0016183282,4115,-1678.48806884054,-226.8863928546812,-163.9034497377871,323.7759830843451,-188.90818151965237,-10.119834344955427,109.19086604202276,-115.4967067347422,76.97296295095869,-20.984389815787242,-24.9584890433046,43.55253903247937,-41.73851185825291
EF_03.09.2024_20240903_232700.WAV,523.6658,1.2676961789422991,134152.959870059,42264.23580711476,8.139806520973724e-06,0.7213917783386478,0.0016250015,4083,-1629.9292612316494,-212.9655623413686,-141.87808947150722,303.6330001632935,-188.4544059995265,-7.505306080271067,110.4888881548814,-111.98992346243814,70.14053225451765,-18.60633102021359,-24.358667396112505,43.35873683670089,-39.941884346725956
EF_03.09.2024_20240903_232800.WAV,528.0838,1.9459101490553132,134177.41488588677,42262.194656993706,8.179185728881657e-06,0.7214730489483483,0.0016245819,4135,-1662.3152073532685,-222.38785519359575,-156.4299475927272,317.3491702001631,-188.95277550218907,-9.518096071944173,109.75111215243113,-114.14198313984357,74.7354256229593,-20.365913254518706,-24.887887650605922,43.659786151385255,-41.048023906377395
EF_03.09.2024_20240903_232900.WAV,521.9225,1.5535406985771183,134122.90049585546,42261.722639900465,8.158185264377131e-06,0.7214379258100293,0.0016235047,4111,-1681.7269474656057,-227.95059896782493,-165.56724241663758,325.30224133883013,-189.01265150166913,-10.255064692175663,109.16945303193926,-115.87384877274002,77.48122601885139,-21.096062927505574,-25.054078969384175,43.60829282334548,-41.83125706672073
EF_03.09.2024_20240903_233000.WAV,523.3616,1.615932198775965,133386.60883941155,42263.01300616022,8.26933748086856e-06,0.7215357909421295,0.0016146254,4099,-1679.92615194739,-227.1748310828601,-164.4754372759668,324.19267220691495,-188.83395482823065,-10.172958769224762,109.14591434369791,-115.63104483754195,77.14854636594458,-20.96726963223605,-25.047219813753372,43.57395607072586,-41.74182816122421
EF_03.09.2024_20240903_233100.WAV,521.0116,1.7206774957149251,133618.99815692214,42262.39976981362,8.238950777607232e-06,0.7214923125198052,0.0016174474,4094,-1683.2266662729724,-228.24594686667263,-166.24413181014438,325.7213260389298,-188.84085526547298,-10.319196074060157,109.03283815769208,-115.93033860795833,77.6420398054294,-21.147015746621435,-25.016289918971466,43.584910643449234,-41.93529996791815
EF_03.09.2024_20240903_233300.WAV,522.1846,1.6144482036365257,133651.72681352377,42262.14039071535,8.474731479718557e-06,0.7215761748148222,0.0016179617,4121,-1674.1211958745062,-225.60455644872943,-161.79010694065616,321.98596012951157,-188.8905163416084,-10.043395168125526,109.37408794580116,-115.05600808923026,76.31650675260275,-20.812491761987182,-24.98444276297795,43.61728194143112,-41.484135990892106
EF_03.09.2024_20240903_233200.WAV,522.2341,1.3877488337233364,133333.9865435875,42265.59225936842,9.487804608076708e-06,0.7215314585726452,0.0016148535,4113,-1668.6657999270687,-223.84498557996184,-158.87857604563746,319.42510213919667,-188.90054609908714,-9.674642881886383,109.46341713639143,-114.56188149278358,75.57338885173816,-20.65227792659411,-24.946238975278167,43.68993910460282,-41.285294225022106
EF_03.09.2024_20240903_233400.WAV,520.9415,1.6625113221000156,133823.7897468818,42265.25692343597,9.252711247560504e-06,0.7215133554573002,0.0016204781,4105,-1667.1399131570554,-223.66038765037385,-158.52014601493659,319.1565327938882,-188.9247784514407,-9.6659157427884,109.50505676054266,-114.47678328330936,75.43120673291658,-20.606315693774242,-24.90650298049552,43.610852385318154,-41.202681154521876
EF_03.09.2024_20240903_233500.WAV,522.242,1.659513440928242,132768.00242024174,42264.21186599102,8.190655924634163e-06,0.7215268167481977,0.0016081014,4075,-1678.4727374681406,-226.47267988939868,-163.26768234858991,323.17951559761826,-188.84101804128545,-10.089742701567172,109.19248670964517,-115.34992090428052,76.81625182768362,-20.95969039521215,-24.998260229297202,43.62707925653397,-41.67720256385232
EF_03.09.2024_20240903_233600.WAV,520.8868,1.6878165462429071,133003.4588099659,42261.31944839294,8.21755576130388e-06,0.7214530117394835,0.0016102307,4107,-1683.4828297487918,-228.063929231012,-165.92134818010007,325.47712110547155,-188.86595736637628,-10.319254586932125,109.0872265896874,-115.85336779385271,77.50485317478143,-21.11278495950187,-24.98004785949013,43.554099341181114,-41.906341334486264
EF_03.09.2024_20240903_233700.WAV,521.27026,1.515561856844414,133421.92969932308,42265.36406806615,8.318402561479301e-06,0.721641817948883,0.0016155548,4119,-1681.451826298984,-227.59630301813417,-165.05048475309283,324.7763477808367,-188.9248745770498,-10.202297573759138,109.12102605081094,-115.73764490855443,77.36417476866255,-21.12032987094232,-25.01474475887802,43.67075035722664,-41.89673194202497
EF_03.09.2024_20240903_233800.WAV,522.05945,1.678411306586765,133218.36329774436,42262.75664807849,8.069380027497583e-06,0.7215027953066823,0.0016132985,4101,-1662.7507575523102,-222.13572613442366,-156.13156060037724,316.9999544692152,-188.84178285629997,-9.51718876295291,109.7161429055104,-114.0108528749314,74.58599328624722,-20.33638130340734,-24.81555425754171,43.59019028250937,-41.02225283053895
EF_03.09.2024_20240903_233900.WAV,530.43524,0.5402041423888608,133341.95368740338,42264.25314523637,8.09248793092794e-06,0.7214836477808366,0.0016146351,4104,-1675.6335813306289,-225.8972419817439,-162.34280749051936,322.3654863421312,-188.85678183330256,-9.998605152475374,109.29321932049977,-115.20687355527429,76.50716973893526,-20.86084660903597,-24.959835455095746,43.61619666767014,-41.61229260636757
EF_03.09.2024_20240903_234100.WAV,523.9066,1.58279295240183,133919.39814680495,42264.45789805892,1.0572004350704967e-05,0.7214704185811613,0.0016222693,4114,-1676.7723441571684,-226.42800917773314,-163.17229857721404,323.1136329015626,-188.88127006683115,-10.038145746387823,109.19660892396989,-115.37112955638446,76.8278462567094,-20.968173247262847,-25.00957053074095,43.65827831439748,-41.68264025869321
EF_03.09.2024_20240903_234000.WAV,521.9083,1.6159951046818382,133857.39364591925,42263.02185964816,8.225953599761689e-06,0.7215680129401687,0.0016207962,4129,-1672.0031941113257,-225.08472342591045,-160.87362639361305,321.21924419219613,-188.92491373661608,-9.936481959963716,109.41581178189428,-114.87681255427032,76.04654735683629,-20.775819949887886,-24.901937035058623,43.58849780080007,-41.4451710812797
EF_03.09.2024_20240903_234200.WAV,549.97473,1.9459101490553132,133791.85346752778,42262.879780694864,8.077091972120213e-06,0.7214539401043729,0.001620758,4123,-1674.4955171647994,-225.71437509734434,-162.0651115473816,322.10949074107646,-188.86384131185758,-9.935319616480616,109.304127906067,-115.19778574162856,76.44379894189085,-20.80716541552196,-24.994074087199188,43.635258747937435,-41.55831902544249
EF_03.09.2024_20240903_234300.WAV,529.05695,1.3468943103355728,133841.53585109583,42263.81869067651,8.624185924264009e-06,0.7214931248390835,0.0016212916,4109,-1675.669882386396,-226.0778011991163,-162.66799259980172,322.5974516986444,-188.85792397641745,-9.936689329561831,109.24664883862819,-115.34945160794753,76.6400221047174,-20.83578140143642,-24.99635244766001,43.60388752333127,-41.62476209077739
EF_03.09.2024_20240903_234400.WAV,530.8579,1.5509162468355746,133150.130893955,42262.56962118942,8.194841645089812e-06,0.7214376163550662,0.0016124344,4119,-1679.8049613279668,-227.0216121782879,-164.2766936812575,323.9420359187947,-188.82141894119155,-10.08617472841099,109.16030327227288,-115.63165282384963,77.05192754728058,-20.939291863230576,-24.983597865024514,43.58322909454722,-41.78251405060749
EF_03.09.2024_20240903_234500.WAV,533.96484,0.6917614988524178,132818.10097018178,42260.518923290896,8.522625448226695e-06,0.7214827967796879,0.0016081731,4110,-1673.1373956415312,-224.97200821685485,-161.00890803004296,321.06481335485273,-188.72615100490836,-9.892911759706857,109.33930295493853,-114.91022629579953,76.0416255526524,-20.716377639528137,-24.94017391294985,43.62721262280982,-41.432645139085174
EF_03.09.2024_20240903_234700.WAV,528.15686,1.9459101490553132,133683.02251506408,42262.8693269188,8.155933105454243e-06,0.7214349473060089,0.0016190733,4140,-1682.6278342417324,-228.05422576086372,-166.00122149072342,325.4392075040603,-188.83029041577282,-10.230385925758037,109.05399797089231,-115.95379395207505,77.57430056380286,-21.099019382547688,-25.01758490231959,43.62498131127351,-41.97177870029621
EF_03.09.2024_20240903_234600.WAV,527.3423,0.6193762897414468,133452.3166686307,42261.60973478507,8.525414793082142e-06,0.721463146389527,0.0016163265,4135,-1681.0100225063306,-227.51843305959886,-165.10381019694762,324.65123318522484,-188.8206181893754,-10.146979605939633,109.10970416925993,-115.78939907643795,77.26820047839274,-20.969099383428095,-24.975701656251097,43.51711053711723,-41.83237763652318
EF_03.09.2024_20240903_234800.WAV,526.5746,1.387500906340176,133195.64926465703,42262.10838434337,8.335234745585003e-06,0.7214322008932108,0.001612956,4094,-1675.8139835284946,-225.8794222741333,-162.37661288142135,322.32391110488896,-188.78723091088253,-9.973214126043166,109.21500734807346,-115.21467648492775,76.57141294109547,-20.843804360851923,-25.049314320288012,43.63268079396306,-41.50370161104202
EF_03.09.2024_20240903_234900.WAV,530.9623,1.9459101490553132,133763.4871971134,42265.181060154384,8.230589551373217e-06,0.7216154369132733,0.0016198318,4105,-1681.4287802789318,-227.7717433249937,-165.49693726154916,325.03943271479307,-188.82714237468053,-10.23516193985339,109.0736095938503,-115.78780730125766,77.40571790586507,-21.115826959745206,-24.942009132664168,43.59167402055831,-41.95225338046516
EF_03.09.2024_20240903_235100.WAV,690.03674,1.9459101490553132,176907.9395651742,42256.376204006,8.319857578585137e-05,0.7217030126678484,0.0022529913,4117,-1158.7667852497639,-97.90432811348485,-36.43209775383072,131.29697078030003,-118.66225684110181,25.216578971695977,64.913084557838,-88.799039098133,49.014487515790016,6.317295067559414,-34.933242426432734,30.972282554553004,-14.73771649743232
EF_03.09.2024_20240903_235000.WAV,526.7274,1.651541478306396,133496.36929010224,42263.55774125577,8.200435543974086e-06,0.7214943626589361,0.0016167634,4111,-1673.986475941363,-225.50382244760868,-161.6770969720779,321.8044871848556,-188.87487532859302,-9.931168479390543,109.34072948103963,-115.08141562913166,76.27895882349196,-20.796890610245143,-24.90486252016351,43.58422391244173,-41.559535960290496
EF_03.09.2024_20240903_235300.WAV,713.11633,1.3709332086024781,2346.321351523879,42515.780431087805,1.1637831099551544e-05,0.7227509167729592,0.0019488803,63,-1469.0493205658827,-168.26476153407296,-85.4024408975916,231.11030288397276,-175.30724742438238,17.11312705267351,97.47189891111316,-110.93698624245994,61.237960431140486,-7.836980205540287,-23.480068391205197,35.859133097897804,-35.13229351339893
EF_03.09.2024_20240903_235200.WAV,587.6149,9.457406114017602e-305,418923.6762843907,42141.24792581339,0.005883653386521404,0.7177841523780994,0.0053737517,4033,-1116.632885243173,-102.76188988010867,-43.6358624433169,139.5294050982799,-118.90180631864717,21.094413432942986,66.15887356638913,-86.85379760413112,48.28489539732084,4.212260736269837,-32.655252345541875,31.07421659168231,-16.573432908594555
