filename,ACI,ADI,Bio_Energy,Spectral_Centroid_Mean,Spectral_Flatness_Mean,ZCR_Mean,RMS_Mean,Event_Count,MFCC_1,MFCC_2,MFCC_3,MFCC_4,MFCC_5,MFCC_6,MFCC_7,MFCC_8,MFCC_9,MFCC_10,MFCC_11,MFCC_12,MFCC_13
EF_03.09.2024_20240903_203741.WAV,686.03796,1.57066531487848,182997.7971434807,15128.602284128068,0.0020704889941627787,0.6077274077119883,0.0125504,1042,-744.595132118326,-132.65940824763766,-268.7683516096578,121.10739131866336,-15.659260701939965,65.57941477884302,-8.86008207027973,-31.86499545368765,11.181563619623056,-19.885505427818927,26.456972207418403,-13.745803029978182,4.679639099272957
EF_03.09.2024_20240903_203800.WAV,696.2613,2.1162329373152176,472945.84742223524,15189.615850568096,0.002397371992303013,0.6135221184498325,0.00800539,4112,-799.0679006739447,-121.91369968699374,-237.4818784960254,114.3776872371352,-11.805966642340058,58.38889235247051,-11.553681465830271,-31.642764737316593,10.328206852204005,-20.20748041544133,28.47527079698025,-8.686646974095101,2.2393195395718295
EF_03.09.2024_20240903_203900.WAV,677.6013,2.1673296880923862,272075.1360346619,15247.225960850255,0.0022812805372095404,0.6157704663649479,0.004484593,4136,-842.2418012175618,-132.67840774312302,-253.78799835398473,120.01735414520846,-14.738324345898302,67.40415368862999,-11.18650974194768,-30.746683975377735,7.6841226353773715,-23.79173891415021,29.06986770090768,-9.701117288403234,5.6835771492791745
EF_03.09.2024_20240903_204000.WAV,529.8647,1.9432417579466443,226122.6009099805,15244.797006677596,0.002355194454513082,0.6160546911357502,0.0034603458,4123,-1004.065949828597,-205.04806314922112,-410.75869636334977,118.31939487800315,-74.5287245962643,123.0738745185385,-18.17270098835208,14.104239927388795,2.6218666107313155,-17.568050110918588,18.23573048106114,-22.159675903882917,6.378706090974979
EF_03.09.2024_20240903_204100.WAV,534.896,2.0499976256301844,225534.43559637002,15244.467000757939,0.0023462287073088236,0.6160630533611783,0.0034557336,4129,-1011.6023296092189,-208.8078409265413,-418.612412003905,117.3295106193367,-78.80669386137168,124.65769226917566,-19.38246267427016,16.7871687742742,2.3929682374317665,-15.46184320511451,17.87951495367646,-21.63506088624552,5.664542815923161
EF_03.09.2024_20240903_204200.WAV,521.4191,2.132323977893842,225319.5717892126,15245.979267967195,0.002355437220177735,0.6161065914696575,0.0034452302,4109,-1064.6595539009152,-237.10109346670427,-483.60909081930953,104.7654372845337,-119.73143296122304,132.56782606372647,-36.37449560545821,36.766345891833716,-0.7892725811836473,3.861034750419416,17.202888941049455,-11.381406966282505,2.7246374032012493
EF_03.09.2024_20240903_204300.WAV,518.39,2.1735705452400804,224197.80982169302,15246.644234129319,0.0023495100452475422,0.6162318430635704,0.003427703,4138,-1069.3394452478317,-239.14891775920896,-488.33084425259534,103.59820857286675,-123.14772822375477,132.6634729752618,-37.96581854540626,38.10621295392638,-1.2607272266311795,5.393352083822727,17.024384559956207,-10.207108366247997,2.681479487656216
EF_03.09.2024_20240903_204400.WAV,517.4718,2.2386129201464042,224639.3500662602,15253.966462860784,0.0023501126182618897,0.6169295435242926,0.0034354217,4111,-1066.8680564865447,-238.2774909056334,-485.35536456023743,104.40697196296662,-121.1902111686365,132.69100156755744,-37.08972166071971,37.310536229054044,-0.860000357219013,4.518419749349439,17.151086227398217,-10.85872827111765,2.410657288810327
EF_03.09.2024_20240903_204500.WAV,516.9602,2.24948829439878,224274.21096169707,15250.017667293225,0.0023536444107140043,0.6165107959966027,0.003429553,4097,-1055.4507654773115,-231.8160537823961,-470.85090226034623,107.65858048413605,-111.27737448912995,131.81439951575206,-31.93880979927292,33.41378614525321,0.3866760422309908,-0.13308154618896817,17.079002234636665,-14.297012761148402,3.0143199772579186
EF_03.09.2024_20240903_204600.WAV,517.48846,2.1796485101310576,224486.29623474175,15247.503008658277,0.002347254216802275,0.6162916511541325,0.0034342727,4123,-1064.2314098228426,-236.60392296764132,-481.9585381668403,105.03870667196874,-118.66324528856869,132.56764280866645,-35.694996230092826,36.438354718655155,-0.6668610270495275,3.324353299358017,17.16985852584926,-11.577073266288423,2.661966260844032
EF_03.09.2024_20240903_204700.WAV,517.86755,2.2414703732197676,224575.47507383692,15248.104918306652,0.002345647213073385,0.616518885540767,0.003438052,4122,-1060.6255464504616,-234.62019042178287,-477.2785243705106,106.28934595041724,-115.35558435420214,132.2387383149973,-34.348648301283255,35.141213131549826,-0.013739521234131963,1.922277311631379,17.10552428864617,-12.86738490450836,2.799737752376954
EF_03.09.2024_20240903_204800.WAV,515.025,2.2279457605915107,224499.69482937452,15248.984359287213,0.002351868998877447,0.6160476923166418,0.00343364,4121,-1067.163827980335,-238.2925403490183,-485.6837108298244,104.21083934285097,-121.26856223914747,132.7744067890587,-37.24448673725267,37.426222433163694,-0.9073248085718048,4.684417919300653,17.11081712985228,-10.826836290183465,2.622693218423922
EF_03.09.2024_20240903_204900.WAV,517.6127,2.1736300880278447,223944.70343330817,15247.538977170727,0.002350370067804615,0.6160647803425168,0.0034259818,4142,-1059.739724709537,-233.89425858631415,-475.7667254442644,106.47362516454088,-114.50031712330339,132.12260042661197,-33.74606243518619,34.86284813002032,-0.06178727844601295,1.420189291299911,17.341417519279673,-13.12658619756335,2.7071522312094474
EF_03.09.2024_20240903_205000.WAV,515.9059,2.272240556203064,224382.01072228685,15248.699179395577,0.0023511167791364315,0.6164909811580882,0.003432467,4129,-1063.4871227261397,-236.06182756714531,-480.92233350458145,105.37674115088711,-118.06968166124241,132.39388806068104,-35.25725433624831,36.183788517592134,-0.6262045404460574,2.999839937107034,17.220150678922074,-12.026558066051859,2.8270929473761477
EF_03.09.2024_20240903_205100.WAV,517.7334,1.973016013701053,225408.96802485603,15246.601820201988,0.0023527895923379128,0.6161992122056497,0.0034568124,4121,-958.8464951599203,-181.58176280554844,-358.0521067468354,123.65474782996286,-48.66045436267074,108.99650662854428,-13.009647837361447,-4.305121924100383,2.7141937274980314,-26.53430302216887,21.293048815074595,-20.81875531831329,10.126353664543515
EF_03.09.2024_20240903_205200.WAV,521.0969,2.244628360410446,226249.92159525154,15244.682077769965,0.0023418892966543905,0.6161892138926377,0.003467442,4138,-1035.0848495553712,-221.49839473191076,-447.3336288988857,112.49122089861673,-95.68173045916005,129.48079507250287,-25.467921299645333,26.21383682041851,1.889582386257738,-7.568284354029793,17.382869079047058,-18.67806592466485,3.8212104576186836
EF_03.09.2024_20240903_205300.WAV,523.0754,2.192787339998245,225634.41699784843,15243.609060724197,0.002345761783582624,0.6160736879304728,0.0034558356,4122,-1030.709541655847,-219.0461470262675,-441.5232456295636,113.42968901657277,-92.0716964645607,128.88615449270796,-24.1803589141012,24.291205882652186,1.959902201258675,-9.219266288065056,17.424459052899238,-19.37747143837649,4.267532516866046
EF_03.09.2024_20240903_205400.WAV,520.50433,2.302585092994046,224923.64048752122,15242.993749284698,0.00235148011443691,0.6158716311138775,0.003442243,4133,-1042.1303470773826,-224.75469629337746,-455.0171864666449,110.83268084317056,-100.49818994716586,130.50931895406345,-27.422872275921485,28.55912847094647,1.2880760863050784,-5.183139841658963,17.38385288049727,-17.37604729114607,3.6665041445495006
EF_03.09.2024_20240903_205500.WAV,519.8003,2.093726942534994,225300.6112871105,15245.573279660202,0.00234574926978911,0.6159895203136634,0.0034472125,4123,-1062.0613229348503,-235.62018224418227,-480.14992695980493,105.53108980933267,-117.28651106810788,132.41133232436988,-35.172310257204096,35.9092177492184,-0.409085292179566,2.61342306801875,17.24414824298926,-12.249345388766875,2.9725751885959766
EF_03.09.2024_20240903_205600.WAV,522.32104,1.7701931311342292,225629.7490094941,15246.700335701822,0.0023449749601172497,0.6160242417279411,0.003463451,4123,-935.0451007585126,-169.6545616888829,-332.3044595010328,124.3902105845438,-38.209121936403434,100.31722512340488,-11.995597355360673,-12.694842451372777,3.401822712770182,-28.507160928857086,23.330907388054648,-18.043583991136238,10.878368529168007
EF_03.09.2024_20240903_205700.WAV,517.7572,1.3977719144087246,225157.35180041756,15245.841906304437,0.002348567020438844,0.6157499243763961,0.0034456349,4141,-1060.0655771318884,-234.51315469205682,-477.3865193523096,106.14272634789349,-115.39951315736772,132.30022909982134,-34.082720391200105,35.15574957981105,-0.15522185160896518,1.7391238893207486,17.25607123007835,-12.902349354219544,2.902667502004556
EF_03.09.2024_20240903_205800.WAV,522.6883,1.767411848167145,226531.55161833123,15246.200195423155,0.00234966921300446,0.6162317521698157,0.0034715235,4128,-1042.9202814678474,-225.7038057297004,-457.3255847815708,110.32793984811755,-102.3763731398637,130.59732132395646,-28.18004784775508,29.240954459133096,1.589808708812565,-4.500378073032281,17.041203895452878,-16.677128469641836,3.62162865630402
EF_03.09.2024_20240903_205900.WAV,520.2294,2.200463522034074,226259.12425543394,15246.136156508857,0.0023408981884809046,0.6163256454183731,0.0034674827,4120,-1041.894204144122,-225.13091006320568,-455.6978939579765,110.9523178433983,-100.96014578999839,130.30842919248,-27.685384755951237,28.82767576072531,1.5820751150112993,-4.966589464332243,17.136881420936543,-17.317143315034247,3.6152256471769393
EF_03.09.2024_20240903_210000.WAV,520.8419,2.302585092994046,225256.07422473052,15250.469594492506,0.002347411355365309,0.6161504022594005,0.0034482938,4123,-1065.593150096673,-237.618306773509,-484.20974531989236,104.66868927712429,-120.37067531548458,132.639967962433,-36.573886234421124,36.94091221122156,-0.6743331093691893,4.057372040825085,17.056104495542677,-11.124034627645779,2.624624005454554
EF_03.09.2024_20240903_210100.WAV,520.432,2.21845824460098,226533.7614608587,15254.631277214501,0.0023349875954337836,0.6165457900921445,0.003475655,4115,-986.7694617822242,-196.3725769828395,-389.84923298232593,121.34835508196012,-63.70791364255301,118.3970723639473,-15.483874469328747,6.518456740595836,2.563928138768522,-21.874891060815816,18.981356531921183,-22.189996478859257,7.970552322315396
EF_03.09.2024_20240903_210200.WAV,516.01984,2.2720164160802376,224676.37758361473,15248.837547727011,0.002349828303938933,0.6163871804902736,0.003438589,4141,-1052.5602032663683,-230.42068466946805,-467.2727037911343,108.43737396644202,-108.55498377708827,131.78821232375114,-31.112423530671165,32.228353541486676,0.7657615524627858,-1.416137468075424,17.182768136868955,-14.9317162570014,3.080452483522579
EF_03.09.2024_20240903_210300.WAV,515.72156,2.2939212699685396,224904.2409370676,15253.652552805584,0.0023502552953480788,0.6165656958244137,0.00343958,4110,-1057.1708045863452,-233.07038738150044,-473.5245825146521,106.96797024020921,-113.2172937429812,132.31646622922764,-32.987590330050764,33.96750061046148,0.4260145976156537,0.6444467500784938,17.12510006384738,-13.595707675324991,2.919520359835113
EF_03.09.2024_20240903_210400.WAV,517.7966,2.2837936615325383,225188.14699346886,15248.300585912799,0.002347042971521607,0.6163201008993392,0.0034479168,4115,-1056.3424427622253,-232.60300175228988,-472.48163203630344,107.25148792236466,-112.19731153043143,132.16497780509687,-32.621734793228,33.54626671951255,0.437058565400184,0.31136472688228845,17.056734991485357,-13.626307585265643,2.8213765095278798
EF_03.09.2024_20240903_210500.WAV,528.7069,2.160992752460818,226547.5893259787,15251.037260934834,0.0023403367301085545,0.6162432956766567,0.003472657,4142,-1012.4151833208102,-209.6199753500446,-420.14625759836764,117.3032995718308,-79.75199541509501,125.1548723317535,-19.81900719290882,16.914926588995957,2.7782920099147272,-15.210984447543003,17.642481474538744,-21.32181824354341,5.695434920798823
EF_03.09.2024_20240903_210600.WAV,519.81006,2.2976779526281006,225933.42119230825,15248.187139431191,0.0023422653720002224,0.6162477494706348,0.0034618492,4131,-1011.6502962906692,-208.84009185018778,-418.87534824543116,117.29155577767293,-79.11023748566791,125.0524425635979,-19.445085393343355,16.450605243788814,2.8139685749261805,-15.450076117673783,17.636443477239848,-21.638376075446587,5.924245751969118
EF_03.09.2024_20240903_210700.WAV,520.8666,2.277866792932301,226778.78706905388,15249.845044111675,0.002347690576045045,0.6163653659891567,0.0034724376,4118,-1028.8685173180718,-218.42315842463285,-440.39253475624776,113.8297666852735,-91.8402188612724,128.53645099140527,-23.82162032061085,23.72118412878616,2.2373610905435877,-9.608283028271462,17.397272837048007,-19.42022585184248,4.49544521451132
EF_03.09.2024_20240903_210800.WAV,524.27124,2.302585092994046,226877.35550971518,15246.563401356068,0.002351420202360334,0.6163013767858805,0.0034746372,4118,-1043.1842752352832,-225.86734219362435,-458.1979041308578,110.30038043018097,-102.84426413175781,130.67016440771613,-28.29304851791723,29.222179369523957,1.3603638249168264,-4.3435500733822865,17.32117805095096,-16.638839198430603,3.638976451142451
EF_03.09.2024_20240903_210900.WAV,524.98083,2.2661001828511296,227588.62125875425,15245.392673947073,0.002352875769750407,0.6161594916348659,0.003492053,4131,-1028.02957058888,-218.09537487290817,-440.09060393700923,113.73787233264684,-91.53715521995295,128.2222276434061,-24.013160638916414,23.5417739067968,2.334476548844192,-9.49243813902379,17.318600129561474,-19.200034661984155,4.353333192406029
EF_03.09.2024_20240903_211000.WAV,523.60657,2.293159776512697,226681.8993495724,15242.312692596914,0.0023548594900002742,0.6158621781633935,0.003474538,4122,-1038.6258116556885,-223.30233728423153,-452.41919654913636,111.18079948586615,-99.22619698407131,129.9949443714202,-26.74940178842835,27.366404129141063,1.7637891589772043,-5.767793175783053,17.185403417977643,-17.568382599999705,3.8560111646126463
EF_03.09.2024_20240903_211100.WAV,525.71686,2.2938248866199022,227695.19096587444,15245.28190196596,0.002350166310113954,0.616215118612714,0.0034923695,4147,-1043.4793639609272,-226.31673530877924,-459.0711425619097,110.27090893622284,-103.47412735458727,130.46314953099852,-28.880838631382908,29.322445459935427,1.4422334794660578,-3.7280684591239828,17.27142449933573,-16.147448454906627,3.589086263816102
EF_03.09.2024_20240903_211200.WAV,526.87305,1.900607336891703,226994.11651472206,15244.099726901872,0.0023533924986003465,0.6157012962176563,0.0034862831,4118,-944.0432658841966,-174.57614057875537,-343.14789685162935,124.14829811861804,-42.50752248109388,104.11006614200862,-12.14265168237532,-9.564936655967017,3.071254850572947,-27.66403110748916,22.344217597997787,-19.184502064000586,10.748785247151751
EF_03.09.2024_20240903_211300.WAV,520.4395,2.270610119191857,225654.81716905485,15244.07567427627,0.0023538779662723003,0.6157346542256142,0.0034542766,4142,-1062.057350128374,-235.55382463995699,-480.43940009842345,105.33620788188252,-117.74139610525125,132.3872324227422,-35.153459345859424,35.42802676466317,-0.43089981034937425,3.116953654619103,17.065985305363316,-12.075829600077219,3.017354482181959
EF_03.09.2024_20240903_211400.WAV,521.39465,2.152860485921327,225836.6467330769,15245.767945935182,0.0023568807930744637,0.6160285137344099,0.0034588426,4132,-1020.3477765496663,-213.5567359235381,-429.3516777345291,115.61465135562914,-85.16800046424714,126.70141463502917,-21.324263594221676,20.108940936870255,2.196557999150245,-12.43212066667929,17.490895300008578,-20.504580929105263,5.116069806778021
EF_03.09.2024_20240903_211500.WAV,521.1193,2.033371651989449,225496.60084249216,15247.648129758862,0.0023472987360972234,0.6160126982211002,0.0034556661,4111,-1023.5945524880357,-215.0578391646384,-432.71420650558645,115.08322250384431,-87.18985713183848,127.2941479250297,-21.979644448020935,21.16011111745837,2.344659494201624,-11.418833994969951,17.27896541981085,-20.395185266401217,4.956467445600458
EF_03.09.2024_20240903_211600.WAV,517.90393,2.2107644147294394,225448.687206856,15246.391624028674,0.0023458159966088287,0.6165569700239668,0.003454717,4153,-1057.1143773769134,-233.0030239817844,-473.71358402405315,107.00763062343921,-113.05421546083814,132.22054636477512,-33.07559295494246,33.7778665175532,0.40171321830199747,0.9711318276843949,17.080551144140657,-13.651370283199475,2.949266963574718
EF_03.09.2024_20240903_211700.WAV,516.8148,2.29702665838132,225544.75318865763,15246.192735387112,0.002337930616475225,0.6162687459279598,0.0034559134,4114,-1047.242200199767,-227.92186544321356,-461.52962699308324,109.62747564338996,-104.88680990473564,131.18281352460184,-29.157275631795716,30.552997879067803,1.1864276369887388,-2.877951212493207,16.90957559017632,-16.24292372206402,3.272625250082885
EF_03.09.2024_20240903_211800.WAV,515.98126,2.3010285748553105,225166.3765990623,15248.591465490927,0.002344743787247729,0.6162263894382911,0.0034479816,4151,-1064.2747987599253,-236.87353435395553,-482.52955595505347,105.07243038268074,-119.11183583823727,132.59100329920182,-35.859969958473954,36.281227247760384,-0.4760321216706945,3.6781885561304253,16.982489787551547,-11.386262579123349,2.6419842568747782
EF_03.09.2024_20240903_211900.WAV,527.5978,1.7429005753459292,226005.12733088178,15248.699505483883,0.002347938026677822,0.6159868843947784,0.003465942,4124,-993.450352484572,-199.44353177463205,-397.50952381417414,120.19494901772347,-67.56337430623522,120.38471693058216,-16.35352788367646,8.944694213541199,2.7448886530672025,-20.355332756947853,18.344893071985357,-22.110954126061564,7.692586379763085
EF_03.09.2024_20240903_212000.WAV,515.9607,2.2844783336248073,224593.8891669208,15247.600660081134,0.002345773971997142,0.6160223329590935,0.0034376583,4130,-1058.7052416366294,-233.67942663408434,-474.94027349465,106.75337665868604,-113.83847665317825,132.07232670486616,-33.53419841593196,34.31825862144466,0.29568965753980425,1.3222960084163946,16.982547076400923,-13.18455765970882,3.0144112581684004
EF_03.09.2024_20240903_212100.WAV,514.7905,2.298899249779333,224529.54212809767,15249.659248787664,0.002349191641311577,0.616562969011774,0.0034376103,4121,-1028.7150142172416,-217.63759185520283,-438.0282471856607,114.05176800943241,-90.30716275081558,128.33765369785874,-23.17916507382476,23.2301894894574,2.2249797719627775,-10.111568777027212,17.06108694343944,-19.73376314205574,4.499448230947797
EF_03.09.2024_20240903_212200.WAV,515.9025,1.1977594934949853,224492.43899941925,15250.004234943153,0.0023498303842836,0.6163406428878909,0.0034404362,4117,-1048.2798003301946,-227.99107865431446,-461.608707495933,109.59909666161596,-105.12062041513343,131.27134201435368,-29.384871358028455,30.654716581324593,1.3707981160728697,-2.9849227692241884,16.969231796270307,-16.171461949733995,3.4810491218351123
EF_03.09.2024_20240903_212300.WAV,515.2782,2.005787698771886,224932.90361581527,15248.696513674617,0.002344073859220353,0.616323009499488,0.0034449927,4148,-1057.9725649755887,-233.59274126740192,-474.2834409853806,106.8286684940235,-113.42211679119367,132.3726877109922,-33.21664044816838,34.18511106115591,0.18424619555394706,1.209820787873256,16.84288020906158,-13.40412247886437,2.978949623636152
EF_03.09.2024_20240903_212400.WAV,520.4602,2.2114470762143523,224988.7560516433,15248.65890650743,0.0023523696943711712,0.6162193906191828,0.0034456651,4146,-1056.212663946705,-232.53575715472084,-472.15569312598797,107.34288105853139,-112.08682980636748,132.0561903231943,-32.56080494559843,33.53706857208484,0.26951108240916316,0.505630752338925,17.040950170874233,-13.839845683742125,3.102264633432555
EF_03.09.2024_20240903_212500.WAV,515.8736,2.300671303599625,224230.07492490922,15246.300864503222,0.0023563507342541264,0.6161244975393243,0.003432046,4126,-1063.9141720991843,-236.31474311055388,-481.1688706099728,105.19277141004248,-118.1273247306694,132.57281942788833,-35.347936996208425,36.018018538891575,-0.5255422316717437,3.406842375851439,16.893681317452277,-11.951287211618096,2.837563461389439
EF_03.09.2024_20240903_212700.WAV,528.8743,2.2131208030890765,224964.87376667754,15245.727943129195,0.0023556278009696898,0.6159353476358898,0.0034486493,4152,-1004.4803480804593,-204.82656018707237,-409.43058469883874,118.648065565078,-73.81074276691486,122.94731770036354,-17.911926371930807,13.279192799373424,2.5498922899417207,-17.445446573911113,17.823038169968235,-21.997205312104875,6.706072275430017
EF_03.09.2024_20240903_212600.WAV,515.6762,2.30043490362115,224112.95557723756,15248.17730753564,0.002348876239450502,0.6161624911287695,0.0034307418,4108,-1062.1866083214102,-235.35830793686915,-478.77748630185954,105.83154182676729,-116.53869387414336,132.4400647396333,-34.71132018225101,35.31647128380543,-0.19206158135504942,2.7208846204068773,16.878477070871725,-12.449054901618046,3.0190444760872133
EF_03.09.2024_20240903_212800.WAV,516.79944,2.2987390786432114,225271.51210368495,15244.749414353053,0.002342130291928623,0.6156500321400317,0.003454324,4119,-1034.1725830012379,-220.71182021460197,-445.06527828480426,113.00008031530174,-94.26973949173095,129.36563782589022,-24.907875494131886,25.29827416297928,2.0009000897046594,-8.005209924693084,17.066835164856407,-18.888607247069825,4.247340996700303
EF_03.09.2024_20240903_212900.WAV,519.25385,2.288363153183364,225700.26483537833,15247.681524217372,0.0023405405259414786,0.6159375290860015,0.0034608862,4141,-1037.548517657727,-222.73762577283784,-449.60628436452055,112.13718940983156,-97.17913696483686,129.8584117855045,-25.947285611599597,26.804504026850996,1.8370063087993294,-6.735479282495699,16.869331465333914,-18.02009773958803,3.968081325687412
EF_03.09.2024_20240903_213000.WAV,518.1482,2.28595423896706,225842.6056475977,15247.805626149364,0.00234092802386967,0.6161310418896594,0.0034605071,4115,-1046.67075498471,-227.6412761822782,-461.10781823851363,109.87103675244757,-104.61677310660403,130.95725364380692,-29.049303136122163,30.29741601358626,1.1826507130872086,-3.0559382909789004,16.99692532943552,-16.10359553271674,3.419881616607129
EF_03.09.2024_20240903_213100.WAV,520.21564,2.2940621602305646,225998.0902308082,15245.892390350984,0.0023403663798398293,0.6161284968645291,0.0034655172,4105,-1024.026146264628,-215.35448050304103,-433.5939477299661,114.99912943326262,-87.4234457324828,127.43976366459333,-22.239053484099134,21.383010902579098,2.3709486347717705,-11.278646251576205,17.218827514243923,-20.369772453199257,5.052533062417047
EF_03.09.2024_20240903_213200.WAV,520.3901,2.15763739589501,225804.01640682362,15246.483380346073,0.002347315944146765,0.6159374381922469,0.0034596669,4119,-1057.2757318199965,-233.14557663279248,-474.3787297875928,106.87883938899945,-113.60731078633665,131.91468694684667,-33.30834342986519,33.880479857074526,0.24035866393855962,1.2748669743176817,17.018987736699607,-13.399168369543965,3.2427494657887066
EF_03.09.2024_20240903_213300.WAV,520.7686,1.9293208952667404,226286.75351180395,15243.825488277085,0.002338180309190903,0.6161806698797003,0.0034707105,4124,-1043.8941671743398,-226.13754205863788,-458.09536817808834,110.38406997720683,-102.48137569694796,130.63662547918088,-28.187605643143733,29.14914293000195,1.3541786819100747,-4.011308596698866,16.979176713667005,-16.621586302166616,3.5704884244903177
EF_03.09.2024_20240903_213400.WAV,545.69275,2.302585092994046,224864.6472218605,15247.007961435422,0.002343325394974067,0.6160115166022897,0.0034484074,4120,-1014.7468559090827,-210.1714794703077,-421.3555872113058,116.91901493184085,-80.431606892187,125.3781856201731,-20.057173579306177,17.573223529217007,2.5623894769057207,-14.598203379658775,17.524303393249845,-21.407909301835456,5.801858981532938
EF_03.09.2024_20240903_213500.WAV,517.2808,2.282222505771752,224913.92458807817,15247.548800483,0.002339701975452615,0.6163109206301192,0.0034459315,4085,-1044.0933783014348,-225.93074103543435,-456.9247822315137,110.53585320584428,-101.86615489649844,130.8308164979317,-27.971412103213375,29.04134063440947,1.4103236747231018,-4.380964938753321,16.963397807035804,-16.86719383887998,3.587814825924429
EF_03.09.2024_20240903_213700.WAV,516.3978,2.298107596215488,224235.94235463731,15247.105116727018,0.002349332079985558,0.6163447331068503,0.0034335149,4143,-1064.8947165770699,-236.66394163201736,-482.2877214105126,105.06705290343828,-118.82812245962106,132.71145569271835,-35.69337782652069,35.973346263912966,-0.46380399397452177,3.631393519719059,16.883154764495284,-11.480516736631872,2.9224996774617753
EF_03.09.2024_20240903_213600.WAV,516.2558,2.205360907413015,224682.21387284828,15246.146738450227,0.0023447319595557192,0.6159787039568596,0.0034401717,4132,-1063.9913920105391,-236.5634193580027,-481.6089374959519,105.20300917652881,-118.3352608705141,132.6813152156701,-35.66878998882454,35.880966114008295,-0.42686455444988625,3.603600523310243,16.876107325807933,-11.72048512550986,2.886253367945441
EF_03.09.2024_20240903_213900.WAV,520.72754,2.2959684739035007,225997.2915464222,15240.866665893032,0.002349079478642101,0.615694297398548,0.0034627826,4145,-1047.2011393417272,-227.7381918179005,-462.1531677435502,109.38400258685425,-105.20084066914193,131.07626194441727,-29.57694248130282,30.400295633196293,1.2893175700477002,-2.704309509244565,17.002806412714587,-15.985488225328208,3.627808460824407
EF_03.09.2024_20240903_213800.WAV,517.03894,2.2972077223589453,225423.3792218636,15243.629534556687,0.0023459523213431054,0.6159708870939594,0.003453344,4138,-1060.930692996277,-234.979191006688,-478.5936844953207,105.87808149334579,-116.20094676068321,132.4254151501579,-34.4456343807813,35.08493443435406,-0.18423311148632046,2.4978810982087007,17.02571875658319,-12.431119953909578,2.9491444820281187
EF_03.09.2024_20240903_214000.WAV,524.0442,2.286379999227621,228184.22361615853,15237.28926572146,0.0023433619518709974,0.6157564687267312,0.0035027598,4088,-1043.619315547055,-226.42429884835562,-459.86145998089506,110.05903312237929,-103.58288157780221,130.43396114384817,-28.87053986909181,29.396969245279152,1.3621637088496674,-3.270751608298585,17.160590218946144,-16.276245892100082,3.6618564380184315
EF_03.09.2024_20240903_214100.WAV,524.9288,1.9995888011965077,227702.10290300817,15239.37457036539,0.0023455991623853073,0.6156643024595123,0.0034966671,4125,-1038.3837927122756,-223.5155762148444,-452.8264011738044,111.41876437457496,-99.22664656517544,129.6893610955666,-26.872566719292195,27.507632446518045,1.7417984350649016,-5.347978271002114,17.144784530826733,-17.61568290175062,3.8552779721141026
EF_03.09.2024_20240903_214200.WAV,524.04926,2.265917109533821,227383.63114737236,15238.37514246313,0.0023475745770724647,0.61556777329207,0.003488012,4107,-1046.0922581226562,-227.467729016259,-462.2909503346322,109.47027402964054,-105.35123185502535,130.56986424159703,-29.542001799591706,30.341951497603407,1.1549478001176987,-2.49188954792885,17.11829740584144,-15.81877826590055,3.5394727951276668
EF_03.09.2024_20240903_214300.WAV,524.15173,2.2793778980637276,227999.77933276584,15240.4783279643,0.0023423571166043596,0.6159427100300168,0.0035018271,4119,-982.7554280762714,-194.40762607887794,-387.1977678099935,121.38964885828126,-62.074583094684264,117.08043354506725,-15.186044058029307,5.379034088039901,2.921923521469053,-22.10828092867721,18.828712196723686,-22.073165883396598,8.604240441393227
EF_03.09.2024_20240903_214400.WAV,520.4334,2.2957259813354316,227814.52529349033,15238.987092259631,0.0023454538437507654,0.6155763173050074,0.003496139,4122,-998.3424439281154,-202.29059980331166,-405.144355589553,119.28186816423174,-71.36499366307322,121.64793774512009,-17.059094942165252,11.305213838172719,2.790277676060477,-18.48159022443107,18.105122562124645,-22.03075096287723,7.112914535813423
EF_03.09.2024_20240903_214500.WAV,526.79944,2.265308392913876,230043.14252537815,15233.92681370694,0.002338539990523238,0.6155661372044863,0.0035340844,4144,-1013.1451730421986,-210.72724926858592,-424.7305604025873,116.49416493376098,-82.00093068234457,125.18338745692901,-20.185629197995677,18.223347897654417,2.459151709507213,-13.633104578721037,17.67542567829274,-21.245211101447747,5.782958127136509
EF_03.09.2024_20240903_214600.WAV,535.245,2.2732181518933903,230230.32886420222,15233.991664267323,0.002337373436336162,0.6158118230233154,0.003538432,4118,-1022.4976858209569,-215.59946741141667,-436.0279251254812,114.43688981926812,-88.71965917123228,127.2912562507063,-22.540602761533794,21.927693357575478,2.431173681342778,-10.669315415870166,17.420171778387814,-19.9995226804824,4.936183256400122
EF_03.09.2024_20240903_214700.WAV,537.9447,2.099608636301901,235280.8246928352,15229.878011130259,0.0023423192668928917,0.6151363915324832,0.0036311515,4118,-960.8138284070965,-185.17470070374074,-368.62272399332164,123.25898952802665,-52.835633793614555,111.01107994902017,-13.020334041244848,-1.750943254767388,2.9206553127144974,-24.973656634565096,20.64797408791943,-21.2628939086894,9.673072224939819
EF_03.09.2024_20240903_214800.WAV,532.9844,2.246306792721452,233564.54733833522,15232.301868356712,0.002342904805640441,0.6153590812313849,0.0035955783,4114,-974.7397445202045,-191.84026935245492,-382.97421796463414,122.05712340556884,-59.67455053857188,115.36460602826858,-14.366876964249602,3.229524865554811,2.908026260819266,-22.790922576572104,19.645284811332562,-22.00490314985513,8.705263138564222
EF_03.09.2024_20240903_214900.WAV,535.00415,2.232608298841019,236088.9586344024,15232.07074152568,0.0023227427316122816,0.6154469754921351,0.0036395688,4089,-1013.5095323911255,-212.6097833734608,-430.4738084335663,116.19226781617323,-85.13180847131872,125.23488699750082,-21.142995541932734,19.520581228392306,2.40334798312511,-12.214255092338638,18.049746872612225,-20.476274650942518,5.580372489656732
EF_03.09.2024_20240903_215000.WAV,539.131,2.184223876013838,234745.68085001348,15237.723971397154,0.00233327068637697,0.6158842653457743,0.0036215018,4127,-982.1453136280144,-196.0317760499941,-392.35297149277653,121.31759818863802,-64.56784983288705,117.45820219159852,-15.093477740017343,6.809907663511813,2.7495146978552936,-21.290129806372864,19.14867452194918,-22.218390882028043,8.224925316058316
EF_03.09.2024_20240903_215100.WAV,517.02637,2.024868351477953,226796.38965713323,15244.429501019355,0.0023375936270804546,0.6162250260319714,0.003475126,4153,-1055.5111196628511,-232.756703071259,-473.1189979406166,107.38706807208834,-112.33921978431972,131.8714393424558,-32.688774638928976,33.57627500111867,0.14933138742844582,0.7332995271287114,16.9909060933902,-13.531698253110493,3.2555420466356844
EF_03.09.2024_20240903_215200.WAV,521.9244,2.245017868991567,225144.12531362634,15244.083009675718,0.0023424506888285335,0.6159442552238459,0.0034554494,4114,-996.178984295942,-200.43316789300005,-399.7120850949304,119.97825516490771,-68.48050422116194,120.81842908578818,-16.755746666154664,9.688145271314012,2.6592013978666262,-19.5801134333705,18.429875390986176,-22.252952135160914,7.337678339912272
EF_03.09.2024_20240903_215300.WAV,514.74207,2.2980603317015156,224299.9960554447,15247.724077004494,0.002343197209238506,0.6160785052994695,0.003436056,4118,-1030.7679464160199,-218.6553865570969,-440.09519352831364,113.90246286966423,-91.31816609978362,128.64720563058282,-23.723438903337787,23.89065575453099,2.033400548286889,-9.566501666911083,17.14928970336247,-19.47029674010734,4.4966152931740995
EF_03.09.2024_20240903_215500.WAV,514.9448,2.258167522979089,223711.61357238726,15247.877673286872,0.0023476354495336866,0.6160806867495812,0.003424163,4134,-1061.5273222891067,-234.86828687624129,-477.4450653421581,106.13445697831521,-115.50275321647375,132.64853766641386,-34.1367565940467,34.91752571254058,-0.062256703981974706,2.075839359915653,17.040638243124107,-12.751010703841096,2.8484728866256517
EF_03.09.2024_20240903_215400.WAV,514.57733,2.1101658527688287,224067.0107726206,15247.25371836517,0.0023503847740386817,0.6159588891183452,0.0034302813,4137,-1045.049451918392,-226.15337298855744,-457.43568025347764,110.40014544944283,-102.3473134207541,130.70139252520022,-28.30062629384802,29.28086588042033,1.5162843157490729,-3.9868037358406516,17.028635161455654,-16.834665363125755,3.438512071902315
EF_03.09.2024_20240903_215600.WAV,525.3474,2.0636710338813997,225145.9901970349,15250.596622221792,0.0023342659356107797,0.6162504762832743,0.003451733,4123,-1002.5638314132259,-203.93432793662785,-406.9642724054786,119.35220839997578,-72.38458027734886,122.30448676058623,-17.54197731760004,12.298059727643468,2.6174668778186954,-18.029571877543724,17.9956671600202,-22.09635280089767,6.7121558929837954
EF_03.09.2024_20240903_215700.WAV,518.67084,2.283426749750611,224835.54647789313,15246.92030193678,0.0023339011264236187,0.6159839757946296,0.0034473587,4129,-1020.0879097109421,-212.87246779215204,-427.4593860012752,116.20297218948097,-83.71485703235027,126.4614647028159,-20.92550976299823,19.28251329324338,2.4249862168130973,-12.960988974273402,17.33982658540697,-20.90756199957518,5.451840905616862
EF_03.09.2024_20240903_215900.WAV,514.69806,2.29964606226662,224548.02907484732,15249.30790051685,0.0023353462628822453,0.6164588047689408,0.0034406183,4117,-1060.7582794933699,-234.79869540654624,-477.1044617898859,106.47870631712587,-115.04884378847754,132.3656846359465,-33.96484492561298,34.80927075465993,0.07808897540716224,2.1476771450816807,16.75516068066833,-12.926247186655177,2.9516749529172506
EF_03.09.2024_20240903_215800.WAV,514.7202,2.3008763919078103,224421.189152312,15245.507523666749,0.0023405474210322925,0.6161202255328555,0.0034382401,4129,-1060.7532126317049,-234.64716587553167,-476.97121008716795,106.31764046708057,-114.93509894463871,132.4776398510933,-34.05091685197419,34.75662078218189,0.18070374896157626,1.9941727561205396,16.85379534995262,-12.88095101132659,2.7836174376309315
EF_03.09.2024_20240903_220100.WAV,514.00024,2.299823625530424,223746.82839764582,15247.903440254653,0.0023438451631533496,0.6159935196388682,0.003427524,4138,-1062.308698037787,-235.4615685917594,-478.3318758204659,105.89691985763108,-116.05299935701842,132.49988608260668,-34.54219920080655,35.4856348888276,-0.3612179404877719,2.564423771751578,16.865396057606286,-12.385786266362786,2.90017739191157
EF_03.09.2024_20240903_220000.WAV,515.12854,2.2987998077137517,223974.64721136764,15248.307134279026,0.002350182466687979,0.6160835044559755,0.003429003,4125,-1049.0995415016664,-228.30628230974875,-462.15965307752793,109.4905183975554,-105.2878216640659,131.38327776522524,-29.456691903980133,30.644719478579056,1.027250490791135,-2.792751091208884,17.071704381236092,-15.835686882095803,3.3044714066974827
EF_03.09.2024_20240903_220300.WAV,514.9536,2.2926941443060107,223636.05913710833,15247.872264113688,0.002349538855562574,0.6160878673561988,0.0034238999,4128,-1064.2386389066455,-236.36962994703714,-480.796119839512,105.19279600243276,-117.87269884886989,132.83346354397062,-35.38183436198275,36.011216386740685,-0.29548181380654504,3.3143794275645235,16.737250853383028,-12.056664248085674,2.8395626674263363
EF_03.09.2024_20240903_220200.WAV,513.9794,2.284620727160264,223448.2259758001,15246.992389495148,0.002345985214028356,0.6161684901165767,0.003422952,4136,-1052.7388066864057,-230.01452069006294,-466.20027475053007,108.52866957588559,-107.94292363446792,131.6861882309392,-30.509385108465686,31.992755400605738,0.8739407000834827,-1.411355005443623,16.76560942435322,-15.16370982489022,3.1431241899100275
EF_03.09.2024_20240903_220500.WAV,514.8955,2.3001169459141244,223866.86132091447,15244.95660149762,0.002345258755696612,0.6160757784868298,0.003431159,4111,-1052.6670314310431,-230.13255797650058,-466.3507304496715,108.58328431432064,-107.94512837836479,131.77261494637435,-30.600087574933244,31.800030120094302,0.7963162089240559,-1.1666349031341532,16.795661203555884,-15.199260129152051,3.1910536243085907
EF_03.09.2024_20240903_220400.WAV,514.8544,2.3010570856020705,224362.01956856708,15243.965021902695,0.0023384327271187637,0.6161039555507726,0.0034385147,4102,-1057.472240901839,-232.87400403670986,-472.8167478064015,107.21073384866804,-112.11588874277419,132.24698408378995,-32.76122090655299,33.7424016155714,0.40611560021507265,0.5997311919427125,16.892446917635347,-13.75795785775455,2.988452886972177
EF_03.09.2024_20240903_220600.WAV,514.881,2.3011655607104147,223933.39446557354,15246.479656170963,0.0023481196751547733,0.6161214980454207,0.0034292147,4125,-1059.6409474325967,-233.96049887305574,-475.31115573536874,106.55222798895153,-114.03171774673571,132.44770988410986,-33.44872617313512,34.36763713509025,0.10053160834615846,1.683864823024314,16.82550804572641,-13.252334824928694,2.893349271974186
EF_03.09.2024_20240903_220700.WAV,513.89465,2.2970414244314585,223741.6195094408,15248.74929480835,0.0023446382235272536,0.6162546573959885,0.0034259034,4130,-1055.972406901802,-232.01834705691877,-470.5003426472829,107.58050758670416,-110.9071066728878,132.15703679791469,-31.998844376361752,33.20611152523873,0.5963581098236448,0.034232877486808394,16.780239126776518,-14.25895993987757,2.9955905246537284
EF_03.09.2024_20240903_220800.WAV,514.34204,2.292496590917048,223886.27335293393,15249.610199366747,0.0023438746704714858,0.6161846692049051,0.0034276224,4115,-1066.2469180634068,-237.67872394329115,-483.4472446862988,104.77514389781985,-119.5711219211631,132.89578668296096,-36.238949614028904,36.64293834421899,-0.6564921223326894,4.007472382478121,16.661150470902207,-11.153301445899285,2.864413398170094
EF_03.09.2024_20240903_220900.WAV,515.5957,2.2603209332714025,224274.72599776767,15247.879620140726,0.0023339451069656634,0.6160688705614762,0.0034365472,4133,-1008.9893363502676,-207.09847890073013,-413.8822516393177,118.26292473490356,-76.11314344182922,124.03565092995325,-18.728906947673455,14.92512909800335,2.3921730903673484,-16.428490904033065,17.854430663214472,-22.101576492121975,6.406476293476011
EF_03.09.2024_20240903_221000.WAV,514.3363,2.3006325525351046,224042.92034274843,15245.354370554141,0.0023467366104238047,0.6156548495090283,0.0034333582,4159,-1057.970473525199,-233.181446849714,-473.1289750084277,107.12657057305965,-112.40451187393919,132.23718682463038,-32.98352013645106,33.9486629416645,0.40287332409248333,0.9050348149598084,16.72477255536933,-13.716579294186522,2.9419556036718086
EF_03.09.2024_20240903_221100.WAV,528.7344,2.108252911198978,224989.63216292625,15245.648004205394,0.0023467928148173454,0.6162282073133842,0.003449734,4132,-1014.6783088779689,-210.26129002523083,-421.2568430492118,116.88568750847661,-80.25273118647137,125.60426836001508,-20.2120416095193,17.313367442249742,2.523821003388421,-14.501069875079995,17.434453374625303,-21.253863819914987,5.717566875161998
EF_03.09.2024_20240903_221200.WAV,527.1688,1.979686185908427,225684.3346657789,15248.874833211088,0.002339940552755774,0.6158227302738738,0.003467618,4159,-967.8940343662183,-186.03169403469903,-367.43720313813486,123.09565301303218,-52.94649810530609,112.1422092994664,-13.74721510208047,-1.302280134701856,2.652428819929506,-25.282238747784582,20.45353647224042,-21.406762326922394,9.851250347884239
EF_03.09.2024_20240903_221300.WAV,520.1901,2.2930648998131185,226039.68792210563,15245.37623270419,0.0023334708105187747,0.6159882478010983,0.0034717843,4116,-1031.0650852028905,-219.06549967551587,-441.73073642405365,113.88584965902935,-92.11310169387006,128.43787986630085,-24.098357249441133,24.115456815101307,1.9918180825628555,-8.95157435909615,17.216353795928708,-19.345268830044933,4.561013066716703
EF_03.09.2024_20240903_221400.WAV,518.8473,2.294145654165958,224581.9526031767,15247.530593761436,0.0023473410637785907,0.6159624339747766,0.003440226,4140,-1058.8271703404423,-233.64021704437445,-475.0050862278291,106.70713753232114,-113.96024486522606,132.03640402598398,-33.70777701015272,34.19893982282571,-0.1009870290152752,1.3076023969402617,16.989330726446138,-13.12109566588057,3.090283659874941
EF_03.09.2024_20240903_221500.WAV,514.9818,2.298505515756928,223833.33398055861,15246.638859306388,0.0023432019872345125,0.6159298940106106,0.0034281432,4118,-1055.9424902870394,-231.94595029538038,-470.47521439726563,107.62163991774229,-110.77639408364713,132.11350894011426,-32.16530062331877,33.13187203629977,0.7119819214624507,-0.06062375279184482,16.793351533921832,-14.283253630903197,3.0845199864016988
EF_03.09.2024_20240903_221600.WAV,514.14844,2.294183421144762,223623.52841063516,15246.496253719928,0.0023437218174692533,0.6161175896139706,0.0034254792,4140,-1057.045294948214,-232.4528847163119,-471.6579072854584,107.34628500313049,-111.4953953644995,132.24851864955184,-32.458705410383295,33.51214046629478,0.3996199680935168,0.4134173928295848,16.953802973944963,-14.063214511088573,2.9530329798251835
EF_03.09.2024_20240903_221700.WAV,515.02673,2.300747422336446,223984.48145573257,15248.856925461647,0.0023425375168423662,0.6162623833651341,0.0034310843,4148,-1061.672765908639,-235.1774019715471,-477.7477913277602,106.08106137208941,-115.67695974129202,132.61921694852234,-34.33042734968308,35.23495077451138,0.06540016189239817,2.2207247020377596,16.74668591240524,-12.672926815667271,2.800379210438179
EF_03.09.2024_20240903_221800.WAV,521.31885,2.0686902511984853,221949.6493798019,15239.053587377648,0.0023372174036775267,0.6173680149967423,0.0034007276,4114,-1037.2236198384483,-218.44727927936592,-440.1260407195166,112.89543854495425,-92.01357085190985,128.20230313869405,-23.9524980249549,24.25676720071377,2.0001106555433155,-8.668783350011301,16.98355077425213,-19.11429554532302,4.104959338408256
EF_03.09.2024_20240903_221900.WAV,515.54175,2.2919805428601414,223246.31755638143,15250.106428614383,0.0023445581539282305,0.6162018481245346,0.0034177061,4121,-1064.4616953902148,-236.4295030977703,-480.6029280398495,105.36459953187774,-117.70300201667703,132.66342304875522,-35.30555493247595,36.178840461222975,-0.3728120125332664,3.0327538583163642,16.886633546682422,-11.93810148268491,2.664784192092706
EF_03.09.2024_20240903_222000.WAV,516.3867,2.1500811762139307,223146.21485137602,15249.127780459088,0.00235104330481422,0.6159649789999069,0.0034151748,4108,-1066.7680919857296,-237.52885329125087,-483.4064889490347,104.7594630398675,-119.6472323213952,132.77866566082366,-36.31918010609831,36.75988982235463,-0.6210333967135335,3.9447970079195964,16.874962770241048,-11.203589629579852,2.702949695105122
EF_03.09.2024_20240903_222100.WAV,514.61584,2.2997051012014946,223516.19958902313,15249.93430213874,0.0023466919155468086,0.6163001042733154,0.003422689,4137,-1022.1896509557878,-213.82304635937226,-428.8904093788389,115.73539397771592,-84.83046365372806,126.94810744712522,-21.52229524196963,20.112890683555246,2.469023698025461,-12.473936099836513,17.271528214274205,-20.770452775428968,5.08855173991165
EF_03.09.2024_20240903_222200.WAV,514.64984,2.300049055357553,223639.78380598588,15249.205509792186,0.002347966395916879,0.6160458744415488,0.003426598,4148,-1056.2105233626216,-231.9886155340702,-470.53341144366294,107.63235229955175,-110.92443348001986,132.15551829344696,-31.99659726063652,33.17722080294986,0.7188366000262504,-0.17025940264639194,16.791439396566098,-14.22023066148054,2.989634199582672
EF_03.09.2024_20240903_222300.WAV,514.1929,2.275788929379342,223909.8177880204,15247.038449783182,0.0023441731201903314,0.6160071537020663,0.0034315882,4128,-1051.324029381646,-229.5650841713661,-464.7364704885841,109.06908185264548,-106.86174316957428,131.43916412898702,-30.14318514354769,31.605333195210775,0.7368383613544549,-1.7401181984968994,16.783601952777612,-15.48438128649705,3.4462017606670408
EF_03.09.2024_20240903_222400.WAV,515.33936,2.30054941450332,223726.98256739523,15243.652958609771,0.0023530817495255115,0.6158726309451787,0.0034254913,4119,-1060.2230110669868,-234.40791538737471,-475.8779384074307,106.26704424604534,-114.2907177136365,132.5329437007497,-33.79728599759653,34.59644390574258,-0.024292679264468042,1.9132176742628455,16.747645600458636,-12.834888865885283,2.778629059541982
EF_03.09.2024_20240903_222500.WAV,515.20654,2.1720009224631918,223933.8977391532,15248.965413710053,0.00234431411769584,0.6160739606117368,0.0034298005,4122,-1055.5643365828448,-231.8956461833127,-470.10297079013185,107.7078791637259,-110.52586268232697,132.087673829777,-31.993433498785006,33.07344855713161,0.5789442804968857,-0.01923147212431135,16.87664655064201,-14.306568893792429,2.9488474264416284
EF_03.09.2024_20240903_222600.WAV,520.0733,2.260143779481059,224434.46890654517,15245.801462590007,0.002345747687533679,0.615678027416465,0.0034407703,4112,-988.4248434247066,-196.3128898694663,-390.0931196958428,121.0481722764311,-63.597158652212386,118.52956956281562,-15.63717165096741,6.513803106668582,2.6620754914494986,-21.68002066812501,18.692611893188648,-22.042876560521446,8.154797735083687
EF_03.09.2024_20240903_222700.WAV,514.048,2.3012254868051345,223346.4272146102,15246.7225669982,0.0023523040128379693,0.6159745228441456,0.003418026,4140,-1062.404010157906,-235.32784307612152,-478.1915559822089,105.86755325389169,-115.98574532032617,132.61521968549596,-34.55644370238661,35.20030214072063,-0.09602279970268798,2.507240631660662,16.755356613212435,-12.369061194949763,2.772769852378496
EF_03.09.2024_20240903_222800.WAV,514.7207,2.298805723001449,223942.6907726398,15247.081920570447,0.002347716619654267,0.6159280761355175,0.0034319926,4132,-1053.1644313652926,-230.5649797522937,-467.1383932229435,108.336016475083,-108.52673488670497,131.8430768629217,-31.112957217582306,32.312537776282134,0.7855714345782624,-1.164988858161752,16.905014241015717,-14.94825598101213,3.1463157560479167
EF_03.09.2024_20240903_222900.WAV,515.3363,2.300895431092967,224003.72819303683,15245.667184313244,0.002346447885760608,0.6160583268859363,0.0034320012,4136,-1058.731624898191,-233.60048013549118,-474.1501519324032,106.73509610361127,-113.20449719669743,132.438332316485,-33.3441588209166,34.23850646532053,0.18375941532061096,1.22901243053183,16.837275197172648,-13.485200693188107,3.0254226914660025
EF_03.09.2024_20240903_223000.WAV,514.22485,2.299868167308338,223307.42697787407,15244.828958899669,0.0023526336217341145,0.6157361994194435,0.0034199876,4137,-1061.2803187325392,-234.58705271541882,-476.6836721632412,106.18174138740613,-114.91044860866961,132.49104898226005,-34.00192451406991,34.8080746733174,0.07403411912572443,2.026566495710142,16.843415652733942,-12.828276589216804,2.8042690882661714
EF_03.09.2024_20240903_223100.WAV,514.8656,2.294016241765069,223650.18735466406,15245.503647043766,0.0023465767661930968,0.6159194412288254,0.0034247257,4095,-1051.1023384377313,-229.26639818860664,-464.34538237687775,108.97995991851003,-106.59830019019682,131.47760308615696,-30.056073131711756,31.368065209985087,0.8813539327260889,-1.9065644443979743,16.8459865024794,-15.46297659168347,3.2601154841163593
EF_03.09.2024_20240903_223200.WAV,513.9076,2.2861387962318065,223322.7677076862,15249.30862574931,0.002346364910086654,0.6161183167640079,0.0034191848,4126,-1041.6044017052368,-224.11987348291584,-452.3095391099895,111.51921371497927,-99.0705826392776,130.26078881239783,-26.63888395487479,27.821429855914637,1.4956333176276595,-5.747420030348008,16.98623357211696,-17.60682671915408,3.762057174781895
EF_03.09.2024_20240903_223300.WAV,515.4522,2.2731257268968528,223396.09350860855,15245.22661619164,0.002346820872595407,0.6161235886017777,0.0034217238,4113,-1041.6772287029933,-224.046739194626,-452.5908696940286,111.28182731614478,-99.02669803095077,130.36724631928635,-26.80575064099759,27.88319790234441,1.7237541403861514,-5.699152995513846,16.89882682068033,-17.70543928629723,3.72059787445334
EF_03.09.2024_20240903_223400.WAV,514.10675,2.249862981106968,223896.0590605378,15246.94105087194,0.0023406835222035904,0.6164159029167442,0.0034318608,4131,-1054.3950952832197,-231.13742033575178,-468.48118602250287,108.23797644931449,-109.33129330682955,131.78432568193026,-31.311039680313275,32.628739171159964,0.6570422810583568,-0.7678883475440647,16.89579946327301,-14.526622700431645,3.0602880865162123
EF_03.09.2024_20240903_223500.WAV,514.94684,2.301091849433443,224003.13174600186,15248.757827833952,0.0023409048884320896,0.615912987772245,0.0034317113,4091,-1058.7642095518233,-233.5949621580738,-474.0544164457846,107.04181978692286,-113.15531616984312,132.31059593017605,-33.01506571920801,34.11252520686492,0.18504881281210234,1.1513426114312648,16.948197270390533,-13.585487450402827,2.8726816190715905
EF_03.09.2024_20240903_223700.WAV,515.58203,1.994774128187951,223826.04305668248,15249.394191282578,0.0023416057349216137,0.6160764147431125,0.003427115,4120,-1054.8097607289606,-231.4021370771987,-469.0115497620242,108.00919646956935,-109.83882203482204,131.9406428383768,-31.535975721773628,32.74760021406883,0.6574395974566052,-0.4930659544422553,16.93766124876548,-14.516956388762981,3.057240270340313
EF_03.09.2024_20240903_223600.WAV,514.6626,2.2358330857118776,223661.45779317978,15249.678673558376,0.0023436441922271515,0.6160101531959699,0.003425872,4118,-1060.2493894937845,-234.36589067233547,-475.5710379024221,106.45490648042261,-114.25485073728001,132.51425422759561,-33.66196961684302,34.685460832707726,0.002182885122234256,1.5825492564846781,16.826405165370875,-13.070625082842447,2.942686358920038
EF_03.09.2024_20240903_223800.WAV,513.2794,2.299250699339952,223773.0229029647,15252.06605648697,0.0023466285755627354,0.6160346945097264,0.0034254708,4123,-1055.166948801992,-231.6994778404773,-469.5798090131933,107.83198329495187,-110.46437237815132,131.98461273891246,-31.64783146775322,33.113164186607825,0.516068827450336,-0.36693065944818093,16.917534511289897,-14.397688734623861,3.113347636862109
EF_03.09.2024_20240903_223900.WAV,514.0331,2.3010788928058794,223420.84972014325,15250.049596577312,0.002342915437495852,0.6161783975358339,0.003422056,4126,-1056.7161733536884,-232.32795685108147,-470.8453967419838,107.53480223051491,-111.11021879393064,132.27046150378234,-32.11947111648954,33.2406499345583,0.5889548807591412,0.04881920160014619,16.79121280718846,-14.031787460909392,2.810957133844188
EF_03.09.2024_20240903_224100.WAV,514.26184,2.3002517248892262,223165.21567970797,15249.52813108865,0.0023451054713950355,0.6163231912869974,0.003418029,4136,-1054.1232574687908,-230.77634696065618,-467.3959556204149,108.36672080566191,-108.77371583620446,131.86643836652067,-31.19688869752159,32.408922049442225,0.775891677411854,-0.9132477181555019,16.89336573851685,-15.00838112061342,3.2158262399030404
EF_03.09.2024_20240903_224000.WAV,655.5325,2.236353238957583,227416.8880525649,15248.507183468113,0.0023422767030528593,0.6162429321016382,0.0035284727,4100,-891.272182726105,-148.32788560810812,-285.9380457848359,122.84980133213006,-23.043870576398017,82.54029463005945,-11.883113750157795,-24.97970257618188,5.602395430911362,-27.234845373947433,27.020500548204698,-12.847353372680413,9.552164507720105
EF_03.09.2024_20240903_224300.WAV,515.0536,2.078221438037982,223484.71626137925,15248.019610513564,0.002346660882237631,0.6164046320911671,0.0034236354,4124,-976.8175675949441,-190.08726925845664,-376.20363867655203,122.30290806350257,-56.996654803851435,114.87134830161659,-14.330787373978584,1.7666762102089506,2.6053483046205748,-24.055686050644294,19.6231180247326,-21.836530330347756,9.278190753944008
EF_03.09.2024_20240903_224200.WAV,513.8551,2.3003990286579,223093.4243144178,15249.685089986093,0.0023530316423164897,0.6162375693701135,0.0034145475,4130,-1065.535129323502,-236.89729068070451,-481.82426007278855,104.91319965892956,-118.67590055907141,132.94352681968402,-35.7077555384253,36.23970076934739,-0.5266779969266573,3.601804927976607,16.92026539577254,-11.581833032060448,2.517122115047784
EF_03.09.2024_20240903_224400.WAV,514.6162,2.2995820580732302,223756.51615714395,15250.621489364197,0.0023448150194862252,0.6161563103534531,0.0034257274,4125,-1061.9720209895593,-235.21746806692738,-478.0860134403254,105.89255820908593,-116.2150510193508,132.46538316802986,-34.564077699864036,35.43891799095802,-0.1099496500401174,2.398173250839358,17.003266332666733,-12.51673161632983,2.793592135311906
EF_03.09.2024_20240903_224500.WAV,515.51636,2.297501755124029,223827.56596448497,15249.967735399872,0.002346461027044746,0.6161322235084699,0.0034273139,4133,-1043.5268366366663,-225.38292655005378,-455.1377563034521,110.8789800325145,-100.83006509984219,130.69395410270843,-27.55946327882841,28.683870875694655,1.476984032030473,-4.841233403469646,16.885921078770448,-17.162792214986712,3.6774152274808154
EF_03.09.2024_20240903_224600.WAV,516.6853,1.245436025099222,224035.04142727182,15247.881966752404,0.002342604607659065,0.6160681434114389,0.0034402206,4140,-940.8139681804226,-172.10022720493697,-336.7845506724159,124.479821981004,-39.93866094357653,102.13918764480204,-12.221560471528171,-11.465939286025897,3.191027826539413,-28.05536280510619,22.674955002904913,-18.422551395599196,11.055061856273836
EF_03.09.2024_20240903_224700.WAV,514.29987,2.2903624824269313,223142.49893952382,15248.758987020303,0.002349196527132859,0.6157316547317108,0.0034193655,4118,-1059.0786771467126,-233.338158323887,-473.44258472876123,107.08121006273342,-112.8024656953015,132.16224528924155,-32.97544422005308,34.04649794483974,0.4006954404205397,0.9746020148113509,16.81477626203709,-13.60212873162809,2.6895740163021995
EF_03.09.2024_20240903_224800.WAV,514.34955,2.3008925877749147,223650.29225237688,15245.557358138323,0.002347122920821831,0.6159169870974497,0.0034243746,4128,-1053.723579845035,-230.76079480717897,-467.60729907542037,108.17906699345332,-108.82771226523482,131.87074495359994,-31.11463174286363,32.25108396952216,0.7487673202598724,-0.6600314721750149,16.7118109324086,-14.80002492369081,3.1853331770841393
EF_03.09.2024_20240903_224900.WAV,514.7565,2.3004496621104105,224266.8788487589,15249.404057504957,0.0023464311494141342,0.616312011355175,0.003436335,4118,-1060.1554422327551,-234.4706682515557,-476.13978898556445,106.4886832078724,-114.5841844819937,132.35272538398254,-33.750389207996726,34.72955749999096,0.15439620797754156,1.7105176175162764,16.801966782932762,-12.79343361817921,2.7826533284958908
EF_03.09.2024_20240903_225100.WAV,514.6039,2.2769104670017235,223505.31889979693,15248.380271419848,0.0023462028109276453,0.6160622353173865,0.0034237043,4148,-1053.5945300661908,-230.7278843751063,-467.19287676496793,108.2084328931174,-108.70871565020767,131.95802732029964,-31.062429344876026,32.45575321438709,0.7041998626126614,-1.0516011675087749,16.8856924703452,-14.882192912698734,3.067332973805778
EF_03.09.2024_20240903_225000.WAV,514.49524,2.2370384730182287,223374.33996276584,15246.675325504999,0.002354940916849345,0.6158941727650317,0.003419923,4126,-1059.9469960254037,-233.99817701591596,-475.1025144774449,106.40324822570061,-114.00061213390319,132.4164224828795,-33.71363822067534,34.54325392947216,0.257902809289592,1.6664368361121242,16.782744552465864,-13.11940656878622,2.7959912966596514
EF_03.09.2024_20240903_225200.WAV,744.33344,2.270724612956172,245383.72891799692,15233.304636491932,0.002329258791834505,0.6154419763356291,0.00396004,4103,-885.4343698238536,-146.613583063364,-283.9950379113106,122.34790522322572,-22.25064327520178,81.0673967236703,-11.82457368699513,-25.59405235508619,6.017633203232085,-26.899234422979582,27.10351326221521,-12.330237931214187,9.226840156741646
EF_03.09.2024_20240903_225300.WAV,750.13904,2.2174931926121326,237912.37669438444,15235.85632367926,0.0023420656278466487,0.6154910589631423,0.003794577,4099,-795.2033376002681,-106.11420143854134,-199.22259072756245,107.9074436594836,-5.364825908564485,44.91914541554445,-11.949490593910602,-34.41520496897255,13.734906709548717,-16.074150813753786,26.370153794625402,-6.170910451073172,-2.0564243323759737
EF_03.09.2024_20240903_225400.WAV,638.9989,2.294249556031095,232154.16249680394,15249.906174912407,0.002335554821952687,0.6162401143952438,0.0036218292,4111,-827.8611858796748,-120.13798896855606,-227.06143584468992,114.77159523703655,-9.819176219549066,57.10800834619769,-12.024863533879213,-33.52378217188031,10.835629207926507,-20.41991119555516,28.106124030008726,-7.508237378338534,2.386286474258722
EF_03.09.2024_20240903_225500.WAV,524.2446,2.302585092994046,228000.1781219263,15245.244917575134,0.002339745012968535,0.615929257754328,0.003499846,4148,-1041.33713059659,-225.28684668916839,-456.44564342908956,110.90164669221231,-101.66457962317344,130.20372769932249,-27.627454313605455,28.674175641621602,1.6883393544759584,-4.496717830448238,17.057724316204688,-17.026348780173855,3.6829543668047147
EF_03.09.2024_20240903_225700.WAV,530.2263,2.2787780050214526,230707.7459447132,15238.138096725923,0.002328108605878381,0.6153007274408973,0.0035497036,4108,-1021.6118462902944,-215.48018413240553,-434.8840908678098,114.99183091392531,-87.91335678010842,127.06230598904875,-22.474799211201475,21.59331478745857,2.5152263785400133,-11.046731612686386,17.437735140295985,-19.99367880202409,4.917571796660284
EF_03.09.2024_20240903_225600.WAV,655.4983,2.2484634583182137,233778.67511145637,15239.962393918446,0.00232649260104229,0.6157913719285183,0.0036270025,4124,-906.3287152004627,-157.58221287337366,-307.19221937586354,124.35038174506539,-29.194016409347256,90.1372441866153,-11.04885382082709,-20.335022273761325,4.2154269409827405,-28.123956135333902,25.55344612245499,-15.383715872534111,10.865389902903415
EF_03.09.2024_20240903_225900.WAV,525.3054,2.2734585995202075,227600.43013936788,15247.198360178656,0.002335458881294391,0.6162592020837211,0.003496435,4111,-1025.0138491586072,-216.56444004585555,-436.06781424462685,114.71448820369638,-89.04292749405936,127.56762942497521,-22.814237283354387,22.22934090967039,2.177020013730961,-10.434988313213738,17.2827566374753,-19.86907811316772,5.019699004217927
EF_03.09.2024_20240903_225800.WAV,538.61884,2.2564359349821808,229920.97299281353,15235.546977156386,0.0023343408070502095,0.6153858948890079,0.0035373755,4138,-1002.4319636548415,-204.97073002328094,-411.38564760335566,118.60638240894404,-74.4934061673178,122.64119822953023,-18.058938627137707,13.672845088335679,2.752901124377175,-17.061107721980143,17.96463846523118,-21.910601256557964,6.645252369777858
EF_03.09.2024_20240903_230000.WAV,518.4607,2.292526561443495,225736.92843511121,15248.855773446974,0.0023380073849554,0.6161286786520384,0.0034590706,4109,-1053.3166258643796,-231.21076801565388,-469.0637119004334,108.24196076302722,-109.82616057102281,131.72330198660526,-31.50900231520802,32.518308054746726,0.7838969396777958,-0.44219101851670295,16.906959657183737,-14.60155070013887,3.2010732135282236
EF_03.09.2024_20240903_230100.WAV,546.8539,2.0804349063406953,227003.37307560656,15247.050275642774,0.002342563181860498,0.615917441566223,0.0034857236,4119,-975.1318786813321,-190.1209954311118,-377.05480926785674,122.28476700529471,-57.50056574823918,114.78926377942562,-14.299519280816982,1.672261191206101,2.981133301683872,-23.71444956839471,19.60345397202223,-21.742893800734723,8.93211818966256
EF_03.09.2024_20240903_230300.WAV,518.22876,2.2759660347485338,226058.79103635353,15247.51261206552,0.0023386646281625648,0.6159317118857036,0.0034658583,4111,-1060.4709449556403,-235.24493703138702,-478.3698499684962,106.01194984298769,-116.1615853968573,132.45082086462418,-34.726070093276654,35.03690528906915,-0.027878331076314725,2.665694526457782,16.861287555235354,-12.424733062041447,3.022330031708427
EF_03.09.2024_20240903_230200.WAV,519.9752,2.297614385210114,226374.2514325853,15250.350377169758,0.0023405490429796883,0.6163287358060313,0.0034709193,4137,-1052.8126942781748,-231.0237892926932,-469.05869007911855,108.26194988078282,-110.00319157088478,131.52694001156578,-31.45726031844975,32.49324819520282,0.6906115226438598,-0.63618483727552,17.05521763674932,-14.423802316660618,3.3971959458246457
EF_03.09.2024_20240903_230400.WAV,519.9164,2.2603194466119927,225810.2661062261,15249.536444454256,0.002337528808449909,0.6163183739180007,0.003462517,4119,-1048.4331117481272,-228.62672559358268,-462.9487641115045,109.46969118133381,-105.86133262944396,131.3597887735694,-29.800282494433194,30.70219646327991,1.1941423149381378,-2.355341120513596,17.030358952986482,-15.859581303275608,3.438505844641399
EF_03.09.2024_20240903_230500.WAV,519.51715,2.2750484864683105,226275.58693121487,15249.519219144659,0.0023325025661214563,0.6161171351451973,0.0034703861,4157,-1032.5401531990965,-220.4134136655581,-443.82430662960326,113.37819613967211,-93.57347104196968,129.01481836865815,-24.73556264916881,25.02180608150413,1.9507666222542939,-8.251982581591635,17.075866992886453,-18.951344399838693,4.207877007822264
EF_03.09.2024_20240903_230700.WAV,518.74976,2.2800358745027993,225632.23497195906,15249.644592913392,0.0023373745064444967,0.6164921627768988,0.0034584736,4143,-1059.8243394599035,-234.89028290312504,-477.0795199691264,106.26858183068688,-115.28420500259644,132.38156486062388,-34.27608938952669,34.96863753078433,0.04267920111766171,2.1395418738692284,16.807111160179105,-12.632261177561023,2.871774932144337
EF_03.09.2024_20240903_230600.WAV,516.0774,2.2760877457148654,225025.01842865316,15250.388662606716,0.0023475827988957074,0.6159723413940339,0.003452009,4124,-1015.3728784443241,-210.6114180158501,-421.92578859606425,116.96034937898968,-80.82846963697273,125.52382943973988,-20.06186370806991,17.80365220791949,2.6081184478133626,-14.625117992714843,17.32649339768898,-21.23357135552448,5.905935464165113
EF_03.09.2024_20240903_230900.WAV,520.1363,2.297690919166479,227697.82062289384,15248.25833641217,0.002330441957985576,0.6162034842121183,0.003495592,4112,-1050.102076601831,-230.01683937015156,-466.86815182189383,108.7271123087251,-108.42875087635493,131.45276976944012,-30.54244398868108,31.713763855485595,0.8497686840625202,-1.3791035810594379,17.060300374891064,-14.924699422208054,3.272829367791565
EF_03.09.2024_20240903_230800.WAV,558.18555,2.162283062225476,229106.95182730572,15249.855568560843,0.00234226183512796,0.6164144486166697,0.0035302087,4109,-982.7562260751256,-194.54148365102012,-386.8803606058931,121.44637764695976,-62.488552660984745,117.40663855133738,-14.875793755241537,5.24038230579314,2.6656611451820704,-22.317762858922087,19.108702366555555,-22.138858503010134,8.566402282962487
EF_03.09.2024_20240903_231100.WAV,523.7506,2.2971916567367705,228947.95036243915,15240.083735378124,0.0023372645178880804,0.6157056591178798,0.0035208173,4104,-1024.5898274547596,-216.55456008131122,-436.92850130202555,114.62004414075393,-89.13406795711906,127.40573354651704,-22.99018833281294,22.41382956760259,2.2838067177891825,-10.25406955766887,17.400115019805558,-19.961200912599093,4.94878691647927
EF_03.09.2024_20240903_231000.WAV,521.08215,2.293726179415681,226929.7802293167,15244.9302627973,0.0023385957497160203,0.6156110387192851,0.0034829064,4108,-1033.3213106738422,-220.73142983548246,-445.6392121602035,112.97808893186216,-94.72154573856496,128.97327558141026,-25.025457653757005,25.411433642688635,1.9157608557685712,-7.6811627932438915,17.289326196661786,-18.74910808400608,4.3294831595515815
EF_03.09.2024_20240903_231200.WAV,524.07056,2.2985549563049483,230106.35050951844,15241.76815179702,0.0023339788107845554,0.6157258375314129,0.0035328337,4132,-1035.5248791913862,-222.8849177395326,-451.69933706021243,111.88990183790074,-98.54287260953409,129.2640238373162,-26.396541894443402,26.983373503310947,1.7207111391009686,-5.740744127232458,17.239819006977424,-17.645706074841108,4.250752990417623
EF_03.09.2024_20240903_231300.WAV,521.9292,2.2837270193223813,227707.1181322854,15239.869744707566,0.0023484531620180304,0.6158572699006423,0.0034944566,4149,-1036.3451722006562,-222.3539091109681,-450.367788921291,111.79208190628647,-97.6803114000184,129.56120633073778,-25.919644064622588,26.643739862153502,1.8396304018916108,-6.2797763487848,17.035571165262333,-17.987474236678,4.038994422529268
EF_03.09.2024_20240903_231500.WAV,524.2732,2.179639059111269,227415.12498227676,15241.750858939933,0.0023381147433612142,0.6158557247068132,0.0034906063,4105,-1022.6101460999851,-215.09413945094522,-433.19165464867393,115.08833410926269,-86.94924377051296,127.29822718436816,-22.08589716543926,21.087025498380836,2.4132522466403885,-11.40467901050662,17.278888690700008,-20.210634271101426,4.945188769603549
EF_03.09.2024_20240903_231400.WAV,519.4926,2.2976087038822963,225841.77551791124,15242.348292055984,0.0023390853342436556,0.6156912979046445,0.0034625758,4123,-1058.6437260339362,-233.87887671481218,-475.9741696265794,106.48711102743637,-114.3028855563667,132.0284901306489,-33.62581207790786,34.500313069797265,0.047045575131560026,1.6419445447129295,16.99448484244907,-13.061655464168682,3.094971604432813
EF_03.09.2024_20240903_231600.WAV,524.5194,2.2953700804939228,227708.0535506985,15246.782742699099,0.002337810754523557,0.6158932638274851,0.0034983163,4145,-1030.1763643239321,-219.2277536819766,-442.4159775493132,113.5455771795621,-92.94725667647818,128.44730177042615,-24.456077496432066,24.29537783654828,2.2340299314899377,-8.62387391862842,17.357233200011365,-19.140572758811295,4.582602967323361
EF_03.09.2024_20240903_231700.WAV,526.08594,2.1692236291744424,228536.91099076413,15240.521603757106,0.0023443535250597548,0.6155915874557892,0.0035090884,4161,-1027.4461713548087,-217.97436462646445,-440.25115196529146,113.86571751073666,-91.31838978936635,127.96840122406742,-23.840597413606183,23.470864479317598,2.289051901497141,-9.263863134852286,17.294805652088005,-19.27353162605419,4.716813940140152
EF_03.09.2024_20240903_231800.WAV,525.37396,2.279999432081873,228216.21375955266,15245.607264490147,0.0023427383828506757,0.6159328026107594,0.0035024716,4136,-1048.3754094485796,-229.09966382194972,-465.54935402904306,108.92756219465566,-107.82179892237707,130.85772872561796,-30.665828014211066,31.016436847962357,1.073931283182432,-1.2386528139156106,17.154716325589074,-14.862192822065921,3.579205287561284
EF_03.09.2024_20240903_231900.WAV,520.55457,2.265213665049404,227408.7957694553,15247.861562791644,0.0023360667864728095,0.6161827604360574,0.0034884408,4110,-1035.900268831773,-222.30997022700694,-449.46190344934587,112.05903231613283,-97.427948901191,129.54637055298164,-25.798492481432834,26.42775082773246,1.8525335682424477,-6.495791368627813,17.081825615770555,-17.920255665546286,4.0363383269014275
EF_03.09.2024_20240903_232000.WAV,529.9193,2.280983869246609,228570.34317515875,15243.091957128785,0.0023435784396556867,0.6158417270685964,0.003509918,4117,-1014.8025272368617,-211.27144338333227,-425.0957416960267,116.35985158930715,-82.73341501193624,125.55798484262783,-20.62004598696797,18.40829115074667,2.5920267626248834,-13.44173205010313,17.63182405235472,-20.90991768363381,5.735492570587799
EF_03.09.2024_20240903_232100.WAV,534.0504,2.257126312267117,232556.17488077315,15242.158987015533,0.002322522250614663,0.6156766640101452,0.0035828096,4111,-1025.3294501334904,-218.03217344560025,-441.0931764351524,114.10936169907392,-91.9874890978799,127.63661397587157,-23.78146358649114,23.264843221127542,2.2483270880589568,-8.940275537577618,17.66300826003244,-19.181712596818873,4.769539156397103
EF_03.09.2024_20240903_232200.WAV,529.05164,2.2903213000078635,230219.03175799715,15243.823320719846,0.002338607891088593,0.6160273321155995,0.003538543,4150,-1045.7910462681875,-228.34589575368605,-464.3162313731479,109.1682435347016,-106.99004422922863,130.74264922886906,-29.996779727238803,30.601695182889223,1.1442607588643416,-1.8384755677706848,17.156923974865354,-15.169023261640575,3.717770335961876
EF_03.09.2024_20240903_232300.WAV,533.8632,2.1818032392893114,231585.96276077052,15245.752370019836,0.0023364281784249387,0.6161037737632632,0.0035880893,4127,-919.7644669006548,-163.3658930867399,-318.92768391815264,124.65431077981556,-33.389488757557324,95.05503160670735,-11.385098543099353,-17.118235752089053,3.856373075558963,-28.296440655851256,24.414257102942607,-16.655730206401937,11.122734809990712
EF_03.09.2024_20240903_232400.WAV,517.3783,2.298105085749834,227295.3408664681,15241.62796794714,0.0023340835133464823,0.6158337284181868,0.0034851122,4127,-1036.509054017601,-222.4256265251653,-450.1483262639188,112.04550259522742,-97.32107170566321,129.54034910571917,-25.88935021479002,26.72573538115267,1.9838125069500263,-6.451010377584724,17.023357240977848,-18.309539629957136,4.055367678597631
EF_03.09.2024_20240903_232500.WAV,525.03357,2.292538889542897,231308.6951629069,15245.305766881256,0.00232612700071189,0.6159952466202067,0.0035532534,4113,-1032.7664349069826,-221.83866357090474,-449.3074055315652,112.58949535841484,-97.00584257812191,128.93384773209505,-25.673993844975534,26.173919022115992,2.0168198693155146,-6.686344697652136,17.29097739047136,-18.199097278407468,4.253803426035915
EF_03.09.2024_20240903_232600.WAV,523.461,2.2923452179103183,228653.62182874847,15244.996319227535,0.0023376591258145447,0.61625293041465,0.003510235,4118,-1031.6699705397382,-220.3666192908823,-445.44925788900633,112.94153906432184,-94.65479592191262,128.97900477554936,-24.7405237721541,25.050784758249183,2.0045133815622083,-7.866594392567628,17.329692841770537,-18.703396087449004,4.219375011875995
EF_03.09.2024_20240903_232700.WAV,527.9394,2.25948877791359,227879.6793648656,15243.51086527639,0.0023371528648505656,0.6163056487923492,0.0034967037,4135,-1033.745692876767,-221.2663167631,-447.1548817553395,112.59966689184071,-95.62531677688835,129.1789940870803,-25.401977316453934,25.570573053786394,1.9384706937899796,-7.0705884027840185,17.165548335670458,-18.45273932294062,4.170100153836744
EF_03.09.2024_20240903_232800.WAV,544.11835,1.8697746356102958,230539.8639972728,15246.119718545006,0.0023229572985623806,0.6159133513472635,0.0035604583,4129,-914.1747088541241,-160.93260338054267,-313.6152510838481,124.52724894421348,-31.600022130952944,93.10442149824279,-11.267313960250892,-18.571516422165544,4.053172897849461,-28.336502648832443,24.706302456698072,-15.99239433491177,11.229561189795328
EF_03.09.2024_20240903_232900.WAV,523.5344,2.2965968428800285,228363.64793404454,15249.88665090378,0.0023218747301111025,0.6162372966888496,0.0035109816,4129,-999.693768707895,-203.4807592402861,-406.426238290177,119.5001439239409,-72.23125688543526,122.05706698224618,-17.418467906470383,11.853458578397788,2.7726798966746515,-18.091416170783926,18.06081881931274,-22.164722724705683,7.012012997942092
EF_03.09.2024_20240903_233000.WAV,521.32056,2.2925052023025723,227439.52388542084,15247.843775941108,0.002341291828680494,0.6161225887704765,0.0034919358,4102,-1027.2051643141835,-217.64537995157352,-438.76773721551524,114.13389331034408,-90.87598069161938,128.00430597071033,-23.526682089042975,22.97593742217591,2.2900760043639234,-9.515005106173197,17.41138109702198,-19.50990689766885,4.736362435580092
EF_03.09.2024_20240903_233100.WAV,520.03357,2.2965323566174622,226800.91856669247,15245.787976268071,0.0023349134563631943,0.6161184076577625,0.0034784437,4131,-1043.4813107699226,-226.20083118349868,-457.98975958044537,110.48792014853841,-102.56078712216903,130.4147614892457,-28.289164443381704,29.27582808959368,1.4306227718726847,-3.806894662465746,17.187470940127994,-16.716555183869673,3.4438715053761895
EF_03.09.2024_20240903_233200.WAV,523.6874,2.2452887686702225,227370.1065610194,15242.257678390552,0.0023395910475259626,0.6158635415697133,0.0034948043,4097,-974.4490959179693,-189.90887627394633,-376.8833741182126,122.41240395767028,-57.102818869008026,114.48779857627929,-14.179201542562708,1.528145905473716,2.837314874523205,-23.721870456661588,19.55486714078479,-21.807322779389224,9.347068830033873
EF_03.09.2024_20240903_233300.WAV,522.89856,2.290481515561557,227513.28868589373,15243.280375634116,0.0023430618407185647,0.6159937923201322,0.0034916531,4138,-1052.5187438408466,-230.89225491869632,-470.07721686847015,107.84646337724153,-110.57607448746589,131.25804280808208,-31.617381701185323,32.49062763402428,0.9616675875580895,-0.17225614703635264,16.935057189166713,-14.205659548072505,3.2403465007217247
EF_03.09.2024_20240903_233400.WAV,521.03,2.295075241269238,227466.4503754735,15243.872603900118,0.002333196418317074,0.6159284397105361,0.0034947286,4124,-1020.2419724602925,-213.86549941992462,-430.2433514114064,115.62243201352338,-85.40728268714419,126.66659302817214,-21.751709390174586,20.349316526156347,2.606029456353532,-12.257234381208985,17.431872338663446,-20.488200371388476,5.164144778628235
EF_03.09.2024_20240903_233500.WAV,522.5868,2.288631448330784,226845.69020316238,15243.573985937865,0.0023436725134700106,0.6160120619648176,0.0034799967,4114,-1054.9926809526046,-232.0771384035135,-472.56688394678673,107.29388928120046,-112.44462738107002,131.41391080698153,-32.70701744905675,33.356480218734994,0.45662382333700335,0.8898284147765171,17.267366546510672,-13.72051074893137,3.2582604736599086
EF_03.09.2024_20240903_233600.WAV,519.8022,2.2907317489969232,225617.5961579099,15244.9168942464,0.00234394684618073,0.6158093688919397,0.0034572142,4112,-1050.3001814928002,-229.27780555639845,-465.41970132246473,108.90237517461688,-107.47833057852878,131.17534064729335,-30.48429867228032,31.29673846888982,1.1632585559303454,-1.4619846535063785,17.015283920105375,-15.24361350057214,3.318047872751303
EF_03.09.2024_20240903_233700.WAV,520.04333,2.2803623428843225,226292.4716934055,15244.832646631055,0.0023404585118613126,0.6158698132387844,0.0034696192,4132,-1052.491489632794,-230.79157359014596,-468.6509900531961,108.18001746917923,-109.57740808693669,131.53105957091788,-31.413430044652955,32.41277693671976,0.7831505135549693,-0.6403225588919769,17.012750529919135,-14.548169366120149,3.261100569300101
EF_03.09.2024_20240903_233800.WAV,522.16956,2.2837995132707327,227064.0525750199,15241.772172226416,0.0023409593821366883,0.6157903720972171,0.0034846747,4129,-1032.239328393053,-220.0668545164882,-444.6538729087011,113.00364259490776,-94.1738612556141,128.7171232464107,-24.517948902557574,24.93688225481885,1.911613151093989,-7.832616774527203,17.181258209119278,-18.845152273408722,4.371457205944296
EF_03.09.2024_20240903_233900.WAV,540.35144,2.1149522357362733,229772.58868899598,15239.413094833022,0.0023270103182349827,0.6156331259016661,0.0035516263,4124,-982.9634519040774,-194.63963166396482,-387.7096759772505,121.48923396037141,-62.20245784357855,117.27086667795193,-15.16433568579523,5.383297197135388,2.805015905072789,-22.135886852712783,19.05497667182453,-22.236093714157064,8.574081284476483
EF_03.09.2024_20240903_234000.WAV,520.784,2.2848178785005957,227759.26421413096,15241.500134801943,0.002332285234723705,0.6158171857548399,0.0034956269,4135,-1043.6215410362101,-226.52357120484723,-459.20738296178837,110.29621523084508,-103.22195573066553,130.47656552515065,-28.36696692094142,29.704758025108102,1.4788285253459255,-3.674346957046394,16.96176285243237,-16.482072845829702,3.553185947384784
EF_03.09.2024_20240903_234100.WAV,527.5969,2.2337013427278096,229514.2441334391,15240.10144317835,0.0023330392751770668,0.6156544859340097,0.0035287999,4134,-984.7013525704899,-195.79275563160473,-390.48047518387466,121.14787985101661,-63.70614135604387,117.94936243810474,-15.401261247087882,6.190134898032863,2.850113707088068,-21.460174378496433,18.874962807137276,-22.109865336603512,8.346681649903084
EF_03.09.2024_20240903_234200.WAV,575.5508,2.137759987259171,235725.4918297084,15235.786486345727,0.0023227727669839506,0.6155002392323623,0.0036396359,4125,-979.2354345950259,-194.4298212893336,-389.2609562687312,121.32070300689236,-63.255467287617854,116.90659682813086,-14.673264466358646,5.493602437276881,2.911407243470756,-21.64530835850222,19.262412504080775,-22.37810582283544,8.585894720118667
EF_03.09.2024_20240903_234300.WAV,538.75696,2.1875732649841617,238901.73233877518,15233.591177402373,0.002318100631860845,0.6152119242426005,0.0036847775,4118,-977.9755496614786,-194.88933814569447,-391.5967962532882,121.34994009421622,-64.42242990853647,116.60205866297513,-15.180506313077304,5.865170053893814,3.2860355934792564,-20.939970932836168,19.780199305760398,-22.1121171226715,8.417017734270797
EF_03.09.2024_20240903_234400.WAV,535.006,2.267806067313256,239520.43284433713,15225.050703130537,0.002330612991016858,0.6151883827601452,0.0036931618,4112,-1021.649385901757,-217.3981159542348,-444.52399598808415,113.2864883704545,-94.42119590552302,126.04746755429849,-24.818762400957283,23.5929276944648,2.6801561195889603,-7.368933559218758,18.718045139594285,-18.149702517679575,4.991621772721887
EF_03.09.2024_20240903_234500.WAV,538.2526,2.2449877389508104,241340.5470968397,15225.44356330787,0.002314555240533167,0.6148024478778853,0.0037363805,4141,-954.8560556103482,-183.79118796704316,-367.2071850259859,123.60225215240558,-52.22939562926352,109.59805669151885,-12.748884554247432,-2.7592673262450975,3.3116610044167594,-24.686418054859853,20.940163097725254,-21.13759153660704,10.077309146146183
EF_03.09.2024_20240903_234600.WAV,532.3989,2.0800325258669567,238579.87819748494,15223.366145447877,0.0023023847292932727,0.6147171895360201,0.0036750135,4110,-1034.4246191569423,-224.4568028587197,-458.8157869758622,111.03451377916376,-102.21015529064131,128.58121500129383,-28.126892514119966,28.392580631389254,1.8787550848602115,-3.727801525903972,17.874386918510222,-16.717482630160315,4.037270637560278
EF_03.09.2024_20240903_234700.WAV,533.07495,1.9477595887217356,236635.9001215972,15225.769120963989,0.0023253483998514953,0.6150504060405808,0.00364391,4126,-1033.5994611887138,-223.19563180198938,-455.97344441352544,111.32245729342323,-100.82653332221804,128.36837415899126,-27.57873597936311,27.59039795476736,1.906593519317638,-4.42581508633171,18.07882098303065,-16.909548392860767,4.249680063864658
EF_03.09.2024_20240903_234800.WAV,531.1293,2.253001727244289,235526.15335325646,15228.061870750771,0.0023298790327719453,0.614692284647245,0.0036286875,4133,-955.8869006326161,-182.64769585763864,-363.8116269464436,123.56654164862441,-50.71711200852136,109.12128445228927,-12.864334708443012,-3.4681958796396186,3.4002085937403344,-25.40107543038284,21.02810955310849,-20.88183512685123,10.06160494520306
EF_03.09.2024_20240903_234900.WAV,537.01733,1.7521543854105415,236090.6824245576,15229.059962349498,0.002326260618685107,0.6150533146407298,0.0036336319,4110,-1034.4328681907778,-223.58470069609754,-456.46807618086183,111.0550981715507,-101.39433530680859,128.53162818411323,-28.044443320758567,27.896735503770042,2.1531861207496665,-4.406783316008412,18.003040025205955,-16.795227605744543,4.083530645308936
EF_03.09.2024_20240903_235000.WAV,527.7041,2.2913214320720257,236768.51933798022,15230.026424138841,0.002319069449489468,0.6149286993030995,0.0036446648,4128,-1035.2909089357886,-224.3551312328366,-458.10303672182505,110.96676502484361,-102.17012366530662,128.74785937178618,-27.916115987047725,28.394481592247438,1.9210232955208688,-3.9033378702679773,17.794392229609972,-16.751834442649233,3.9121663935464968
EF_03.09.2024_20240903_235100.WAV,707.616,2.200176635921694,772193.923620421,15189.76076002099,0.0020948113811741593,0.6127254346902923,0.013635413,4093,-745.0650383855193,-114.94719725946534,-226.12975461202439,113.37312514092008,-10.236153940671455,48.04276148939208,-10.389940162947028,-30.623150760042915,13.072568251215895,-17.41008131947325,27.154715638171826,-9.253294836513842,-1.6713772861221372
EF_03.09.2024_20240903_235300.WAV,655.4088,2.0268312875943253,6029.032023210234,15725.917498793202,0.002624705970332023,0.6333996000744048,0.006267329,63,-935.6167794569022,-228.66773169501047,-393.7064248820792,115.51132467429696,-87.97370750558966,136.52440771188927,-34.501112015936485,22.482120448289272,-1.9226674820532363,-13.298455647497194,12.76218275391726,-16.697467561244974,5.322901750067523
EF_03.09.2024_20240903_235200.WAV,611.0359,2.2152118185244283,3277388.4230187396,14994.27007470721,0.006847538806229728,0.6003633386948529,0.055877797,4098,-592.0284121670323,-122.34748314564087,-264.03958904365857,108.68685580913063,-20.299448915736583,55.71121144287346,-8.720792681486817,-20.55675131703404,13.026915130792865,-16.57073143886623,24.458699338441317,-14.251915599498643,-1.3544826926642242
