filename,ACI,ADI,Bio_Energy,Spectral_Centroid_Mean,Spectral_Flatness_Mean,ZCR_Mean,RMS_Mean,Event_Count,MFCC_1,MFCC_2,MFCC_3,MFCC_4,MFCC_5,MFCC_6,MFCC_7,MFCC_8,MFCC_9,MFCC_10,MFCC_11,MFCC_12,MFCC_13
EF_03.09.2024_20240903_203741.WAV,676.051,2.302585092994046,64894.61141103519,34366.41725428237,0.0004964973306225705,0.6920439613802559,0.0026075041,1036,-1113.7625408786212,-192.6107680799836,-161.28808370552883,234.90330942580775,-95.33109865361398,-0.26958074278751526,9.86512719788204,-11.276141682619281,24.85096441072218,-34.0202496083253,32.82826130727219,-19.853915484715472,-1.2085229188374258
EF_03.09.2024_20240903_203800.WAV,699.61194,2.302585092994046,285594.09332147497,34475.5475603503,0.00022315898693754394,0.6941315893197896,0.0029368056,4106,-1041.434578226577,-162.70169260248056,-119.80837972861305,207.90028094185172,-96.1897291689202,-10.763172215894798,23.528205766832155,-9.096853405547876,20.21821834560496,-35.02540178684276,29.392994747840493,-11.808418703082195,-5.069694011170059
EF_03.09.2024_20240903_203900.WAV,585.78406,2.302585092994046,233303.08610847272,34504.93373440059,0.00014894203220263463,0.6940915468939076,0.0023321973,4139,-1267.511166213871,-272.7298938095719,-239.6359286223077,299.3353983868222,-104.41703888836416,26.013855284019662,-21.4727644815003,-8.019130753906898,24.57334844262846,-29.8869449943043,40.85599598360455,-30.28488338226313,4.771684677880818
EF_03.09.2024_20240903_204000.WAV,522.21985,2.302585092994046,231000.1810925653,34532.069707763505,0.00014306975410665758,0.694417522238318,0.002310087,4136,-1390.0917815384214,-344.4955505994825,-332.3181331457894,328.2366888158878,-113.42382795009482,72.61434924272565,-36.96749441005325,0.059556556008570107,2.5325507119612,-28.17274068565376,41.467489839606095,-26.09351664917741,12.615501182089211
EF_03.09.2024_20240903_204100.WAV,526.90076,2.302585092994046,229775.4636248324,34532.2836533281,0.0001469548635499732,0.6943256200985526,0.0022979125,4098,-1390.6613172176865,-344.1769979514051,-332.06644065853186,328.07216800996497,-113.30188936461045,72.4920312135111,-37.006078523925936,0.03924640123938763,2.6570718098768404,-28.18925897593895,41.44862712987246,-26.143397452207005,12.659839836930688
EF_03.09.2024_20240903_204200.WAV,519.8287,2.2005521945122917,231269.31630244735,34538.60277788294,0.00014353936401860837,0.6946463231144698,0.0023138602,4141,-1386.483356804024,-342.32764393171124,-328.84887350352824,327.8971910006615,-113.03979470553833,70.99756474815909,-36.741670814165616,-0.6677272231301334,3.38383062543573,-28.080552186647864,41.79002842086277,-26.151301513585004,12.30448606330612
EF_03.09.2024_20240903_204300.WAV,517.2623,2.2778070890120485,230445.6428578949,34535.719221943975,0.00014306754716340346,0.6945717832978451,0.0023054385,4094,-1390.3204723455565,-344.2730598779971,-331.6608223394486,328.3489363771099,-113.40087378355587,72.31336222274568,-37.0146534728182,-0.061884093250285224,2.737658506496229,-28.130980315821706,41.460991486090066,-26.094938948917285,12.617747466672544
EF_03.09.2024_20240903_204400.WAV,517.72736,2.1694532195163694,230983.73483608407,34535.5291329413,0.0001426340896269322,0.6944153860362562,0.0023102087,4093,-1386.4484611925318,-342.2246500518202,-328.81848235348303,327.9138189844588,-112.86274359685952,70.89810196363496,-36.86104477872059,-0.6669233892469079,3.4322457156783037,-28.09345687872477,41.85368156478235,-26.17086432934775,12.342492857014234
EF_03.09.2024_20240903_204500.WAV,517.2932,2.24618745785397,230510.2673092342,34537.10789347573,0.00014321295231272492,0.6945033793807596,0.0023063668,4103,-1389.461374018769,-343.7798049276625,-331.1175577785571,328.19939139841875,-113.21464618032806,72.03919824854817,-37.0117042271193,-0.20908062999482263,2.937284499163157,-28.189880456373455,41.5181075614246,-26.034911592670017,12.556160177187635
EF_03.09.2024_20240903_204600.WAV,516.43176,2.267892344013411,230427.8680152405,34536.028246862035,0.00014280856356852788,0.6944846080732803,0.0023052746,4097,-1388.985703547473,-343.54672859423755,-330.6413277740019,328.104560151433,-113.16449019787922,71.91377628280527,-37.069395049401244,-0.31100161321796094,3.0249482918958397,-28.0321956378749,41.54809799415534,-26.18041492861666,12.556191398260935
EF_03.09.2024_20240903_204700.WAV,517.53534,2.273704633662784,230787.63921197838,34533.931766159054,0.00014285069971094747,0.6943618900824956,0.002308281,4106,-1390.967298030709,-344.86792150280456,-332.56761833214915,328.5228171475119,-113.53936481750101,72.72013914406264,-37.05196254781612,0.05814636878964285,2.5258236559726646,-28.092619803980945,41.38411689551445,-26.071773338410836,12.696096391874173
EF_03.09.2024_20240903_204800.WAV,516.6487,2.278651241412996,231052.71756713407,34536.16886163436,0.00014220073787371332,0.6943725256416969,0.0023115491,4142,-1391.1166526451514,-345.1904201208125,-332.7674232095922,328.52458070967805,-113.58552816336251,72.98249928039722,-37.18186072793869,0.11957182918773679,2.3689621521804423,-27.996049758227695,41.38959742628249,-26.090935453757567,12.681053477272501
EF_03.09.2024_20240903_204900.WAV,517.1541,2.279552574019458,230768.13148112406,34537.78020035773,0.00014203121359486988,0.6944352027192126,0.0023086825,4139,-1386.6584066541075,-342.23323209391646,-328.50904140496675,328.00265687535597,-112.90296582514108,70.76732134412855,-36.94705012020741,-0.6614837546685743,3.5589597491320757,-28.012265331983222,41.825116070285276,-26.284172908558393,12.275738095661104
EF_03.09.2024_20240903_205100.WAV,518.3011,0.6492483548708979,231279.40674042876,34534.741820206465,0.00014398480650163064,0.694365435268896,0.0023127268,4118,-1353.1926037874184,-322.2513271128565,-300.37589637975526,322.6601100338067,-109.10937748657254,56.3785879098429,-34.37319703130809,-4.782456013301676,10.55112927477346,-27.487230241490217,43.601684398862325,-27.764816434637684,9.613397365453032
EF_03.09.2024_20240903_205000.WAV,516.94556,2.2734126746234877,230695.47467715183,34535.804934622174,0.00014257680824874728,0.6944496107203528,0.0023080697,4104,-1387.2597005939822,-342.5513179011452,-329.1993863864791,327.9769025652199,-112.95378882409642,71.05371087964907,-36.91760684414628,-0.49635830904000233,3.3896351072151134,-28.093177138084947,41.651747091586074,-26.171933687666236,12.495131173627877
EF_03.09.2024_20240903_205300.WAV,520.46515,2.0815978877722006,231175.60215867613,34540.48633700523,0.00014284054404091432,0.6946091895594806,0.0023130395,4135,-1381.3854921390332,-339.31666906185933,-324.2786279081551,327.162848697478,-112.29348892453552,68.81491463687445,-36.64981690879786,-1.3614671410301626,4.42957360558304,-27.852529006983357,42.19614529724481,-26.44168409693433,11.957768624419247
EF_03.09.2024_20240903_205200.WAV,520.1147,2.285222429229192,231458.88786956726,34536.85873653146,0.00014256817261417383,0.6945360132760867,0.0023148996,4093,-1393.9648653826484,-347.1235862993831,-335.8917851102607,328.8236146187711,-114.09788658954672,74.47547937419843,-37.32763984749439,0.8334879504529474,1.714796909403132,-28.25608479440737,41.0799794976656,-26.02614460335975,13.009206579863477
EF_03.09.2024_20240903_205400.WAV,518.7174,2.302585092994046,230753.86592227782,34534.60673811766,0.00014357042811839982,0.69449428915922,0.0023077107,4113,-1393.051909239055,-346.11330809212393,-334.47123044042144,328.746325448096,-113.82572230198784,73.67837504504053,-37.21039001446551,0.43294503201148926,2.1636498531829518,-28.214125128918376,41.1468690251458,-25.97890369564987,12.887596633331638
EF_03.09.2024_20240903_205500.WAV,518.39294,2.2435946851413067,231051.7894886906,34535.92703650256,0.00014252788690884027,0.6945004250587592,0.0023110243,4120,-1389.788704700787,-344.34035305862693,-331.79698572575654,328.3358818123018,-113.37916872397834,72.36478764560285,-37.06576488110706,-0.00913452414745192,2.7332887266963906,-28.1613470695983,41.452151863114274,-26.026100760619173,12.547996562979996
EF_03.09.2024_20240903_205700.WAV,517.34485,1.4186109171026404e-304,230689.24034787816,34536.19073233619,0.00014267801852323826,0.6946192342542818,0.0023072192,4106,-1390.9964009399637,-344.9456328388463,-332.7785081986869,328.3696229201945,-113.44895405098902,72.93033340705524,-37.227866197406776,0.13129492437294396,2.559962662777027,-28.142027890740067,41.305237155947054,-26.056581158715233,12.742760964814163
EF_03.09.2024_20240903_205600.WAV,520.9667,2.302585092994046,231121.00043854123,34536.26672159804,0.00014259255899724948,0.6944734725518943,0.0023121703,4112,-1367.2247864665885,-330.63401729387635,-312.06045637523937,325.06298043536185,-110.48135532601846,62.4151651733818,-35.61448337622923,-3.2139951232036017,7.489469128051907,-27.733062363583997,43.17292384897381,-27.010899105737423,10.786119377314478
EF_03.09.2024_20240903_205800.WAV,520.89856,2.302585092994046,231325.84487475973,34532.82864537359,0.00014255583191544551,0.6945601478142744,0.0023135487,4118,-1391.982117688035,-345.8496098434433,-334.211746252643,328.5199417416447,-113.64594200559418,73.60925848010886,-37.239871668460836,0.374458144055272,2.132323375911456,-28.175895407878848,41.27773067886292,-25.9643067269576,12.762200904150372
EF_03.09.2024_20240903_205900.WAV,518.9184,2.168748007902606,231909.07715379726,34533.14516641465,0.00014245412102766234,0.6944681547722936,0.0023196589,4144,-1393.2885414419925,-346.9218019713454,-335.58306722002845,328.85042383260935,-113.96856404196134,74.1969950190502,-37.32864559807356,0.792071630670278,1.8404264231233538,-28.23211648226284,40.97986524816515,-25.91581254899453,12.965730352194232
EF_03.09.2024_20240903_210000.WAV,517.62244,2.302585092994046,231679.52762736866,34535.829459641325,0.00014328508530563354,0.6944687001855859,0.0023177164,4137,-1388.8504101541544,-344.0797370696069,-331.2750134822574,328.3654839523516,-113.32882180199852,72.13916832063444,-37.03169155303416,-0.18443787451389348,2.810936620920934,-28.051164570739942,41.46872375582381,-26.03614957353938,12.632362298333193
EF_03.09.2024_20240903_210100.WAV,519.262,2.230022634233076,231931.4787434378,34533.11996794557,0.0001424463041795325,0.6943643444423113,0.0023200505,4100,-1385.978380329175,-342.44614954194833,-329.2492511169942,327.89582049258416,-112.84401829111233,71.09257435251865,-36.91818013485431,-0.5660132100053898,3.3155065361534692,-28.074441122862282,41.78533693698672,-26.163322926904428,12.412280867920314
EF_03.09.2024_20240903_210300.WAV,516.4106,2.2972763606199997,231704.43930785902,34536.20428453838,0.00014250142438967673,0.6945222870415619,0.002317874,4149,-1387.6027533540428,-343.2989141919018,-330.17843938486834,328.2072409817722,-113.0676128708323,71.61292051189922,-37.01772303457305,-0.44975989572589753,3.0517090598744523,-28.021778121654215,41.694597537298534,-26.085109423533716,12.542294635962428
EF_03.09.2024_20240903_210200.WAV,516.8364,2.2865797312939256,231107.35857897886,34541.232500764425,0.00014211633619769088,0.6946704122015498,0.002312059,4146,-1388.8263878033506,-343.74356145762744,-330.7141473353826,328.2609613584585,-113.24483117651394,71.94951839585259,-37.080596546407634,-0.31620303173357606,2.990963520225426,-28.053393811911132,41.60325983531908,-26.11049990008709,12.540933298019306
EF_03.09.2024_20240903_210400.WAV,517.521,2.3001157262439333,231153.51303890525,34537.247283838995,0.00014264268672097515,0.6946023718933259,0.0023114046,4091,-1387.7996906027845,-343.26647717366154,-330.12817260945104,328.12686187678065,-113.02777831705134,71.63688227365908,-37.17315514448227,-0.3306822545604004,3.1414255148086974,-28.114556912597,41.73559472188767,-26.151782377247567,12.492104222885693
EF_03.09.2024_20240903_210500.WAV,519.641,2.281027225895106,231748.99133540128,34534.9840737357,0.0001423295513798801,0.6944518832757377,0.002317903,4113,-1392.022304271137,-346.0510296222299,-334.3418239128708,328.5940065068688,-113.81499893253988,73.75508491187479,-37.18785072379968,0.3860488299592713,2.06376203833493,-28.181058898269537,41.21283641627079,-25.887640463617448,12.818197784276933
EF_03.09.2024_20240903_210700.WAV,519.89734,2.2925615633109686,231068.20903537315,34533.421784690385,0.0001436010143355256,0.6944409295587824,0.0023109925,4131,-1388.1508065582273,-343.26949853793803,-330.7498256997044,327.93837689235164,-113.11810424674427,71.91183053400694,-36.85315569144882,-0.39693880796925923,2.938879047768813,-28.1582122238204,41.6938330576754,-26.141049391414192,12.582445530458221
EF_03.09.2024_20240903_210600.WAV,518.6094,2.2987606908132845,231047.1389427531,34535.59717045533,0.0001424686983422755,0.6944133861875175,0.0023107815,4123,-1385.2764636049683,-341.52286956244365,-327.7678465892686,327.72906664083183,-112.76917620180313,70.41122915787503,-36.74861346416237,-0.7840013503866724,3.5756035186306048,-28.102516846580947,41.986072986234774,-26.16693584064626,12.324592973851226
EF_03.09.2024_20240903_210800.WAV,521.4238,2.302585092994046,231417.80498075573,34538.36272336914,0.0001424993102838304,0.694645414092316,0.002315349,4143,-1387.3383284199053,-342.93602097219275,-329.96831646112804,327.935985921836,-113.17819080343884,71.58017300226804,-36.79537363255261,-0.4365015976363118,3.1119454538220825,-28.23378061328844,41.70232618295277,-26.011646113252333,12.48596158866995
EF_03.09.2024_20240903_210900.WAV,522.4386,2.2947255348817217,231453.24720336366,34533.54805316687,0.00014351181650452597,0.6945545573280275,0.0023149026,4123,-1391.5266756024791,-345.645541911384,-334.0994854150213,328.3763115202518,-113.6394439184502,73.58369133584586,-37.178884821063235,0.37140048369560175,2.1483592132656604,-28.181948557433227,41.22309000459229,-26.01852136361597,12.922781842655889
EF_03.09.2024_20240903_211000.WAV,521.97253,2.2936816723513758,231408.1258933271,34535.999293114226,0.0001432818703689233,0.6944570192509075,0.002314899,4123,-1380.7564735302537,-339.003551251,-324.1553590832101,327.09195606106283,-112.17813900350798,68.60991264303678,-36.52095244249225,-1.413677228662681,4.481640073418991,-27.961681393813606,42.220985937242446,-26.413065417552858,12.109977715518331
EF_03.09.2024_20240903_211100.WAV,521.9445,2.2941237566291623,231321.33614999958,34532.113953472064,0.00014387713520479554,0.6944236581378572,0.0023132574,4135,-1383.9390525661997,-340.92481028154606,-327.2923832909939,327.35844050591345,-112.61299618103402,70.15459999480655,-36.583030147989895,-0.9102963992573512,3.711539502126672,-28.03745828468066,41.88806776057082,-26.214281100614922,12.303336380240257
EF_03.09.2024_20240903_211200.WAV,520.79736,2.2920389683466973,231211.25348041634,34538.2140671791,0.00014354489820029987,0.6946582313046867,0.0023134917,4125,-1391.2224499685378,-345.3280526344337,-333.4521645823051,328.3086512426775,-113.65484407008714,73.41344367693736,-37.132023820829296,0.16941952232712315,2.322073473254333,-28.13903960991226,41.237780451864936,-26.03337910063814,12.861668953825047
EF_03.09.2024_20240903_211300.WAV,519.6609,2.2969182350955175,231110.60172820286,34536.56855988761,0.00014269469235309013,0.6945400584246719,0.0023117748,4118,-1391.9084613256903,-345.6787578016949,-333.7116933300307,328.55484020169627,-113.74021034118617,73.46905922314149,-37.21210213220319,0.3621464717237976,2.2066335041429403,-28.255262932598633,41.30678131630699,-26.005475706206074,12.893930947786385
EF_03.09.2024_20240903_211500.WAV,518.93945,2.2511305416340157,231225.58406065457,34537.97051111879,0.0001426634281802577,0.6945012431786978,0.0023132374,4140,-1374.4343343293176,-334.946336398634,-318.326765893417,326.22621209123815,-111.39950220448264,65.61131255904984,-35.99554646317013,-2.454275320175619,6.0181191046065745,-27.872563560792475,42.6255498004505,-26.656461441681316,11.578386053077024
EF_03.09.2024_20240903_211400.WAV,519.9342,2.2296249931815333,231207.16209460396,34537.20461488688,0.00014403631729964045,0.694548921390673,0.0023125638,4100,-1389.7562577356243,-344.47665592992087,-331.9944162435186,328.2395910166351,-113.43177232086413,72.63119530525542,-37.07552567108258,-0.03695978213167825,2.613779950006544,-28.063944955122775,41.373024031373134,-26.12431922661448,12.743953739663917
EF_03.09.2024_20240903_211600.WAV,518.86536,2.2504172055546356,231214.32347002267,34537.834476824886,0.00014234619082092626,0.6944237035889649,0.0023138432,4098,-1386.6664620643935,-342.5576556320902,-329.0214961731706,327.8916521588244,-112.95011707101436,71.16306571782924,-36.9617578606455,-0.5830649849036337,3.293356929512941,-27.94023818354511,41.67316579239563,-26.20015952001134,12.54620857609798
EF_03.09.2024_20240903_211700.WAV,517.4237,2.293083720405065,232150.01364622547,34539.46531722547,0.00014179942639779523,0.6945299228276552,0.0023224808,4152,-1388.7224804047105,-344.23418667546423,-331.3803679560119,328.3827258831236,-113.39760794463064,72.28085224050744,-37.09938344904007,-0.16382020971698122,2.8256403845136266,-28.093858704783973,41.50284477227508,-26.092805668186656,12.61704554159301
EF_03.09.2024_20240903_211800.WAV,517.40234,2.3022356717862182,231553.18883925665,34537.51504825066,0.0001426421598165987,0.694576464761938,0.002316873,4114,-1354.3140220771404,-322.9474944312837,-301.24634896073263,322.8644191203798,-109.25982200697607,56.873972186877474,-34.38567808950369,-4.751863466163343,10.271772909832967,-27.463715126668347,43.544254017289234,-27.712016889234317,9.797115397437418
EF_03.09.2024_20240903_211900.WAV,520.8254,2.302585092994046,231901.48410522874,34539.8594072659,0.00014211375823417504,0.6947954481988271,0.002320055,4131,-1385.9432056155458,-342.3776836603306,-328.83875599785205,327.9691167249014,-112.9606713770603,71.03296009694006,-36.870378264165986,-0.7608819240240212,3.4411220465729047,-28.03423354336714,41.7870164168482,-26.138845209456026,12.430314417588672
EF_03.09.2024_20240903_212000.WAV,516.41943,2.3013807585057013,231373.95678585445,34538.03426010502,0.00014210940751492468,0.6945868730656009,0.0023143084,4117,-1387.7126971147688,-343.30987299260613,-329.95444042954733,328.16146567211564,-113.0559055962366,71.56697126482113,-37.16114890988989,-0.3299824628766858,3.1191785769234337,-28.009160758984574,41.66659214446789,-26.245470352712786,12.606292247846113
EF_03.09.2024_20240903_212100.WAV,516.3033,2.3022962266725413,231664.05427445174,34538.83607619525,0.00014235320364989592,0.6946902743356139,0.002317794,4121,-1392.271644137097,-346.1697904395403,-334.18166488092197,328.81799747637587,-113.7663357601327,73.67773674008973,-37.35850987750877,0.31870891503083526,2.1660377978384733,-28.065582402106553,41.18035869756712,-26.00537769773613,12.930819172549889
EF_03.09.2024_20240903_212300.WAV,516.7732,2.113132519289124,231935.10040790102,34539.27200518893,0.00014239024387261521,0.6945722378089221,0.0023201697,4120,-1389.724975484502,-344.85266159907377,-332.1748041095435,328.5121156737512,-113.43807146734856,72.73926522559752,-37.30956129772352,-0.020607393169559028,2.623980615999693,-28.004635274382743,41.389863847736514,-26.070318700557277,12.745320377476514
EF_03.09.2024_20240903_212200.WAV,517.37915,2.302585092994046,231366.91299328348,34538.007710011574,0.0001424530107119492,0.6944580191752769,0.0023145257,4099,-1387.014606040643,-342.8244019229153,-329.1601089571717,328.1105971907355,-113.0035577152289,71.19553750901686,-37.03859828379439,-0.5499966681640827,3.242916362748999,-27.91152401053196,41.771539811797965,-26.240139839203835,12.470405738190454
EF_03.09.2024_20240903_212500.WAV,516.12024,2.3018897774347176,231707.92799940184,34538.16896918507,0.00014170074025246678,0.6944321574949968,0.0023184519,4099,-1391.6003954361856,-345.7114209779423,-333.3941925452264,328.83164147574655,-113.7710947059034,73.21062690335566,-37.21302474623383,0.24896123045068472,2.3369140972827775,-28.1208141098767,41.24120802675262,-26.011775614441202,12.852836271903213
EF_03.09.2024_20240903_212400.WAV,519.1051,2.2983255346064007,231844.38393096018,34540.592990949925,0.00014173312141279492,0.6946724575013963,0.0023193161,4104,-1393.3158102542343,-346.9151857954668,-335.25290587420693,328.9475327070823,-114.0360060358656,74.26431730398266,-37.40166348408388,0.540699296283446,1.9495948042068185,-28.136240134350086,41.05913757672966,-26.024905237120997,13.088093993558607
EF_03.09.2024_20240903_212600.WAV,517.19885,2.30203248739589,230918.2212594618,34537.76203853176,0.00014323995126859664,0.6944925620171274,0.0023093375,4116,-1386.453427687609,-342.30770434335506,-328.58931382697483,328.0101277968648,-112.86136838593562,70.85141983544409,-37.013215447161926,-0.6418489005236216,3.5062425505739916,-28.009821979909624,41.71671446287633,-26.20413681013655,12.521978764045786
EF_03.09.2024_20240903_212700.WAV,520.9384,2.25390395905887,231274.59935886334,34539.64833884765,0.0001422427450962676,0.6946507773230243,0.0023140553,4114,-1386.8894585278113,-342.663391656793,-329.07586888278934,328.03177653437353,-113.02998864806453,71.1610987705713,-36.970978690358784,-0.59854790059167,3.3958948456118576,-28.006211164487326,41.66558563198557,-26.23905624331275,12.515031467995591
EF_03.09.2024_20240903_212800.WAV,517.8537,2.3006272115076056,231630.44654641373,34538.095419598845,0.00014215198811624047,0.6945369677493484,0.0023169366,4118,-1388.063610100392,-343.6491088879366,-330.45357862570603,328.26814477401285,-113.1899296852632,71.73678330820285,-37.101180391185856,-0.19781503008298965,2.991346786309885,-28.06026153021218,41.581756301714165,-26.147245676480516,12.587532236080683
EF_03.09.2024_20240903_212900.WAV,518.801,2.2115325334781804,230744.8744811276,34536.630409516205,0.0001428821057788821,0.6945007432165131,0.0023083782,4095,-1384.6682455242553,-341.12370258629164,-327.1857222819091,327.51756650360494,-112.60413394550632,70.21126155606663,-36.8479200302808,-0.8749143706499883,3.763375395037124,-27.97847149897614,41.947080054380976,-26.33823211858831,12.338764107131627
EF_03.09.2024_20240903_213000.WAV,518.4829,2.3012731643573563,231500.63279292473,34541.591042343374,0.00014299626352884615,0.6946071897107419,0.002316573,4128,-1391.8614618811323,-345.796352562646,-333.8642519644423,328.5249005950726,-113.80586636112346,73.60839459688191,-37.20162797932345,0.3010040170693907,2.2769850052223397,-28.229974514447974,41.16782357918283,-25.94790746290148,12.88133987376635
EF_03.09.2024_20240903_213100.WAV,519.5553,2.300111728946582,231237.8665555708,34537.88765719555,0.00014224708900259874,0.6944554284621381,0.0023131634,4107,-1393.058830926246,-346.41850639178966,-334.84446892149754,328.6771195477495,-113.96189652685439,74.05605830379626,-37.191438120329664,0.4650060794132106,1.9465012408450655,-28.169169695128847,41.10735327476623,-26.01641967235906,13.056661209867986
EF_03.09.2024_20240903_213300.WAV,519.2771,2.2298089666481986,231418.5419307046,34538.83172291583,0.00014228097095531346,0.6945033793807596,0.0023153874,4091,-1386.5216078202964,-342.5046612029762,-329.13451821227017,327.85346680748677,-113.038822712468,71.22326933898808,-36.88664097132472,-0.5898268413979191,3.3648209323549763,-28.031362875033935,41.65557402617068,-26.27982501055077,12.575942184599324
EF_03.09.2024_20240903_213200.WAV,519.5277,2.2982821322312477,231248.09224834427,34536.889337534645,0.0001426952656859769,0.6945820552481848,0.0023132076,4131,-1388.4433017747815,-343.61307305188774,-330.77749366884933,328.1102147349439,-113.19066838950687,71.9227577975484,-36.99867410495677,-0.2294380541969251,2.946791430236328,-28.135426281529735,41.51661086133496,-26.072763569416445,12.633474589416542
EF_03.09.2024_20240903_213500.WAV,517.46497,2.295545254135856,231943.70933672125,34541.71893148467,0.00014259472526448035,0.6945593296943359,0.0023202694,4102,-1391.7673569274652,-346.0321701603828,-333.8153486074386,328.78745861952393,-113.80921561039237,73.57300401519161,-37.34972719013098,0.2844839115181011,2.2594476809714217,-28.096461453783927,41.22623688815978,-26.024352222432068,12.856178530159807
EF_03.09.2024_20240903_213400.WAV,532.19305,2.302585092994046,231254.05140129421,34538.69116468667,0.00014284243102832933,0.694658049500256,0.0023135282,4100,-1357.5657209458611,-324.8396970274611,-303.77610324323456,323.45177365274725,-109.54299876277949,58.203682323660836,-34.78154609245803,-4.3877071998708335,9.652472004485043,-27.480064785600167,43.423420334179404,-27.563693741448454,10.075473185063641
EF_03.09.2024_20240903_213700.WAV,516.3694,2.3022028088435733,230512.13418509864,34537.95552572031,0.00014282258391503717,0.6944884259663269,0.0023060883,4122,-1392.181891249674,-345.51093723168543,-333.3831532158253,328.6033582692035,-113.64312479338712,73.26301756950457,-37.247905900941184,0.254181717179934,2.33309257354247,-28.20745698599537,41.32220096527486,-26.01081387492394,12.925838732225
EF_03.09.2024_20240903_213600.WAV,516.9106,2.291410845474166,231781.00608821958,34543.35910530331,0.00014227997405063977,0.6947879033149492,0.0023184721,4092,-1386.3882746988452,-342.61871967850874,-328.8421453505586,328.08556423797864,-113.03742511483975,71.09167735919236,-36.99103987096067,-0.6569809410208286,3.4230488732090185,-27.99405026807374,41.7425736521459,-26.186760534847668,12.399536527824916
EF_03.09.2024_20240903_213800.WAV,518.74615,2.3011660053347827,231681.3878975814,34541.993202641905,0.00014234189384407204,0.694534013427348,0.0023175096,4112,-1391.238811131253,-345.5344147260288,-333.2231298140451,328.6590972712679,-113.80825675422228,73.2913623563783,-37.21038462468129,0.17851404955587405,2.411690576036373,-28.12961081729307,41.24311967250492,-26.081387469820406,12.949365635720856
EF_03.09.2024_20240903_213900.WAV,518.7695,2.3006913913008757,231594.73503031765,34539.694737417856,0.00014404356096529104,0.694690410688937,0.0023167,4109,-1387.9767750576375,-343.5378987938689,-330.4966158076532,328.1502630462896,-113.24290947316926,71.88924052311118,-37.04130262652319,-0.3333695111395146,3.041934904454975,-28.06054260154692,41.56746583238439,-26.17746679859931,12.621652785903871
EF_03.09.2024_20240903_214000.WAV,521.7356,2.288509572108064,231093.74267431026,34538.29116389821,0.00014319240069156168,0.6945025158097133,0.0023118353,4102,-1388.2203556098182,-343.3877879668098,-330.86611677676507,327.8073266924962,-113.2962062901434,72.09561062720104,-36.82001292878222,-0.3108908069709862,2.997166641564262,-28.156035142445802,41.378825311542926,-26.14557487767855,12.801054331998273
EF_03.09.2024_20240903_214100.WAV,521.92053,0.43116548642007435,231833.90413270576,34536.11199862882,0.00014263761497276364,0.6943802068788979,0.002318941,4106,-1335.4312022836123,-311.8425983014086,-286.4004129633298,318.948680288757,-107.76369226349449,49.23907650471758,-32.399038456418154,-6.15574182300793,14.098106529140917,-27.466755510999796,43.65673848082915,-28.797712046172894,8.540507408446034
EF_03.09.2024_20240903_214300.WAV,522.44403,2.2726346578414804,231807.3617160799,34538.97634921027,0.0001432921332808935,0.6945826915636927,0.0023191026,4110,-1385.5713987168242,-342.1546166149007,-328.80749711534474,327.6553349591867,-112.96335853247156,71.05883612814785,-36.84687611021111,-0.5803751081028015,3.4713349671684712,-28.098909221377234,41.65505823640168,-26.29541164338771,12.56017741128466
EF_03.09.2024_20240903_214200.WAV,520.5569,2.2999457451771637,231184.58545195532,34535.025614186845,0.00014397286801912676,0.6944816537512799,0.002312335,4107,-1389.5029346598067,-344.3211964454849,-332.0680584295858,328.089682555163,-113.3739478026784,72.57324992531937,-37.063573649433195,0.08407053159974175,2.7088267486980295,-28.1767135360282,41.20381468078371,-26.072111523584447,12.920456864449012
EF_03.09.2024_20240903_214400.WAV,521.08655,2.3006831537616907,230614.46102473218,34536.53310337481,0.00014356731872772628,0.6945895092298473,0.002306692,4092,-1390.0733152346234,-344.35186425857523,-332.29012912522427,327.9500414549627,-113.43250916417274,72.79708035934084,-36.990538774138656,0.05735080331224465,2.6171344813163273,-28.232259996910784,41.23767230572709,-26.044245026960727,12.95328093582801
EF_03.09.2024_20240903_214500.WAV,522.9795,2.2776840977591775,231226.75841547622,34533.28860032065,0.00014323917509116366,0.6945868730656009,0.0023130889,4099,-1387.8494061542367,-343.2297611217678,-331.03705793663164,327.59695162862977,-113.29493448803072,72.0931923032566,-36.67808757753547,-0.15296006312866312,2.928405218212281,-28.26291588668061,41.29143135340391,-26.178260082885792,12.904353955364968
EF_03.09.2024_20240903_214600.WAV,527.2387,2.2569156497802028,231334.80628649818,34540.684209449355,0.00014433114447155897,0.6946859110292749,0.002314189,4127,-1387.8367020608866,-343.2417749629576,-330.92411343760267,327.63191733914465,-113.38751102715528,72.20187728574876,-36.73231758873979,-0.2993374407326429,3.0446448213320276,-28.27574337200738,41.38447156090193,-26.173440873284004,12.827523668230745
EF_03.09.2024_20240903_214700.WAV,529.71204,2.103982382254108,231478.26164463445,34532.27253196515,0.00014553300517809067,0.6945223779437774,0.0023150872,4119,-1385.6079857918146,-341.9748669379767,-330.19611575057974,326.8001573687106,-113.10582386808912,71.75395001180752,-36.325739125715465,-0.31503500931225137,3.1564431225838376,-28.47307572543774,41.37771026418897,-26.259432764218648,12.921086630654212
EF_03.09.2024_20240903_214900.WAV,527.5344,2.2935947499253087,231498.618494355,34535.31352356617,0.00014488897946671422,0.6945789191217537,0.0023146844,4110,-1392.5145403285046,-346.2159013487813,-336.49825745220517,327.50780988393484,-114.386465575079,75.01424185067707,-36.50134376181414,0.9452353381659163,1.677586886695605,-28.78769959682393,40.572718454781416,-25.883460349176744,13.477129952579748
EF_03.09.2024_20240903_214800.WAV,529.39233,2.302585092994046,231431.77970322972,34534.76144535127,0.0001440762912319549,0.6945438763177185,0.0023146744,4118,-1393.7060755554994,-346.9616838735704,-337.07239704106433,327.93076173141145,-114.30691605815186,75.25824844750434,-36.88525250224454,1.0181551667749509,1.5241236147534527,-28.583233318356616,40.64212537577925,-25.882584028205148,13.336323677322682
EF_03.09.2024_20240903_215100.WAV,517.4164,2.2937873085791027,231469.68055029455,34538.06865850315,0.0001429374856885112,0.6945593751454435,0.0023149645,4128,-1390.6411138123333,-345.1495521029734,-333.22598822133256,328.28605011275783,-113.63750279691972,73.28172270492485,-37.09809211214969,0.1139603212815344,2.447370910401506,-28.155347818447304,41.16035787200196,-26.047233959894466,12.976090500359003
EF_03.09.2024_20240903_215000.WAV,527.90015,2.2269074937992617,231438.90917242868,34533.34913813974,0.00014531335648874688,0.6945168783597458,0.0023147117,4107,-1389.5507950743886,-344.4296653924613,-333.49560172035586,327.2781780344539,-113.8429506563611,73.51452514128334,-36.396362780113925,0.3523315147116981,2.1753909591879017,-28.500454175441384,40.99085372288903,-25.980297656436896,13.084971156140274
EF_03.09.2024_20240903_215300.WAV,516.90625,2.2984651405430494,231442.32003997004,34540.16563327859,0.0001421817922046986,0.6946162344811738,0.0023149063,4101,-1392.369743839883,-346.18586929591055,-334.09368172361854,328.81315805207726,-113.76359274404562,73.67852399797142,-37.490541206750784,0.41591418854206863,2.2365206123614776,-28.13493648684232,41.23569246909261,-26.098180526641485,12.922649195594149
EF_03.09.2024_20240903_215200.WAV,520.3508,2.2753670453981707,230661.04338067267,34535.596669500665,0.00014310922877815683,0.6944387024545052,0.002307417,4131,-1389.5576485083977,-344.041733276536,-331.2786586536486,328.25972054980735,-113.28343020035439,72.1893955618574,-37.092519812111554,-0.15831198032654595,2.7999584487880598,-27.9940708969366,41.45733428131222,-26.152271186328747,12.685101250052561
EF_03.09.2024_20240903_215400.WAV,516.5773,2.290943040386067,231814.9862418921,34540.650445589985,0.0001424271638680386,0.6945311045564554,0.0023185732,4095,-1388.53705706306,-343.9939320586819,-330.75813740002457,328.4905302937549,-113.25577882712359,71.95094973392594,-37.243261430107694,-0.263280975309465,3.0160473563098513,-27.99063357105205,41.5584563029532,-26.197347874757728,12.628829397272883
EF_03.09.2024_20240903_215500.WAV,515.6019,2.3014838890827884,230830.49760106544,34539.20200987911,0.00014420136215495823,0.6947023643302616,0.0023092604,4124,-1395.2133681085718,-347.54149239393973,-336.2136968034232,329.09561567255014,-114.05983626355992,74.65763412926516,-37.524606131707266,0.7338259158265802,1.7629271573978438,-28.21499883700072,40.98129126375342,-25.85494199638286,13.03855304423033
EF_03.09.2024_20240903_215700.WAV,518.23145,2.276477153804204,231386.22237752686,34539.504920872714,0.00014166269187919887,0.6944956981435586,0.0023153964,4137,-1386.4840775968894,-342.3002813572172,-328.66137540242806,328.0598227764974,-112.99257880463803,70.83008641851929,-36.84606078292112,-0.6892134918395798,3.5510432901625077,-28.085046413817935,41.718484542392055,-26.233541074456532,12.52006960122343
EF_03.09.2024_20240903_215600.WAV,521.17596,1.4186109171026404e-304,231971.95971748303,34539.94441261741,0.00014164912485267294,0.6944812901424183,0.0023210612,4143,-1386.4400082828772,-342.75897475849996,-329.0821680012391,328.11698574059534,-113.07258365444164,71.13566969385735,-37.01445320748407,-0.4785882168210759,3.364440337592867,-28.033938832962498,41.59576602572886,-26.182186162895043,12.650757499604426
EF_03.09.2024_20240903_215900.WAV,516.1117,2.3023991417618377,231732.63845212525,34538.03238261259,0.00014196318942536333,0.6945525574792888,0.0023184877,4116,-1391.6843929702084,-345.8394338074708,-333.58299792941926,328.8030497058577,-113.75814681312191,73.32479899742339,-37.272751356173316,0.3057648964976198,2.303721641027675,-28.122013008986354,41.17670676940394,-25.998855938001654,12.95908812521011
EF_03.09.2024_20240903_215800.WAV,516.4049,2.3022761403146417,231214.66827820128,34535.66127448544,0.000142908453153498,0.6944008871329005,0.0023125443,4102,-1392.336334519596,-345.9783095230696,-333.91712551708866,328.8384140295187,-113.71437435056218,73.42325758839024,-37.33934551233785,0.37241198860114083,2.2205697634877395,-28.09135402982772,41.240277883865325,-26.070009511046482,12.922976085063482
EF_03.09.2024_20240903_220100.WAV,516.7079,2.3023722514060707,231699.44285083617,34538.56131862389,0.00014188722010042488,0.6945986449024947,0.0023181303,4124,-1389.063915480666,-344.16804058606664,-331.1617094666409,328.54792180817947,-113.25118621937663,72.03920217045416,-37.20666611632503,-0.2889815906582984,3.020881527308704,-27.919165627634325,41.368140040397186,-26.15118455646446,12.678605473824614
EF_03.09.2024_20240903_220000.WAV,516.503,2.3022819018965888,230470.31530354367,34537.95451963405,0.00014305056394498463,0.6945395584624872,0.0023050078,4090,-1391.0174685520622,-344.90241433407397,-332.4566146451135,328.4484551992736,-113.36001071027236,72.83330197119069,-37.355805832572315,0.01786691203244663,2.6051654603018086,-27.99759793577592,41.352861685854016,-26.117115420338024,12.807580290562044
EF_03.09.2024_20240903_220300.WAV,516.2688,2.3013197544034645,231397.59054456404,34537.80665661911,0.00014244552672193646,0.6945086062581448,0.0023149,4128,-1386.0672303704591,-342.163549099988,-328.2848725087249,328.1563827484625,-112.83387735426736,70.64509559097743,-36.99974089236779,-0.8368570617610753,3.619146191121024,-27.89146462822365,41.87468906154878,-26.352542331631334,12.431101792667427
EF_03.09.2024_20240903_220200.WAV,516.14496,2.2937124626916274,230761.82007975416,34538.011732560124,0.0001419748688753294,0.6945995539246486,0.0023091387,4129,-1389.9749882097883,-344.24218974428794,-331.38124194028313,328.4943323449802,-113.27605209367307,72.19148327841677,-37.21931914068182,-0.22406899625241866,2.947531468236724,-28.005727778980205,41.41499594256925,-26.122945061066027,12.695043764778447
EF_03.09.2024_20240903_220400.WAV,516.5228,2.3023744833950515,231581.88967074532,34540.71497822062,0.00014160180183483536,0.6946800478363818,0.0023171557,4100,-1392.8332291039435,-346.4763596334895,-334.51425676290546,328.95559879554077,-113.83562058573241,73.79985444953505,-37.47221489838311,0.41901020979745707,2.242041710409252,-28.132226864019987,41.08541928433164,-25.96175798107734,12.938766816494116
EF_03.09.2024_20240903_220500.WAV,515.7582,2.3022197773565622,231253.46212276793,34538.223024410436,0.00014272015959974029,0.6946326877821605,0.0023133077,4132,-1384.678245298608,-341.2945385059013,-326.95357879959806,327.90897139273903,-112.63106203063647,69.96492273502683,-36.9337871541689,-0.9792280887132672,3.9768276883893963,-27.8602427030742,41.81165604548746,-26.3622126016122,12.383341711754095
EF_03.09.2024_20240903_220600.WAV,515.66626,2.3021081595166075,230988.42978494542,34538.87761758649,0.00014277107987460585,0.6946421416125617,0.0023098679,4102,-1386.479860067129,-342.3932875220373,-328.5996911069989,328.03417471260457,-112.80076974399437,70.83534140740892,-37.104181533124994,-0.6234353591458232,3.5508194531220756,-27.992400129980506,41.69656813334578,-26.158920468688425,12.410837887433052
EF_03.09.2024_20240903_220700.WAV,516.26196,2.2973613627081906,231408.8958049345,34536.898365625224,0.00014243921856596658,0.694401568899516,0.0023147387,4113,-1389.3628171456223,-344.2657356003956,-331.28924837903713,328.5226332176931,-113.26519016332212,72.15787984587388,-37.19707276159388,-0.25351017769068623,2.854854703668004,-27.923865444044594,41.471839644443676,-26.106726805071812,12.628713730390626
EF_03.09.2024_20240903_220800.WAV,515.6089,2.302038863424534,231750.19999850195,34538.46726291912,0.00014213447166408892,0.6945581479655357,0.0023180349,4131,-1393.3067125970422,-346.8920345542881,-335.0315461832289,329.0538970328346,-113.91446551231306,74.05889165471474,-37.49717989537684,0.5437328226508167,1.9809558190409446,-28.04540248345613,41.08879536852427,-26.061633743298877,13.028444113122717
EF_03.09.2024_20240903_220900.WAV,516.82196,2.2645028096100597,230977.49474063155,34537.58289690347,0.00014258450961290162,0.6944859716065113,0.0023107647,4147,-1386.1588596501635,-342.0876087469821,-328.344777660871,327.9376287705308,-112.81284917141333,70.72581605349036,-37.00731131095938,-0.7121152953002936,3.624293685748554,-27.97987238344317,41.75647317789051,-26.302957487303424,12.438506002138443
EF_03.09.2024_20240903_221100.WAV,522.2279,0.500402423538188,231787.91359766413,34538.68452596539,0.00014194470396429278,0.694717499549125,0.0023194149,4099,-1383.3185622124204,-340.6903807338302,-326.3046380503914,327.7275902323319,-112.45038182086002,69.64390742923895,-36.87955428856937,-1.1919512215999293,4.144072491380592,-27.835647386409985,41.98586624274582,-26.39191097425338,12.215742284307684
EF_03.09.2024_20240903_221000.WAV,516.78485,2.301635011581102,231209.56040586883,34535.04512926806,0.00014230267784288173,0.6944454746695523,0.0023125922,4097,-1388.0451213405024,-343.33347932507354,-330.07205904287935,328.31850637941227,-113.05433170320984,71.45677833164561,-37.05390284964196,-0.4523145611660334,3.1421023421127967,-27.890159724086107,41.60799745015355,-26.22345743661184,12.52805448158893
EF_03.09.2024_20240903_221200.WAV,534.1127,2.302585092994046,231118.45246798338,34539.95107958102,0.00014297284999737286,0.6945704197646142,0.0023112842,4104,-1362.6849422129908,-327.89336731819947,-308.2164035753955,324.3132549755069,-110.00487432937747,60.52850391810072,-35.32146640430407,-3.9108867733494166,8.642567554476713,-27.5302735240076,43.27087908600237,-27.42211822086834,10.530837740371894
EF_03.09.2024_20240903_221300.WAV,518.8658,2.300462163862263,231720.2072280346,34539.88424750928,0.00014233196688179158,0.6944483835404449,0.0023177601,4093,-1392.6587540982075,-346.36912151455186,-334.6789643414433,328.7736588578621,-113.98897361121655,73.8655870847538,-37.25036837578022,0.552908317551313,2.1854344005546538,-28.272053070552648,40.952252092392655,-25.994122911818494,13.121292619971522
EF_03.09.2024_20240903_221400.WAV,518.3728,2.298974328794969,231315.40580683996,34540.441596971235,0.00014249096406668054,0.6946208250430513,0.0023144973,4127,-1391.3049817724518,-345.4786925001726,-333.16483543724024,328.6026383122172,-113.56900483240041,73.21611536655954,-37.38459776865944,0.11373489654375155,2.550222725471125,-28.00856474102346,41.11538851139277,-26.067276562411784,12.916900087096254
EF_03.09.2024_20240903_221500.WAV,516.22815,2.302190576287657,231118.16990437362,34538.1234294471,0.0001422036122390845,0.6945176964796844,0.002312018,4123,-1391.561650854461,-345.5094932888724,-333.048667921589,328.7118896395995,-113.55025976147948,73.09632477259775,-37.39229450912426,0.18019406535448537,2.366969097594451,-27.937506337741052,41.360259499807675,-26.16656524768932,12.839366815217112
EF_03.09.2024_20240903_221700.WAV,516.45447,2.301952365276522,231673.056176599,34540.43455682967,0.00014309630965435814,0.6944994705854975,0.0023177792,4136,-1389.1977401650952,-344.41023003377137,-331.33952264551016,328.53476471076834,-113.27377005000284,72.27957387110138,-37.41783606020543,-0.11955686142306689,2.9281065792649676,-28.006224848401132,41.45266560207471,-26.11639299847783,12.690473007665938
EF_03.09.2024_20240903_221600.WAV,515.8567,2.302020007677507,231687.29139198808,34536.36045885337,0.0001418545353075204,0.6944442020385367,0.0023176807,4121,-1389.5619741040432,-344.5198630369682,-331.60094118573323,328.6650024719992,-113.28255179416952,72.23288069944974,-37.31408556517671,-0.12524395877804995,2.850601349901281,-27.95662153778636,41.455606364296465,-26.178792772157482,12.703501729003902
EF_03.09.2024_20240903_221800.WAV,518.7874,2.2633224145854127,229366.01463068987,34536.746761522765,0.00015252312184908397,0.6956145680617611,0.002294968,4132,-1353.2379318142248,-319.25787886523375,-296.27275030490773,321.2259204480705,-108.70217981909813,54.465115180345556,-33.71883508855741,-4.990262379270109,11.249940060639593,-27.459863106013053,43.48605614768998,-27.910258380112953,9.440762416700373
EF_03.09.2024_20240903_221900.WAV,516.4849,2.2934573571311976,230663.13233114962,34538.43597692876,0.00014278055226362113,0.6946830476094898,0.0023075528,4116,-1383.8106890345466,-340.49677161386194,-325.9316310598095,327.6406616058779,-112.38244457095733,69.48639129137314,-36.896106991644736,-1.2071428875057633,4.217543694696066,-27.79807038858699,41.95044608551294,-26.395905417292223,12.18006017847929
EF_03.09.2024_20240903_222100.WAV,516.4352,2.2953325137766405,231365.88642672385,34542.31522157427,0.00014289090706764393,0.6946291880468677,0.0023143692,4113,-1389.7853498944366,-344.65797681342843,-331.5869209142705,328.5746418497799,-113.34621245476202,72.47219082883896,-37.43585807179407,-0.10753191646446442,2.8447736331446944,-27.943184963950987,41.34211034554009,-26.097628192222352,12.794997439768567
EF_03.09.2024_20240903_222000.WAV,515.9976,2.2943227112148974,230452.9068112931,34536.600495311905,0.00014228458308417205,0.6944382479434282,0.002305314,4120,-1394.6454708286676,-346.99529343696423,-335.4517873111873,329.0103890655243,-113.88735814295684,74.23354143540526,-37.52038319100407,0.5992083725054624,1.9307538943716585,-28.101574558104392,41.0878049774669,-26.073221975359246,13.054247295027242
EF_03.09.2024_20240903_222300.WAV,516.4331,2.301714232385101,230991.34186894944,34539.508592196,0.00014218675078753114,0.694530240985409,0.0023105508,4109,-1391.18530688867,-345.2426852961989,-332.8452268985828,328.59771174881587,-113.48917870139627,73.01859915037232,-37.436917882444334,0.13173914380994634,2.6480233550160435,-28.103808732341463,41.290585947351325,-26.158035750268304,12.832404625819802
EF_03.09.2024_20240903_222200.WAV,516.2296,2.302155672587066,230901.86692762343,34537.0246732984,0.00014209027389711751,0.6944447929029368,0.0023098234,4104,-1388.803062054746,-343.64265289639576,-330.4704127436654,328.3674915265236,-113.12773932095241,71.78354606926511,-37.19896693628165,-0.3960754904947881,3.090693078607929,-27.943664757228355,41.623340218067575,-26.219376796669135,12.633251860764329
EF_03.09.2024_20240903_222500.WAV,516.209,2.2985851296085786,231730.9822789043,34540.494771378166,0.00014177880087919617,0.6945752830331379,0.0023181401,4125,-1393.8471786784362,-347.18883979469757,-335.49493775331916,329.10725623085244,-113.98555297409274,74.36215165168807,-37.575912865914226,0.5306565199486628,1.9884379112084036,-28.07403154644539,41.02774583365361,-25.988619900010118,12.96427466895385
EF_03.09.2024_20240903_222400.WAV,516.1666,2.301515283019949,231567.71319653266,34536.82179629047,0.0001425009920229007,0.6944772904449409,0.002316128,4110,-1390.181138812681,-344.9103666594334,-332.2398152941593,328.69702954692826,-113.27863646306122,72.6198933642091,-37.50390835486117,-0.07097930973579518,2.7790753944606355,-27.87281526994781,41.378187279903365,-26.300797781190823,12.828012062952844
EF_03.09.2024_20240903_222600.WAV,519.36536,2.2425080801728496,231483.22937045296,34538.49837299199,0.00014214235068832798,0.6945137422333147,0.002315743,4119,-1386.1949363560836,-342.3940904882258,-328.59812422000266,328.06458799478594,-112.80849442451596,70.8268832681574,-37.11516964537092,-0.6726086203509216,3.554595613666938,-27.86517802876712,41.710885590457806,-26.311042579721818,12.452179403346191
EF_03.09.2024_20240903_222700.WAV,516.0498,2.302347076701166,231258.13991542035,34538.30538961506,0.0001418704769225618,0.6945011522764823,0.002314009,4107,-1392.587952554336,-346.10934970253726,-333.964299835099,328.9495567336461,-113.728277912249,73.5242250397238,-37.39983079396671,0.20774611021982226,2.2688367334712605,-27.9546871845289,41.19710266175969,-26.120715649980696,12.966212643405468
EF_03.09.2024_20240903_222900.WAV,516.5121,2.3022701152276137,231629.26980325452,34539.06507965635,0.00014206651802824667,0.694689047155706,0.0023172505,4117,-1392.7370896523357,-346.4631659343588,-334.51604277197623,328.9711776442392,-113.73647530716478,73.8039917551294,-37.587464523222025,0.4024902564535193,2.225675010169009,-28.052740616341065,41.20907073190994,-26.149186340942208,12.912716984640422
EF_03.09.2024_20240903_222800.WAV,516.35077,2.3022886244993375,231220.77510621172,34535.83434716232,0.00014206733992183537,0.6944239762956111,0.002312869,4090,-1385.3627052024985,-341.69282865921224,-327.82712527675847,327.98738382584173,-112.58035633481843,70.31074659583695,-37.05512862013415,-0.9368715277160294,3.910237005030919,-27.825029605113922,41.692273803332895,-26.33019106750518,12.44473523847907
EF_03.09.2024_20240903_223000.WAV,516.376,2.302363530095666,230639.51673926954,34534.685597002484,0.00014209517165657346,0.6944274305797962,0.002307119,4128,-1389.7826804905644,-344.03090983875796,-331.18520376057165,328.51408586166013,-113.16955039839178,71.95565696323223,-37.148433333678256,-0.3010747713485033,2.959326171959852,-27.91814376940118,41.492387062921395,-26.22469554368364,12.679156678205386
EF_03.09.2024_20240903_223100.WAV,516.7849,2.302220013728533,230967.56930777626,34539.989310152814,0.00014236976351243846,0.6946291880468677,0.0023108227,4089,-1391.9220619608475,-345.58695060323873,-333.28474194553496,328.7814491348374,-113.59668126682391,73.18349254719928,-37.39317658818676,0.12256934827278627,2.564948465297149,-28.070528483384965,41.17579598143131,-26.0578995377704,12.890267395798835
EF_03.09.2024_20240903_223200.WAV,516.00964,2.3015785289214206,230717.9238505311,34541.420878798126,0.00014244778198524747,0.6946123711370195,0.0023077645,4092,-1385.7083641259203,-341.677478191251,-327.5671211378758,327.891656555616,-112.74208828600923,70.40795447126776,-37.01244797403184,-0.8888128870606762,3.836333032669532,-27.92570818225878,41.82409039799117,-26.372281205874533,12.423436713003552
EF_03.09.2024_20240903_223300.WAV,516.4588,2.2994394157343057,230692.36348620596,34540.41111024438,0.00014245120300918984,0.6946084623417574,0.0023072327,4107,-1385.2461912384865,-341.5154508202636,-327.223017475365,327.88681187465806,-112.60380034578961,70.19466494461345,-37.133426500408895,-0.8875840479480895,3.978878397904571,-27.910501265837276,41.7866343061856,-26.291871531776334,12.385149019706835
EF_03.09.2024_20240903_223500.WAV,516.4783,2.302291749356199,230851.59706659545,34538.58133963758,0.00014283105191389937,0.6945622385652285,0.0023088027,4125,-1392.1185084073238,-345.7195290026598,-333.54391838456706,328.68561625793984,-113.63441105778105,73.34087300258338,-37.33620232012157,0.2431656919032521,2.317320266424943,-28.050330039901425,41.253064094888835,-26.089484089704168,12.85785603257668
EF_03.09.2024_20240903_223400.WAV,516.5331,2.267922594452933,230567.73607831012,34540.467110997095,0.00014288481200614987,0.6946108257993577,0.0023060092,4139,-1395.347662402349,-347.5768819504118,-336.30122871223745,329.00055407563485,-114.09327527561938,74.77645066902649,-37.57220115104655,0.7164090236231443,1.815643830129212,-28.067697858914393,40.82806272431751,-26.02926321005162,13.166527040749347
EF_03.09.2024_20240903_223600.WAV,515.94684,2.2689441877294367,231795.2601708518,34539.722393820586,0.0001421829741292147,0.6946478684521317,0.0023186416,4103,-1388.4618482195885,-343.99706731204975,-330.77296139284886,328.4921526251864,-113.09386854837376,71.91402454966199,-37.41405025390043,-0.2781008884599006,3.1464658196556576,-27.96195204410747,41.50644764554805,-26.176959464809133,12.55637049905942
EF_03.09.2024_20240903_223700.WAV,515.8816,2.302585092994046,231664.1810964042,34541.56939450066,0.00014314741618012865,0.6948330362648935,0.002317212,4098,-1391.5701652511996,-345.8443841795803,-333.4756900572442,328.82290939958557,-113.62739400347837,73.33976795042572,-37.51422544324198,0.23911470332991547,2.4676480190998507,-28.04826606489659,41.172637797871246,-26.04148885292431,12.86946824747319
EF_03.09.2024_20240903_223800.WAV,515.872,2.301959245449817,231963.41582839555,34542.760354982514,0.00014256015268902862,0.6946943649353067,0.0023208437,4111,-1384.5948365424915,-341.5973619247768,-327.313406337143,327.9796126197735,-112.71321136091359,70.26020576034406,-37.02921427799253,-0.9711922626849385,3.923644226233831,-27.920575843179005,41.88954490724954,-26.318933920077164,12.273466006978476
EF_03.09.2024_20240903_223900.WAV,516.5513,2.302258168507536,230946.90507847458,34542.10028146458,0.00014217831355500362,0.6946472321366238,0.0023109622,4102,-1392.5759271654672,-345.920192849127,-333.75603347389995,328.83027184619124,-113.69120730006935,73.53262749680704,-37.43089015840534,0.0899268598544399,2.3935595970513512,-27.99373860550021,41.292150936194325,-26.125397640477033,12.842374070484667
EF_03.09.2024_20240903_224100.WAV,516.55725,2.3020250308808783,230474.28204977015,34535.06008331234,0.00014377255975472604,0.6944157496451178,0.002305533,4106,-1393.4492121520445,-346.2482918728304,-334.3629734186736,328.85298510001456,-113.70647996239262,73.70727269974053,-37.45604724350987,0.3842381817192413,2.155051567772247,-28.051353053809414,41.245868350865734,-26.157222431860184,12.940844724237946
EF_03.09.2024_20240903_224000.WAV,546.73596,2.302585092994046,231317.3450364485,34534.94470853109,0.00014261568204450704,0.6944366117035512,0.0023148227,4111,-1264.6323049864875,-270.5780300849355,-233.22317297303505,299.3138778031801,-105.0320707344461,22.957339402071703,-21.183908328997095,-7.562629945940852,25.89228918697013,-29.66336050524458,40.21301149636361,-30.803925243232325,4.562440452448273
EF_03.09.2024_20240903_224300.WAV,516.3142,2.260548549415339,230670.55194826447,34540.173558521274,0.00014249104862855684,0.6947239081553105,0.002307187,4110,-1347.1959227403624,-318.3229612243533,-294.78110328512514,321.43539765828706,-108.52393349976259,53.60255613243751,-33.820810426219055,-5.5041038235187765,12.06512135609533,-27.350668824512663,43.72258027487891,-28.264974622692847,9.168920860192218
EF_03.09.2024_20240903_224200.WAV,515.61084,2.3023364717822554,230983.14417240812,34542.621128372164,0.0001439469412496804,0.694820309954738,0.0023105706,4119,-1388.3006140879843,-343.4942018351248,-330.07456414737004,328.3304940496208,-113.0044928025295,71.65728391705325,-37.371012428648044,-0.434535609908929,3.3063533010685346,-27.983833321224726,41.560072680703676,-26.086988201908717,12.518236071090987
EF_03.09.2024_20240903_224400.WAV,515.6211,2.301280791173803,231514.98448057476,34540.069038714486,0.0001420775369059788,0.6946224612829284,0.0023162663,4118,-1389.7626669906874,-344.5961629711434,-331.81845926024926,328.556173752967,-113.30543860062124,72.46446600242207,-37.33852561224224,-0.163754179260504,2.8529952677564143,-27.977470363886834,41.41729939553681,-26.147440038689705,12.702428739196808
EF_03.09.2024_20240903_224500.WAV,515.9811,2.3023377171667363,231564.6695977638,34537.70291305181,0.00014234914199352962,0.6945028794185749,0.0023164097,4117,-1389.5744921288865,-344.5272860385159,-331.658439276491,328.55908589133844,-113.27534176713176,72.37002879622773,-37.36248628952666,-0.10442765150201223,2.79959957093205,-27.94320362188679,41.45403984997212,-26.202736625822983,12.743254901916501
EF_03.09.2024_20240903_224600.WAV,516.8443,0.9103048897473673,231502.77146974226,34535.631088743125,0.00014206908282045819,0.6944955163391278,0.002316123,4117,-1345.216216134571,-317.53405377175693,-293.6852050086574,321.24312582490387,-108.31946396971156,52.86223687469223,-33.73769230839454,-5.484598541015284,12.333297498454746,-27.335128203865093,43.73411319852608,-28.402339700001843,9.14500710249191
EF_03.09.2024_20240903_224700.WAV,516.44977,2.3017720215306765,230709.60882991416,34537.67829515488,0.00014265731440032622,0.694499243329959,0.0023083554,4108,-1390.0306765341975,-344.20581490841624,-331.336420500656,328.5676773825131,-113.28017240425298,72.1135341311176,-37.1705231714121,-0.31668976672164867,3.002453150345663,-27.946273817463833,41.394801208078974,-26.149001784793995,12.676240488396905
EF_03.09.2024_20240903_224900.WAV,515.99994,2.302366358230493,232199.44500969164,34539.856888429546,0.000141363242274095,0.6946364147729918,0.0023229162,4140,-1390.0777101818624,-345.1140625603388,-332.40989248421806,328.75577801769606,-113.51363657920712,72.74298725627108,-37.33944914459064,-0.025551797806174788,2.730220979212053,-27.98951505599223,41.242218026623114,-26.0882420555083,12.829575874019685
EF_03.09.2024_20240903_224800.WAV,516.05066,2.3022758500000235,231388.26983788479,34537.736897197414,0.00014242896326447567,0.6944718817631248,0.0023147408,4131,-1394.62383288887,-347.5255140863323,-336.0068243087618,329.165382520042,-114.01525400258684,74.5748636110859,-37.64013915318423,0.6874615969925798,1.8374843802161296,-28.043246462556027,40.89557070255934,-25.96696483591083,13.114554076971029
EF_03.09.2024_20240903_225000.WAV,516.2416,2.290483866324051,230998.06778944007,34535.061621774264,0.00014213382858597022,0.6943881153716374,0.0023111831,4107,-1386.452689416657,-342.265967382135,-328.5464771369749,328.11097615917606,-112.66153423021133,70.70003812563023,-37.14835387770195,-0.8033773997511394,3.66318276559709,-27.78826359038302,41.687809285440956,-26.350447825306244,12.495374954020763
EF_03.09.2024_20240903_225100.WAV,516.3793,2.2990271412117167,230922.38391109297,34534.48678251322,0.00014305740539501715,0.694509924340268,0.0023095894,4082,-1391.4235037532953,-345.3264585641896,-333.1563780995474,328.69859966612296,-113.30700131103697,73.00420029030067,-37.52845743140815,0.07511844713479987,2.6294293556532917,-27.954747594428845,41.26165150948052,-26.187306471231146,12.861752110191553
EF_03.09.2024_20240903_225200.WAV,643.5939,1.7373733880978999,231680.0314542085,34532.53266813146,0.00014355659697377172,0.6945937361828632,0.0023216705,4107,-1235.0805497159026,-254.07049638747424,-213.96879899081264,288.79865782024115,-104.60077023851606,14.466781380547717,-14.899354449051561,-7.233855664233932,28.581323741944924,-31.55583643891899,37.722804126256186,-29.869269374615556,3.9376305120580386
EF_03.09.2024_20240903_225300.WAV,629.9879,1.7129430438404118,232952.71527703584,34534.30247548608,0.0001426349332610435,0.6945872366744624,0.0023355966,4141,-1203.4469140952879,-237.77185248492222,-194.8471593354258,277.3175394151692,-104.3276699901068,6.84595412169322,-8.154985864013486,-6.542093003442525,29.914160701149555,-33.67375136732966,35.31774553638487,-27.90089637738561,3.5248285603388956
EF_03.09.2024_20240903_225500.WAV,522.7273,2.302585092994046,230985.3498351825,34538.53007583756,0.00014304000312070805,0.6947566329528531,0.0023104262,4097,-1387.3020463404932,-342.7520416428938,-330.1424263264563,327.67924753559265,-113.05175151669349,71.67920007135403,-36.831707619241115,-0.5052968582413805,3.3060041834303076,-28.255091145862124,41.522278880957415,-26.1186726156724,12.655501330189667
EF_03.09.2024_20240903_225400.WAV,584.5015,1.4186109171026404e-304,232684.01352624758,34536.031529503896,0.00014282222073157396,0.6944709727409709,0.002330741,4110,-1188.3412786785086,-229.88859898848912,-185.89097670760714,271.2974793521675,-104.2128254723146,3.696569864626132,-4.645539598627624,-6.404440534232009,30.034034020130182,-34.59266490287729,34.299328745706994,-26.56753045816366,3.1955048974711087
EF_03.09.2024_20240903_225600.WAV,557.2532,2.302585092994046,231145.26160257997,34531.04181876287,0.00014475925712055675,0.6943841611252676,0.0023118237,4101,-1355.5924394485844,-323.6158780582354,-303.54291595938196,322.37543718518054,-109.33372587675312,58.152055995486336,-34.303623973082345,-4.450512807028244,9.714633601242454,-27.738758243970707,43.33025281989611,-27.640807753679738,10.309998497369762
EF_03.09.2024_20240903_225700.WAV,523.83276,2.2932012380246984,230977.35712675776,34532.111992607046,0.0001439219543268586,0.6944942437081123,0.0023100497,4128,-1386.3035996963201,-342.18675999684325,-329.69923848128445,327.27651884638396,-112.99145158510976,71.46911821755965,-36.6262140114209,-0.4676390362209784,3.2482965402103114,-28.20875918824946,41.536312900270424,-26.215834204369802,12.638272987564445
EF_03.09.2024_20240903_225800.WAV,527.6424,2.2776106829653315,230586.46138104858,34530.088092819824,0.0001439631495521055,0.6941224536471423,0.0023058993,4108,-1386.1584701380534,-341.9283525134569,-329.2751179676922,327.31021897341117,-112.83532399279957,71.12355232219875,-36.68867825141519,-0.4556566080929681,3.357374292868505,-28.154217677117934,41.567321919543346,-26.3323553276697,12.678384495991343
EF_03.09.2024_20240903_225900.WAV,523.18854,2.2947939484066286,230945.77392399748,34536.190946554976,0.0001433906184243931,0.6945588297321512,0.0023098954,4118,-1383.289050779139,-340.3805802014098,-326.56291296416606,327.1602394926819,-112.48017438308949,69.94190432726042,-36.64367162433361,-1.1664718793730546,4.073233608186321,-27.981796892389674,41.79375293219909,-26.320302784370917,12.42954607822228
EF_03.09.2024_20240903_230000.WAV,518.0493,2.300704138229089,231989.91476979243,34539.607696658255,0.0001421076133552339,0.6945103334002374,0.0023209034,4141,-1389.3609596440826,-344.639447236151,-332.0115254341404,328.3640789860472,-113.37802642659851,72.6423415257696,-37.26664613794654,-0.02725316469892751,2.7290858452050832,-28.065671930123727,41.29886002463772,-26.032600239988145,12.800253519941114
EF_03.09.2024_20240903_230100.WAV,529.2289,2.302585092994046,231761.2369243515,34537.0867634052,0.0001426468216563211,0.694462836992693,0.0023183092,4132,-1383.9103026957093,-341.2591761851223,-327.29919236689426,327.55566505863,-112.53276355799373,70.25217751008137,-36.96462260174256,-0.8729198070488098,3.823515270812198,-27.947789854688946,41.81058514233621,-26.248942116032303,12.404564395393741
EF_03.09.2024_20240903_230200.WAV,519.3132,2.3001987234563854,230659.95303787125,34533.039213699325,0.00014369673716860577,0.6943906606336684,0.0023070052,4119,-1393.2537890743358,-346.2733163115499,-335.15704970395797,328.4680933843363,-113.7632307956684,74.107841610309,-37.230437654946854,0.4949643830855646,2.0062990113186596,-28.21908400237408,40.994360929749966,-25.970231353772675,13.115028262803758
EF_03.09.2024_20240903_230300.WAV,519.08997,2.2874265970316987,231531.8371297568,34537.39507215874,0.00014302172316152655,0.694550421277227,0.002315907,4152,-1390.4179287144163,-345.09111898584683,-332.9530925183493,328.3794646755128,-113.43918186459275,73.11513897668138,-37.300710747225224,0.06456327258179682,2.509168297230116,-28.061302759714266,41.253495009144714,-26.03337865717104,12.887918400404072
EF_03.09.2024_20240903_230400.WAV,519.2274,2.295317204982181,231245.51626273632,34537.65524128825,0.0001429004204993899,0.6945530574414736,0.0023129021,4124,-1393.1105195512973,-346.5038843415933,-335.18539432192676,328.69046910706766,-113.7774063891205,74.17248658574151,-37.410919403554196,0.46156928976082034,2.0532563146858167,-28.218873771584057,41.09396020674649,-25.943473420407866,13.02447701125529
EF_03.09.2024_20240903_230500.WAV,519.25415,2.297036793245594,231553.86275018065,34536.994324141575,0.00014253964715551284,0.6946319605644373,0.0023161161,4128,-1388.4129099789052,-343.849697736942,-331.30921933108294,328.09513707168185,-113.11080645644469,72.23089654155964,-37.20199003630155,-0.27510855453491034,3.024824812581043,-28.029400909629672,41.376182706392015,-26.157283877586103,12.71166969130521
EF_03.09.2024_20240903_230600.WAV,518.0042,2.300189048791048,230702.83912401256,34537.90995400749,0.00014404033205942326,0.6946725484036117,0.0023077668,4104,-1390.453400769288,-344.5432586377629,-332.2869466497903,328.3604072752199,-113.33160877250124,72.69896795215551,-37.25688160599146,-0.11142999200051326,2.832634717547306,-28.134803277187782,41.33824079520745,-26.106515128259414,12.878393035256655
EF_03.09.2024_20240903_230700.WAV,517.9263,2.2971791177710115,231788.34551464935,34537.77681817717,0.0001430974907716236,0.6944126589697943,0.0023182672,4105,-1390.3651457022813,-345.1079826472138,-332.98851125145154,328.4986083452999,-113.43927902102027,73.07670002776123,-37.334571319596314,0.0030346525894681484,2.6048427888783685,-28.050275471813386,41.306345845291595,-26.16914820479223,12.921308660238674
EF_03.09.2024_20240903_230800.WAV,534.57117,2.003818557152421,231672.93963597968,34535.95034029588,0.00014363291726112327,0.6945082426492832,0.0023171457,4105,-1381.4027404748667,-339.6450874979385,-325.45372576465746,327.02515005598923,-112.19760919429994,69.2781419002886,-36.71770039940059,-1.1786050407688855,4.338509076643452,-28.050565212543955,42.006120467541535,-26.403836622067896,12.312247623128783
EF_03.09.2024_20240903_230900.WAV,519.8303,2.302260414936219,231261.01950240522,34534.870523526115,0.0001437157411336142,0.6944532922600763,0.002312968,4102,-1386.7481507758484,-342.6545450254754,-329.8481505613403,327.6731339407256,-112.94375941651793,71.4943218576102,-36.87370020202616,-0.4671315244776005,3.246704631623303,-28.1330592654874,41.49530745539387,-26.082079234030328,12.666560119966569
EF_03.09.2024_20240903_231000.WAV,520.49243,2.2990400435669436,230952.1427425674,34536.71162776551,0.00014312312438747704,0.694542603686703,0.0023101578,4124,-1385.0844901400967,-341.500439418751,-327.96342576122134,327.46375193549915,-112.65753371668366,70.60513665838008,-36.92742601275252,-0.6944034991608328,3.6848594026712975,-28.050041944735934,41.761065827554255,-26.403705051819987,12.572506383794455
EF_03.09.2024_20240903_231100.WAV,523.54407,2.2752704583133605,231645.87578423595,34535.7324798277,0.00014307311339052702,0.6945481941729498,0.0023172465,4108,-1373.192505379107,-334.4821434405864,-318.08175958598844,325.7994941949784,-111.2890903997009,65.52817076516736,-35.95409863896327,-2.4181579641983952,6.1630539293827304,-27.86571627676754,42.4918006603106,-26.863891851081405,11.695036409273651
EF_03.09.2024_20240903_231200.WAV,522.17236,2.3013498154129923,231915.0310373811,34540.76646887996,0.00014462940587300303,0.6948192191281533,0.0023196884,4101,-1381.0059892488293,-339.5250271834829,-325.4391870440896,326.74821621125676,-112.41841391791438,69.5078841258618,-36.51875768529406,-1.1737133478215882,4.307213003656117,-28.148998982169594,41.87274733266334,-26.413166677136484,12.45847346415567
EF_03.09.2024_20240903_231300.WAV,520.6575,2.300800712600576,230982.97506237237,34536.616636271305,0.00014308738356835063,0.6946506409697012,0.0023102819,4118,-1386.8781636298143,-342.5958705228724,-329.61145898832314,327.69399968799956,-113.01438113449338,71.39758954895498,-36.85277587777599,-0.4197459901451001,3.276908540991336,-28.157072248735773,41.49721481585542,-26.152748075212102,12.71606760931371
EF_03.09.2024_20240903_231500.WAV,521.1606,2.1647751301747933,231985.66741257088,34539.2925590511,0.00014242285975662306,0.6946132347080657,0.0023209732,4082,-1388.8767367191483,-344.30308541086515,-331.8592239273894,328.1697670347163,-113.36045013677472,72.52866987316352,-37.14312153847245,-0.034252435856921885,2.8306209578533754,-28.164666431216734,41.27267387791229,-26.07963684687584,12.875830902710817
EF_03.09.2024_20240903_231400.WAV,517.93134,2.3016367778711957,231209.24187676643,34539.820145149926,0.00014315606728440534,0.6946144164368658,0.002312221,4109,-1391.4418546242882,-345.5424903518442,-333.53745426129683,328.48092485821866,-113.62784384969012,73.39881706889967,-37.3654419919394,0.269788008674406,2.5128180646323672,-28.188009160721727,41.124356166940174,-26.076564266910584,12.928174666740484
EF_03.09.2024_20240903_231700.WAV,522.19293,2.2869024641279263,231242.4629558448,34536.67002110104,0.00014313554611843508,0.6947349073233734,0.0023129792,4084,-1386.1683805070718,-342.2699805730414,-329.34846634675125,327.5327862834793,-112.87381534260382,71.25151331263454,-36.82110573393013,-0.5463247292680815,3.3803334345624796,-28.10692501605588,41.54301163751574,-26.17525237863894,12.553416624011124
EF_03.09.2024_20240903_231600.WAV,521.2037,2.3005383890472224,231746.58852318773,34535.649807972615,0.00014379796421953522,0.6946481411587778,0.0023182551,4100,-1385.2528116270396,-341.89283928492756,-328.526630269397,327.6455447032148,-112.83768705088124,70.81498985413522,-36.785009033186824,-0.680338562314001,3.4974531224763403,-28.036982533906006,41.72506883021194,-26.267012024756983,12.488502439536358
EF_03.09.2024_20240903_231800.WAV,522.2971,2.2981129081536187,231244.37653936955,34537.48223859138,0.00014353621703520466,0.6946686396083496,0.0023131699,4125,-1388.9022307328962,-343.8873289334705,-331.8032641587905,327.88338334696107,-113.28994531997037,72.5505931178789,-36.92206997155634,-0.2682690035416811,2.8546074560727623,-28.14738881766239,41.27252295871637,-26.119359293532113,12.953928896311472
EF_03.09.2024_20240903_231900.WAV,519.66833,2.2969238262881086,231541.7756606786,34539.5178260815,0.0001431248505479193,0.6945707833734758,0.0023156763,4104,-1389.8314571127096,-344.80432403132147,-332.664755452788,328.1011531808629,-113.46366603928068,73.09150137686571,-37.193562790195806,0.09708119724898165,2.521049980516341,-28.14195626793923,41.20032609572519,-26.054138829402355,13.014921409829892
EF_03.09.2024_20240903_232000.WAV,522.95544,2.2937138141658884,230998.7022091202,34535.3554043518,0.00014398853642777178,0.694519423621777,0.0023103512,4110,-1390.176462651156,-344.62576642380355,-332.9005848545536,327.92511026156194,-113.42658735475385,73.12354013168469,-37.03022749006214,0.043992501434628004,2.4915533779546943,-28.128794735480703,41.18073713512189,-26.090061680567477,12.977757731984873
EF_03.09.2024_20240903_232100.WAV,525.86194,2.195202340631529,231559.73405323,34534.196004304904,0.00014471478588997606,0.6944073411901936,0.0023162581,4120,-1386.2224507004787,-342.49046360865907,-330.4049668147323,327.10741266114564,-113.10586749157704,71.93174900824803,-36.57668330942802,-0.29382291271663236,3.0145969881824093,-28.355586733639242,41.45263581692804,-26.14509411276208,12.828553762616135
EF_03.09.2024_20240903_232300.WAV,536.0045,2.302585092994046,231786.87090732282,34534.676654424205,0.0001431012660764845,0.6946383691706227,0.0023183574,4121,-1283.4548011550323,-281.4521308533577,-247.1522783335125,305.19961346896895,-105.3986801391534,29.609343113763295,-24.642499590765283,-7.773978244374331,23.252366552107514,-28.756140708106184,41.67741064230285,-30.67818299370596,5.312948030364962
EF_03.09.2024_20240903_232200.WAV,523.87976,2.297126113694829,231190.11936949237,34535.50139395189,0.00014387133998833236,0.6945709651779065,0.002312929,4091,-1387.2634402764586,-342.8678173932426,-330.6932249290289,327.4179290853565,-113.06253649378094,72.047139254491,-36.788801719865404,-0.35612085518148,3.034881971297885,-28.30866740220728,41.52834999661434,-26.136241486863174,12.803147531743324
EF_03.09.2024_20240903_232500.WAV,522.66016,2.299785883879767,231350.32180623192,34533.07520016383,0.00014426821042057218,0.694359572076003,0.0023130977,4105,-1385.8567425502758,-342.18701782432476,-329.8495671084881,327.1314397538816,-113.01839904486793,71.6316116200484,-36.53855569428004,-0.4524719851513269,3.149990623323765,-28.260484443675598,41.396756871332904,-26.100823069684658,12.845150459911006
EF_03.09.2024_20240903_232400.WAV,518.12085,2.3005749259013477,231373.28775841062,34534.357221593535,0.00014438060073113494,0.6944214764846877,0.0023143447,4108,-1389.439857330387,-344.316318330358,-332.20497935531426,328.1447038945896,-113.32569233799231,72.57045942784183,-37.06363198302089,0.03742471475675519,2.7533532494032382,-28.217294525269555,41.211021997313686,-26.08592063936833,12.96757195386455
EF_03.09.2024_20240903_232600.WAV,520.67725,2.2995450283870498,231644.03063468798,34536.172651419474,0.00014292244610362512,0.6945812371282463,0.0023167268,4087,-1389.8825800296074,-344.751923848953,-332.95439149624605,328.07499432659336,-113.5016324188468,73.07372270486067,-37.015886013669046,0.12013779215093671,2.5116900762253827,-28.2761882826061,41.195087134850326,-25.96112599303341,12.925526251564573
EF_03.09.2024_20240903_232700.WAV,524.0598,2.251708514199229,231765.90631999288,34538.05090798484,0.00014359075461414794,0.6945661473604906,0.0023178232,4135,-1340.2783349253496,-314.8364994707296,-290.4575965677894,319.9021279177371,-108.06653976929223,51.48909827177648,-33.15503772021466,-5.759616878605944,13.075192611254536,-27.490566338670003,43.69764137385489,-28.594870732050882,9.036018875996893
EF_03.09.2024_20240903_232900.WAV,520.1175,2.3003346774699893,232063.3159770825,34543.6858969761,0.00014238594992855083,0.6946843202405054,0.0023217495,4103,-1389.6395372527197,-344.80415252692256,-332.6529277173856,328.1101280321927,-113.62048496834029,73.12355334159581,-37.081747114955675,0.13414628552439045,2.486011927809162,-28.30062981913921,41.37773825910171,-26.089244574003466,12.940963730352859
EF_03.09.2024_20240903_232800.WAV,525.386,1.4576141506812146,232342.64904260333,34537.48406629263,0.0001429147117242156,0.6945298319254398,0.0023248892,4116,-1278.8971326966541,-279.21425234736864,-244.1945708090332,303.9309623842021,-105.3872343627345,28.373832377593576,-23.969407537385468,-7.764206884595215,23.781273041996453,-28.945872743251645,41.42719652660547,-30.741595845562472,5.211091842815236
EF_03.09.2024_20240903_233000.WAV,520.8307,2.2982966277467893,231264.56363914406,34534.48203623215,0.00014343640972829522,0.694372207483943,0.0023124134,4130,-1393.6215455790987,-346.8955978340507,-336.02358498687664,328.5869034702227,-113.92707622689561,74.61704100101223,-37.36149068948668,0.658019787286603,1.8733159541986422,-28.313159346519868,40.92775831958218,-25.8992092751334,13.129490785550784
EF_03.09.2024_20240903_233100.WAV,518.9656,2.296462950923358,231827.23098440305,34537.1344660508,0.00014354001460977538,0.6946396418016383,0.0023192733,4100,-1386.3711491698948,-342.61150625510925,-329.56235571052594,327.84048206143336,-112.91857989638865,71.32778136389162,-36.98232666671778,-0.5485537958839046,3.419399826412854,-28.070264242217903,41.56800478321538,-26.277291433946292,12.623675995542587
EF_03.09.2024_20240903_233200.WAV,522.88416,1.1437531846728286,230766.3089300821,34532.32121532281,0.0001437004391496364,0.6943299834048916,0.0023078471,4134,-1334.583123844937,-310.91386911908404,-285.3351695234404,318.4979556572926,-107.50263634695774,48.67795969545602,-32.31863730375752,-6.191054007661777,14.338530471837476,-27.480935483935514,43.68228237162115,-28.8753064660914,8.475755070268761
EF_03.09.2024_20240903_233300.WAV,519.73425,2.301371333554233,231751.79931690436,34538.27194139463,0.0001423628703658447,0.6946941831308759,0.0023182489,4125,-1392.2272338888931,-346.1759331219654,-334.7358623814939,328.53142518208546,-113.88347518402102,73.96588250828147,-37.24411271903377,0.5330573264477483,2.143841873645631,-28.323067750648786,41.00488293865428,-25.994559766087153,13.14700515436838
EF_03.09.2024_20240903_233500.WAV,520.4536,2.299409682442689,230144.59930494867,34533.2053886864,0.0001440361360069805,0.6944883805152192,0.0023019647,4129,-1392.25896755466,-345.4247610141493,-334.07080825607056,328.1750179278911,-113.5918610986166,73.59272192530021,-37.106914053138404,0.3117530514120571,2.2441389904796765,-28.20137270176146,41.07607430488753,-26.02166491107811,13.016650149864969
EF_03.09.2024_20240903_233400.WAV,519.4855,2.3019109321582705,231788.34746819385,34535.11463928436,0.00014294073426455382,0.6946373237951456,0.0023183553,4128,-1386.9096842685792,-343.0008525904673,-330.0561584470385,327.9123211473967,-113.0467404435514,71.5491887764431,-36.98996258357176,-0.321536108707985,3.2061751360429223,-28.134033025744298,41.53450989742521,-26.174615634794627,12.639805958699048
EF_03.09.2024_20240903_233700.WAV,519.67755,2.295134121110806,230933.813625849,34536.04085788488,0.00014305136948307139,0.6945999629846179,0.0023100676,4108,-1392.0672619138556,-345.7790736359854,-334.08650589536575,328.41489736325013,-113.67646961161311,73.69111872241399,-37.28545690088755,0.3266577786021895,2.2243151355219526,-28.090002063727972,41.087931270993785,-26.0883204478816,13.049504484853832
EF_03.09.2024_20240903_233600.WAV,518.3598,2.2986221880651585,230722.7402797861,34538.88831094879,0.00014335326017135598,0.6945884184032626,0.002308151,4129,-1375.7531392463652,-335.5334775360904,-319.29770659196004,326.2813435279582,-111.43741727849061,66.183905904464,-36.234555370447154,-2.338671703580677,5.930229204699567,-27.876913636635383,42.514376769412735,-26.742161360806616,11.750416920741964
EF_03.09.2024_20240903_233800.WAV,519.95374,2.2957425818400137,231044.73693120203,34536.83912726256,0.000143007679789559,0.6946245974849903,0.0023111682,4109,-1390.0136633890052,-344.4879338436929,-332.41870787475614,328.1422122409476,-113.39773371310424,72.75809060910612,-37.081492752082106,0.003532925720479209,2.748413870595496,-28.17528846951443,41.163508346551254,-26.104228856273654,12.931773572996796
EF_03.09.2024_20240903_233900.WAV,529.9745,1.6944702130431923,231249.10119138568,34533.91291307497,0.00014433511357652784,0.6944231127245648,0.0023136046,4106,-1344.6734594470304,-317.05367022371854,-293.84791671938626,320.62014342799125,-108.34762434508096,53.08944723797772,-33.42331656003104,-5.504928215048842,12.31686111363443,-27.556330923516324,43.5953869328886,-28.25880324352685,9.208875758203144
EF_03.09.2024_20240903_234000.WAV,520.2348,2.2943562305237934,232080.1097208741,34538.48353435208,0.00014262765978665957,0.6945205598994694,0.0023219069,4100,-1390.0411707254882,-344.9827114655713,-333.0170237799612,328.28974733865175,-113.58652270024854,73.08305987368557,-37.13027399548488,0.15116666820001406,2.6035638413021225,-28.199293256379914,41.12500431110782,-26.09398966694319,12.971990274426954
EF_03.09.2024_20240903_234100.WAV,523.24756,2.2153220399731515,231846.75157594445,34533.60550687266,0.0001437614559885342,0.6944042050637624,0.0023182207,4106,-1391.8176680276451,-346.08275095880197,-334.92096832980803,328.30383366944807,-113.83558688038626,74.03618460926698,-37.14327289711316,0.5948399919879988,2.004409150761139,-28.290404758508142,40.96509318936209,-25.980079804967094,13.182337696354626
EF_03.09.2024_20240903_234300.WAV,529.1651,2.2697918846151097,231791.5505049648,34532.299076159245,0.0001465055382146811,0.6945091062203295,0.0023177871,4125,-1390.7472184759877,-345.3811490005943,-335.75664689200437,326.9790578159669,-114.13129099336541,74.7238043312062,-36.35979414505842,0.8477027649646572,1.7237628429258671,-28.848557117638013,40.68437579333885,-25.84180061322725,13.45851608563234
EF_03.09.2024_20240903_234200.WAV,550.2228,2.302585092994046,231813.03294156425,34532.65832950534,0.0001444536090532123,0.694605371666434,0.0023181168,4101,-1389.198817890472,-344.3987263418927,-333.6406629772041,327.28721954648483,-113.68995317758072,73.56389630547304,-36.61208669579572,0.3421964948661132,2.2873459964316716,-28.536028838164096,41.02985602209085,-26.05337792807991,13.246370565941115
EF_03.09.2024_20240903_234400.WAV,529.17285,2.2873901991834504,230846.00946765023,34532.501718654516,0.0001462851868264036,0.694440838656567,0.0023082246,4127,-1389.5922542744438,-344.131217792907,-334.3251957571423,326.5456570126613,-113.88817941396924,74.0379043719986,-36.1618422886044,0.5244121511614503,2.158773159388722,-28.880395615846172,40.76999339174348,-25.976727759937717,13.409519876425614
EF_03.09.2024_20240903_234500.WAV,531.3887,1.0588032571034944,230821.79001796295,34528.18397479928,0.00014634369396910986,0.6943242111142139,0.002307825,4094,-1377.527979398877,-336.6413137899591,-323.8159617513235,324.9066394617877,-112.14163740077144,68.67498665429778,-35.2569283560434,-1.5395952567018052,4.612865428980803,-28.630856488120155,41.89610634617381,-26.478633925656574,12.560324317580413
EF_03.09.2024_20240903_234600.WAV,527.08923,2.2423317846311765,231441.6446942103,34534.34507123503,0.00014594930528846414,0.6946766390033045,0.0023143466,4114,-1390.3109645389966,-344.83166341147734,-335.10482919527124,326.8956201207855,-114.05980873172459,74.37106633100281,-36.33803984170238,0.6671634043360063,2.09990420369067,-28.867987570823995,40.69915845098183,-25.976641877506893,13.40660150656728
EF_03.09.2024_20240903_234700.WAV,527.20166,2.302585092994046,231661.5179321866,34533.41872131611,0.00014534839891910514,0.6945131513689147,0.0023164356,4122,-1383.704059677973,-340.9935684650533,-328.8345600263377,326.44805495851637,-113.02588185432685,71.15368422198746,-36.14486492266908,-0.45969068952872033,3.493852866245782,-28.544935539837258,41.35230067208825,-26.24128440241862,12.883963854351547
EF_03.09.2024_20240903_234800.WAV,528.1731,1.4186109171026404e-304,230956.94768161586,34530.23120261726,0.00014491428379253282,0.6943047125890115,0.002309013,4110,-1380.4990002858049,-338.60607652584963,-325.4677724612143,325.97792516864484,-112.35444392488758,69.36465697657574,-35.91935999931987,-1.1136080868959317,4.228698787837904,-28.4623594117631,41.89144049018186,-26.407546284943034,12.453305092570446
EF_03.09.2024_20240903_234900.WAV,530.0092,2.302585092994046,231942.90013427185,34533.95357871765,0.00014553480150812648,0.6945739649510146,0.0023197357,4106,-1383.8498763832347,-341.1716131938378,-328.9642505720451,326.5588065395154,-113.02385637845839,71.21988169988299,-36.14553439519811,-0.5645458091366121,3.4029690076482653,-28.398682392350892,41.388376490907575,-26.17551537281555,12.741533496557041
EF_03.09.2024_20240903_235000.WAV,525.7656,2.299373720936059,231384.81696370625,34534.14532752077,0.00014558331947368402,0.6946340058642837,0.0023132958,4113,-1389.6637290144404,-344.4795782905502,-334.1589579775027,327.0594951764573,-113.86632538480278,73.85673910696683,-36.38876222099781,0.4096440599256919,2.2660160037963797,-28.659929264286745,40.79470071927415,-25.98857332050147,13.29013505202731
EF_03.09.2024_20240903_235100.WAV,708.16565,2.302585092994046,331888.4087114247,34424.05295797125,0.0002310517136801204,0.6933088788193474,0.0034903765,4107,-1033.8985634045189,-162.88674415669047,-123.69454218422842,207.23006816524796,-94.37656370772794,-9.413195567689156,22.650146657151854,-9.86065051629028,20.28264187718307,-34.36532204951719,29.242859991987196,-12.183602616201377,-4.995627491863228
EF_03.09.2024_20240903_235300.WAV,635.87213,2.302585092994046,3778.493018051918,33975.51067229604,0.0003334182960583881,0.6761730445359282,0.002485697,61,-1252.4754029607798,-265.59091208915265,-269.11716622288077,280.6211770719365,-79.36142911638541,40.210800411135885,-31.59240979134211,-16.1742692290841,19.681991672611407,-19.805699945248108,43.01633437534567,-32.17769489298344,1.513440224729711
EF_03.09.2024_20240903_235200.WAV,594.16675,1.4186109171026404e-304,873995.3325762235,34025.64887983024,0.005915390222835178,0.6830102486793727,0.009152969,4074,-971.396688667137,-169.15151352919446,-153.70619606083793,207.68754931019092,-85.3005579922299,-0.8311875524708148,18.248121035083816,-12.32978302022545,18.195394540909568,-31.833834811326817,29.794950580479618,-13.93961405496719,-4.128399287780179
