filename,ACI,ADI,Bio_Energy,Spectral_Centroid_Mean,Spectral_Flatness_Mean,ZCR_Mean,RMS_Mean,Event_Count,MFCC_1,MFCC_2,MFCC_3,MFCC_4,MFCC_5,MFCC_6,MFCC_7,MFCC_8,MFCC_9,MFCC_10,MFCC_11,MFCC_12,MFCC_13
FF_04.09.2024_20240904_203340.WAV,602.2687,2.302585092994046,87259.5259849173,23570.265553983085,0.0003476467607908603,0.6157975201177207,0.004161048,1127,-1022.5953707906688,-186.54551513187548,-254.55033296782702,234.14219241473793,-13.499330076886851,-15.930613452690695,-32.22347541462117,-1.4946401150158872,39.59444805195214,-33.567056453712915,22.1844185417385,-11.551022558441188,-0.1296946138685707
FF_04.09.2024_20240904_203400.WAV,542.41486,2.302585092994046,306451.5676378026,23738.064134483062,0.000232685270205622,0.6189547545030719,0.0038556065,4124,-1037.0282052959187,-198.33773712859895,-258.805125715873,245.05084699297453,-19.933664258681816,-13.733090018484367,-33.942641948639164,-0.07285745056534385,38.90269063852709,-34.17582175759077,24.072589979425295,-13.181125423624414,1.179530980539506
FF_04.09.2024_20240904_203500.WAV,527.59875,2.302585092994046,303079.3165262209,23751.676860642023,0.0002331081535716526,0.6194561866816123,0.0037847585,4135,-1155.7552769068104,-261.98422769848946,-351.6678127497732,275.71112655366096,-27.843957036210735,31.286531865307726,-48.249314828899976,2.1185670733859308,21.92142237537739,-36.19657828072346,31.110463473859884,-12.682727893980369,11.083845867682946
FF_04.09.2024_20240904_203600.WAV,531.59546,1.6279234930345403,304312.8003762041,23744.7164983594,0.0002352469122296916,0.6190270543083654,0.0038111813,4127,-1028.4835713639302,-194.2977674265424,-253.2927722643272,241.84171965146137,-19.99595478320935,-15.43474600383568,-32.38003149402405,0.09609693449644112,39.027574935363766,-34.31838389295858,23.42089896750175,-12.645725775118628,0.7798202463427005
FF_04.09.2024_20240904_203700.WAV,520.75555,1.4186109171026404e-304,302269.8552902914,23755.62021439201,0.0002344302422125449,0.6191354737146271,0.0037719088,4107,-1194.0180757074181,-284.0680113415398,-386.08746395132505,280.30987389421864,-34.46096575592994,48.042001849438414,-49.72091781418887,8.753878450101315,14.754280206444752,-37.693413214832866,27.989080644645096,-12.36178707276501,14.244521847478778
FF_04.09.2024_20240904_203800.WAV,520.21155,2.302585092994046,301019.6555073131,23756.517801005735,0.00023608846061364282,0.6193291620446506,0.0037551678,4104,-1171.096999234681,-270.2004736253382,-364.6132882715941,277.4923787802149,-30.211489732678384,37.76947356958952,-48.66468825398419,4.2896679295914355,18.967649507461378,-36.851158979338074,30.167906521887268,-12.41196718962494,12.526871816251884
FF_04.09.2024_20240904_203900.WAV,524.254,1.0789922078775833,301812.6573650728,23761.059679455917,0.00023351722463971328,0.6196086647286521,0.0037647104,4131,-1136.4035751511303,-250.7445586052723,-333.7541137941835,272.49358441520957,-25.688981448143895,22.239512866287107,-46.740200848511456,0.10747143196053743,25.770873285072145,-35.24884070197954,31.446661893769186,-13.194005867670437,9.036810093081895
FF_04.09.2024_20240904_204000.WAV,523.5884,0.790534462493988,302207.44759217434,23762.258168457956,0.0002336344545224875,0.6197212051632122,0.003774527,4113,-1149.757221913569,-258.4250224028213,-344.8272336166528,275.2364579176867,-27.215010890888603,27.723849413641403,-47.97833390500682,1.469422291383878,23.43974831182492,-35.68082268204789,31.220040457764366,-12.933090607918974,10.277534082601656
FF_04.09.2024_20240904_204100.WAV,521.61206,0.6365141682948128,301769.1148739166,23764.725252115666,0.00023325957123483297,0.6197188416322763,0.003763789,4134,-1205.4131047587075,-290.9723374657444,-395.5701660117628,281.8416709927422,-36.50744963966025,52.65045656181872,-50.42700038835674,10.859073533420103,12.894405366547783,-37.70707314865807,26.700027180332086,-12.357866223534963,14.802282597456536
FF_04.09.2024_20240904_204200.WAV,518.36414,0.6791932659915257,302118.6695553188,23758.219614604874,0.00023493531732749964,0.6195975137109035,0.0037704003,4134,-1163.9605814737406,-266.4162189022206,-358.02225108218533,277.1416873882884,-29.167271492199713,34.232460362174955,-48.51996647574706,3.2996877397048157,20.480229864487622,-36.44704357178484,30.64534125158389,-12.646355776718659,11.883014423194396
FF_04.09.2024_20240904_204300.WAV,516.99994,0.4505612088663047,302480.9720028717,23749.38086445676,0.0002375335152611022,0.6192222577223222,0.0037768204,4132,-1158.6214778972235,-263.1780365858403,-354.8491364129011,275.3110010552798,-28.823330613734402,32.69966857106506,-47.694613551042146,3.00183283466838,21.276042851369592,-36.50689297853718,30.725611645068035,-12.82793083932502,11.241054064126761
FF_04.09.2024_20240904_204400.WAV,514.77783,2.1617147708566855,303031.88827321393,23756.35672880484,0.0002385758204753122,0.61955357627684,0.0037800013,4132,-1156.6791922329837,-262.51597125425997,-353.3237916313648,275.1974935749226,-28.82350833032843,32.025923949322106,-47.70647243089569,2.9868175157555252,21.724366544793252,-36.462785101049874,30.528535203509154,-13.068388350075532,11.360092773435124
FF_04.09.2024_20240904_204500.WAV,520.3165,2.302585092994046,304482.36947795306,23750.165643284032,0.00023762410450545347,0.619370857154493,0.0038025046,4120,-1173.6939104345693,-272.5732256011058,-369.8423482705815,277.3091510051763,-31.77800090368206,39.82891071468361,-48.12665343801282,5.993467400601888,18.25629084378455,-37.310905735191355,29.072995543771743,-12.87525411631658,13.121417795921449
FF_04.09.2024_20240904_204600.WAV,518.63525,2.302585092994046,304455.03240770294,23744.84124195845,0.0002345496702177341,0.6192551653453519,0.003803308,4109,-1209.0557389076382,-293.4335547348232,-402.5736291865108,280.66657239982493,-38.398910492251765,55.20676429357881,-49.71740804730833,13.326909123045105,12.17421474432719,-38.059260781736675,25.275126815224695,-13.025373279780103,14.879609958895182
FF_04.09.2024_20240904_204700.WAV,514.9838,2.2114605945184684,303622.2594107715,23744.04505800532,0.00023771702098766492,0.6190828093971081,0.0037919988,4129,-1179.457939630482,-275.608084439049,-374.0906253129218,278.35938098688183,-31.96780114510132,41.88885307656172,-48.80172285863982,6.622482366412651,17.2586067913985,-37.63003919529743,28.91366085507013,-12.538811492863847,13.621933853411722
FF_04.09.2024_20240904_204800.WAV,515.4907,1.5111638784959638,304313.22640890407,23741.461911134655,0.00023507155672588398,0.61912995880911,0.003802105,4131,-1150.8600503003815,-259.22389407911027,-348.84934911350615,274.40838330938436,-27.554432917003222,29.40144209226963,-47.28333691611311,2.2882797641503063,22.51656174716362,-36.5030198863017,30.8252350179192,-12.857976954378456,11.138826981651885
FF_04.09.2024_20240904_204900.WAV,516.2887,1.519586175925822,305479.8310107292,23742.150281004364,0.00023838704617754435,0.6191851684676368,0.0038220186,4132,-1143.8268524872187,-255.438261576544,-343.526739574374,273.06885636514545,-26.952226865500926,26.779260129101885,-46.526475597747336,1.5944614517707965,23.675191040337392,-36.45801198894955,30.950255757834764,-12.829075445624175,10.506220572189568
FF_04.09.2024_20240904_205000.WAV,518.84106,0.8260564932532607,305036.4293627882,23736.84453469525,0.0002365781739402112,0.6189554211400025,0.0038113678,4123,-1137.7758948393523,-251.93298702395595,-338.01524790827375,272.0748047771379,-26.099200088668493,23.82004288294542,-46.36334210619403,1.1771758004527457,25.231464388280365,-36.13884129940136,30.634495540471743,-13.197554609466378,10.0475042011787
FF_04.09.2024_20240904_205100.WAV,514.5627,1.562315729663111,302184.86411329673,23742.93750455855,0.00024080651843342622,0.6192093492072112,0.0037711272,4088,-1136.8682713933374,-250.61421660651473,-336.4387373921439,271.2283326715671,-26.00744378298277,23.402051273212226,-45.95168175896921,0.8203234924250559,25.382563238775834,-36.06483083815558,30.771849278304543,-13.276560265158968,9.819162931014386
FF_04.09.2024_20240904_205200.WAV,521.2328,2.302585092994046,304048.53989381215,23744.90220442298,0.00023796755630194253,0.6191022024714534,0.0037929043,4136,-1191.8802332375938,-283.0403959078047,-386.3784863084759,279.3736927839195,-34.670495639315725,47.70544299348205,-49.18266307842617,9.19573167841112,15.167136873794602,-37.89746857290725,27.4514538030486,-12.607641550815611,14.48894815280901
FF_04.09.2024_20240904_205300.WAV,515.0618,1.776099042071306,304162.94175019447,23741.8414929658,0.00024004359407488063,0.619003600809079,0.003797772,4107,-1099.883305927176,-231.05440450579476,-306.6853152742948,263.4522953305704,-22.755192238203378,8.716844618839573,-42.542458292653045,-1.3231251951270278,31.32966896599865,-34.74196833308252,29.972702334302127,-13.617263543167116,6.2231305163380926
FF_04.09.2024_20240904_205400.WAV,523.6157,1.3139487979553972,305015.87762102357,23745.227913546907,0.00023856220615334756,0.6192621953348021,0.0038086753,4118,-1134.5372410972918,-250.36209865995997,-335.5768135911462,271.2713480113933,-26.141033564177935,22.913695912674658,-45.84203015587916,0.912625514656088,25.475407282663966,-36.07815109442433,30.76998626752886,-12.988576739124097,9.669276452168363
FF_04.09.2024_20240904_205500.WAV,537.03076,1.525817997978724,307034.03684426425,23733.40701352945,0.000240022602863429,0.6188730611773924,0.003847407,4120,-1021.4812619642056,-191.2780100604883,-249.58323221890885,239.79945735024904,-19.7567513480166,-17.442746524141715,-31.21680226627798,0.7841393272899442,39.44332061499076,-34.78672458814001,22.179520221143637,-12.12043725440366,1.3533595209811393
FF_04.09.2024_20240904_205600.WAV,513.6752,2.079054510535106,306337.55241105054,23735.846134100775,0.0002399531832920566,0.6186830090488085,0.003825896,4103,-1174.1161252549825,-272.83770646089397,-372.72981492586734,276.335003343298,-32.890325788871344,40.546036925519445,-47.424538701069665,7.495805352358987,18.489209472063674,-38.095969945810836,28.041057610175066,-13.228666147427983,13.427352318416451
FF_04.09.2024_20240904_205700.WAV,522.56396,1.2597756025141202,303961.3892188901,23730.37964434575,0.00024296028862468924,0.6185971340914732,0.0037972853,4128,-1157.8146738862806,-262.5849359374009,-356.8500373270996,274.0480848289721,-29.11294759907609,33.18488316443345,-46.65445025774627,3.8676077944165805,21.05593433199053,-37.44688735162321,29.87112866433849,-12.888108792946511,12.094666685726171
FF_04.09.2024_20240904_205800.WAV,514.1821,2.2586688816127376,306609.6410690556,23732.271814880933,0.00023788564338764195,0.6188645161040089,0.0038327132,4126,-1171.975073618324,-271.7414822171734,-371.2209007877934,276.10265306678025,-31.691281400468753,40.26060422702678,-47.41134004079088,6.150677883199025,17.94394952224485,-37.640701484963266,29.188205939405552,-12.906287126395766,12.913343811573899
FF_04.09.2024_20240904_205900.WAV,516.27454,2.0244653064445384,307608.4374961235,23720.169776439387,0.00024151979173313212,0.6187206437337098,0.00384587,4110,-1186.0675570923122,-279.76612712653366,-386.5431502949894,276.3803936114645,-35.11327029186737,47.221553627088035,-47.23874161301142,9.665733319127536,15.638781481188172,-38.360775425533305,27.080862434380016,-13.312176173918704,13.654115178277491
FF_04.09.2024_20240904_210000.WAV,514.4471,2.02274638292421,309071.0780673358,23701.336080937857,0.00024312397648903203,0.6180280079627963,0.003865384,4099,-1161.3649841776448,-265.4806993027293,-366.5714103550688,272.374088158698,-31.004102552747884,37.48730916404692,-45.4335052620999,6.034563676872644,19.51782195529178,-38.33588797716637,28.874748430266997,-13.594947455998907,12.012491970262865
FF_04.09.2024_20240904_210100.WAV,515.792,1.9689324243214474,306157.10913174803,23727.128831927457,0.00024602322601860384,0.6189126351697282,0.0038209355,4118,-1164.975794258596,-267.2849194290724,-367.0832408162447,273.38653482342175,-31.920660659993978,38.34939872081638,-45.85134930563989,6.338944817268093,19.46104699483189,-38.49779825375455,28.237833150113687,-13.379148800349592,12.999864000350561
FF_04.09.2024_20240904_210200.WAV,521.44507,2.302585092994046,306256.117090362,23723.106643095765,0.00024520095711119975,0.6186347687763746,0.0038221797,4114,-1165.7432633019318,-267.6037592193667,-367.92870853208166,273.2599511736641,-32.43802577048233,38.35011124020271,-45.70864206581786,7.229850165639479,19.68471131735015,-38.69438347820745,27.51773376944965,-13.884524858722678,13.255793922694723
FF_04.09.2024_20240904_210300.WAV,518.5099,2.302585092994046,305403.97607144184,23727.397453110505,0.00024461073303876866,0.618614951478528,0.0038140756,4115,-1173.5769977335156,-271.8854053043457,-374.03006798024694,274.37552679104914,-33.6745953549603,41.28537323671924,-46.3268725274709,8.40471687482926,18.487434203026492,-38.443864707581206,27.2669990030139,-14.19256335230383,12.991420784680882
FF_04.09.2024_20240904_210400.WAV,516.0388,2.094261652841224,306107.7587815879,23724.61778059405,0.0002452991075383036,0.6183204191619089,0.003824283,4104,-1106.5059387003923,-234.76820427960112,-315.3933568185487,263.7111363968036,-23.779172940268886,12.989151973184267,-42.54314893987467,-0.4885387511898677,29.833121784798383,-35.46588622191262,30.115334435768144,-13.991198318602997,6.490708134519791
FF_04.09.2024_20240904_210500.WAV,516.5232,2.1716662419184987,306389.1518250378,23719.48097257911,0.0002444430743485075,0.6182779968117785,0.003830962,4130,-1152.7340984784296,-260.0563694501766,-356.09415085981834,271.70430248840694,-29.804608038088123,32.62870271793067,-45.301588579791485,4.408045005698479,21.87531953619013,-37.63157230568626,29.323840961152985,-13.795126456822517,11.033885250959525
FF_04.09.2024_20240904_210600.WAV,521.3843,1.2931090522715327,310277.9955266535,23691.277105745434,0.0002431009725718975,0.6175073645199827,0.0038934087,4107,-1123.6746078439928,-244.41094806527255,-333.44504068969655,266.60202602532513,-24.664105490652354,21.547786636808514,-43.78056596068232,0.2625062516540983,25.837204335130775,-36.2756022341543,31.296396560608226,-13.261488656012995,7.890182132597127
FF_04.09.2024_20240904_210700.WAV,524.9535,1.4186109171026404e-304,306969.6507605489,23719.05736945959,0.0002463007127634124,0.6186697369135534,0.0038363233,4119,-1173.7428872908336,-272.47328099251735,-376.1430480044924,274.1722166299553,-33.2458914232345,42.47802635289184,-46.41822749507183,7.617870083926855,17.503241826998053,-37.73572718844463,28.37588912867785,-13.956472849858823,12.436417987605758
FF_04.09.2024_20240904_210900.WAV,514.82294,1.894609247858674,306796.6882938862,23718.206923786154,0.0002471349240469125,0.6183844163072484,0.0038390262,4121,-1151.2827710731256,-259.2572128583203,-355.313567574444,271.39940282001726,-29.26248971440904,32.30729425487514,-45.089660173708836,3.752427305477633,21.487696966163547,-37.29682053386258,30.030388588743858,-13.66059233734324,10.689187285796866
FF_04.09.2024_20240904_210800.WAV,514.99384,1.8879259634586576,307436.0260924946,23723.864854447398,0.00024609783318393837,0.6186369504972384,0.0038445743,4117,-1181.6404432410634,-277.19762706205796,-383.73778408076055,274.8227071929443,-35.263086616959455,45.970706239596126,-46.54504634391765,9.549183890830662,16.03404498044463,-37.90422271847203,27.80380332725847,-14.14910350097128,12.439660619693973
FF_04.09.2024_20240904_211000.WAV,524.5012,1.4190548796104303,307333.22593685397,23729.276414097098,0.0002458978826678247,0.6188731217807497,0.0038467776,4129,-1033.4169326349029,-197.42335228329486,-260.09047031239453,243.16902237316995,-19.695328290958514,-12.216950058674813,-32.906499228996246,-0.7997440724328302,37.535642125142466,-34.20141522630382,24.846548779059965,-12.717325995814651,1.0978491974867954
FF_04.09.2024_20240904_211100.WAV,523.1327,1.544670627281511,308747.65215564024,23719.410042080744,0.00024773530705451697,0.6186635553711058,0.0038688933,4111,-1071.8899990682896,-216.91781707583422,-290.1075420649795,254.44312696239305,-21.199297221545773,1.3987306827942518,-37.92342579172387,-1.905345400001933,33.191245136338935,-34.8438582500425,28.877304099661437,-13.080723704709989,3.9956107216946672
FF_04.09.2024_20240904_211200.WAV,516.35754,2.0187512751472956,308064.28050205903,23718.063595980315,0.00024740242888975366,0.618653070990288,0.0038534554,4119,-1147.5486981798394,-257.5802304347067,-354.1919643912765,269.85846181751737,-29.27796380479655,32.37513585425159,-43.97863446174116,3.4978946211318336,20.92428828040358,-37.83776517264468,30.230575083491793,-13.122923350901491,11.215757937518983
FF_04.09.2024_20240904_211300.WAV,517.82874,1.6241961280380939,308778.38846607757,23712.05432852456,0.00024948965371464495,0.6184741698794527,0.0038758195,4113,-1034.6129842893235,-197.78657394523142,-262.71816477554415,242.8942444148283,-19.302057460254655,-11.07603455345855,-32.69310840217189,-1.1673496931792329,36.85604357418141,-34.26866682357533,25.291760483050382,-12.692764198529986,1.3044050610537135
FF_04.09.2024_20240904_211400.WAV,517.25354,2.11619571488662,311481.89957619854,23675.245717613983,0.0002575449573539671,0.6176809931387303,0.003897055,4100,-1174.556334671322,-273.17808967442164,-387.3402585467527,269.07626935525906,-35.26428875959329,48.259479607171436,-43.62586832938162,9.499304688321821,15.228450846935225,-38.919483682119974,27.187821014509826,-14.443391954990107,12.928178907371125
FF_04.09.2024_20240904_211500.WAV,530.9471,1.3949023330598387,312212.64610935637,23691.291292845595,0.000251636141893367,0.617788139874488,0.0039199586,4129,-1036.198330489975,-199.21526392546608,-266.1718444129685,243.5493815101001,-18.819755815784454,-9.692880227047054,-33.3182438669287,-1.4720608595675175,36.56051061136415,-34.36206087575973,25.883331409310586,-12.702283105697527,1.108275607439611
FF_04.09.2024_20240904_211600.WAV,525.26086,1.4186109171026404e-304,310357.2037924284,23691.27285242799,0.00025489056402741556,0.6177364452106864,0.0038827506,4132,-1190.2048429832985,-282.25573889083296,-399.4581850138525,271.4689127269258,-39.08394679908627,53.27101111354682,-44.90513875784638,13.212652063163508,13.689537611365996,-38.44066777552082,25.832343805291874,-14.97816827441239,12.503741887856215
FF_04.09.2024_20240904_211700.WAV,516.2736,2.1798171261773285,315063.8031953386,23670.490883558617,0.00025808676696404873,0.617191560424941,0.0039469493,4112,-1175.6051947778037,-274.5298165110774,-390.06083425172346,269.2191124266241,-37.04938644657699,48.31242798190622,-43.72916173114939,11.596141290937357,16.243243721352865,-38.71536070763551,25.97449398448748,-15.813738082261088,12.1346784560553
FF_04.09.2024_20240904_211900.WAV,514.41797,1.9608671729118285,313673.57329684,23676.113985956003,0.0002517828147112063,0.6172352554455752,0.003933399,4107,-1184.9528372750653,-279.3484975924062,-396.06357153131586,271.12570087783575,-38.98936155124644,50.18025869709106,-44.10672180217443,13.941298184655802,15.356561152800232,-39.20017236491596,24.986197160651596,-15.619498762381765,12.8395130844911
FF_04.09.2024_20240904_211800.WAV,521.4168,1.4226260611305608,315904.5996889436,23666.19134696518,0.0002524547123341401,0.6172371947530098,0.003961986,4117,-1131.7730273708778,-249.87285787023467,-348.190547189871,265.7769027420625,-27.174352414411103,28.400419343799747,-42.23138502151081,2.4410355937747372,22.80055360644571,-37.469330075098554,30.239328962729054,-14.125042368570767,9.551198333957386
FF_04.09.2024_20240904_212000.WAV,515.1356,1.9608167560076228,313139.75723161275,23684.4146478446,0.00026206476288393094,0.6178237746485975,0.003925152,4134,-1122.4299907486227,-244.02709292122046,-339.1911540780124,263.27906566269826,-27.27348540074684,24.271904176221017,-40.42449718620333,2.115656650210082,24.332279664159575,-37.504197293148096,30.051307315590936,-14.38222031887318,8.513641967458227
FF_04.09.2024_20240904_212100.WAV,515.83325,1.8933091523750083,313174.7862649989,23681.087097076495,0.0002624222710909036,0.6173575530206653,0.0039268867,4142,-1126.8091098208301,-246.3970195236561,-342.6123112640607,264.19747640310464,-27.73458515379042,25.792733452274792,-41.16615034280809,2.8270311134229664,24.0390092762624,-37.828557808573294,29.895950107798853,-14.276578417389716,8.92945343437575
FF_04.09.2024_20240904_212200.WAV,512.5578,2.1345889903910398,313520.5339234122,23681.05797620245,0.0002624443699275112,0.6172855562321584,0.0039287573,4122,-1180.5725993292601,-276.61074448347034,-394.1033606871892,268.9534894422334,-40.09626792773276,49.245896510837056,-42.845053160724085,14.303690039363998,15.930338625496699,-39.21510213929881,25.200246301531447,-15.823152515441762,12.098666247056459
FF_04.09.2024_20240904_212300.WAV,513.74426,2.2069503604799423,311859.98510892905,23681.09651950565,0.0002619379749134755,0.6173146458436763,0.0039108526,4108,-1144.92435028511,-256.0006413739793,-359.136028951088,265.89065130352867,-31.22686413619546,34.03425370010732,-41.259384887697045,5.905246525053207,20.325989863963212,-39.364766302132445,29.231242177362603,-13.796608743432458,10.882875237042205
FF_04.09.2024_20240904_212400.WAV,512.3743,2.1981473901225823,310835.9427690682,23691.428861026016,0.0002632590335714916,0.6178662576020851,0.0038971372,4115,-1156.1291700800325,-261.94330920836893,-368.7349042497642,267.29071974999187,-33.72984971717486,38.31674418477003,-41.91281082665687,7.775922331670113,19.424149528755095,-38.81304356364656,28.323142781411136,-15.280141576345223,10.596789135967855
FF_04.09.2024_20240904_212500.WAV,513.12427,2.140869879200867,313704.1049451493,23672.503018315958,0.0002635731023288119,0.6168564238589115,0.003933083,4126,-1190.5683078034067,-281.94219101812973,-405.55097646362833,267.94021734876003,-44.37664818646441,53.41712556370638,-42.403046213877936,18.863431483805428,15.649770730965914,-39.33592995252921,22.460541489984,-17.40022293913528,11.44893724132385
FF_04.09.2024_20240904_212600.WAV,513.03894,2.2302841727678215,313769.5759475666,23676.747761611445,0.00026093584662067993,0.6171713189035931,0.0039367215,4094,-1143.2553079255363,-255.40002650185474,-358.4349877295095,265.88237831869,-31.494060553956654,33.00104124619166,-41.19393826839584,6.343046310675663,21.285136535790468,-39.13760972948312,28.52937955504899,-14.283536885218643,10.423871860073199
FF_04.09.2024_20240904_212700.WAV,516.50476,1.6962919236974676,314961.1300431247,23657.075115891865,0.00026700326706618127,0.6164841980381967,0.0039518727,4108,-1140.5258181739548,-253.70443543469628,-360.2155156844898,263.2331757281288,-31.641618251472554,34.183550240119274,-40.026730098604354,6.379279195894787,21.055530597078416,-39.46094473123572,28.509838809534497,-14.746690103644704,10.016568484672161
FF_04.09.2024_20240904_212800.WAV,514.0093,1.9211227302497682,314561.5540003806,23663.360656123383,0.0002651148052038826,0.616779518198461,0.003944851,4131,-1116.8100486028736,-240.89870864170075,-337.22231276144726,260.7900826097664,-26.957855933990583,23.378513689354033,-39.35678632762929,2.4150984705286356,24.775335392610994,-38.41634691831957,29.831472525268385,-13.925356216290856,8.350153599945981
FF_04.09.2024_20240904_212900.WAV,523.51294,1.4186109171026404e-304,314285.0221245338,23669.57002698301,0.00026505259783523406,0.6172711932364714,0.0039415048,4100,-1165.1227548592217,-267.4805466911883,-383.4837638773157,265.2199506786039,-37.510128987280666,45.23086943389309,-40.106922187179144,11.649880373436092,16.79217744192472,-40.61800913029472,26.167864182152197,-15.415619945683755,12.013882674382888
FF_04.09.2024_20240904_213000.WAV,513.38226,1.4842808544233017,312572.86147198157,23665.850781810965,0.0002683857490541334,0.6170220528344917,0.0039068144,4099,-1172.4179863850422,-271.4747862579199,-390.5584018931988,265.21642517004847,-38.74700503167477,49.022054520235656,-40.61952042202426,12.963837775503794,15.769668339576063,-40.79610045785239,25.049341669063708,-15.362560655995429,12.864045600002562
FF_04.09.2024_20240904_213100.WAV,513.9841,2.0769698555877962,314349.8585432049,23655.617906261337,0.0002703574317044462,0.6168125470282053,0.003935964,4124,-1113.1244744053706,-238.9193849881874,-336.0700069431757,258.9631818856417,-26.088202146399237,23.91082627131311,-38.4393302098808,1.163488840435928,23.91214373275507,-38.7920297040214,30.37685280455768,-12.619017489294754,8.85042282079078
FF_04.09.2024_20240904_213200.WAV,512.2333,2.1777918344116687,319268.01283004985,23619.977885625525,0.00027034348854631883,0.6156514473051384,0.003999911,4131,-1128.5429354701064,-248.2003106879888,-356.52668603791847,259.3697451767338,-28.673879051012868,33.74419257921363,-38.46573270544448,3.5320440834845743,19.9375032931492,-39.65878498100508,30.218886348989596,-13.020642638036962,9.752084258219293
FF_04.09.2024_20240904_213300.WAV,513.13873,2.2246978411175298,320344.8218442117,23617.042531475243,0.00026685836279006,0.6153602481731724,0.004021086,4122,-1150.539573710993,-260.4364737904324,-376.421599677577,262.43579031444415,-33.27486811928373,42.2268434561952,-39.45659041678493,8.407976219288006,17.260824387375894,-40.48066239500131,27.906878218826108,-14.65443753281006,11.360511883839226
FF_04.09.2024_20240904_213400.WAV,515.99493,1.9278708044374238,322651.5954935119,23619.537570336433,0.0002633631844338539,0.615858407770417,0.0040762764,4117,-1059.9378919086757,-212.37448088271688,-295.77566320581224,247.76437475766775,-19.386734500950404,4.289859943466853,-34.33115569507368,-2.576783984497512,30.15463107775473,-36.127580060672784,30.324589320179786,-11.787710002107664,2.7426290824405806
FF_04.09.2024_20240904_213500.WAV,514.8263,2.302585092994046,316458.74330600107,23655.456763956627,0.00026391638092436947,0.6163986867010053,0.0039706538,4103,-1174.8795522489982,-273.5222678652919,-395.06294708230297,265.51089085990304,-39.7770120953871,50.25493805740814,-40.15906140165509,13.940664554012494,14.73683466091306,-40.44477995333105,25.255491357752863,-15.695818223040197,12.041342126537359
FF_04.09.2024_20240904_213600.WAV,514.0267,2.164166593996787,313967.17325394606,23670.01903738002,0.0002644635196893979,0.6169529044037794,0.0039400547,4122,-1129.4291388287827,-247.64111140630357,-347.85483706433945,262.9648650958661,-28.69399933979485,28.616957756000758,-39.930686377134215,3.580465277266455,22.610745648300878,-38.718083589069174,29.468709265060557,-14.375834769929975,9.594871688847629
FF_04.09.2024_20240904_213700.WAV,512.1367,2.160116934777549,316495.0373774775,23647.540356487054,0.0002653395169278856,0.6163858387892516,0.0039671967,4108,-1174.3967470383232,-273.0904404456881,-394.84859977880296,265.2381230219934,-39.91139202069692,49.55407577440755,-40.5481581239945,14.863829993450041,15.9729787380209,-40.43958136859927,24.030823115624056,-16.821510694504237,12.492607389897262
FF_04.09.2024_20240904_213800.WAV,522.9669,1.2819675792366632,320975.5349631003,23621.737962585205,0.0002686186631053533,0.6158639226759339,0.004037555,4127,-1078.5472193949495,-221.45464443015763,-311.77849169017026,251.45375355979866,-21.939318956421744,11.30666526800888,-35.1640653139643,-1.0525982239825382,28.125401564588504,-37.07702782786956,30.15379168911849,-13.261585600401522,4.81253847392704
FF_04.09.2024_20240904_213900.WAV,515.69257,1.9214081290663863,324171.78288423637,23594.890525585208,0.0002719712086233056,0.6150623220685428,0.0040786443,4133,-1129.7738697652815,-248.90340172077845,-363.5617785792373,257.124275933471,-31.230535903579632,35.705466083545204,-36.436753770930835,6.6612456608285,19.82869001029819,-40.43914277237089,28.191839288300915,-15.824078552642607,9.751753231111051
FF_04.09.2024_20240904_214100.WAV,517.14233,1.5538436451329791,323047.65599700884,23613.76988837738,0.0002749348818924833,0.6159259199104816,0.004065299,4139,-1062.6700012851668,-213.69763796020754,-301.75386191510495,246.93720014252082,-20.10189897365423,7.247478516606881,-33.33416532235076,-2.633710922617962,29.05907617517011,-36.06386825235409,30.087944160016985,-13.170461593358064,3.545695310591431
FF_04.09.2024_20240904_214000.WAV,513.67694,1.561578682293446,322036.9866967223,23610.267657809487,0.00027475070750172624,0.6159915533464689,0.004038921,4100,-1091.8354437474509,-228.57898962218576,-327.47387790928565,252.27199462014195,-24.069369333828085,19.316703215145974,-35.40531395353575,-0.09594211687785906,25.80125931994021,-37.59196222230448,29.964542731222867,-14.696532811685302,6.186711346942679
FF_04.09.2024_20240904_214300.WAV,512.3048,1.9124353787908925,317662.33466246095,23638.005585614566,0.0002657681845409123,0.6163716576036365,0.0039830604,4105,-1161.4919507394504,-265.89159572138476,-383.7811649010808,264.3529781017841,-36.19490900281228,44.60705524773131,-40.264853924780226,11.080203683027946,17.652446452295408,-39.71626674664661,25.656496426588852,-16.772626940479373,11.779517243219804
FF_04.09.2024_20240904_214200.WAV,513.2168,1.9973604498078201,323451.60235263593,23584.003897870523,0.00027847442671391726,0.6150348687476729,0.0040568532,4125,-1097.1345792604923,-231.7185294245941,-335.33974314950854,252.18537418080723,-23.701572494393343,23.801366893267055,-36.0888288874332,-0.4621652413713854,24.0030724503296,-37.79400512357948,30.70655599379161,-14.462260976526386,6.808843508370886
FF_04.09.2024_20240904_214400.WAV,514.3926,2.302585092994046,320147.465251739,23637.557376859444,0.0002626546181216921,0.6158568320831265,0.004020109,4111,-1178.504395709304,-276.2132405812932,-401.60858487969404,265.0145200183674,-42.066011341468446,51.791509397088525,-40.153020399572306,17.148121503093805,15.520982891579251,-40.33203420371636,22.70959593467656,-17.566984702281545,11.994416145418887
FF_04.09.2024_20240904_214500.WAV,516.7552,1.7120944817589951,317964.9250429312,23641.066093890433,0.0002676949734058325,0.6162878431604505,0.0039903875,4109,-1126.212535453155,-246.31157079989364,-350.5177231287557,260.63644182006374,-29.32685641079893,29.260776240525658,-38.679066361615014,4.627077283941411,22.95280402595283,-39.222420798058366,28.415539573190134,-15.05645241421295,9.609454779228052
FF_04.09.2024_20240904_214600.WAV,513.2388,1.8129350939927578,319310.0819414285,23624.320099727796,0.0002691394387804794,0.6157559274931736,0.0040161097,4090,-1057.4770249707321,-210.3529135109343,-292.7100996520539,246.74115705941892,-19.770218615067485,2.3592199135156693,-33.72890813725683,-1.7632005356617335,31.503922953292093,-36.09020747408135,28.67914033396957,-12.841128713463181,3.1675343271108036
FF_04.09.2024_20240904_214700.WAV,516.5939,1.6667635755453085,317454.12747557333,23643.96784257071,0.00026410550951691644,0.6162822676515762,0.003986611,4104,-1091.033827414242,-227.50384333931234,-317.68802561269933,255.40353319574325,-23.626576815262656,13.734386270037518,-36.94976488093439,0.37329133311625196,27.982317803041422,-37.645885133950244,29.521838778518013,-13.62404430626081,6.5512354269192
FF_04.09.2024_20240904_214900.WAV,517.5499,1.4186109171026404e-304,310776.50346535374,23701.530337672702,0.0002522542987461498,0.6179500720452712,0.0038937181,4113,-1077.3333555819745,-219.9836127814236,-296.2943765185229,255.9150918925122,-21.521605884566508,3.5151917704225046,-38.41001458276193,-1.3994148116123408,32.66327494056836,-35.13535747292595,28.972720774106044,-13.745169228995305,4.242699090917996
FF_04.09.2024_20240904_214800.WAV,516.36206,2.1033774527524334,320247.5048099821,23632.448685933785,0.0002596297095358691,0.615816409643788,0.004023534,4124,-1112.251789640994,-239.49927572492928,-336.5054936763302,260.5816864786055,-25.591241376201307,21.956381882624406,-39.482831982369476,2.0759806896906734,25.408451986143596,-37.99322558851215,29.54885055030005,-14.309536385177385,8.291749883843611
FF_04.09.2024_20240904_215000.WAV,513.74817,2.302585092994046,310202.87575103634,23699.700228690395,0.00025206942914856873,0.617902316599696,0.0038838475,4125,-1207.0286428268798,-291.8776633140102,-414.1550972162718,272.61721112019876,-45.06765646992767,58.268031164402174,-44.92824082879189,20.104335006972914,13.189675403512467,-39.10898232421421,21.049080681474365,-16.58295509161464,13.344845070590635
FF_04.09.2024_20240904_215100.WAV,513.2036,2.0523301474714715,312519.0368701914,23681.67952917439,0.0002531241608902264,0.6172937982887551,0.0039141886,4114,-1195.2071184388974,-285.43279598786944,-405.513497905598,271.43164784193584,-41.54306441255628,54.96967106207671,-44.200491667384334,16.833106837799495,13.739759905253397,-39.85120688593871,22.715735276381814,-15.819538491469286,13.973615158052137
FF_04.09.2024_20240904_215300.WAV,513.4614,2.115196107028915,308919.9555754936,23716.62393311904,0.0002501397649533262,0.6181037015561003,0.0038672332,4131,-1201.5454390899015,-288.61988872515747,-405.6354872398051,274.1813694131995,-42.634292555725565,54.83554785563781,-45.49041661563199,17.140968226976895,13.586356950812757,-38.79431766312469,23.358581396751834,-15.556264282385982,13.179409606357643
FF_04.09.2024_20240904_215200.WAV,513.3157,2.2277187103117475,309217.55489101034,23722.321199724487,0.0002486880221153566,0.6184062335158869,0.0038693643,4095,-1200.0385675867597,-288.2652064000834,-402.7620911968284,275.506281690391,-41.1437399618755,53.87543920855841,-46.27863675467014,15.82126694792696,13.822551852291394,-38.784504147724036,23.60563960217803,-15.18537655965678,13.959910015385516
FF_04.09.2024_20240904_215500.WAV,513.8395,2.217853887090475,308092.5177379087,23726.389346030282,0.00024779620828359295,0.6187325825951037,0.0038511143,4115,-1207.5062682197813,-292.43745507490036,-411.0535818101592,274.61828571752864,-43.54651983446919,58.07099448242147,-45.7054882000762,17.813973813689977,12.226870364927654,-38.546541135863734,22.53756920137184,-15.838658976837696,13.505676675150388
FF_04.09.2024_20240904_215400.WAV,517.1367,1.431886675542553,306872.8439827788,23727.67689776805,0.00024896488559208356,0.6187295524272372,0.0038368443,4119,-1191.7446768408843,-282.7181757412715,-394.59567132832746,274.18177064559245,-39.19692857800329,50.932757776002404,-45.270546891244464,13.426276586715407,14.553326738217523,-39.09435875687533,24.819101536203643,-15.143081704024299,13.783288900242713
FF_04.09.2024_20240904_215700.WAV,519.38226,1.206502564173963,310897.1039324351,23701.16025405368,0.0002485645907301415,0.618295389975332,0.0038959943,4107,-1144.5299310474777,-256.1543421272666,-354.2537713621344,268.65198156470973,-29.6895009347978,31.59780379768114,-43.208828788222796,4.505605087974879,21.902002939463337,-38.18674713130593,28.960274205086524,-14.35576626349183,11.127663511938156
FF_04.09.2024_20240904_215600.WAV,513.9064,1.4147670407360782,308280.87532136065,23719.033487778186,0.000246704169073283,0.6186445865202619,0.0038539337,4118,-1186.764748171093,-280.35683938611527,-391.1152006678289,273.8003294857869,-37.19881960846031,49.71193446581692,-45.57955454800256,11.57553337282875,14.920815457988647,-38.71558208540209,25.5207376986095,-14.873642087909628,13.727344718725012
FF_04.09.2024_20240904_215900.WAV,517.47504,1.5471486659891651,310980.0474845478,23703.964601413376,0.00024555769295025293,0.6177872308241281,0.0039021657,4082,-1097.8715073077362,-230.8815152255027,-311.9089616141818,261.49015613753807,-22.91969686893569,10.845496676988608,-40.946490886355356,-0.8973300279794464,29.644645169261842,-35.34930314109598,30.778715305810604,-13.828680188098275,5.284554015667685
FF_04.09.2024_20240904_215800.WAV,520.6749,1.0350186598517332,311588.48732141656,23704.9468843605,0.00024442091316742565,0.6182466042726822,0.003913431,4123,-1110.4602263719992,-237.67218417068145,-323.13692856991133,263.883990412435,-24.344518209735696,16.404723716144897,-41.70320168019583,-0.08101853583413834,27.366233053730504,-35.9522217877093,30.962909203614938,-14.009870111615697,6.976667742853866
FF_04.09.2024_20240904_220100.WAV,519.39746,2.302585092994046,307673.4402554964,23722.18709795908,0.00024554694750382185,0.6184017488674445,0.0038524463,4119,-1160.8486014168598,-264.95214524668313,-363.74007519682607,273.0850264261727,-31.15321613194638,36.197766959080795,-45.5535553037045,5.554545643453476,19.92305703014333,-37.65489586309564,29.223734505963485,-13.909516064795511,11.68262419299031
FF_04.09.2024_20240904_220000.WAV,516.43005,1.806937988363958,311506.9831157688,23703.095972216637,0.0002459770752358936,0.6179163159752389,0.003905334,4135,-1139.3852662631245,-253.58388372965965,-348.67575623265316,268.9570448872506,-28.3957956397529,28.56307210041685,-43.84309842537607,3.240003458271791,23.068145002852066,-36.96412804084487,30.195288844177973,-14.55120946499772,9.516809835255579
FF_04.09.2024_20240904_220300.WAV,514.2694,2.270713274922591,307831.7744616141,23726.77217073609,0.000239166100815006,0.6186188906967544,0.0038515157,4107,-1214.0114305760583,-296.6783663921249,-413.76792795056207,277.77514206804375,-41.92218880661965,59.807261434182244,-47.762984504880514,16.567753224516583,10.844110866523737,-38.040173998798046,23.30813906119183,-14.521370094041133,13.979504638532227
FF_04.09.2024_20240904_220200.WAV,515.66626,2.2131593973925203,308626.6839321878,23734.02130614739,0.0002382886027505361,0.6189743293874891,0.0038668772,4102,-1093.6079378699915,-228.61750295530683,-304.9467989978805,261.7214019370194,-22.39981474072328,7.931373673221633,-41.37451615708956,-1.8715056576286662,31.095833053462172,-34.35115607648784,30.533516494951737,-13.936339226133482,4.9828734748913845
FF_04.09.2024_20240904_220400.WAV,514.4861,2.081056901116372,306933.03177241253,23737.25791004116,0.00023594425433432742,0.6188633646402197,0.0038415163,4130,-1174.7907304599698,-273.320364424424,-373.0825923141016,277.0745156447047,-32.0247767886074,40.917890649064354,-47.47646060814089,6.2261750584123385,17.526246573642716,-37.33551277120876,29.151641363099255,-13.331690514258907,12.806037329943567
FF_04.09.2024_20240904_220500.WAV,518.89453,0.7856251439766405,308499.0343662803,23739.560254209086,0.00023372214644285004,0.6188023976627467,0.0038663705,4138,-1176.4204165953863,-274.77578680340173,-374.93974755677203,277.51835998032766,-32.85632908884214,41.47257076949763,-47.446551099177114,7.109318281286792,17.19598718617052,-37.259985638562085,28.923356864971876,-13.63539473277058,12.471171031508192
FF_04.09.2024_20240904_220600.WAV,521.6632,1.4810483439604438,313803.29649780033,23713.308628653205,0.00023079429123801465,0.6183841738938191,0.0039509083,4094,-1098.0760025110008,-231.66154453159814,-309.27638754517045,264.1896475200658,-22.23780936856346,8.46388319853061,-42.35825768685979,-1.1528639762548558,30.893105776833295,-34.353530321433226,30.40266082807278,-14.311856380021803,5.488131509344017
FF_04.09.2024_20240904_220700.WAV,516.97705,1.7287248571020704,320870.7919326332,23678.38023522029,0.00022604194354811373,0.6171593800421993,0.0040608756,4127,-1086.2639308412731,-226.39532109867199,-303.2391662412629,261.7843660511911,-20.50151841392936,4.512656453651294,-41.536298450053565,-1.3246828583062678,32.40056370025462,-34.11946882548915,29.792419379561455,-14.388114651900292,4.616993735602447
FF_04.09.2024_20240904_220800.WAV,624.0032,0.7956841228679379,310230.5666766717,23718.644628007645,0.00024021151136497578,0.6184112029911878,0.0039133234,4134,-1024.9945878207625,-193.17472512051114,-254.16183370619046,240.80427765231119,-19.275621398456423,-15.573798228109917,-31.546990345643312,-0.23889531737257721,38.434823258717174,-34.0617051210988,23.695204057857897,-12.688650918529168,0.2535079102807221
FF_04.09.2024_20240904_220900.WAV,525.29,2.302585092994046,309872.6552769239,23720.14230693682,0.00023702888440228,0.6187727020176554,0.003888054,4120,-1128.9420164314429,-247.72198580014944,-334.7437606709422,269.8210528669466,-25.04419713554931,21.76341717366772,-44.952019347874305,-0.029528618227970947,25.54053690195348,-35.01109351547862,31.584603689653264,-14.183305425700143,7.972322322518544
FF_04.09.2024_20240904_221000.WAV,521.203,2.302585092994046,312641.7549743174,23720.68414408334,0.0002354558427610699,0.6184742910861674,0.0039303377,4112,-1096.640453122545,-230.72797547099887,-308.38214550233994,263.26491856848884,-22.28025775743433,8.63811638770386,-41.85037055987126,-1.5785394543974234,30.654510926217654,-34.3371727778855,30.63898968993284,-14.110224378919147,5.3373642180101815
FF_04.09.2024_20240904_221100.WAV,513.66943,1.9121456882717964,308884.46521076653,23727.34860383995,0.00023735884879674582,0.6186810091380166,0.0038682069,4098,-1180.368563647522,-276.9420484158397,-380.27178843633226,276.97088129508825,-33.92001287356701,43.814196430149266,-47.42194944473084,8.544719756938674,16.73822180486724,-37.6488900519952,27.978491204142298,-13.934681949869958,12.893118740563718
FF_04.09.2024_20240904_221300.WAV,513.7197,2.1586679644876297,309311.62746657257,23732.268053516433,0.00023731309965070854,0.6187993674948802,0.0038727226,4134,-1135.6178872695432,-251.70689177607127,-339.6067314615246,271.4175357957162,-26.449943555057708,24.281551882397387,-45.280027307760406,1.0927003984108785,24.32496115700194,-35.74681561304883,31.37874757297332,-13.736056352240247,8.96409924179753
FF_04.09.2024_20240904_221200.WAV,514.1449,2.0411116877481974,309385.1012198356,23716.237355726735,0.00023988833146454248,0.6181816374736254,0.0038768619,4136,-1200.668109646051,-288.63893153215326,-401.68366333604365,277.1052702075075,-39.115572057459175,53.4914254574166,-46.97985884301053,14.163296277598821,13.027343368824672,-38.39678853515738,24.791555866956944,-14.680045593806168,13.855120820540662
FF_04.09.2024_20240904_221500.WAV,513.602,2.257938224618566,307437.49235340906,23735.707625251307,0.0002398329717026047,0.6191210501155827,0.003847242,4120,-1210.052917574892,-294.14948358800325,-409.47611846825197,277.53989734002363,-41.774772793094414,57.63836356634857,-47.01073288528528,16.41445394227653,11.554715085999208,-38.356070033377925,23.267947044406302,-15.171659976422104,14.152415511554361
FF_04.09.2024_20240904_221400.WAV,515.17786,1.4521443069884983,308852.50536400086,23737.995164092827,0.00023532744607613408,0.61885791033806,0.0038822878,4111,-990.7310724642556,-176.88471378531506,-229.7263918544797,228.96843074033518,-19.423221678430203,-25.21879447988351,-25.392817465569394,2.2253157815501736,39.42133835228531,-34.681665455589695,19.512419690202446,-10.535336070931292,-0.5952563491392316
FF_04.09.2024_20240904_221600.WAV,516.3081,2.1051783399086306,308556.8714121641,23732.160522841885,0.00023849561215126712,0.6189914801376133,0.003864167,4105,-1143.965059157989,-255.98643278848468,-347.0731879181778,272.29855997720426,-27.74692993591334,27.98665685220226,-45.51989083493996,2.224072910639957,22.989992010583443,-36.295451820239606,30.75824193104835,-13.831833544593303,10.022053657624733
FF_04.09.2024_20240904_221700.WAV,513.7831,2.0428094362464453,306242.6655921001,23741.98670482141,0.00023611812778430772,0.6193448583141988,0.0038274263,4111,-1196.7151501999151,-286.38413345503494,-393.8015644351901,278.79769543716037,-36.376917577678476,51.09799057199424,-48.28351289046324,10.591944646328443,13.373517362363948,-37.38046441754717,26.860909616070153,-13.72973396453503,13.851550449005765
FF_04.09.2024_20240904_221800.WAV,514.01,1.831833800833826,306385.8068406009,23732.64974995463,0.00023662631018450385,0.6187737928780874,0.0038304722,4128,-1153.3945104562497,-260.9816331879927,-354.1264356144502,273.97368097016977,-28.253410746846374,31.856168172541253,-46.70908550248121,2.478467088527118,21.40517532288051,-36.06248925967211,30.924138195454663,-13.499899107558512,10.452932898618375
FF_04.09.2024_20240904_221900.WAV,515.1991,1.3027707852485566,305928.47673625377,23744.237899601634,0.00023690387702810035,0.61922480306333,0.0038213048,4116,-1192.8663492523956,-284.0504362625423,-389.942089767564,278.49002221781205,-35.70458966277872,49.486743830002716,-48.146908541114385,9.691580562602029,14.240712879369655,-37.638531082458044,27.225414893336602,-13.33201922827813,13.679193243820727
FF_04.09.2024_20240904_222000.WAV,514.5794,1.769222319538187,308131.81579441257,23721.92581874545,0.00023628329463787893,0.6186721610478466,0.003854122,4110,-1149.6654490857454,-259.31695169885586,-353.3263300327525,272.6045775571816,-27.636614001419236,31.92437150712655,-46.032212320155146,1.7850519076315952,20.90777483440699,-36.291939074101556,31.67351656897649,-13.018639695744223,10.100311035577704
FF_04.09.2024_20240904_222100.WAV,523.4327,1.6179583700721396,306185.9677181361,23739.763029629576,0.00023544976863879296,0.6191409280167867,0.0038322487,4107,-1126.8304774704093,-246.17495645479474,-330.0522736327183,269.64135205631794,-25.009547404261482,20.205643138829554,-44.9765958138203,-0.38007002972826986,26.03811224223428,-35.03765206881683,31.79693983477116,-13.595173705212416,7.823511271223318
FF_04.09.2024_20240904_222200.WAV,514.77026,2.155620152022693,305104.88500190934,23745.16557929757,0.00023446689152483837,0.6192940120973998,0.0038140956,4131,-1146.3507297745375,-256.9089389685657,-345.90672687901093,273.4506569793815,-27.112790854568875,28.19248728824292,-46.658611329253965,1.2621238927021614,22.80432563501541,-35.87036009662003,31.58156061499673,-13.070218033819977,9.85120867802336
FF_04.09.2024_20240904_222300.WAV,514.1364,1.9775295523961158,304636.2386348507,23756.340597838866,0.00023564766917247653,0.6197820509339704,0.003808776,4112,-1136.6498418149476,-251.36753035510426,-336.8274690822224,271.78265824421385,-26.365996427628012,23.85545328532136,-45.72583890633222,0.41398169884468083,24.722425365689254,-35.781056904208256,31.412165856024924,-13.110070915335706,9.483650419053056
FF_04.09.2024_20240904_222400.WAV,514.5995,2.220313122286562,306546.5565094738,23742.6572415831,0.00023082485992377872,0.6190759006143726,0.0038399047,4117,-1181.5406606175852,-277.53309876158204,-376.7910117129151,279.34396633852515,-32.19983979676204,42.91686736158419,-48.86282858882294,6.56488306822835,16.355906271861006,-37.135925742925934,29.335486076155323,-12.577335207095638,13.109474650558925
FF_04.09.2024_20240904_222500.WAV,514.18256,2.2850537358621095,304917.6401172532,23747.649022012414,0.00023191522579565308,0.6193226774854164,0.0038102695,4138,-1207.5614306557375,-292.53187278629474,-400.87567023974884,281.1949573377861,-37.71610815177592,54.27359271251359,-49.425140001623525,12.158000399450618,12.181751990536776,-37.66224730604631,25.786868428654387,-12.938087430023424,14.588591456638142
FF_04.09.2024_20240904_222600.WAV,517.69165,1.2677378375288506,305591.78199472645,23751.280847043505,0.00023631966333285823,0.6194207337175748,0.0038216917,4082,-1154.0502808620322,-261.37576408862964,-351.80071193938767,275.32533940396263,-28.578749538754675,30.630857747035563,-47.071155209511225,2.714800248016157,21.710745814238916,-36.28695879427599,30.998940130113386,-13.077042264173448,10.69714302775842
FF_04.09.2024_20240904_222700.WAV,514.911,1.9759918952591176,305479.97822521033,23731.230633054027,0.0002369153521478367,0.6187324007850317,0.0038220591,4103,-1213.4719044860274,-295.711079001507,-409.4849436231261,279.35599139803634,-40.393609509494595,57.84443341789606,-48.75404634265081,15.105245250614905,11.192049029428773,-37.69017781122051,24.538992205070393,-13.661179018669554,13.949389644916232
FF_04.09.2024_20240904_222800.WAV,513.8072,2.2868926090394983,306899.6182221668,23738.890502504655,0.00023583731428191034,0.6190108126086012,0.0038381778,4126,-1212.3661616123188,-295.77064944800213,-408.8479098879624,279.7381853183561,-40.31704867160923,57.71159196128189,-48.63907996549727,14.87400009170872,11.068126341398713,-37.89125947878592,24.521609158082466,-13.533261406616644,14.301280700579813
FF_04.09.2024_20240904_222900.WAV,514.1423,2.13443296309636,307490.8256602205,23740.407024956305,0.00023218630513902971,0.6190019645184311,0.0038508142,4105,-1192.2945243789145,-283.90417776095273,-388.3284058941723,279.53300941809795,-35.249718876870794,48.121001339462715,-48.38514194941053,9.7221149831885,14.278571915837027,-37.88299854012092,27.623315067043038,-12.811202802385239,13.889955635025395
FF_04.09.2024_20240904_223000.WAV,513.9281,1.9399995039015454,308917.80449090776,23724.035917529167,0.00023388348229623848,0.61823939247316,0.003867793,4111,-1189.837925124093,-282.6282167017698,-388.43933328441625,278.4321247402633,-35.11381791290557,47.90775933552064,-47.970572591879815,9.909656326441334,14.619472630214764,-38.01086301974456,27.479452681749,-13.280292189965682,13.621124232287675
FF_04.09.2024_20240904_223100.WAV,519.3423,2.302585092994046,308842.8538942249,23725.38253796797,0.0002333634553308124,0.6183939916377064,0.0038687256,4113,-1140.2328019227957,-254.07896469408593,-343.08063547332574,272.24809139782826,-26.678555098073563,26.040211881825957,-45.8156510164456,1.4786080160750266,23.565478030465577,-36.03631529618906,31.317273799310115,-13.216137881938177,9.41291169605996
FF_04.09.2024_20240904_223200.WAV,515.737,1.340023292457018,307056.15620360523,23737.562376622653,0.0002294651045937538,0.6187427033557776,0.0038505655,4111,-1163.5215632515574,-266.8672338506965,-360.86868127806974,276.96180674302667,-29.276872591982546,34.76549631751952,-47.75297331988885,3.694221599018717,19.628084101662985,-36.508856295941264,31.060674894653513,-12.96283252112063,11.218412744997293
FF_04.09.2024_20240904_223300.WAV,513.6416,1.4160924924044689,306079.2026907322,23735.780345872023,0.00023190685787275763,0.6189455427927578,0.0038363368,4102,-1214.2285206039676,-296.3686237641996,-408.7163165938966,280.71261567059486,-39.864604354267236,57.29262780557749,-49.020882286574256,14.772720347822613,11.00242593732763,-37.64432105763844,24.597532702583447,-13.754065250765521,14.308948554714592
FF_04.09.2024_20240904_223400.WAV,514.27136,2.11697329561396,306402.71798964124,23747.64879566642,0.00023368074006327019,0.6190688100215651,0.0038384986,4107,-1138.2861753863606,-252.48471146426178,-338.9165808894341,272.26917902098614,-26.82408506767926,24.183078842724925,-45.63310270078281,1.1601085333931438,24.350764272795264,-35.776181399465756,31.537953302517153,-13.483907251408795,8.93152498631996
FF_04.09.2024_20240904_223500.WAV,515.60266,2.0954510313896244,306028.1844905487,23753.58970167836,0.00023430788636110564,0.6193838868763187,0.003829449,4115,-1135.527152322721,-251.10725652952806,-335.628356385281,272.2580147810004,-26.446377033854972,22.638230106756282,-45.81947351023083,0.809263888478858,25.182061920500598,-35.56642762594009,31.366041761670203,-13.343033248472123,8.77349738600549
FF_04.09.2024_20240904_223600.WAV,513.5333,2.2084194675635778,305410.78305299656,23753.630443902595,0.0002361527562389805,0.6194889730979273,0.0038227863,4109,-1183.380192752195,-278.1149461462914,-378.3178039507964,278.89395033564676,-33.75751803704888,43.37711266191441,-48.16371915736635,7.869876222469435,16.5535361385547,-37.38402879743671,28.4624193106706,-13.53965593031034,13.104936284624042
FF_04.09.2024_20240904_223700.WAV,514.7108,1.6121901258676583,304099.5805950773,23755.260606302825,0.00023541540838078356,0.619538667850937,0.0038059913,4129,-1155.6395436915236,-261.7019747088068,-352.04736250520017,275.49155584062777,-28.958096327196287,30.602725348600732,-46.98224659317621,3.1191967058690713,21.733298695990243,-36.258007297980996,30.744229718257404,-13.499826503275921,10.728636793904371
FF_04.09.2024_20240904_223800.WAV,515.6859,1.9764794018041194,306264.9561467047,23748.924090097837,0.0002353073376796808,0.6194902457684311,0.0038357307,4115,-1102.1352233516727,-232.60663386408902,-308.95261834184754,264.33706680799384,-23.44315749730475,9.571485110795264,-42.14176079390705,-1.155799822375005,30.274999293265598,-34.64798122811826,30.736975863837202,-13.829020489980822,5.706256052605624
FF_04.09.2024_20240904_223900.WAV,529.63464,1.405929776635799,307933.6851438894,23746.80596198169,0.00023644673006528234,0.6191047478124612,0.0038604992,4126,-1171.6195308638237,-271.83621021735263,-368.8414778605898,277.78510848694793,-31.694402941636703,38.41634051690343,-47.59909541617952,5.873707917427976,18.300863323657758,-36.83314969611287,29.608483158077146,-13.470193210187398,12.123944665965938
FF_04.09.2024_20240904_224000.WAV,517.381,1.683822444671706,307345.8127135038,23745.712857640276,0.00023195761538234732,0.6190841426709693,0.0038559246,4102,-1096.2466397577127,-229.65929592252348,-303.3019051178047,263.8227085510115,-22.662801157482928,6.271443538128941,-42.172831598076414,-1.1938656365593296,31.85577902249657,-34.352937828182874,30.248551909642682,-13.971149385136268,4.9915857211027275
FF_04.09.2024_20240904_224100.WAV,513.4831,2.058777892669384,305955.18180597934,23752.084919954614,0.00023488320651974835,0.6194445508370051,0.003827432,4120,-1185.380581571164,-279.62661365270054,-380.8693402640648,279.0269808437292,-34.0466500536697,44.76897442280272,-48.33388914439638,8.113222358142414,16.01595786249644,-37.37063237837091,28.248730434298654,-13.37723305001258,13.195619848863867
FF_04.09.2024_20240904_224200.WAV,515.8148,2.1667212030353613,307037.42931635183,23740.420412852323,0.0002333575583862813,0.6189234831706901,0.0038442798,4120,-1126.7401361390826,-246.44762699729236,-329.51414114477694,270.3528928141439,-24.750783622836316,19.773184154383088,-45.46626091325859,-0.5526945241363894,26.352577335772985,-34.991442091835374,31.96954416595864,-13.374518165856374,7.720292923078345
FF_04.09.2024_20240904_224300.WAV,517.6156,1.3476750165864484,307038.3633434981,23739.083723947097,0.0002324539819530231,0.6188408201912933,0.0038510123,4098,-1106.4274367028443,-235.02959530105431,-312.0569926408302,265.9610459832309,-23.087905993064176,10.705597005857623,-43.24627455908159,-1.2480652016700753,29.935383033459136,-34.47014737297058,31.115021590222195,-13.696451476779677,5.713328006255023
FF_04.09.2024_20240904_224400.WAV,531.9442,1.4500687744532634,307938.4090039403,23737.048693501678,0.00023378042045935264,0.6187728838277274,0.0038677845,4129,-1072.6157702360458,-217.24112059582615,-286.09705063619833,256.91681718605247,-21.168286566161207,-1.7359698203506255,-39.05333725250765,-1.4646060216383796,34.66277993557312,-33.96007773672982,28.64501342543611,-13.917215620487104,3.037850362869938
FF_04.09.2024_20240904_224500.WAV,513.7969,2.047477203728431,306179.0340601295,23739.147813408912,0.00023277405772747416,0.6187501575687291,0.003832654,4144,-1182.7147217944066,-277.96417297135923,-378.20497916022146,279.0336289992024,-32.708185257019316,43.35136069788446,-48.615250314781505,7.227874289328589,16.310018537816003,-37.40749298452756,28.90094591809521,-12.636086678829939,13.260507458225327
FF_04.09.2024_20240904_224600.WAV,514.40173,2.222388014993904,308569.14525164594,23735.834018789777,0.00023366145281440495,0.6187444608531402,0.0038694083,4131,-1108.0662982466495,-236.28936564899786,-314.45196028796977,266.3619647110505,-23.315701463813937,11.760721789039415,-43.28476108387204,-0.9800141318247199,29.372833364840567,-34.75938689739865,31.20415722550896,-13.607852737769662,6.110021462436822
FF_04.09.2024_20240904_224700.WAV,514.4337,1.4602959399615567,309534.9041850918,23729.908584714874,0.00023329164266423593,0.6186148908751706,0.0038822365,4144,-1176.6884480230544,-275.09631152385015,-375.2893984959028,277.9338907452757,-32.5070516044898,41.354790396461986,-47.73419674604919,7.248462303642398,17.044009505413538,-37.52691874987512,29.091753488967996,-13.148646107444433,12.686709652241763
FF_04.09.2024_20240904_224800.WAV,514.84143,2.0999474990275098,309637.4829400871,23727.911567142815,0.00023451448369699455,0.61827660293456,0.0038879572,4109,-1125.263440019957,-245.79359797314723,-329.6354250454678,269.983247747888,-25.139480331443018,18.85624675936894,-44.62569773726616,0.46915357605646324,26.379484094781386,-35.421377805971204,31.485568871914417,-13.707561714710204,7.751795958826213
FF_04.09.2024_20240904_224900.WAV,515.3601,2.302585092994046,307349.71949808823,23738.977894933538,0.00023278613353553708,0.6188710612666005,0.0038521823,4105,-1201.2686313720862,-289.23190355403545,-396.4497904511851,280.40813723193656,-37.04610355607013,51.71210572605213,-48.80709439486154,11.861723658333124,12.831565305651166,-37.85239466369326,26.478817281360847,-13.185543482829916,14.121654805902674
FF_04.09.2024_20240904_225000.WAV,518.58374,1.5684382474285006,307184.4702127664,23747.34737781781,0.00023178382769087233,0.6190543864225208,0.0038480733,4144,-1127.0043632694026,-246.56987577200488,-328.96281952402853,270.7142892370801,-25.324539600942167,19.181028791438195,-45.178749134823626,0.08538356289297239,26.542992207730258,-35.34142382931366,31.503686230778506,-13.501085494777122,8.0165555451175
FF_04.09.2024_20240904_225100.WAV,514.333,1.647742661372104,306941.0710875958,23747.176950610756,0.00023359470237633784,0.6192649224858818,0.003847118,4110,-1156.4934840532471,-263.04258441092486,-354.60418580387704,275.7578085889987,-28.983736158353253,31.88224847856198,-47.03059254212584,3.2463041115365057,20.927997623516934,-36.52103124100814,30.886208322290827,-13.170733329825143,11.097867315345944
FF_04.09.2024_20240904_225200.WAV,513.54297,2.0112277688671156,305073.63061429095,23750.78958871252,0.00023449292545659083,0.619314496032177,0.0038168961,4133,-1206.175221570174,-291.76565111444353,-399.3849891599539,280.81369701341583,-38.1862591015034,53.4975393108098,-49.13975058733695,12.915497527413464,12.40321557589035,-38.10179438872944,25.590826149596985,-13.078371002165634,14.774984337042927
FF_04.09.2024_20240904_225300.WAV,513.81024,2.217268035263557,305926.00747223996,23745.911488795384,0.00023706977694709197,0.6192832246997952,0.0038309295,4139,-1212.4674552765061,-295.43489698426396,-408.3727374156239,279.2664435377543,-41.21850292237429,57.30047375867062,-48.031624816667396,15.96905893883776,11.34633211275576,-38.262380193509486,23.709394563033573,-14.34665258676803,14.457222281422872
FF_04.09.2024_20240904_225400.WAV,514.7837,1.3365864856440928,307751.03796375915,23736.36122574877,0.0002397021995286038,0.6190543258191634,0.003854054,4111,-1093.0903944896113,-228.06237132413904,-304.2526288790163,261.2521165410787,-22.89339026108896,7.442785649673829,-40.84890451410272,-1.2005599010965604,31.198351324787428,-34.651617747689706,30.10035899900029,-14.210832328478975,5.064313367689216
FF_04.09.2024_20240904_225500.WAV,514.38025,2.2390564374672914,307073.4468316201,23736.50408204509,0.00024017273626876292,0.618891423994663,0.0038392446,4141,-1193.274188156396,-284.3900488578671,-392.47342514408865,277.25197198960535,-36.901285763996306,50.48295035981278,-47.337701439031335,11.216686225266887,14.067035953397685,-38.32389044300276,26.252794610104843,-13.860349176917897,13.934916514952869
FF_04.09.2024_20240904_225600.WAV,514.9242,2.154089475245598,306122.81292562094,23741.595238169997,0.00023930260833680413,0.6192177124705225,0.0038241437,4125,-1204.6086671475446,-290.87803822036403,-401.75574798588565,278.52355504635096,-39.41258326902655,54.55331426712872,-47.942269223554774,13.919534357192772,12.75589567855232,-38.540036692830796,24.60319179268134,-13.78815589616866,14.672607514726971
FF_04.09.2024_20240904_225700.WAV,513.92755,2.2638601152542117,306082.01969022106,23747.33440773186,0.00023765647836756498,0.6192916485664639,0.00382835,4101,-1171.4259313403845,-271.3108464581018,-369.3510303158195,276.54243960301386,-32.0297089015156,39.418734190490255,-47.072691722281185,6.02667142190496,18.22810840088473,-37.793245022614386,29.05985733520924,-12.906795215884852,13.065750518142288
FF_04.09.2024_20240904_225800.WAV,539.2866,1.7150893718013906,354054.2614959679,23571.874889340925,0.0002095508396348766,0.6141641197095693,0.004600847,4121,-1076.9951487379915,-226.0846149580046,-309.2097392135196,262.5654032362761,-17.205575032252167,3.0586501051655364,-41.10087280657875,-1.235716784360008,31.282651205794235,-34.06026098093043,30.736069190438464,-14.47564822557287,4.085636562042238
FF_04.09.2024_20240904_225900.WAV,567.275,1.6636863753581486,535879.4009869968,23061.74431954934,0.0001269706290747253,0.6005247281090976,0.0076453574,4123,-1018.1875391080167,-216.45273945157257,-325.59889263283304,261.38539861777775,1.6950697139118458,-7.826417428257645,-41.2297753185614,-3.561935820068933,31.68757168832793,-30.34954988905248,32.05810266342841,-16.453770604518446,0.45035802785963636
FF_04.09.2024_20240904_230000.WAV,587.7052,1.4701196116387694,693328.5716918067,22792.435940658237,0.0001048409057346274,0.5945877202083591,0.010410247,4127,-952.9626518527973,-196.2596317542034,-318.1693439991355,247.26217854605798,13.558575713362268,-17.405225655837786,-36.19514708806535,-5.514821648015397,31.931341309904372,-28.88083233884442,30.551902272215152,-14.544258074273536,-2.7277604622560974
FF_04.09.2024_20240904_230100.WAV,583.9802,1.491551052477401,768204.2208327976,22671.733617227426,0.00010419403566271962,0.5916937886891833,0.011603816,4113,-967.5974200582965,-209.08827295046845,-350.0352163147066,253.29776001319385,17.315697610765948,-5.032720312410437,-39.809923642813274,-8.698665124921805,27.69326946590085,-28.977799366384634,34.53109849161227,-14.64263005634817,-0.49286576848927194
FF_04.09.2024_20240904_230200.WAV,585.6902,1.7110084479491372,928925.1653232384,22559.599570934373,8.340437726826267e-05,0.589102207319722,0.01421441,4141,-927.3204447821516,-199.78461029274888,-347.5457243465571,247.71715224136446,23.52008591563589,-10.228206425633275,-37.03032590437193,-10.650679127958458,27.712672629493255,-27.384851902759955,33.86437056107796,-13.626801670651723,-2.2384941933940574
FF_04.09.2024_20240904_230300.WAV,579.84656,1.751151999705331,1241651.913734431,22522.621407808154,4.854469017615853e-05,0.5880330428897232,0.01913568,4110,-906.8914147308109,-210.5021066263113,-364.2720024277287,264.3906143134915,27.130376317183778,-17.09726617779109,-39.392100025764194,-10.182126936857355,29.459256398678907,-24.941451426093465,33.720298735985104,-16.46001009669648,-2.5426421752104726
FF_04.09.2024_20240904_230400.WAV,571.5238,1.747240794457423,1221677.4101698243,22647.64167652465,4.2807401756279305e-05,0.5905545667781122,0.018756568,4113,-910.4555731604621,-212.91678573718247,-348.97964705465483,274.4711902656731,22.023578772525347,-29.497632481325574,-40.58939644566699,-5.218004108705002,36.118472308669446,-24.49188909318585,28.708896319399273,-19.692262073573694,-2.311438450843012
FF_04.09.2024_20240904_230500.WAV,578.89087,1.7626536833081996,645348.282102717,23122.9424121252,0.00011175039003178231,0.6017529763520851,0.009728052,4142,-995.1959048026491,-214.82217718290946,-316.1125883010592,266.49555661953343,-0.8110563930283716,-18.12882676469313,-38.30619935134219,-0.48310972947741015,34.34030288824599,-31.26596039565669,29.31792229823388,-16.514373001385454,0.34833642945356563
FF_04.09.2024_20240904_230600.WAV,568.0586,1.6963512098856437,629216.6235606435,22878.296868204325,0.00011442156957616616,0.5958168775017066,0.009316919,4115,-1001.1415022722101,-214.45826552477402,-335.5255934320612,259.71256085513784,9.4650914403025,-7.601667456359082,-43.142042342404636,-5.6582199872017025,31.42315487530856,-28.56094121696592,33.248450338301666,-16.92110914900867,-1.0189689463793055
FF_04.09.2024_20240904_230700.WAV,544.8598,1.6733822920710026,507676.0124940849,23209.21649824493,0.00012560760725711492,0.6015080781851185,0.007140342,4109,-1032.6266515582213,-223.0476184348696,-321.54303370507205,268.51401930477977,-5.42050227794503,-9.58268934969636,-41.02288918517238,0.4294977035743205,32.24424609994905,-32.92956021344047,31.4074574689566,-15.968978007873948,1.3633239963135861
FF_04.09.2024_20240904_230800.WAV,529.6992,1.758087245527875,598003.286523459,22994.411326038382,0.00010230012242024486,0.5964141841915415,0.008421623,4107,-1020.9932755461218,-225.50913755892114,-341.0033975852419,270.6607864967519,2.3853681003758314,-8.213017025492006,-42.72458999702251,-0.8889430263595399,31.019396430183576,-32.13923445284526,32.61434999460811,-16.569381584897137,1.3478560022151733
FF_04.09.2024_20240904_230900.WAV,534.36804,1.8542915094247807,752199.1801618654,22858.295804568832,7.514920050189377e-05,0.5933945007059079,0.010830649,4095,-987.4086978527533,-223.31303818887034,-351.0265349408142,271.7372922981373,9.556981181933846,-10.9577661411559,-41.28348205141625,-4.150384050226992,29.73995266567363,-30.23656364798967,33.98381976732469,-16.062648691728956,0.315022353583808
FF_04.09.2024_20240904_231000.WAV,530.26373,1.646590159113906,570999.8831987497,23071.56856738627,0.00010856459809455469,0.5978077583933226,0.007978909,4121,-1031.884705418691,-229.66434192404898,-341.33202093207484,272.7526480990558,-0.5824255445975606,-5.254475009261217,-43.66590369495859,-0.7823152823871665,30.486238271586412,-32.42653675979299,32.94855926294583,-16.339152748809518,1.98184196417938
FF_04.09.2024_20240904_231100.WAV,514.58295,1.7900842047483907,414442.60120863764,23300.458100772168,0.00015812530207879607,0.6040111786528795,0.005476875,4129,-1083.3645591612426,-238.5364424063934,-339.71947157315196,271.8057524905121,-11.390376864371117,6.593559035845268,-45.35037450588916,1.9284520405819803,28.55886490592927,-35.478809956279164,32.44179216119633,-15.254505934404296,4.8579029896722155
FF_04.09.2024_20240904_231200.WAV,515.22577,1.7283221084015448,322020.2034641222,23646.431029797317,0.00023767580567683497,0.6157354435583964,0.004061297,4113,-1075.511910936277,-221.04675775369356,-298.30148576569854,258.10334317221685,-19.861473011135935,1.756221503982206,-39.55523373103828,-0.6256201554932852,32.8967095640469,-35.160934827851385,29.392048146204704,-13.829655364378915,3.9528784300371593
FF_04.09.2024_20240904_231300.WAV,516.35376,1.7610927948459227,315962.066053967,23667.82910818529,0.00024754479901210625,0.6167983658425903,0.0039697373,4107,-1095.7625421708804,-230.37173086036404,-312.5955019198207,261.522965544611,-22.361319212338056,9.624992595215282,-41.13329902827282,0.1615580549318558,30.638116932573155,-35.903520326933034,29.644247618233837,-14.035076148931775,5.909065214849641
FF_04.09.2024_20240904_231400.WAV,513.71216,1.8555728337489241,313289.91109910735,23685.275802815722,0.0002496333336641113,0.6174185806014956,0.0039288383,4103,-1187.4776780280436,-281.04972090647186,-395.5778869178006,273.1906701695251,-38.81661218859497,49.59854401645302,-45.16652298967607,14.229566738917327,15.665445117950792,-39.06156523198891,24.56361442258267,-15.892677527648553,13.232581137632943
FF_04.09.2024_20240904_231500.WAV,514.6188,2.0134973187362566,312686.5195119517,23692.56049068382,0.0002491742369001702,0.6176129961718071,0.0039231656,4138,-1119.1266092296298,-242.5461754232311,-331.69493546834707,265.5040834333113,-25.26784165869263,20.172138961408525,-42.40391745747928,0.9423298728903592,26.126044806556816,-36.45941401775323,30.58118516946554,-14.158033180954897,7.983211603913498
FF_04.09.2024_20240904_231600.WAV,515.1746,2.1910084094508355,314234.8457097995,23684.15800380227,0.00025251273224958327,0.6173911878839828,0.003944193,4090,-1110.8832535373735,-238.3254920654727,-327.33161087066804,263.02798908435403,-24.425358400257636,18.288758761285628,-41.12687460067283,-0.014459263908667455,26.429835289376793,-36.01907340586494,31.240644767359026,-14.340282991293744,6.709412248735892
FF_04.09.2024_20240904_231700.WAV,514.12354,2.245638682614361,312469.37820808304,23683.25919206039,0.0002527653850252475,0.6174077326005337,0.003919792,4117,-1115.9339096058409,-240.6176707748034,-330.74401314818675,263.9603632007687,-24.514904208243205,20.119107988858307,-41.77795276378919,-0.0023207449760081714,25.769011151812165,-36.13417154961178,31.367912993791386,-14.081836189162429,7.275096997830058
FF_04.09.2024_20240904_231800.WAV,516.3457,2.072225820401421,312985.70161318535,23690.393475618697,0.0002531641557349263,0.6173330692643043,0.003925962,4136,-1147.9953673569275,-258.53872888802044,-358.6078013715854,269.4458729990221,-30.009061937720663,33.21975879116163,-43.70382649841901,4.797317267442081,21.060199051851974,-37.50468886195938,29.662754303247734,-14.655286602753701,10.13798219969877
FF_04.09.2024_20240904_231900.WAV,516.6838,1.418978835644451,311879.1761116489,23689.291968968366,0.0002570325006066319,0.6177171733430558,0.003912065,4122,-1181.7167239634196,-276.8617809850754,-391.1401240383308,271.1510763277306,-38.898251624017014,47.38605185956562,-43.8339949759194,13.802632740855172,16.723029692269943,-38.82303911744796,24.985408670699503,-16.71831881280445,12.060861710220475
FF_04.09.2024_20240904_232000.WAV,517.52765,1.4553758001569364,311726.36719394,23695.426241197016,0.000255707113950469,0.6178096540663398,0.0039083404,4094,-1095.8065635776527,-229.76735161691488,-312.807062830755,259.83656889259794,-22.942844485727548,11.598798723605627,-39.96153323513607,-1.0955345952200002,29.200016328162462,-35.568056913525275,30.764358360176224,-13.840221771795754,5.392070747750297
FF_04.09.2024_20240904_232100.WAV,516.084,2.1001598672261146,311746.2397187067,23694.081431338334,0.0002515917069280021,0.6176702663444831,0.00391413,4145,-1137.829828613543,-252.38134276908826,-347.91459919980883,268.2445234662451,-28.137843216567205,28.01208643354109,-43.14850193191289,3.3113089340629243,22.94681383883719,-37.584797937549304,30.11003259420757,-14.034855749583013,9.87600466278734
FF_04.09.2024_20240904_232200.WAV,518.2388,1.270027861116969,313680.1154266918,23678.462709036954,0.0002482788344071916,0.6171230180278019,0.0039408375,4096,-1152.7149810094802,-261.0321294546521,-362.24552364120166,270.7706408726674,-30.17601997760475,34.235145592460086,-44.314042882133904,5.765894218177402,20.657491531740675,-38.085418420285066,29.305905346281435,-14.571940447791768,10.88926810601852
FF_04.09.2024_20240904_232300.WAV,515.645,1.7617794767623525,312808.5901596731,23692.189602177426,0.0002491375055526374,0.6175942091310351,0.003930987,4133,-1099.9907131032162,-232.22170847248233,-315.0065905100132,261.9504857708174,-22.7616909631807,11.959231704297338,-41.11843199343307,-0.7635329701579618,29.039628762947537,-35.28949693298369,30.888770125000967,-14.312482521717333,5.689533201274602
FF_04.09.2024_20240904_232400.WAV,515.7507,1.9747147300905243,311106.3315242541,23698.958874819862,0.00024824781098074225,0.6177303242715961,0.003897452,4118,-1135.3238781936354,-251.12493073484984,-344.108639676386,268.93278817326996,-27.216442253065747,25.97789961743469,-43.99707771795764,2.542764583724738,24.24601886422982,-36.874814605228515,30.143849327165505,-14.377344446641455,9.419463700088897
FF_04.09.2024_20240904_232500.WAV,517.77124,2.302585092994046,312340.92411149,23689.69932020039,0.00025052796715273573,0.617290101483958,0.0039167553,4097,-1094.910605332751,-229.53865212164618,-311.0755872448396,260.5542500501899,-22.233065271053494,10.435223142457154,-40.655903618409,-1.212592412396495,29.709015638990223,-35.417068745380746,30.750344655564476,-13.691822466600454,5.327242232184364
FF_04.09.2024_20240904_232700.WAV,515.0785,2.221100802531792,314016.217736957,23675.403528780967,0.0002560634344820678,0.617183075954915,0.003936715,4117,-1163.16780324732,-267.1888736767354,-374.4399984250279,270.42314172342003,-33.081774874067136,40.437314081576616,-44.32454822502398,8.197501061590886,18.76900262323784,-38.28445157703886,27.978858131048646,-15.051442425227101,11.361819489414927
FF_04.09.2024_20240904_232600.WAV,516.4468,1.955369861317425,314356.8309318869,23679.31965919608,0.0002527345098433001,0.617145320063299,0.0039569074,4102,-1023.7673366743916,-193.45954846916825,-257.4321319181053,240.4215682781994,-18.11073154292649,-14.323996495424623,-31.69950787319677,-0.723837307605322,37.5143639975967,-34.22135215575191,24.78723465885682,-12.340494455944526,-0.04886929654644227
FF_04.09.2024_20240904_232800.WAV,514.2417,1.9434825061556646,315629.145776777,23662.114577958797,0.0002470430360201642,0.6162799041206405,0.003963718,4118,-1124.1180080977267,-245.74520132168485,-337.5787704508438,266.8905709677663,-24.66831247585008,22.531435695809517,-43.67332630919852,1.1167353345596795,25.135091790947556,-36.697072605056775,31.448672582947868,-13.541173592490418,7.8399155571202455
FF_04.09.2024_20240904_232900.WAV,514.1441,2.1124462299930715,312021.3478441757,23683.489271225193,0.00024887728511521794,0.6171948330062368,0.0039078943,4142,-1202.0375943897695,-289.59303758141147,-408.809259402773,274.2427759429267,-41.42853609926537,55.95802649674726,-46.5769065928423,16.485985860227178,13.289534200131879,-38.030834785295326,23.954312639555187,-15.303996197874051,12.61411415396189
FF_04.09.2024_20240904_233000.WAV,518.59595,1.4965575282292838,311595.2722245772,23700.82109285267,0.0002479577508588641,0.6180140085872533,0.0039108107,4132,-1027.9604781279454,-195.17570829176432,-257.84844194175076,242.2032246146806,-18.738560636578494,-14.29816354727007,-32.45960376077355,-0.532787074446736,38.00627243781619,-34.07202111144533,24.589086567790716,-12.735482428032944,0.3284712621832628
FF_04.09.2024_20240904_233100.WAV,513.15454,2.1893354002592025,316456.6066109658,23671.88014014288,0.0002480609881950704,0.6168815136488457,0.0039778035,4109,-1149.3956511930915,-259.8750032836354,-359.6629732462448,271.2087440987235,-29.442312383511684,32.34089979346152,-44.75754076082012,5.311397526049095,21.235531166279767,-37.44146560514493,29.979825241328964,-14.357254840896417,10.149461742046427
FF_04.09.2024_20240904_233300.WAV,571.1533,1.7026241896746144,315837.31757451827,23668.2549968559,0.00024579557627278436,0.6165910417571677,0.003978677,4135,-1059.4868374577184,-211.48909871865717,-283.5068736045933,252.18821328624892,-19.190871519934557,-3.4663503374068747,-37.10938541766261,-1.4463083575801354,34.47047965094791,-34.76714690083718,28.655035373873673,-12.916065615599113,2.1881686834241227
FF_04.09.2024_20240904_233200.WAV,513.4414,2.2186735014737753,316963.7883456593,23661.140315634428,0.00024681835270155123,0.6162146343047971,0.003987027,4133,-1180.4978912917788,-277.44038338349867,-390.2068578936307,273.2952809693486,-36.67836890772254,46.21370165330995,-45.58201273928853,12.559697625488376,16.438219001045077,-38.63898589767125,26.66366348973193,-14.973644672430472,12.039048771106344
FF_04.09.2024_20240904_233500.WAV,515.00745,1.9799814511582627,318397.1661268338,23650.536542480724,0.0002496003987738922,0.6160525809272992,0.0039961077,4119,-1160.3914471592113,-266.521140282831,-374.4725444785402,270.3096805999528,-32.1105838260153,40.101727778662884,-44.2543898096142,8.04912143951658,18.45530724531721,-39.26096918433136,28.311534531104,-13.841933720450822,12.19800480979998
FF_04.09.2024_20240904_233400.WAV,513.8191,2.0676539887936753,315675.22696746944,23674.55333515619,0.0002467946483569699,0.6169655099021037,0.003960368,4136,-1110.4140510677125,-238.54680297749752,-325.4727915006475,264.66385600614456,-23.199793040156997,16.80202654148214,-42.504199212637744,-0.42196354715991585,27.2993407866,-36.0340824754002,31.27222592593539,-13.35822565319822,7.095879757473386
FF_04.09.2024_20240904_233700.WAV,516.13416,1.7015022083277465,318619.67783568293,23639.26924158102,0.0002552686393696197,0.6155030296830396,0.0040003927,4093,-1121.5476719241938,-244.7079941967245,-340.6647086624921,264.1365004169001,-25.55892136252841,24.23320985040825,-41.910612695581264,2.091466584877505,24.58929131630252,-38.15368478513176,30.340720112040028,-13.130207428298938,9.044221067576018
FF_04.09.2024_20240904_233600.WAV,528.7107,1.740272607175456,318599.63439677993,23634.47100020981,0.0002576867483560744,0.6158177429176492,0.0040020947,4122,-1032.403586125266,-198.3220541728958,-269.41993333669734,241.95015643739035,-17.263700842648248,-8.488529392088106,-32.83313980732873,-2.0999275078832835,35.37968065382385,-34.67624290004595,26.798311670275712,-11.566777165509057,0.7577505472550812
FF_04.09.2024_20240904_233800.WAV,516.0044,1.7135470650276179,317471.9355860061,23656.752364338718,0.00025621676175992497,0.6165763151413367,0.0039899014,4107,-1057.5527987256662,-210.89824187757236,-286.0987854276981,250.23198624925448,-19.23978511240002,-1.5782345954909216,-36.124007195335906,-1.737966728881578,33.6341471265105,-35.02611815166021,28.616992296091173,-13.055564250699447,2.5527659549888684
FF_04.09.2024_20240904_233900.WAV,514.70984,1.7559342894538446,314279.92491561075,23686.19124687869,0.0002548864584550258,0.6174233682667246,0.0039477022,4119,-1083.7959247788156,-224.02092773875816,-303.2959241910107,257.9338968608653,-21.483836096227584,6.489393187279687,-39.34031637956633,-1.5106309922794272,31.185503074964203,-35.04368413137812,30.10620360520202,-13.912296444641985,4.489761697882402
FF_04.09.2024_20240904_234000.WAV,515.95447,1.4781291763794353,315215.1146270076,23680.76896276538,0.000254350699714914,0.6173536138024389,0.0039591608,4106,-1040.504489622719,-202.06071104737308,-270.7932528726864,245.75102356255633,-18.66471949193441,-8.372174421988278,-33.8846278805648,-1.7759283476898158,35.69546553416644,-34.155219967386294,26.882477109397353,-12.834561119549933,1.086996126434582
FF_04.09.2024_20240904_234100.WAV,515.99963,2.195312537942338,314408.7611568246,23678.63567699499,0.00025257089921636644,0.6169253298761946,0.003949712,4120,-1133.5136567302275,-250.55747743537387,-345.72477783078847,267.81951740757944,-27.15151016241613,26.586506870516804,-43.31548354192936,2.7305458488941956,23.640370148567747,-37.27441343663071,30.616259492635205,-14.21005839689557,9.057765366039796
FF_04.09.2024_20240904_234200.WAV,513.5035,2.2223388058312645,315971.48233320593,23672.873663878436,0.0002518011559599222,0.6168455152545923,0.0039674775,4124,-1127.9992683352853,-247.9631959479361,-342.16144368177055,266.8586296453109,-26.31235602569409,24.812557654447158,-42.963383084693305,2.0400109487802127,24.236695152667252,-36.864124822068355,30.728673238617688,-14.164281784965459,8.595359683029281
FF_04.09.2024_20240904_234300.WAV,513.37634,2.251724374591962,314041.8337793338,23680.81300282396,0.0002556315626290268,0.6173321602139444,0.003938697,4105,-1106.7319687428428,-236.0567369166669,-323.3977611253233,262.3497128952215,-23.835088363944394,16.317232795907945,-41.01634451996872,-0.1147966699581124,27.332434079885584,-36.3426133774982,30.893705346352014,-13.689410972559191,6.921634329172813
FF_04.09.2024_20240904_234400.WAV,522.3478,1.745436580424386,320746.263735565,23651.17796145726,0.0002475466599590302,0.6163120239000248,0.0040658214,4132,-1084.9080031736446,-225.26151236881128,-306.598170683383,258.8998624747035,-20.53657652314265,6.900045222403187,-39.79357221734134,-1.3569833259364597,30.527621166019347,-35.30660013136295,30.721285955216636,-13.488923915635572,4.5863309870750735
FF_04.09.2024_20240904_234500.WAV,565.48474,1.6277840111968511,393202.9707787839,23379.526420666953,0.00020898631870385262,0.6088651439547909,0.0053955712,4117,-1032.299051755431,-206.81198125140864,-293.37408790312554,250.08846308366057,-9.838046512840345,-7.253166183773354,-37.272601761677464,-1.828674400327774,34.164925392218606,-33.88201078361074,29.1455175393001,-13.32571622773235,0.49304521879667745
FF_04.09.2024_20240904_234700.WAV,571.32324,1.6748530415651,1109302.8528164441,22480.77248148589,6.512048923880482e-05,0.5862283961151793,0.016981551,4136,-905.3407971886305,-200.3553158595888,-353.0012058945062,252.04498885525211,26.952220228431397,-15.82718680810383,-36.79169076365498,-8.963126206415923,28.597088602939156,-28.09839798311447,32.89114618212662,-12.918687735848195,-2.4246193637289988
FF_04.09.2024_20240904_234600.WAV,591.17694,1.6368594956341398,510587.9749703052,23034.78690180686,0.0001707593699822848,0.6002443769780936,0.007471359,4124,-994.4694630848795,-199.37449297784477,-307.13085560824607,243.95114668445513,2.841781547558484,-8.333379747685413,-36.827646839411095,-4.90416260135012,32.30587017796073,-32.38538038640151,30.548264329193916,-12.446271336159318,-1.0138343512216945
FF_04.09.2024_20240904_234900.WAV,705.2168,1.464225707027176,1019357.3054350271,22940.213044923967,0.0014038500618987365,0.6012285148977597,0.015297077,4076,-791.4741055442768,-132.99815039566911,-218.662968329307,190.04318414023058,11.993711441387639,-43.07869169800349,-16.905446681294052,3.404918898454413,33.560591335212436,-27.906381351897934,10.60193770978202,-3.014491742180893,-4.706759713223728
FF_04.09.2024_20240904_234800.WAV,572.4366,1.6351616899969013,1317277.4040417632,22432.282374651877,5.118188716617159e-05,0.5852325011441913,0.020115722,4142,-870.4500853314929,-196.92853542919818,-355.1803891247145,251.78167293702433,30.952984126419384,-19.62300782131855,-34.83425567259619,-10.985862853743338,28.41815174215338,-25.966008456564417,32.842967994185535,-13.03921400354395,-4.143612955702663
FF_04.09.2024_20240904_235000.WAV,809.49927,1.7424353393855339,52712.079464928815,23396.01602687406,0.00018443033507258287,0.6083132102272727,0.011447568,289,-819.6542784641124,-144.3999688669313,-205.2189342339631,203.9027615139517,-8.63853598006954,-44.83262626518353,-9.569897278612453,6.967222146564621,32.323424543832395,-33.53323982606229,12.847036341746103,-1.6403936894045583,-4.762256632940665
