filename,ACI,ADI,Bio_Energy,Spectral_Centroid_Mean,Spectral_Flatness_Mean,ZCR_Mean,RMS_Mean,Event_Count,MFCC_1,MFCC_2,MFCC_3,MFCC_4,MFCC_5,MFCC_6,MFCC_7,MFCC_8,MFCC_9,MFCC_10,MFCC_11,MFCC_12,MFCC_13
FF_04.09.2024_20240904_203340.WAV,778.86835,1.2609874818690137e-304,58360.72676094941,4778.529618943325,0.060926969613870015,0.3563480559345157,0.00791837,1134,-699.7945384625881,104.32511905099427,-102.90920978640176,33.789005076591025,-76.63808242022131,-23.34980539854256,-38.65997144754281,-47.91783440434895,-15.93894044813784,-40.05437188263205,-12.44498851932575,-25.76525603437615,-12.008103313165838
FF_04.09.2024_20240904_203400.WAV,582.9458,2.1972245773362196,102043.03592620968,5311.258733207688,0.07371501922235159,0.4185215658158042,0.0025781177,4123,-803.458877370293,120.25498362793576,-201.65211533374801,67.27761909820285,-152.55302487150672,0.7501280765817282,-87.09417968695145,-42.682757664090985,-43.71953433734241,-54.76509857824541,-24.7814823474332,-47.33427673655866,-16.816430360798595
FF_04.09.2024_20240904_203500.WAV,562.95984,2.1972245773362196,97657.22225644285,5411.750887417453,0.07543454291206968,0.42982893068224126,0.0023518957,4108,-815.1155220794128,118.80012164831686,-214.74484970881636,69.89876422106121,-162.88234063081802,5.187639222760157,-94.53637732642991,-40.65075739323638,-49.23396351326171,-54.390784478405536,-29.396080669845755,-49.38849154882546,-19.845774805102984
FF_04.09.2024_20240904_203600.WAV,562.2787,0.43966987940134294,98277.0839999434,5448.727025398523,0.07594082072321508,0.4332465358572226,0.0023640664,4098,-813.1863010956179,115.82366077755607,-213.72756330954763,70.37107090282177,-163.61430251381518,6.13581405045097,-95.71113392057386,-40.224750236874826,-49.90918364768829,-54.39067761316053,-29.70789978803088,-48.87745819160021,-19.331170284177347
FF_04.09.2024_20240904_203700.WAV,533.7547,0.3306806308319788,97394.25005330796,5437.149878032541,0.07529811916903936,0.43160026817293373,0.0023330308,4070,-813.5018771017578,115.63367316776709,-212.4790378521724,68.89401646919228,-161.7048652812356,4.826414312025959,-93.55633479314633,-41.530442717624474,-48.35849687102284,-54.906059281399216,-28.35760833288397,-48.448320465812216,-18.814148442023477
FF_04.09.2024_20240904_203800.WAV,537.7479,0.4741393130578374,96991.17581973539,5448.935846534235,0.07553666800202241,0.4335048559079486,0.002312139,4118,-813.1254386343832,114.31732154621608,-212.00632823078007,67.7970282171689,-160.83042357029944,4.681011071468217,-92.38677952245361,-40.999661848943056,-47.64331145474603,-54.96931290204832,-27.73532293310024,-49.40072113232117,-18.182107350314507
FF_04.09.2024_20240904_203900.WAV,532.9153,1.2609874818690137e-304,96404.68047247945,5417.267790077984,0.07560775739999934,0.43058734817107225,0.0023031204,4124,-814.568790211063,116.52260134166734,-212.3685692398061,67.71545388235324,-159.23852063846476,3.768003571816167,-92.33067105438587,-41.32654442893554,-47.77147627672368,-55.260984783371036,-27.75449081401676,-49.396099864665835,-18.50786284812145
FF_04.09.2024_20240904_204000.WAV,535.9475,1.2609874818690137e-304,96396.4684565109,5418.1447586708555,0.07540759904844897,0.4296925900502606,0.0022962198,4120,-813.8217441947976,116.0397452614405,-211.058371629183,67.41796646057585,-158.54785327049782,3.670682640845542,-91.80239075129107,-41.418182900294475,-47.12730985830146,-55.69993846883101,-26.90974300214957,-49.479755430263886,-18.36942961318552
FF_04.09.2024_20240904_204100.WAV,529.5655,1.2609874818690137e-304,96081.81330962466,5414.656801193686,0.0757118038830383,0.4296845913998511,0.0022878912,4096,-814.148837016858,115.90182274294288,-211.47033693554624,66.89207983822946,-158.17264464610105,3.2137280057672175,-91.50718060430351,-41.41811055748253,-47.38772597155723,-55.11111999145265,-27.666903756440167,-48.70008375839485,-18.47907116121343
FF_04.09.2024_20240904_204200.WAV,553.0856,0.8413484959189355,97085.37356210501,5447.737159128878,0.07491335130548356,0.43304402457185404,0.002324038,4106,-814.0873283728022,115.23995951856074,-213.06907306117765,68.47590003669693,-161.03349702167745,4.345442277647363,-92.0535372740479,-42.076752646378715,-47.60892285955898,-55.08611140169456,-28.188289736458426,-48.733098067645564,-19.01216049215342
FF_04.09.2024_20240904_204300.WAV,557.05145,0.718465485446548,98223.96509738584,5495.273721725504,0.0753088861514348,0.43789647855779973,0.0023488076,4114,-811.5266176763542,112.20253092652848,-211.68468783004815,68.99750730405302,-162.7501253096595,6.824442436897679,-94.84304344063618,-40.360128466781696,-47.85285001366186,-56.35391304060541,-26.304152404376083,-50.44969806672364,-17.801739483191053
FF_04.09.2024_20240904_204400.WAV,531.03,2.18893386267653,98546.27037515433,5520.569452650404,0.075322885967866,0.44131244764519734,0.0023453943,4111,-838.1432925736749,130.0972840540858,-249.96463709709914,87.7237106084397,-198.81936022672286,21.226898935391475,-125.3469057762434,-31.34750276628525,-72.9467502970683,-51.069671791007266,-47.01640091091429,-50.666489623309694,-31.85116589859918
FF_04.09.2024_20240904_204500.WAV,557.00146,0.9302168370888639,98950.71186582735,5519.373577305155,0.0753581032220456,0.440706368089166,0.0023798053,4118,-805.105360551407,107.03366565490686,-204.5080681744073,66.59974912326952,-157.7321708111262,4.945544119014151,-89.23206456761913,-41.89570622948587,-44.085226348118915,-54.989127636176676,-25.07634236418592,-48.441220301776205,-16.57110450000934
FF_04.09.2024_20240904_204600.WAV,559.67053,0.5831008996065479,98555.60146293268,5463.63769894978,0.07480490528758227,0.43496224637006703,0.0023646085,4137,-809.1727535627128,112.05782243077246,-209.00163522225213,66.84293469983193,-160.99644692848472,5.1896124545884055,-92.05604850136352,-39.83502154215706,-46.15808388561717,-55.56893799688555,-27.24861303478033,-50.11579185821508,-18.022657439790088
FF_04.09.2024_20240904_204700.WAV,524.88666,2.1933859187726146,97535.73885529707,5452.106136403193,0.07549405758252213,0.43368555269220027,0.0023204696,4097,-844.2590600300693,136.11819698449688,-256.52567429310847,87.92074645101071,-203.24713497198516,21.715946324838367,-129.72593226370844,-27.786913113497388,-78.52079800365955,-49.02461086786101,-52.141694979860695,-49.61090812378504,-36.22201156006687
FF_04.09.2024_20240904_204800.WAV,528.58484,1.263774684983479,98095.67429883017,5481.5804787717925,0.07529500378585087,0.4376597912206813,0.0023402667,4144,-824.3312964924505,121.34218772261639,-229.9434734463279,76.98718774111433,-179.4506956439843,11.928957839028737,-107.2756892331151,-37.34974552516294,-59.046576645765896,-53.55205438765243,-37.38692237292859,-49.834948312814724,-24.887374197058442
FF_04.09.2024_20240904_204900.WAV,530.7132,0.9241029101562561,98508.23203752981,5508.496031327481,0.07579298247759272,0.43994976847542816,0.00234608,4092,-831.7251609262729,125.91094513244379,-241.4909805902232,83.30568761618038,-190.91392758997702,17.437621537626114,-117.73678716154632,-34.159415897067404,-67.67449828401894,-51.37973479230075,-43.58185444936711,-49.27269006292773,-29.333063066710462
FF_04.09.2024_20240904_205000.WAV,537.7065,0.5505360878908491,98512.16215383024,5513.094660965991,0.0761229469791948,0.4403787869973939,0.0023537457,4103,-806.7585235712606,108.15892783101319,-206.84388718274272,67.60482472751724,-159.57049307039566,5.15905177240754,-89.982122778246,-42.154679080800726,-45.749035476846025,-54.008586356331904,-27.090011919487917,-47.50668047395088,-17.77632318206589
FF_04.09.2024_20240904_205100.WAV,528.69586,0.111474023452228,97722.108184635,5507.611870615116,0.07642410019076203,0.4402980733432614,0.0023241057,4121,-841.5436017335971,131.66530727106252,-253.1860250575569,88.71155073080403,-202.0136623391151,22.03816840614927,-127.82590984272281,-30.118341139403,-77.0937507235741,-48.565464733189934,-51.57793296544668,-48.33315230089131,-35.15433465335666
FF_04.09.2024_20240904_205200.WAV,540.9723,0.7347448430833565,98793.19499358257,5522.427167252946,0.07514653251238011,0.4408328921956441,0.002365324,4143,-807.2320520704056,108.6691529220527,-208.0081469402912,68.89329452436775,-160.0147538469314,4.74085670190626,-89.48147268531041,-43.004173456407216,-44.964716309653674,-55.104646352862424,-27.075686471458514,-47.435138328636405,-18.102184377733174
FF_04.09.2024_20240904_205300.WAV,531.43945,2.185091722029831,99808.55726742046,5556.916588164972,0.07494262685102357,0.44549046997161207,0.0023840524,4109,-834.5034442316279,127.07583081763579,-248.21651994150128,88.27501126176888,-198.36318884888442,19.94391336633344,-122.17008391678593,-32.27890784518642,-72.08961156007845,-49.96122669696778,-47.4462047729391,-49.73739334982722,-31.10705233242788
FF_04.09.2024_20240904_205400.WAV,552.45624,0.8174523256415251,100318.14591108492,5553.0319415407985,0.07494856168336259,0.4443633874139054,0.0024089557,4120,-805.1444142947106,106.99277514733106,-208.59653795990664,69.8433545242413,-162.26711672155108,5.864738871845502,-90.98498794889126,-41.66677647756761,-46.74731841799911,-53.78028907607036,-27.83429128252545,-48.62904973217799,-17.018898711288056
FF_04.09.2024_20240904_205500.WAV,541.4032,1.4900831448927876,101762.78975463305,5614.501393731742,0.07497434929414228,0.4516118007725242,0.0024478026,4124,-808.3059704003836,107.21829885285214,-215.71276306850163,74.67849141501856,-172.17777760203512,10.633416467302641,-98.54817413380407,-39.41929678689156,-52.11622061876313,-52.94347306653722,-32.129549639674806,-48.831915877337245,-19.24324063402837
FF_04.09.2024_20240904_205600.WAV,534.46246,2.190129731661902,102188.03144492321,5634.14717218065,0.07477346351783937,0.4530306522826694,0.002452275,4095,-833.7115405960376,124.88301716724148,-251.82776756067622,92.07311224342995,-206.53824831619576,25.113799444755927,-127.85770168993002,-30.234875592035262,-75.95544071622831,-48.54751844249812,-51.22523800016381,-49.03216811252811,-33.62058432222272
FF_04.09.2024_20240904_205700.WAV,555.9969,0.7221274505308024,99319.82976634386,5543.85454008937,0.07615849384643109,0.4432990215469099,0.00238074,4134,-805.2125974544085,105.71789214081363,-206.18028106101917,68.26047922627278,-160.2587816732248,5.88548674682956,-91.4524774113359,-40.402531808213595,-47.56702989854363,-53.15582386967311,-27.722134543954095,-48.20010964199063,-16.520445662008616
FF_04.09.2024_20240904_205800.WAV,538.2954,2.175885586187917,100187.4591044936,5572.888090460983,0.07527801929747824,0.4457002527573529,0.0023947116,4132,-837.8535517544423,128.5226114650494,-253.07649824668525,90.58609108439701,-204.6833460175103,23.71030786713231,-128.40416854457948,-29.44270522715475,-77.53815701811848,-48.3355293631821,-50.89659918742591,-49.68131090860204,-33.606274881271446
FF_04.09.2024_20240904_205900.WAV,542.6504,2.0889953887782804,101786.67722765123,5610.146731062134,0.07549151333237678,0.4502407593773269,0.0024367974,4116,-831.6890209291669,123.75691350906379,-247.56038883816953,89.85306040896624,-202.628636047128,23.648443803844398,-126.49596692420981,-29.683633154942772,-75.1519516416939,-48.15364142734526,-49.24252600431979,-50.35968715300594,-31.774423667162434
FF_04.09.2024_20240904_210000.WAV,542.812,1.9198572149627926,102263.19531597718,5642.979587604436,0.0776515248869347,0.4533736853127327,0.0024389469,4111,-817.371482297008,111.51949329587559,-229.09563913738745,81.15097072263227,-188.79286415753884,19.6770249263115,-115.95153118759536,-30.916477848476195,-67.47280343533386,-49.14992498414375,-40.91378110267063,-50.73847057377124,-23.68674420657682
FF_04.09.2024_20240904_210100.WAV,543.5194,1.9787844984889205,102341.50239131344,5603.700096031916,0.07685511003500088,0.44917348491018244,0.0024438438,4105,-829.8479252102451,122.43084287702602,-247.52050934098884,87.43968815085574,-203.56496042577228,24.612705525088014,-128.34219525374755,-26.497991897746747,-78.8022138220189,-46.260833822638936,-51.57879120103415,-49.08654968604916,-32.13661100717608
FF_04.09.2024_20240904_210200.WAV,559.4057,0.4175732119168011,103435.08423981178,5608.623495111577,0.07644192937130707,0.4497241192758749,0.0025009383,4117,-793.20290273434,97.01686779234281,-198.2366302786619,65.31072741331806,-160.18076233442454,6.789500823845228,-90.43172365100868,-36.156003652099756,-47.573319770540486,-48.762826909978074,-28.658162141491736,-47.75227685619124,-14.882144145496635
FF_04.09.2024_20240904_210300.WAV,551.7136,2.1972245773362196,102827.50096843568,5610.943447847117,0.076549342014114,0.44981646733060315,0.002468104,4118,-824.2933791579435,118.03500381943617,-240.2319812948079,84.3002928206439,-198.92304541218905,22.07965135973886,-124.24442329640324,-26.30593677170655,-74.09705518172889,-45.50609153607841,-47.95523507863524,-50.93588860646866,-28.029180638355218
FF_04.09.2024_20240904_210400.WAV,540.7699,2.0360511517477677,103210.46950174509,5601.198126149038,0.07608841094116323,0.4486248502070923,0.0024817279,4128,-822.1212204100293,117.26811318013672,-238.27147690234477,83.13257810314822,-196.89219231452776,20.6823605404597,-121.98071541784472,-27.044591301003233,-72.43706872205817,-45.71300158086548,-46.730398319968366,-51.5137081524133,-27.275961816912723
FF_04.09.2024_20240904_210500.WAV,538.692,2.0717774098084947,103456.98056382878,5627.247779915106,0.07632096308756425,0.45168324326368203,0.00248013,4122,-822.6392490455438,116.96739326384507,-239.13288570529244,85.12428701745341,-198.99488549301867,22.671854391103786,-123.88978302011057,-26.31068005838163,-74.11445555186224,-46.09380654497642,-46.719304351511944,-52.759510784430184,-26.03980384690595
FF_04.09.2024_20240904_210600.WAV,547.5945,1.3273587337881319,104995.66062243981,5612.93495704923,0.0750728886582214,0.45004933713002604,0.0025324095,4102,-816.1741641484789,115.17852132910647,-232.33533534844636,82.55131004797272,-194.31228643864847,20.497803127522385,-117.76130279841459,-28.691340917707045,-67.25695599557027,-48.02667133663218,-43.25775887033897,-53.06833509808765,-24.823756642577116
FF_04.09.2024_20240904_210700.WAV,556.691,0.6745366077079937,105615.94550111094,5665.923615018935,0.07369289378355091,0.4573530138914743,0.0025697236,4112,-793.3363319007653,97.6046256458326,-202.31941428205317,70.60666740250431,-166.34248843212887,8.854159383252279,-90.70330162365578,-39.311055413572404,-45.27899741275674,-51.355213196459204,-28.75317943494917,-48.73788142177725,-15.59858637224052
FF_04.09.2024_20240904_210800.WAV,536.6094,1.1630161293009864,106104.02108631487,5704.426604274247,0.0731945556287595,0.4625910391846612,0.002572832,4127,-818.1797569549186,113.86188398131031,-238.21380358340528,87.84411951989783,-199.50795894890686,21.41157696740229,-117.47263085716367,-32.523498606074234,-67.94694848142711,-48.11458956439818,-45.58478168486052,-50.64520673261053,-25.678865283536137
FF_04.09.2024_20240904_210900.WAV,536.2753,1.1417927181370184,104552.15806654845,5706.148383761395,0.07510194896406079,0.4639137251023827,0.0025192797,4130,-820.153611486287,113.45532666767211,-238.31473110131455,87.83737922060568,-198.4483451222677,22.569302899519023,-119.89275351199375,-31.421490128377563,-70.11552125085204,-47.996888077948704,-45.94060268753004,-49.80350597866939,-26.5274619979086
FF_04.09.2024_20240904_211000.WAV,532.9138,0.605548056684861,104492.22673120836,5623.048999562105,0.07395970518363028,0.4529188529644453,0.0025273934,4145,-822.8287719498485,119.04543397723315,-241.1534696858069,85.88740664301798,-200.55458908566646,21.335025660512837,-120.6943896225114,-30.01445866406336,-69.90844026341128,-47.771916282460786,-47.02043325943162,-50.515067417660795,-28.381926265195023
FF_04.09.2024_20240904_211100.WAV,543.71045,2.0692022929418137,104903.51798672343,5631.52428905212,0.0745431908878109,0.45225132923026806,0.0025365634,4114,-823.7765261649197,119.01921552842556,-243.05913886028912,86.450301314302,-203.19589421911823,23.11905231322174,-125.08638339219615,-27.539055918374824,-72.97960548264643,-46.58332156364442,-48.41655894333724,-51.524777720530906,-28.880867692610952
FF_04.09.2024_20240904_211200.WAV,543.1475,1.7722451980350393,104778.3702818297,5672.906059102912,0.0756382346227265,0.45930013990366714,0.002534324,4130,-817.3958658296456,113.1299619330378,-234.48333223265138,85.2089304192046,-194.56585281923947,20.535808431224964,-117.2966650418268,-29.89129833533805,-69.20350114874095,-46.15589744535106,-44.95014130037292,-50.26396449632129,-24.476596017515895
FF_04.09.2024_20240904_211300.WAV,541.95764,2.1002203800079933,105088.69404864301,5717.874687899924,0.07572057374118452,0.4650924353127327,0.0025355523,4107,-823.0498314556867,114.54425080147021,-243.58677368518818,90.54938792054895,-203.4166035361635,24.586198795216564,-125.1435219090426,-28.552347003627215,-76.75787077210146,-44.665879558656805,-51.29874282840731,-49.22203302027192,-28.620784807092182
FF_04.09.2024_20240904_211400.WAV,546.6685,2.1311457256406654,111645.77116273613,5775.444878185189,0.07181671556797006,0.46957022524199554,0.0027585335,4133,-810.5135390318532,107.95776152758275,-238.1080375194074,88.79994131508865,-204.72409750485497,21.864009042648277,-119.54506948214295,-27.963480227398993,-71.7317649262241,-42.781307813440165,-50.07648585840863,-50.22771402575711,-27.39921794215896
FF_04.09.2024_20240904_211500.WAV,546.10547,2.148546822004801,109778.48036320218,5788.168529467334,0.07253147915743992,0.47329341522012286,0.0026988261,4128,-814.4615302182289,109.25066935597071,-241.19135690412298,91.6289492962637,-203.00069355079754,22.041054423266424,-119.56570695428326,-30.516066537294503,-73.45487674795127,-43.17204844260282,-51.84692680186648,-47.54762378839197,-28.03827891430161
FF_04.09.2024_20240904_211600.WAV,553.3949,1.2609874818690137e-304,109676.83470278149,5827.9118699878,0.0725380151474621,0.47906516864063664,0.0027057303,4108,-785.8235803949601,88.03440323149866,-200.1001820267739,74.82064186769227,-167.84074597844995,10.41677455005938,-88.73537266390825,-40.76638657478415,-46.37379020124378,-48.09140957590931,-31.995845043234514,-44.53975497703132,-15.919055970452234
FF_04.09.2024_20240904_211700.WAV,542.7236,2.1226624122895306,113697.26284484444,5896.506370153793,0.0719737824414202,0.4862245061196947,0.002799193,4147,-809.7720353701544,104.11497024783559,-240.91245753727108,94.55068604623584,-211.5176979694211,27.599187446216728,-124.90395521473764,-27.245565803247132,-76.1664477018233,-42.546883064321435,-53.23443575044716,-48.64745306013542,-29.20740926830482
FF_04.09.2024_20240904_211800.WAV,546.08105,1.2609874818690137e-304,112126.61569924699,5882.563937831467,0.07263594170965396,0.4866524339166046,0.0027562834,4112,-785.0701083483518,86.97338704500706,-204.33906228528517,78.26783457268306,-174.93615795496024,13.431636302550064,-94.18121883242776,-37.40863584250392,-50.94022127866806,-47.33321623836641,-33.045337127800906,-47.90757102486825,-15.23958435618826
FF_04.09.2024_20240904_211900.WAV,539.8208,0.9705079101469094,111843.3185031546,5896.522004110932,0.07259412823922314,0.48936161316781457,0.0027356918,4118,-811.7812160784968,104.78675587696732,-241.33145626172166,94.94360609379393,-208.9327087971273,26.713708625197807,-123.36439980554306,-28.796228895409673,-74.68847941335488,-44.07239797836922,-50.70158084996906,-49.21028267485312,-28.22073769246027
FF_04.09.2024_20240904_212000.WAV,545.47095,1.205929199623161,116321.87115479958,6006.2373046261755,0.07131633280039468,0.5011927078485666,0.002879703,4096,-803.9137639768326,97.28964613951908,-238.2696171609257,97.29490190498196,-209.89495347208913,27.523503824395455,-122.81546825921669,-28.62710536961819,-75.18814080141159,-42.069480188805464,-50.54923084916618,-48.79162704825175,-26.04160650721735
FF_04.09.2024_20240904_212100.WAV,540.97943,1.998170470830975,117141.08270611799,6024.280613112151,0.07041217668474312,0.5038582580975428,0.0029100403,4109,-804.9742199869331,98.20352037321597,-241.009694464027,99.96424482995718,-212.3398443128224,28.454366194018657,-124.07943904881424,-29.224802999688926,-76.5877916164526,-42.44982842838176,-51.172866102168484,-49.09077708120742,-25.914845613914817
FF_04.09.2024_20240904_212200.WAV,538.60645,2.1557763411717485,117893.04736814808,6040.753499445172,0.06879082607161846,0.5061813206789836,0.0029448122,4114,-802.9610834117113,96.98636216111267,-239.2214443758835,99.47340725264874,-210.71710429357535,27.20647332369786,-120.29222376696545,-31.721761909119884,-72.60696416740443,-44.22654450176813,-49.36262966148258,-49.09245092607502,-25.426945091693142
FF_04.09.2024_20240904_212300.WAV,539.8373,2.129075624951422,115253.62897452399,5980.469242658271,0.07119594894129053,0.4957507169699367,0.002852976,4132,-805.5483152262641,99.00635568024342,-238.20494370715755,96.50139831247911,-209.00415822929136,27.42077305527336,-121.83133969095859,-29.396289123065483,-73.80163315679037,-44.02869031360366,-49.26410340458041,-49.677681500991376,-25.4671545805397
FF_04.09.2024_20240904_212400.WAV,539.6279,2.109554961629522,115587.65654340643,6004.282599786022,0.07176756912300404,0.4996326074436895,0.0028579943,4111,-800.9693342337769,94.56596037344792,-232.86719641777773,94.69174495426202,-203.53284666139388,25.941912914172427,-118.78600252282628,-29.86536708949656,-71.4059926268834,-44.60326187414979,-45.37009255686584,-50.07971003648959,-22.431017997643096
FF_04.09.2024_20240904_212500.WAV,540.69714,1.4889902081169777,118897.42041335479,6086.138475842349,0.07055312124047466,0.5094480422212397,0.002969122,4081,-796.188052651484,89.67109834040163,-231.7337999408263,97.45232818803522,-205.5005226195898,26.87922599772106,-119.35708905697943,-29.487723902591984,-73.15497354196862,-42.85930545103373,-46.75780933781906,-49.3949672423237,-23.03076638316627
FF_04.09.2024_20240904_212600.WAV,541.23193,2.1196929233587394,117876.30371430292,6058.9252003932015,0.07053755713695264,0.5072256899199553,0.0029403113,4136,-798.1614104565607,91.86913744210622,-232.81380848752315,97.0463807437724,-205.995074807565,26.21107720719035,-117.80447312837485,-30.268531039053265,-72.9263578244916,-43.08208080497808,-47.012556035022044,-49.494865826258106,-23.709501894941056
FF_04.09.2024_20240904_212700.WAV,544.5404,1.6967463792554907,120827.90253481457,6109.98983777278,0.06984649541375787,0.512591875407204,0.0030388522,4102,-796.1147379792338,89.40935221954356,-234.80279492717057,98.43878070705021,-210.58838837913729,28.128132496909036,-121.4162327548791,-27.546927017384604,-76.86508993423736,-39.9721325424653,-50.36514089870783,-48.74669354317056,-25.24086813842382
FF_04.09.2024_20240904_212800.WAV,541.09863,1.8631669468517087,117641.79939089967,6068.783790102291,0.07180101800136736,0.5079257536182986,0.0029279336,4121,-799.6786150584011,91.19818385396862,-233.8938063856989,96.81698060428737,-209.12484225175592,28.78071264543787,-122.7317072197854,-27.7873777850846,-76.69581294400923,-41.205430111905194,-49.605296028924755,-48.97981487243719,-25.27836967884454
FF_04.09.2024_20240904_212900.WAV,571.584,1.251228243357361,117292.91179712905,6014.101693442758,0.0731631047601194,0.5027251765520291,0.0029094138,4099,-772.9097465408831,75.55523374399334,-197.14550057629592,78.42453127272516,-175.20797086001335,15.436280391589197,-94.45870737735758,-33.954691420603396,-53.07749532491546,-44.102682298394576,-31.29723697004556,-48.43055148793657,-12.791213339928552
FF_04.09.2024_20240904_213000.WAV,544.77386,1.9509674689476264,114427.05990590717,5991.109429080795,0.07476561064371835,0.49885819265403947,0.0028100975,4119,-800.6081377165617,92.74060977315727,-230.6201589195365,92.27226663205343,-202.9203306065896,27.006993654373044,-121.88458064385576,-26.491167013421176,-76.08032668561394,-41.83230979022535,-47.5394001904325,-49.40181557176045,-23.956081938211316
FF_04.09.2024_20240904_213100.WAV,540.4381,2.115812292855939,114220.94214567574,5990.138961903341,0.0743544355639634,0.49904888775130307,0.0028125383,4131,-805.6093601298456,95.73182175657011,-237.36782018656163,95.83831234571194,-208.41884421935023,27.9306413284025,-125.22924251639661,-26.35107683486672,-80.63787913430053,-39.94958920026391,-52.6561206093666,-47.3380562385881,-27.64129587382855
FF_04.09.2024_20240904_213200.WAV,540.2062,2.0915616374060475,117876.28013074017,6083.9514095048935,0.07270115190863015,0.5119985209768243,0.0029192073,4106,-799.4067282108025,90.41237446751813,-235.4024307612761,98.2405126919936,-209.46447262455706,29.028999849709262,-124.43314126274232,-26.364418628208654,-79.50770338801969,-39.97173030562864,-50.567744716330346,-48.60664393734048,-25.896877885406408
FF_04.09.2024_20240904_213300.WAV,539.73883,2.0634161942903133,115787.70534190972,6030.216582450185,0.07501713659823264,0.504667030726452,0.00283049,4118,-802.827074049805,93.67432331467552,-237.4597449107728,96.24600279758263,-211.00196148583643,30.40759067549677,-128.01236967460864,-23.441270369953894,-82.51124409896256,-39.98868072031358,-52.02155296271613,-49.12436634716066,-27.672374811465502
FF_04.09.2024_20240904_213400.WAV,553.10657,1.4763508178588363,116964.78969966303,6043.180430825783,0.07406361312955631,0.5062220410810685,0.0028904295,4116,-796.6501813968085,89.13880064236297,-229.65801674458726,93.7123343885953,-203.2831603517371,26.3701350469856,-121.20233063191843,-25.877732154442928,-76.45962114890038,-41.56738539980014,-46.275956303626465,-50.67082208878033,-23.19033627983995
FF_04.09.2024_20240904_213500.WAV,570.69574,0.904415534021355,116572.64266590492,6045.108804812265,0.07260313291811347,0.5094658573971519,0.002881306,4122,-774.2430088351574,74.87311412220558,-198.14673436345956,80.98495502913528,-174.32923693032035,15.087741346284137,-93.35758223985549,-36.02705741204049,-53.19343843017895,-44.98265815485847,-30.121716790626955,-49.008042381774246,-11.533019070045016
FF_04.09.2024_20240904_213600.WAV,543.08594,2.1127490261370494,113301.79591844865,5963.805800051467,0.07505286755675504,0.49729827403667165,0.0027565586,4129,-807.8124098586038,98.67083467374101,-239.54669218480805,95.3271177063621,-210.40507144053925,29.835461245660245,-127.8140033681958,-24.786768988854323,-81.47764537050763,-41.35154535512099,-51.23854275005831,-50.14084205233652,-26.9294131952335
FF_04.09.2024_20240904_213700.WAV,538.26794,1.9245286715012857,116518.3623977775,6061.354696650788,0.07357943682757942,0.510047032064408,0.0028596355,4101,-803.4354829583987,93.3247149364338,-238.11561574629113,98.34237796791102,-213.39473050869512,31.72289351400355,-129.042675605879,-24.710635545141464,-81.67939225547224,-40.755272357091776,-51.86939217142386,-49.50136239926096,-27.881443939438324
FF_04.09.2024_20240904_213800.WAV,589.3767,1.4530155855598903,120140.56705732168,6124.53487603798,0.07376011418933753,0.518212381619974,0.0029855168,4112,-767.6781538854488,68.17485027684718,-193.75755160737975,79.93636038509332,-176.3545481765028,18.731517925306616,-97.02402684455008,-31.71604699024681,-55.87448608974165,-43.13726010892181,-30.38752280138358,-49.36080291087934,-11.31878628316741
FF_04.09.2024_20240904_213900.WAV,543.93945,1.5422854305006901,123073.71728879669,6164.845517495523,0.0722686463191463,0.5207354104616531,0.0030744863,4110,-780.8379012058442,76.50186717809964,-216.63363244872372,89.51220755116817,-202.17364100094136,28.08737411480033,-117.74653381619463,-24.400963779777033,-71.76413176652012,-39.4175895349366,-43.537877246097366,-50.919186882577456,-20.433193083894874
FF_04.09.2024_20240904_214000.WAV,544.4075,0.8481685834256965,121471.63926372539,6155.338161342307,0.07409998351097133,0.5188797235666418,0.0029917147,4135,-794.2215719700088,85.33864099957852,-233.26383243625898,96.07755003834693,-217.33177902725274,35.50732387795194,-132.95617160569108,-18.65862466874174,-84.41305377594725,-37.90780263719017,-53.500211161947085,-50.31762975632991,-27.44486685958697
FF_04.09.2024_20240904_214100.WAV,543.85175,1.5988229858634289,121494.90562229944,6144.607418526415,0.07311506296249655,0.5199310007329673,0.00300207,4097,-794.4872793788388,86.42792926938372,-234.0739710668087,96.75854360863916,-216.1868777722884,33.616991591989084,-130.63140814707057,-20.34294215665722,-82.38778973578576,-38.65752835466553,-52.57844658138195,-50.741841270038876,-27.785448255427767
FF_04.09.2024_20240904_214200.WAV,540.6676,1.6359494831308725,120492.04412040007,6150.677313646645,0.07405720167805142,0.5212445972752234,0.0029664019,4118,-793.7004829940631,84.41772029904126,-231.97188379497751,96.992350947761,-212.5256719606167,32.042406723032066,-128.54652940500898,-21.72698474588589,-82.67497005168525,-37.74125866298014,-51.38520577507956,-49.88159121111163,-25.844942596766025
FF_04.09.2024_20240904_214300.WAV,541.2536,1.1718017443474393,117301.77167729897,6069.223310076039,0.07399041103836705,0.5097623528248325,0.0028809195,4086,-801.4629768600794,91.58792841628855,-237.6897793905035,97.77927188474371,-212.0105167465538,30.585144498518275,-129.07263864842872,-22.47969532406489,-83.75048248023079,-39.281803665163594,-50.6177528636016,-50.74290894705159,-26.749111227821302
FF_04.09.2024_20240904_214400.WAV,544.83386,0.32508297339144826,118527.37258797795,6097.315597895251,0.07345777245930772,0.5147276968540581,0.002926853,4121,-771.8696101046918,71.68291682577959,-198.21224996210356,81.44198080893683,-177.63694746822426,18.229527657113998,-98.70230501731692,-31.481587085024607,-57.13066988398301,-44.39100515084701,-30.599246310097797,-50.10925389865737,-12.104717664759978
FF_04.09.2024_20240904_214500.WAV,542.55396,1.2426962177496532,120346.41897012346,6079.443444969921,0.07258089830801881,0.5128729188965935,0.0030118555,4111,-774.0192058985496,74.60170963062552,-203.31501114930057,82.33453413675852,-183.87462377556488,19.4879224082323,-103.38912117975563,-28.704197466361965,-60.36241151719934,-43.85562147106962,-32.27512285736885,-51.70840317632678,-13.71448140306362
FF_04.09.2024_20240904_214600.WAV,539.0602,0.9929433717198695,118633.95522225206,6123.8631431892545,0.07479780355137854,0.5187030261075949,0.0029151773,4115,-796.5355151416505,86.42557542424389,-232.33305512038868,96.21547320952725,-211.44061720332837,32.309759360397074,-130.02382250262542,-20.62702995945394,-84.04109674842714,-38.264827866237006,-50.77969712946733,-50.32588885537619,-25.579011002138955
FF_04.09.2024_20240904_214700.WAV,542.152,1.9538170486095925,117464.88710268428,6043.832636384413,0.07454385960476875,0.5079221178681125,0.0028780755,4133,-798.782814394442,91.33485250898204,-233.89102201321103,94.19984081527342,-210.9804813045152,30.26891474782338,-128.46312850749504,-20.8661734907998,-81.56170636006765,-39.87282059012337,-50.099247173828246,-51.51347622492421,-26.566606637322025
FF_04.09.2024_20240904_214800.WAV,547.64746,2.0435855237794955,119848.30872312323,6073.03273207712,0.07112364171787897,0.5139238324879002,0.0029666994,4123,-789.940959680872,86.89335755553486,-226.006067746061,92.46683203416012,-202.1268957016584,24.67244611746235,-115.54244952857609,-27.259499460412982,-70.63522226546935,-43.327076108917105,-42.61699171718878,-53.34219402423263,-21.4283004677149
FF_04.09.2024_20240904_214900.WAV,552.3727,1.2609874818690137e-304,110326.07609070084,5832.37623598323,0.07422386987021445,0.4820155799166977,0.0026908761,4126,-791.9474796541795,92.52678893704486,-210.68953079417807,79.73873196930407,-179.1534368705165,15.920230871962321,-101.62327265962503,-33.728984925060615,-57.35789294502993,-48.05566350085092,-33.331307897671984,-51.141012584505575,-16.923992603348037
FF_04.09.2024_20240904_215000.WAV,544.5627,2.1972245773362196,108134.33229636906,5835.038491054966,0.07563341063611567,0.4829252446132725,0.00261244,4096,-813.1021430139757,104.86723237118731,-236.07817551539375,90.4074796219815,-201.6647663913085,25.719521680694672,-123.30150098793695,-28.558288625756724,-74.00535273532428,-46.085276039107285,-46.09896434619859,-50.04042599875325,-26.879024998749475
FF_04.09.2024_20240904_215100.WAV,539.0107,2.0163637154372607,107852.05728245646,5812.955186076591,0.07705857474132245,0.4789513696598101,0.0025928544,4094,-815.330599220885,106.71786814032983,-239.9928380254813,90.87984620483792,-204.60256121351526,26.05287831960883,-126.21028413371009,-25.474495142596517,-78.8706523644141,-43.4876062130674,-49.64370876018966,-49.760556993544036,-28.519946138819602
FF_04.09.2024_20240904_215200.WAV,539.55334,2.1753562589471125,106622.27279778292,5747.844599558717,0.07497945538019127,0.4699972441013589,0.0025720657,4102,-819.6410004495607,112.74027276355642,-243.25858257120962,91.4101237551861,-201.9166220333278,22.655128512959276,-123.04383447214003,-28.717743872877907,-75.28012307196937,-46.54203406767918,-47.28309348367689,-51.317864994966754,-28.509275667026046
FF_04.09.2024_20240904_215300.WAV,544.1924,2.1720828221239885,108714.01433887592,5821.184961034582,0.07395671860791614,0.47950800301330976,0.0026462902,4104,-816.081054127207,108.48577478346238,-241.16392884603323,92.97064904123884,-202.99657414588788,24.12960655914044,-122.36949680921319,-29.321622077879073,-74.52783306959437,-46.58666975952,-45.977607316649426,-52.39694152674068,-26.188299074984286
FF_04.09.2024_20240904_215400.WAV,551.5718,1.2782486491903322,104575.61150476885,5681.382664891774,0.0768470052608613,0.4595233749650968,0.002522888,4103,-796.8456072716167,97.09680620307981,-205.55595842456339,71.94289359379803,-168.55445072074986,11.858052725428657,-99.16547656531155,-34.29632998890716,-54.915874018403294,-49.312755317097974,-29.53852839486997,-51.60454875611428,-14.134212935884216
FF_04.09.2024_20240904_215500.WAV,541.0849,2.1747820372883684,104785.64283869912,5722.963814206331,0.07663358277168476,0.4659412011936895,0.0025202679,4098,-819.843088391074,111.78996537123692,-238.25410746912874,87.40599028463157,-199.30544698402983,24.082479256265678,-124.28670819984367,-27.075807344225446,-75.3664109317695,-46.01104875120629,-45.9031420113989,-52.28221402274247,-24.976836066755308
FF_04.09.2024_20240904_215600.WAV,541.3271,1.2609874818690137e-304,102325.38797772513,5657.133521200963,0.07825910894393404,0.45743572720820924,0.002443012,4108,-824.102278155137,114.95528977525963,-239.51928146731007,85.93912829048226,-197.9627880639878,23.261686811208723,-125.47462183970809,-26.23501791536396,-78.19085133042098,-44.41262289147412,-47.775901600674494,-51.541663050475414,-25.843848425075237
FF_04.09.2024_20240904_215700.WAV,564.2015,1.1965738184355552,105869.10966929875,5671.001153665768,0.07708712945728394,0.45734683311615787,0.002582046,4112,-794.283267464917,95.81135551625486,-203.67562640861323,71.29754338371225,-167.80909721658605,11.08907326101231,-98.7675778879292,-33.887784040859465,-57.03222406549167,-46.020142462944726,-32.25214571116981,-49.58511981735271,-14.665367488623778
FF_04.09.2024_20240904_215800.WAV,564.53674,1.461307464265424,105311.65953452971,5685.242158447008,0.07655568075805287,0.4605577458930566,0.0025481083,4147,-808.9234528251835,106.21723281854867,-223.85218066432262,81.60927535645348,-184.32949847982317,17.57963404995794,-112.02162947600819,-31.181507996412353,-66.90328720540431,-47.62432766471661,-38.23545137765837,-53.10705969990066,-19.1021871398623
FF_04.09.2024_20240904_215900.WAV,556.3882,1.1751093941786854,106607.80103120234,5745.696021889491,0.0755743931283784,0.46920246911066643,0.002590463,4104,-802.7304746838337,100.7279272025261,-217.82487956124075,79.20229414458288,-180.27963304067006,15.956190908401693,-105.93894517229741,-33.86399339854644,-59.03796589755022,-49.90776270524442,-33.57569176190519,-52.29063077733148,-17.45613589890892
FF_04.09.2024_20240904_220000.WAV,549.972,1.4600432464471267,107904.03494898848,5772.268931696363,0.07491103832608906,0.47150880724125094,0.0026212945,4112,-817.0108933505117,110.7540091153569,-239.97387614853633,89.59585114716215,-203.08528648328,25.623202220484988,-124.66172941797647,-26.787610931801716,-74.41403335710412,-47.18584160328636,-44.976402912063044,-53.54198418972794,-25.110221182452012
FF_04.09.2024_20240904_220100.WAV,553.07056,2.1972245773362196,102461.4515104594,5663.898672505076,0.07668902588649396,0.45869387856012656,0.0024505637,4132,-826.0641511571488,117.26188704872087,-241.8919395586716,88.11483790260708,-199.1185646200266,23.652276793859908,-125.5588018031571,-27.68849120144944,-75.04928006834754,-48.570348135604256,-44.375248279900994,-53.38868377647561,-25.89781546438684
FF_04.09.2024_20240904_220200.WAV,537.7216,2.1870019742406654,100236.26761087458,5571.335701629056,0.07634852966746239,0.44771409478546165,0.002391214,4148,-833.5858068653088,125.14257291402228,-248.1829723779894,87.42694876668017,-200.59167953806445,22.18892187263279,-126.23213928029328,-27.83605565393508,-76.35035903368022,-48.342287299215556,-47.449048481568866,-51.98080117956928,-29.627014862197115
FF_04.09.2024_20240904_220300.WAV,536.58673,2.174341622739553,100456.4046158661,5590.238921036986,0.07681170172902707,0.45058542849497396,0.002394554,4128,-827.2960312875339,119.77010071481858,-240.3063191615424,84.48191991335527,-193.59879332805465,19.4871468116525,-120.65713120138183,-29.17077835934722,-72.68083135308606,-48.41631866989961,-43.13249251278561,-52.77194196937512,-25.295336280154366
FF_04.09.2024_20240904_220400.WAV,529.4825,2.0303256339569766,98746.27633620574,5521.39686964709,0.07656627231240724,0.44281328532204023,0.0023481383,4096,-829.4736878893455,123.2469234856194,-239.57356314423737,82.14543661460857,-190.1368680688573,16.99174783058161,-117.92428847587041,-30.81053089834852,-69.86238159147318,-49.71019562659729,-42.86064810221313,-52.40393500743485,-25.86077070807165
FF_04.09.2024_20240904_220500.WAV,549.5374,1.16276555292129,100903.50799026318,5517.150520614736,0.07574983199443981,0.4405198541046165,0.002436,4112,-796.5563166450006,102.34285285163722,-197.4158028443101,65.76939707142219,-153.01500451592352,3.8971871084589824,-87.0544676644636,-38.99535768928076,-45.959404864983426,-52.52918787792914,-23.89893173829575,-50.35509083538393,-13.132666511875136
FF_04.09.2024_20240904_220600.WAV,541.36914,1.4822840755772155,100000.31961745495,5519.851827690708,0.0769018963426511,0.4412711818805845,0.0023816114,4104,-824.9425457671114,121.41757083323633,-235.71435503807598,80.75556235918924,-187.58936834503103,16.693102267659143,-116.58993638009092,-31.23647595912312,-68.77521537467702,-49.6982815743921,-41.19461072237836,-51.85908067150319,-24.214813592610493
FF_04.09.2024_20240904_220700.WAV,537.01685,2.07649730041988,101862.64373059357,5558.839866443955,0.07615302451778054,0.44611818224125094,0.0024400605,4129,-815.074591984257,114.03969418960739,-226.25070418355583,77.53898296285261,-180.66009183352745,12.944278205418712,-109.27799023208476,-33.050164925297224,-63.28281711661348,-50.08620648147304,-36.18965995756832,-52.52149401699343,-19.558978881899257
FF_04.09.2024_20240904_220800.WAV,803.61725,1.9524171878494034,109509.07194091323,5513.598450224961,0.07562277745691005,0.4385660019545793,0.002910166,4115,-719.1312863514174,55.30492083177516,-100.38736922217839,31.142990899155247,-76.32517321495605,-12.387860041119877,-32.119040975526055,-35.73606854886827,-12.974314250904216,-33.40111217102907,-8.72111442682526,-23.987430240828186,-6.1357694523899795
FF_04.09.2024_20240904_220900.WAV,557.9131,0.7047725761729194,102408.83182886828,5550.958779929192,0.07570466751675498,0.44556936575065154,0.0025011387,4113,-785.8258809332947,94.45469499579721,-185.42932741278446,61.62420641384604,-145.0387003479618,2.048904198339356,-80.07206857524936,-40.183601707832935,-40.042088946873,-51.48084979897973,-20.32512849752119,-48.295276296433165,-10.314161031819532
FF_04.09.2024_20240904_221000.WAV,546.4304,0.6316943984324563,105377.72621140801,5559.78582853401,0.07563728796470238,0.447422871195551,0.0026475117,4118,-767.1235225493808,83.11009062974605,-161.65788932793976,52.824064779501526,-125.20216778231664,-3.5952479123461014,-63.698784414315526,-41.9633071748738,-28.751668471657904,-49.02100080423163,-14.593337537667425,-41.35678746902519,-8.525356745631543
FF_04.09.2024_20240904_221100.WAV,533.145,2.0862363251398355,101811.02355623228,5612.56154394669,0.07602234189588462,0.4531615392893708,0.002431673,4129,-821.1426039992056,116.21748251237184,-234.50627181878096,83.77165335635907,-189.26675384206098,17.86045765334225,-114.84280811402624,-32.46547261568827,-66.9438781633876,-51.176449353915004,-39.6983027019967,-53.169783543301385,-23.24983909350948
FF_04.09.2024_20240904_221200.WAV,533.8136,2.07060129877877,101549.40241163854,5626.945716518218,0.07729936099092297,0.4553638949646314,0.0024158186,4097,-822.8033397751468,115.96880763029687,-236.85250581123708,83.84595711006853,-192.7903969591795,20.2159054287388,-119.22924562598588,-29.57369032883131,-70.0153482496057,-49.7827194227525,-42.01473323913076,-53.05959494740941,-24.4116905805497
FF_04.09.2024_20240904_221300.WAV,524.3657,2.1715185277562967,99448.29238574296,5567.098963265378,0.0777343035487349,0.4471476449064594,0.002349649,4123,-838.7362502032089,128.66133986087152,-254.636367327721,90.5729493448367,-207.21490030512783,26.162182732880765,-133.76947284951993,-24.448953604223693,-81.95717949788313,-47.20928653921423,-51.35455853377635,-51.59826804647608,-32.3817543388623
FF_04.09.2024_20240904_221400.WAV,526.381,1.332621366106205,98820.75045387792,5535.556934827989,0.07740754964387242,0.444418105454207,0.0023381165,4088,-829.726370551493,122.69751552584975,-240.70967892793465,82.9592448163733,-192.1233119500645,18.393104201725915,-119.9336717689743,-29.746946270259116,-71.7712848041309,-49.27996289328127,-43.426619074083774,-52.77910585502526,-25.79734444497868
FF_04.09.2024_20240904_221500.WAV,530.7339,2.1853537697559724,100251.00976274339,5593.044922601023,0.07839975267755551,0.44957468994322414,0.002372201,4122,-836.9305440519995,125.95435139547385,-253.76567891199664,90.37478004897045,-207.96746014428987,26.830836592090233,-135.78355594883212,-21.672450627819167,-85.43937810383856,-44.828420538680405,-52.68603909117185,-52.395726584293556,-31.564914228283612
FF_04.09.2024_20240904_221600.WAV,530.1438,2.192807549415936,100731.47231977971,5596.28518142503,0.07696497355661996,0.45166015625,0.0023956385,4118,-827.108861292317,119.80336574788932,-240.85836011775982,85.13356158787808,-195.20678994971146,20.11727378672468,-121.2089949839441,-29.14750030520434,-72.43919401055398,-48.988574829589695,-43.93655020570901,-52.444852604538866,-25.77451150076272
FF_04.09.2024_20240904_221700.WAV,526.3972,2.1835190047250403,98364.10640329946,5524.410001258797,0.07688560777417781,0.44325012070690617,0.002328285,4103,-839.6373770632204,130.14879355838244,-252.96991367230459,88.52451530004066,-202.94357272051127,23.238138965862785,-129.76051599859997,-27.054037578998088,-79.00083019766332,-48.01678360808305,-50.16185483906648,-51.3682874816004,-32.02777570564969
FF_04.09.2024_20240904_221800.WAV,528.6398,2.1482913126767635,98326.96844904046,5522.1779980501415,0.0776535065941659,0.44180072889519734,0.0023243267,4067,-839.1684234737756,129.7068408688307,-252.20727836530293,88.07010247583771,-202.88955368891075,23.87542177686015,-131.06255938697376,-25.860285499448082,-80.33298534748012,-47.61997773560931,-49.678877136187594,-51.79196567598316,-31.898130278565443
FF_04.09.2024_20240904_221900.WAV,528.2775,1.5758836685551785,97989.53128369061,5507.48514889997,0.07752493581868576,0.44084016369601636,0.0023247066,4112,-798.3870529146449,101.72897148769414,-195.1062275794071,61.62254015960492,-150.24198380332066,3.1972226421985233,-85.24856495087491,-39.340560635538274,-42.91761545863631,-53.75034533126989,-21.87050025248034,-49.211161324641,-13.268984392484647
FF_04.09.2024_20240904_222000.WAV,526.25006,2.019180158814953,98047.64746736067,5508.114227278153,0.07794966585716731,0.44090069893661576,0.0023169543,4109,-821.9023653541682,117.62905392799668,-228.10267678377517,76.0067817997153,-179.95842997767545,13.812005259477424,-110.24389645236911,-32.684465722765786,-63.31175533844461,-50.819270571677,-37.15537518391625,-52.53803304382542,-21.764733470942623
FF_04.09.2024_20240904_222100.WAV,536.2946,2.0835551863434225,97840.46553583576,5492.930559935838,0.07737594383406343,0.4394534885750186,0.0023186915,4111,-820.3552809756007,117.11021062529264,-225.13620599267702,74.65825326668889,-175.77569695601613,11.472720473313583,-106.45517306692857,-34.37609615006379,-60.48152379988869,-51.972085846173066,-35.23519574367714,-51.907768838416246,-21.037016832763143
FF_04.09.2024_20240904_222200.WAV,523.2932,2.1920801916942536,97075.65519613317,5476.200343414858,0.07681488603437264,0.4378677561313291,0.0022959486,4120,-837.3813050289817,129.63251702902062,-246.7256577506971,84.05638129505166,-194.940549707443,18.711836772653715,-123.06305210132054,-29.5809053638365,-73.304375101984,-50.07643089099994,-45.675315782572525,-51.89624361326484,-28.98802929001016
FF_04.09.2024_20240904_222300.WAV,522.6588,1.698769440051249,97050.09318699573,5474.701528495993,0.0767614940539234,0.43723549917395754,0.0022984082,4120,-829.2364204316433,123.7686100848817,-235.72856685121403,78.85312181721287,-183.6754054449331,13.733987522852777,-112.5297367688003,-33.73036032124111,-65.61804594854222,-51.089228842332574,-40.04828478292728,-51.365009508689255,-24.906431212824856
FF_04.09.2024_20240904_222400.WAV,520.1974,2.1650941245560364,96402.93650314462,5459.131623379131,0.07653027976185063,0.43554360282483245,0.002280064,4111,-843.8747459014722,134.38347099359083,-254.5404189444835,87.1878078544517,-199.98767633159062,20.620945159698657,-127.77072292660942,-28.319205893773937,-78.07094758170132,-48.68838162916901,-49.78050204047887,-50.846288421887685,-32.845946418454275
FF_04.09.2024_20240904_222500.WAV,522.3615,2.193188265479537,96999.61159208954,5466.107041266199,0.07622594721222706,0.43626857141195086,0.0022987237,4096,-845.4134585772579,135.78784134170536,-257.7428439842461,89.17989712496758,-203.6262681803262,22.12965928851697,-130.62389075496407,-27.643627757823392,-80.69582208560905,-47.87502269018485,-52.009406911254494,-50.17586590709747,-34.744645502619655
FF_04.09.2024_20240904_222600.WAV,539.21094,1.3389997315411555,99465.50884408281,5522.312464929106,0.07504394890351447,0.443458085617554,0.0023796165,4135,-817.0754651902472,115.78063836595994,-223.63098423416494,75.05134220088173,-174.25160121009728,9.799228007114218,-102.16545987336708,-37.396852286905634,-56.350025233403876,-53.07771168044836,-32.71332428783658,-51.66517793162193,-20.661537788139203
FF_04.09.2024_20240904_222700.WAV,531.3299,0.9789516592809435,99589.17207134218,5566.410601280061,0.07563328387535471,0.4498564605826508,0.0023776165,4100,-818.5182625502794,114.44149825476669,-225.5859366065692,78.11653268518508,-178.2470805890856,12.19975113273251,-105.71659383726667,-36.84825005209417,-58.6344679280159,-52.83343295340153,-34.51414646161733,-51.60364171891589,-20.961048712649426
FF_04.09.2024_20240904_222800.WAV,528.2819,2.1939483450448822,98999.50283987403,5546.008496862134,0.07619748554514723,0.446880780842796,0.0023528838,4134,-837.5696254569216,128.37425367131428,-251.49679285631387,88.87487457870272,-201.08290071244562,21.858751544958885,-126.97614480223623,-29.066300033044413,-77.33678731387869,-48.43888854315401,-48.69928067349503,-50.7248537565669,-31.300003584315355
FF_04.09.2024_20240904_222900.WAV,526.30084,2.1887233525544603,98358.56106426808,5509.106553169512,0.07625937428750029,0.4417318314291698,0.002334676,4105,-836.0843994999509,128.40442655166942,-247.67110937469852,86.43225710727629,-196.47949609909261,19.422810145970026,-123.20354136388038,-29.86545433523836,-74.73919394346807,-49.88782149277465,-46.12377024313836,-51.53253532239879,-30.09671694426826
FF_04.09.2024_20240904_223000.WAV,529.9861,2.1200114736844022,99070.73410979466,5542.666109751334,0.07690586364147602,0.44604419472496276,0.002349336,4070,-836.9602114256459,127.9103670889356,-250.8410969743831,88.99281876335253,-201.06355022986358,22.225487294036718,-128.2698559333007,-26.93270594658123,-79.61254396109672,-47.652835997430294,-48.7348455059816,-52.26241951349701,-30.894860030871275
FF_04.09.2024_20240904_223100.WAV,544.4403,2.1972245773362196,98330.64145858452,5521.89899222535,0.07773264197568441,0.44203887053239016,0.0023251965,4107,-836.6712240903976,127.69672832351611,-249.31367078509703,86.49008368870925,-199.3430910648843,21.60868399002273,-127.71412613242639,-26.09023429871519,-78.4829092278262,-47.647152826152364,-48.49086125911749,-52.09265493021817,-30.049172819345273
FF_04.09.2024_20240904_223200.WAV,528.16614,1.57304826002472,97271.30997616549,5484.116737703265,0.07630377994024522,0.4388268670304356,0.0023068693,4094,-824.1332879321845,120.13351629475723,-228.70045839350743,76.27018111879951,-177.68034750544922,11.57282678582714,-107.24030429512084,-35.102008149926846,-60.33385176393602,-53.45774180449253,-35.043658757008885,-52.41535733852673,-21.909682955436896
FF_04.09.2024_20240904_223300.WAV,524.6854,1.2609874818690137e-304,97430.95430678168,5511.516057085688,0.07697257418041939,0.44175073733013775,0.0023039847,4115,-832.0957666432058,124.39697217453697,-240.4545845049853,82.41554605273798,-189.57223092984535,17.124762396510835,-118.22140257516543,-31.41570921699672,-69.64725192761104,-51.43312708477526,-41.26122415877985,-52.431300394638406,-26.026799297658403
FF_04.09.2024_20240904_223400.WAV,528.56287,2.1434186830391986,98444.20078107288,5537.339086318025,0.07720788441273421,0.44437084070178706,0.0023283656,4086,-843.8523287479505,132.6841478600857,-259.125995029143,92.00629545294396,-208.9551116650674,26.22243662572947,-135.7608881579735,-24.13783275710293,-84.85131895671002,-46.67867883137668,-53.30479915229031,-50.924196285192835,-34.576257516445395
FF_04.09.2024_20240904_223500.WAV,529.8096,2.1909545658899217,97931.21652235149,5507.800661243577,0.07706999833685524,0.44083507364575575,0.0023171264,4113,-837.7346506439046,129.16886026594094,-249.20415732403217,86.63418443884932,-198.50810682278941,21.041679342312182,-126.25028024238368,-27.9868262974998,-76.47312187937493,-49.572672610856586,-46.80127992758202,-51.876577537303135,-30.330280869633775
FF_04.09.2024_20240904_223600.WAV,527.2261,2.1839003774593473,98295.8645723768,5502.276838239924,0.0767512666522657,0.43978270575437456,0.0023281204,4129,-833.0302682785102,126.38593960853557,-243.42768682637796,83.0469244051141,-193.69308460084062,18.28818522716104,-121.82608995201744,-29.252977688451505,-71.70743775441917,-49.89084968347191,-43.69297504681873,-52.35598629356033,-28.235584052947214
FF_04.09.2024_20240904_223700.WAV,529.1314,1.5340823759822473,97306.9273459663,5500.306106037641,0.0771157864292453,0.43931423934288905,0.002301896,4103,-843.415206489441,132.55328079835584,-255.71316472679635,88.84324032397281,-203.6363027749012,23.418077123167528,-132.26942275463907,-26.025092525336625,-81.33570942774722,-47.7631216373991,-50.63875452426695,-51.249290164534635,-33.53569149413502
FF_04.09.2024_20240904_223800.WAV,531.03754,1.8037738639962424,97907.68587358171,5515.209066000928,0.07778689689090161,0.44083252862062544,0.0023154407,4088,-833.5146455654915,125.26448805555874,-243.69916891593704,83.35054862687183,-193.29592810503544,19.131576252660516,-122.97359228790874,-28.37368263060774,-74.09236523835186,-49.36926418306164,-44.10072415127155,-52.65962049429268,-27.254127070030325
FF_04.09.2024_20240904_223900.WAV,567.58875,1.7947022742495873,99659.21079537226,5536.398510892938,0.07684296506971558,0.44473187069527176,0.0023880412,4115,-813.7098632436813,112.06468799628726,-218.90868066232832,73.57878022046168,-170.41237031255582,9.089714340457823,-101.42486480004224,-35.54648048903074,-56.46368723724331,-53.148560875570645,-29.470557021892684,-53.22176489758647,-17.191327226819062
FF_04.09.2024_20240904_224000.WAV,523.134,2.193622653230562,97789.02978831032,5497.806354803838,0.07666139160212944,0.4406810996253723,0.0023168873,4108,-827.0287387824851,122.02527170602542,-234.63529058001748,79.57798280898407,-183.10544636710358,13.332815699284483,-112.17800586693393,-32.97198922892253,-65.77092607053997,-51.337896214439326,-38.415594652641865,-52.82633696182031,-23.037245495402264
FF_04.09.2024_20240904_224100.WAV,524.66394,2.180931132735215,98194.58872417154,5510.2923582043595,0.07661023455621356,0.44190471135052123,0.002326725,4110,-841.2267865495661,131.7063165892929,-254.82024388946454,88.8739467321071,-203.56210590449547,22.42058716941891,-129.9522394181784,-26.62224643112263,-80.49262939675039,-47.62684175978728,-50.512384210562935,-51.83935393291321,-32.58305456937296
FF_04.09.2024_20240904_224200.WAV,523.93823,2.1938427798582127,98386.04271710137,5501.022196274808,0.07591670149632988,0.44137861829858527,0.0023377363,4088,-833.7787737620648,127.1518990162305,-245.21825286181814,84.44124407991553,-192.86581004773925,16.66937937453849,-119.75637767673605,-30.703096148320405,-72.32257795018477,-49.789335326146706,-43.75048711301013,-53.08625941535041,-27.77043357286848
FF_04.09.2024_20240904_224300.WAV,527.4794,1.13714140410553,98615.70151623018,5513.279993106343,0.07608702840819846,0.4418725349613738,0.002344661,4092,-822.4253320254758,118.8806016930086,-230.14381784514273,78.10172205552634,-179.24239412078913,11.278473277556923,-107.60413607402442,-34.457125197706524,-62.79822140484933,-51.89472796508181,-35.67669268856032,-53.06620909726738,-20.930270240351504
FF_04.09.2024_20240904_224400.WAV,528.97644,1.770710022860991,99288.44150940194,5531.1429169208395,0.07617501704149603,0.44466097356664186,0.0023661389,4132,-814.273900633505,112.91850469480815,-220.8783638836683,74.16985878466248,-171.00112436059777,8.19236394500953,-99.85455367598458,-36.08395019521236,-57.23113030492273,-51.812791015314836,-31.91256950378741,-52.55275127658756,-17.545756283988464
FF_04.09.2024_20240904_224500.WAV,524.61127,2.176821219303337,98899.17197501266,5514.341566314253,0.07557535395229202,0.4422282931170886,0.0023545714,4102,-820.2595474973566,117.99682335975598,-228.51560381735692,77.31722536252366,-176.23367529409694,9.311158314387926,-103.59139605809833,-35.766643046341706,-60.76611518092478,-51.646480781861115,-34.667578122828,-52.562848977123984,-20.408826311610014
FF_04.09.2024_20240904_224600.WAV,524.7452,2.1942172892890337,100197.41905275211,5561.771098485772,0.07581277408370174,0.44774063576182055,0.0023848175,4105,-830.1819297979202,123.62416025763022,-245.11506525095783,87.13854761441324,-193.6356681211643,16.741644287541774,-119.00877868712574,-30.214645219844794,-73.44814286963211,-49.07657650438871,-43.95751015853287,-52.947363734636816,-26.327069596299033
FF_04.09.2024_20240904_224700.WAV,535.9668,1.5019730538077933,101441.1855976772,5579.288220589325,0.07541906324178753,0.4497470245020477,0.0024266657,4122,-813.2815228545344,112.22836879304995,-224.526450999644,78.48580750396638,-174.80705842593537,8.810524873385168,-101.88428942176058,-35.44605583240401,-60.178062575018814,-51.656080553001175,-32.61624072758728,-53.211895192844004,-18.808866562467916
FF_04.09.2024_20240904_224800.WAV,531.16614,2.0951302617017813,101387.42418611077,5594.808754004455,0.07605064002358901,0.45159853028434477,0.002417989,4119,-820.109408823792,116.02095375534809,-233.4043822998736,82.46487200394033,-185.17869292006867,14.159534190480684,-112.22678648724978,-31.174928834170263,-67.54620497480198,-50.713188323603845,-36.82170226160513,-54.795949249285016,-21.187449446378007
FF_04.09.2024_20240904_224900.WAV,533.8894,2.1972245773362196,98940.79527542993,5523.874593935606,0.07601092285246178,0.4437529449576508,0.0023528987,4107,-836.1120053607879,128.81282479119707,-250.22915709959773,88.41448609396262,-197.12634906613738,18.539601749194563,-123.29024170305924,-28.729586641670647,-76.89459986024347,-48.27082292673686,-46.44222028831809,-52.77583966448666,-29.08717809053785
FF_04.09.2024_20240904_225000.WAV,530.65814,1.9656245460586181,98153.09921060194,5498.381806674771,0.07670616795305701,0.44033170403248323,0.0023304843,4108,-824.5946115429193,120.58212637373676,-231.88991155660966,78.28505747614622,-180.31435722059103,12.35178164942881,-109.47999076016565,-33.97867718378721,-64.3069866015781,-51.21899973199446,-36.97377587180597,-52.50423603234534,-22.619627050041206
FF_04.09.2024_20240904_225100.WAV,526.05115,1.8894923325707762,97851.28281418573,5498.802089602269,0.07672926847689877,0.44053985073064034,0.002318551,4101,-836.7990593631296,128.85208817020444,-248.51722032028772,86.00714184430142,-195.82739912687984,18.473282685404996,-123.30592918630266,-29.00064133794658,-75.92282365132314,-48.807161615722414,-46.635919678834924,-51.96823459868363,-29.08444894132949
FF_04.09.2024_20240904_225200.WAV,526.14404,2.1776159318485044,97759.22328277909,5495.742284854734,0.0763527708929096,0.43986251047096053,0.0023202319,4097,-836.6660691026251,128.8613877869414,-247.43907633968763,85.6692619293825,-194.55860656869243,18.203520943515308,-122.15050442127097,-29.857441209082374,-74.93375016238113,-49.25986522214373,-45.36777273359508,-52.53943632172699,-28.263554923282005
FF_04.09.2024_20240904_225300.WAV,532.4828,2.1892625130922654,99117.02185988652,5549.811658977135,0.0774483572873108,0.4449142035671072,0.0023500568,4108,-830.1623614482531,122.46383812134815,-241.34372179295565,84.18115790103168,-193.10338634249396,19.14614172348374,-121.88816008681009,-28.19698035995889,-74.2445986461368,-48.767586822983205,-43.02989610190728,-53.81741479395167,-25.549352842337644
FF_04.09.2024_20240904_225400.WAV,536.2317,0.8588774135531886,99581.20664174191,5577.164293416296,0.07881560094426607,0.44695240512146317,0.0023560692,4109,-838.1419408676102,126.56504553491573,-253.62025871042448,90.5515801074227,-206.86510561599067,26.359151378147363,-135.1111176301255,-22.624926385387184,-85.89617566239656,-44.557830834468014,-53.719858574993,-50.47025556414873,-32.88811922418363
FF_04.09.2024_20240904_225500.WAV,529.79407,2.179564322834744,99696.143286297,5566.300781277736,0.07764413780496983,0.44717527660787415,0.0023634885,4094,-833.0628272627015,124.08143048560451,-247.00006563107505,87.02408461517835,-199.57314387819284,21.82022502763744,-126.54356914484005,-26.42154090905017,-78.57834666913605,-46.988838844042476,-47.87575132563416,-52.51638183695129,-28.70594936535495
FF_04.09.2024_20240904_225600.WAV,528.727,2.1787013249299383,99847.47688328799,5565.329730273303,0.07710171118289395,0.44701021354942294,0.002369362,4113,-832.9358394741107,124.57461213436632,-247.29076791516215,87.60650651053054,-199.5475448463776,21.223862827961103,-125.4570766402122,-27.958131952203797,-76.58044771428314,-47.725570856565355,-47.99640293235303,-51.56950063669417,-29.735776245440633
FF_04.09.2024_20240904_225700.WAV,528.949,2.192995032510726,99358.96172871631,5560.9436870310465,0.07655557429591539,0.4478369831417535,0.0023586475,4095,-838.6152115249162,128.79240884769686,-254.32165482664473,91.03922281980176,-203.77711045849057,22.539957064230016,-128.92585823343637,-27.43322925595777,-80.52849661029818,-47.03708749125753,-50.41847503088532,-50.77086247509099,-32.33205217608657
FF_04.09.2024_20240904_225800.WAV,542.365,2.009299887979179,104184.6114305369,5543.7884872290315,0.07807303239231349,0.4460974584651899,0.002485625,4126,-816.6421539601846,123.58737330516414,-232.78190951313485,88.33469187782823,-186.73420529974,18.870841173887076,-114.34569577220093,-28.585228770513893,-69.08690906567523,-47.58056265905345,-41.88348771936467,-52.274652331255076,-25.374952138545776
FF_04.09.2024_20240904_225900.WAV,539.0702,1.9930736231878794,108831.52773809672,5509.519236724688,0.08222167338406684,0.4413242638333023,0.0025901436,4087,-803.4019814706662,127.28036860408136,-222.77154775234442,94.87397887176596,-181.98065008802482,22.66326119078262,-112.70619660246729,-23.620871436741478,-70.78092182618352,-43.12372713731105,-41.78608386273614,-52.812884052846464,-24.598321941554346
FF_04.09.2024_20240904_230000.WAV,553.69446,1.2609874818690137e-304,110161.75688311805,5722.719053954971,0.08256539967561159,0.46694375930752047,0.0026484798,4122,-798.6632541646616,107.98810199369257,-221.04078314550944,91.95005314161799,-184.76629051453324,21.13991334166336,-113.15122082760313,-23.005589020224612,-74.68185586599107,-39.341659035273366,-43.22646380189996,-51.23149113779571,-22.844309265909136
FF_04.09.2024_20240904_230100.WAV,548.79517,0.5297061990576545,108899.49775802776,5779.254588278867,0.08359508669749187,0.4727111498278109,0.0026145969,4123,-786.6111898104842,92.37803432205507,-203.21592492476924,79.85848429754236,-169.37343989500678,14.549276034869518,-99.88008081788975,-27.401487270035744,-63.34773376420582,-41.31365608954533,-34.150737579242936,-50.26019295919635,-15.654225581231056
FF_04.09.2024_20240904_230200.WAV,539.1029,2.127677972352266,111026.89197040422,5863.198204919325,0.08090672890668558,0.4833282675214073,0.0026915935,4105,-805.0342561926511,98.58958220011839,-234.56896446453197,90.93977973620002,-198.02218519238573,20.9998054582089,-122.74124849572604,-21.337845117463885,-84.73150114922697,-36.16979281858351,-51.68406610883548,-49.011732387234716,-27.632422040055005
FF_04.09.2024_20240904_230300.WAV,537.5687,2.1647148559946072,107915.88940825142,5785.396191631726,0.08041740012600662,0.4735588249837118,0.0025869436,4116,-809.1883728143519,103.6433035184512,-233.27873019487515,87.60525431991839,-196.25390768436372,21.81212043429777,-121.95185686605814,-23.883500270387557,-79.37681641665627,-41.073528726847634,-47.11607121421507,-50.810795676544785,-25.955613136990657
FF_04.09.2024_20240904_230400.WAV,533.08826,2.1822426107518487,104002.85831609827,5689.910687130577,0.07847814449644269,0.4639402660787416,0.0024763953,4107,-817.519225152183,111.93127468082808,-235.6343312583535,86.3459285504863,-194.57560615768134,20.951435878925416,-120.31553481885068,-27.586643896578167,-73.78308158029863,-46.33330914787637,-43.20209790939262,-52.70239888653483,-24.895964916160047
FF_04.09.2024_20240904_230500.WAV,547.4612,2.097045972691973,108159.3845701582,5806.758979845995,0.07585728463825442,0.4784092793070551,0.0026275988,4119,-814.7859576308425,107.07834230420029,-239.24429725077778,91.79135814697896,-201.3856919838463,22.743511390754115,-122.69585190998224,-26.14727525135321,-79.35496785391624,-42.20532201640213,-47.729555536634095,-52.76333457089767,-24.53525480166246
FF_04.09.2024_20240904_230600.WAV,539.28973,2.123368455057042,106406.598225809,5772.663562393931,0.07687753329485297,0.4745875604988831,0.0025607692,4123,-820.4892476924655,111.66039460639058,-244.07722193165517,93.18385239531041,-204.45845103942472,24.005779049401067,-126.73473500892393,-24.305923391950436,-81.98076663712249,-42.836544644952454,-49.00105274832142,-53.40755160957185,-26.75163964880017
FF_04.09.2024_20240904_230700.WAV,539.9081,1.511218339544155,106577.77390408237,5754.3281929696495,0.0769378459170376,0.470996348252513,0.0025639397,4099,-816.6926042195477,110.91880352156709,-238.59418433969066,90.12542496990395,-200.32639978436268,24.113494215276447,-123.03632741200721,-24.109943607757643,-78.3552093352169,-43.70848713143058,-45.50755381362213,-55.45774618964301,-22.494213174363036
FF_04.09.2024_20240904_230800.WAV,541.86194,2.111962613252686,108601.54877771303,5848.724771018192,0.07665905524970743,0.4835680452461839,0.0026363705,4118,-811.696583037036,103.89989498469673,-234.64569754021446,91.68401994882599,-200.24446003773824,24.83503823887516,-122.30461504367759,-24.59302796371102,-79.02681225693706,-41.795558892359075,-45.901274986554085,-53.8728140604888,-21.797006169540317
FF_04.09.2024_20240904_230900.WAV,533.8803,2.1563305145795018,105936.3624923189,5756.87755012555,0.07778845319280007,0.47327232786904316,0.0025473656,4119,-818.3211054003049,110.57426468926681,-240.53439209166362,91.3914052165107,-200.9769485972342,23.07443815775751,-123.93405991540887,-25.435097793737263,-80.07489329134833,-41.53288244144676,-48.71715987363332,-51.83608495600737,-26.219688822592765
FF_04.09.2024_20240904_231000.WAV,533.928,0.5092279949028652,106947.24073253918,5787.01803968008,0.07617864804627147,0.47764922573064034,0.0025746145,4105,-818.3373513445778,110.22449310722263,-242.87640116786758,93.52599769251394,-203.10296752544974,23.018563237327836,-123.80314073200078,-25.490681732576178,-81.32270859078619,-41.805857971972536,-47.6142735298292,-54.12838034600906,-24.455837148643766
FF_04.09.2024_20240904_231100.WAV,537.1206,2.1632808135691186,108068.20009616946,5793.005157767645,0.07410832120342495,0.48035240599404316,0.002623303,4121,-815.0524478965868,108.80093689250458,-240.81711870636627,93.03060618342474,-198.97575060934915,18.841498188341653,-117.67187083691229,-28.00466095134758,-77.66168923007316,-42.59006421939054,-45.224629854921204,-54.84306920699112,-22.04595537369352
FF_04.09.2024_20240904_231200.WAV,539.29114,1.7616290772428655,109618.76924992647,5807.41727393511,0.0736731738532004,0.48086668285787415,0.0026856759,4117,-808.3535626233192,103.91233397346909,-234.19684668280317,89.98889144629752,-194.15392527478014,16.671171689823314,-113.47659495724741,-28.542355230105937,-74.8151275630768,-41.9237456444696,-42.95775457475684,-55.32725899874746,-18.69774475983154
FF_04.09.2024_20240904_231300.WAV,544.2031,1.0851842252652348,113107.19849003105,5903.011969357858,0.07248687775033288,0.49257452560731574,0.0027859919,4124,-795.6231659489908,93.4750672496128,-223.61110610606565,88.02390456565092,-186.65394017481628,14.057043242428836,-105.15404060652777,-29.868944906397093,-69.7993400927874,-42.495507690640274,-36.950569690685676,-56.610675075447844,-12.825688794629674
FF_04.09.2024_20240904_231400.WAV,541.5333,2.023430129204179,111511.78572119147,5884.120833398621,0.07274987314266677,0.4909238950228034,0.002730361,4101,-799.8599648602034,96.38974520582524,-226.84635717718314,89.09490973943872,-188.1682106314477,14.52661726145048,-107.04077004215682,-30.947051680917525,-69.79589152409827,-43.939394607424475,-37.26615755318366,-55.48304882055326,-16.33275806808523
FF_04.09.2024_20240904_231500.WAV,538.2477,2.158876193376802,110806.7192568857,5831.9363943553735,0.07293665337126767,0.48494963031692107,0.0027096304,4152,-808.1572764823075,104.24090725697344,-237.10588849762362,90.84573985375955,-197.14178079833317,19.184015463289754,-113.55709396828085,-29.429315659103306,-77.1903971316599,-42.79674256269018,-43.18491214564987,-54.499851372889886,-20.209207867791648
FF_04.09.2024_20240904_231600.WAV,539.94446,2.0426327989527757,112906.4230872793,5878.1724823072955,0.0724719990511124,0.49084409030621745,0.0027759662,4123,-802.4645463348525,99.53555050311562,-233.2359684382722,90.19747119765371,-195.52234564984352,18.138981454168736,-111.87649866667225,-28.563737713080346,-75.8011203128187,-41.43310137816262,-42.01787702060046,-55.310980912960154,-17.315926022013
FF_04.09.2024_20240904_231700.WAV,535.9787,2.11797724749505,111491.50864755761,5863.886951634023,0.07214798041590337,0.49040670955882354,0.0027285377,4111,-808.4337959744681,103.41456250659341,-238.39168520059084,92.45068424120844,-200.5239614935616,19.449323324820295,-115.29553753389804,-28.417578087730202,-77.0597461280588,-42.15827879703998,-45.158457760357855,-55.10032639039194,-21.14503050682867
FF_04.09.2024_20240904_231800.WAV,536.50146,2.1641229143296488,113638.81983591495,5876.575676454973,0.07103413270598065,0.4927988513938012,0.0028009494,4125,-800.2691456814891,99.16481361892858,-231.01577957076438,88.89161047474035,-194.8584399433486,17.467988960432944,-109.15431899581401,-29.890297996938937,-70.02286862635529,-44.77168170541664,-39.93791176389027,-56.067426735630846,-17.764838896600494
FF_04.09.2024_20240904_231900.WAV,543.90845,0.9020237142915106,115692.69131429303,5943.169746750919,0.07112683299523724,0.4989038213188757,0.0028454335,4159,-797.8165805266301,96.00591088383166,-230.33675264027835,90.08630566297725,-198.77551968493245,21.362609412802883,-113.54277327471917,-28.39456004266409,-70.93088247262247,-44.63126842734891,-39.07063407267435,-57.131899495283044,-18.310807651975285
FF_04.09.2024_20240904_232000.WAV,540.90845,2.1526373341931833,113974.21353379745,5897.209180337997,0.07096596541845168,0.4933362152713142,0.0028139928,4163,-802.8779907665147,99.97972488342425,-234.13545987803022,91.02334408914678,-199.56967509491477,20.356994280100768,-114.27229672759583,-28.62972629992531,-73.65766325587843,-43.170345292858315,-42.33875920855218,-55.976402357312274,-18.61111976961367
FF_04.09.2024_20240904_232100.WAV,537.27954,2.151250128550398,113030.89041046308,5873.423328311446,0.07023795388494662,0.49159378199460163,0.0027933775,4122,-805.5478259470697,102.48441716343358,-236.7508175016512,92.71183805197035,-199.71383943867488,18.42052285928572,-113.0593772915871,-29.159592303428497,-73.89305355752548,-42.43745073241365,-44.495718588444745,-55.846536575615254,-19.341203749881647
FF_04.09.2024_20240904_232200.WAV,546.8224,1.3688453405538303,112630.76622111136,5820.873762114293,0.07059461614461018,0.4848932761890357,0.0027882608,4104,-791.101264297189,94.56423514471393,-215.60421884776437,81.19441634663883,-180.37561917189973,10.373799607457654,-96.2055262999399,-33.217540460835636,-59.44453417501841,-45.359493892047865,-33.94838221747378,-56.04242233152696,-12.916846281847976
FF_04.09.2024_20240904_232300.WAV,535.3053,1.414035501349416,111041.71934589666,5872.577845609774,0.07186045409156877,0.4923981917232874,0.002722349,4123,-810.2792929499727,104.30698660946112,-239.49166541472687,93.90885875730933,-201.61224728176217,20.22612107610192,-117.09992427143328,-29.61305813481637,-76.1641354559517,-42.490564138968345,-45.86958107933017,-54.51009162043012,-21.626132104615436
FF_04.09.2024_20240904_232400.WAV,535.19995,2.0835688636342793,110248.3860446483,5845.187784974047,0.07151120074387758,0.4901313014822226,0.0026993852,4119,-796.9451921464,95.90539959531878,-219.09561416707143,83.56714406875028,-182.1266442438992,12.654954314152514,-99.41677009650702,-35.230552613189424,-61.11148873734296,-46.29668251903411,-33.95362778766554,-54.96785505781586,-13.386244948385407
FF_04.09.2024_20240904_232500.WAV,549.3491,0.5004024235381879,111808.84545367757,5883.232911820126,0.07073888598261839,0.4954838529062733,0.0027526962,4129,-804.963899553516,101.18614812748794,-233.77912229958366,92.16392436512773,-195.10481351395558,17.017609590705295,-108.9969852460554,-33.321514108340054,-71.43489783403878,-43.02922496395957,-42.74904266806483,-54.092880350828715,-18.363726267317237
FF_04.09.2024_20240904_232600.WAV,537.0468,2.10277682183338,114523.51213248359,5939.282491337217,0.06960533139516387,0.5026386456975986,0.0028308986,4143,-806.2586274782054,101.93945113975313,-241.0860429105799,96.71324423161052,-203.97301087479406,20.483291146705124,-114.63533374821735,-30.95314172295429,-76.1710320170884,-41.78101021930665,-46.52040406914118,-53.81556154384232,-22.131420969885582
FF_04.09.2024_20240904_232700.WAV,538.93646,2.155441218720689,114777.6355428908,5932.5253169262905,0.06946805293358922,0.49976513053797467,0.002852954,4133,-803.6546943591363,99.73621019261178,-236.88749174587514,95.0211306777043,-201.3433266465346,19.772303488840283,-114.12545661799089,-30.640021563801305,-75.76837390993155,-41.41495696319291,-44.63762369668673,-54.39896211152964,-19.59414663446579
FF_04.09.2024_20240904_232800.WAV,532.06805,2.1856714084949687,110227.5819331878,5856.293636748041,0.0719211976677765,0.49122638943829117,0.0026957896,4124,-813.5211252943377,106.80510437383897,-243.3243086072358,95.96083943345407,-202.4077891410465,19.34255882986156,-117.88476524312195,-28.895140246060215,-79.78746577535911,-40.92319584628945,-47.35543718044448,-54.93849613540344,-21.953988061826195
FF_04.09.2024_20240904_232900.WAV,535.968,1.360873763058236,111207.04513644683,5851.4699902589955,0.07059494577238036,0.48934852446714444,0.0027388595,4104,-812.0626770351564,106.74566697030095,-242.60303508424212,95.34565222495247,-201.66066286047177,17.828203381485835,-115.57107019163318,-29.732304717448745,-78.22347393017515,-40.948852300187916,-46.03267545902951,-55.76801275711477,-20.924282057576903
FF_04.09.2024_20240904_233000.WAV,535.4402,2.173847337696852,112574.12485460611,5812.617584000347,0.06918226818956487,0.4850905156366344,0.002789737,4122,-809.040663020828,108.17025378838738,-239.9126558591392,92.80124698424927,-200.87148339298955,15.051182030759401,-112.4991928823862,-30.269362665864595,-73.49006848422016,-41.05527935341341,-43.566472121983686,-56.82619244480687,-20.50584744371051
FF_04.09.2024_20240904_233100.WAV,536.6233,2.1427002087031983,117856.99324355212,6009.053691469091,0.06474709545288715,0.5146400752745719,0.0030008054,4123,-803.4129958916202,99.79620355978325,-242.09641609432646,101.55675250743813,-202.9581685340619,17.068378770613148,-110.01802542045662,-32.98842372970818,-76.45290114410003,-39.49793582891679,-46.15408384430912,-56.279311850027455,-17.103080259991327
FF_04.09.2024_20240904_233200.WAV,536.8456,2.0399336724468173,115930.5544694328,5983.240495695349,0.06634212793664278,0.5105491291651154,0.002940383,4125,-800.218891357641,96.11439455391692,-234.0573563560322,96.31360463213304,-195.5713236306131,14.614371341925402,-105.58805529532948,-34.06192070330354,-72.63971501249945,-39.53666290149887,-43.886997825903556,-54.747466839939364,-14.518699374999883
FF_04.09.2024_20240904_233300.WAV,634.5043,1.292671242120176,113932.68434289758,5913.222615324458,0.06847518440239635,0.500443379735201,0.0028565747,4149,-772.9798367719593,79.76932818831789,-192.44829974559565,76.12822466606258,-156.65749404337438,1.357824476660233,-74.68340312301999,-41.87076879114065,-46.484226711750644,-43.32253357705298,-23.948688088597706,-51.54946273878547,-3.8776130259850006
FF_04.09.2024_20240904_233400.WAV,535.3915,2.1355255681106238,113170.91539817998,5901.622987416276,0.06834215979441015,0.4990103487993299,0.002819921,4127,-809.2454387727464,104.94543824374819,-242.41844771965,97.64414661214971,-201.0678146286481,16.857499820983392,-111.65990562077876,-32.743221758925365,-76.46691863019437,-41.0567859044349,-46.623216095722434,-54.99314552661859,-19.52064112491396
FF_04.09.2024_20240904_233500.WAV,543.5439,1.9664495725801545,115335.44738723771,5934.2194696148745,0.06871962843874255,0.5016937142242182,0.0028872748,4118,-804.883946971377,101.02023058782866,-239.42808374669147,96.32824433289711,-201.5626109961952,17.43644666912304,-111.47970730199029,-31.714219788112967,-75.67386362571484,-40.572604069814346,-46.03701877973967,-54.641463251716324,-19.597929274138405
FF_04.09.2024_20240904_233600.WAV,555.0971,1.7103458921171197,117078.56667204424,5972.133367204843,0.06849813918231624,0.5035819410833954,0.0029709118,4155,-793.6318148440004,92.20795686063236,-224.5993522332953,91.1563502533055,-190.604053379597,14.174052857996918,-102.04587695396592,-35.00650993820063,-65.69195805971071,-42.32347561907636,-38.33144693897446,-55.10594808074866,-13.944302019911824
FF_04.09.2024_20240904_233700.WAV,563.35614,0.9557217155022615,116692.33067735213,5970.463578224916,0.06937649481352896,0.5029831330277365,0.0029576544,4126,-792.7634503063784,90.8486355086646,-222.9238084028814,90.44862183239142,-187.4264208432584,13.421243175281964,-101.05579340699444,-35.189926985990525,-65.8386443471784,-42.42422181061919,-38.03885644721475,-53.77805993200169,-14.308223855564714
FF_04.09.2024_20240904_233800.WAV,547.15393,0.981751421120218,116380.1414485415,6006.744149833139,0.0705600019324484,0.5059978970820923,0.0028926348,4144,-793.4893259455916,89.85858993200317,-224.85514615171758,91.60793701334482,-192.67188516166956,17.724678459252498,-107.27892622595017,-31.695065285593472,-69.43890184772285,-43.29712897692204,-38.400141944921614,-55.660226765573185,-14.621625490544819
FF_04.09.2024_20240904_233900.WAV,537.5531,1.2001506137472007,114733.15431899214,5968.022677141176,0.07014041961010316,0.5036004834093447,0.0028293433,4111,-807.9849360145678,101.39219294013576,-243.5273788052635,99.4743416045501,-207.28600159470912,22.138653052869206,-119.17000187733558,-28.840284189648987,-79.9235860508458,-41.45325687770935,-47.440419587764616,-55.013411866103,-22.411163782078912
FF_04.09.2024_20240904_234000.WAV,540.6359,2.1798372620832294,114285.77263139379,5945.246317092686,0.06986584271934167,0.5011712569224683,0.0028207807,4105,-808.1491315995287,102.50165889448095,-242.84643130589504,98.46905520242677,-205.83916944946728,20.69077804550332,-116.93245803046884,-30.705580170313702,-76.57570835329717,-42.35632965678278,-47.97746462321701,-53.43245718936264,-23.0964251873331
FF_04.09.2024_20240904_234100.WAV,541.97327,2.0261200653490183,115574.48313391727,5932.323474750087,0.06867504847521268,0.49911524019220027,0.0028610353,4112,-801.6753203176853,100.01890257514576,-235.4544493234874,94.25079940580888,-200.5254601248575,18.027747941369512,-110.79742725293596,-32.34364477274327,-68.90766874413765,-44.717115477382215,-42.11751460388327,-55.083512319247184,-20.06303108411722
FF_04.09.2024_20240904_234200.WAV,537.4861,2.183562066424365,115549.37478298681,5974.653427662803,0.06898173685312625,0.5052525682939315,0.0028558678,4116,-810.5167532605697,104.48927723091283,-247.75781689351138,102.536447746713,-211.52221477288637,23.43404159262494,-121.3860710409212,-29.067593944425738,-80.40337643677792,-41.968009276068294,-48.842701978836494,-55.24610942687921,-23.544989215053796
FF_04.09.2024_20240904_234300.WAV,535.43164,2.1700178979833864,114697.68103021178,5981.027299507281,0.0694478217230167,0.5062140424306589,0.0028341748,4118,-805.82441233833,99.44170025864906,-239.77092955564973,98.21886287825707,-204.26955012978067,20.845507380782028,-115.89395271141497,-30.557712175912247,-76.33574241340949,-42.366357343475556,-45.26172955388127,-55.27377834012282,-19.517800541458993
FF_04.09.2024_20240904_234400.WAV,535.79114,1.978313523402064,113977.37993361728,5947.693316338187,0.06901542686952301,0.5042521916302122,0.002831641,4135,-803.9484826828931,99.66957128767662,-235.54490260402952,95.72020163357324,-199.04404812027323,18.11899755472322,-110.54193246017705,-32.60228779662918,-73.35995128103174,-42.0823979417937,-43.240373605306345,-55.88703785329898,-16.138351907531586
FF_04.09.2024_20240904_234500.WAV,540.11035,2.0707290938646175,118670.93114431901,6059.771176955009,0.06835595718261261,0.518138575891195,0.0030003039,4148,-792.2413437411242,89.53573600473928,-226.70929153928134,95.53564737552655,-196.24469601972925,19.305765784834932,-107.63959962097566,-31.295211058956717,-72.12586423813913,-39.105091978176844,-42.754782540378955,-55.2958986516257,-12.480139274595121
FF_04.09.2024_20240904_234600.WAV,537.16144,1.9797373211399152,121925.28818932505,6115.430990492741,0.06742033612684378,0.527625702426936,0.0031194978,4124,-786.4335617978816,85.18916144969987,-224.44504585017717,96.33994922118352,-196.81902907686606,18.498471712447653,-105.44001665060314,-31.744666669471584,-72.89955260372754,-35.70038501519916,-45.71611328243345,-52.31229592754633,-14.201486745278764
FF_04.09.2024_20240904_234700.WAV,535.9418,1.950711915487509,123921.45387430838,6108.165321925993,0.07217729627603463,0.5260612391218354,0.0031657955,4109,-779.3908817411448,83.45766315267426,-218.75300533335917,96.97313483622852,-193.01605725512397,19.320208235624595,-106.48908345863649,-27.852082323721312,-76.08183296621701,-32.00721099601848,-47.900670070199126,-49.383880481253776,-16.762371063866134
FF_04.09.2024_20240904_234800.WAV,552.5598,0.3886786621764241,125736.6947752166,6119.142692147055,0.07158155515369244,0.5256314934498325,0.003247217,4153,-750.4136779006659,64.06841240695668,-182.67265999559146,79.89031141521546,-159.0962738222791,5.942219384771806,-76.6065783503046,-36.72067848880941,-50.82682428093892,-34.66449046512364,-29.796847335100797,-45.82066307023523,-4.166932126505294
FF_04.09.2024_20240904_235000.WAV,877.5065,1.959254441869434,53600.075448751064,4337.864670454079,0.030547842448402248,0.29475203804347827,0.031163597,282,-523.9471334715379,133.45168291347125,-118.5980265775735,12.364019307145147,-86.64336641999638,-30.065271201249608,-51.2723574793101,-57.72659774399576,-23.77753138121242,-40.12027507037353,-7.995631470813508,-22.87191736520743,-17.581478291822787
FF_04.09.2024_20240904_234900.WAV,706.6981,0.9919737049552828,814148.2538200099,4714.379251130964,0.043639186624580925,0.3463366544699367,0.030117532,4087,-566.7038369482962,107.03566650263095,-94.61219266158483,36.772877146698036,-85.86173512371985,-30.704163826560787,-37.54273810308597,-46.93652225624564,-20.761604135689605,-32.157945087210564,-13.473723169316807,-26.129368663145993,-8.78590157076983
