filename,ACI,ADI,Bio_Energy,Spectral_Centroid_Mean,Spectral_Flatness_Mean,ZCR_Mean,RMS_Mean,Event_Count,MFCC_1,MFCC_2,MFCC_3,MFCC_4,MFCC_5,MFCC_6,MFCC_7,MFCC_8,MFCC_9,MFCC_10,MFCC_11,MFCC_12,MFCC_13
FF_04.09.2024_20240904_203340.WAV,729.0034,1.9459101490553132,32182.64441280478,10532.515891387446,0.003982939874218311,0.6074037905092593,0.0026663793,2224,-998.0151124520171,-154.0297407305096,-326.94665075054934,101.42978433333218,-48.07821276791494,104.2042039019589,-9.457812129915077,-11.918994523454804,5.975477857330821,-25.141323102378383,21.595162946085274,-18.50664359493677,11.183062121001916
FF_04.09.2024_20240904_203400.WAV,566.9551,1.9459101490553132,97786.03968441878,10511.069374429766,0.003462740312281318,0.6037953478224733,0.0021185486,8197,-1111.2832292301773,-203.49298984434316,-442.3942222174111,95.02473831662122,-100.39571957274431,126.18921767352093,-24.24325596423672,24.33143435419001,4.852382401090947,-4.85580466425788,18.638492505894476,-16.094387207307747,3.1946274936214496
FF_04.09.2024_20240904_203500.WAV,547.5681,1.9459101490553132,98192.02588005288,10516.561650383377,0.0033788517980645333,0.6047610019115691,0.0021278644,8225,-1122.832704797779,-210.22787893449416,-456.887199001767,93.12303218631916,-108.8131911679209,127.22591753827217,-28.102953963643806,29.11060304097706,4.0410385476347015,-1.154623455893636,18.44902339315016,-13.484916835622382,2.6925437894191226
FF_04.09.2024_20240904_203600.WAV,554.595,0.8305178252872478,100918.07244211085,10525.253888677164,0.0032818758495939183,0.6055379664644281,0.0022017749,8201,-1114.3462249400131,-208.80610905279818,-450.6371235649479,96.24078185514439,-103.24437645481417,126.24376854822066,-25.976749423716644,28.046131326712075,3.798574589805915,-3.827219344321176,18.728005748367373,-15.083045825326861,2.4062182510985544
FF_04.09.2024_20240904_203700.WAV,538.8402,9.457406114017602e-305,98826.20007966577,10516.12440103883,0.0033300077487632175,0.6046190627077792,0.002145552,8202,-1111.26160274818,-204.62521663603033,-443.6869478004691,96.8122890362772,-98.92089578939726,125.70360750696372,-23.86321718161154,25.62051599750784,5.035153684879686,-6.268165489003226,18.685619813407264,-16.599015239847706,2.909328478394226
FF_04.09.2024_20240904_203800.WAV,539.3848,1.9459101490553132,99015.6487543179,10521.241970697918,0.003312946861519286,0.6048493080950798,0.0021505281,8215,-1123.315333471767,-210.97080558769676,-458.86733545052465,93.79848869480766,-109.34065295122797,127.09645036945527,-28.56803574194372,29.949239942279963,4.245738278380079,-1.6364022721068883,19.221986406235644,-13.71890367722629,2.2215181045576786
FF_04.09.2024_20240904_203900.WAV,532.71356,1.9459101490553132,96948.0194427431,10512.331710247152,0.003391516944737902,0.6043549233294548,0.0020992446,8235,-1121.7168713064939,-208.2824827423599,-453.4697693576888,93.46192891076674,-106.48866747068352,127.42631877115083,-26.471636959046684,28.103882271685535,4.125925605285024,-2.5880349893831984,18.912855319108125,-14.702131857283085,2.6040524507181573
FF_04.09.2024_20240904_204000.WAV,534.3075,9.457406114017602e-305,96687.41976265603,10504.003403385908,0.0033984682997842655,0.6040740317486702,0.0020942348,8180,-1114.8591037795366,-204.04818385009403,-444.53501252904977,95.26930819247112,-100.04777961911707,126.10660563116618,-23.79632861822083,25.744316594462074,4.582399229545789,-5.630503036280854,19.220303613265354,-16.506565865550108,2.742527786656324
FF_04.09.2024_20240904_204100.WAV,522.58075,9.457406114017602e-305,96627.12018429907,10509.945472126856,0.0033979385647662976,0.6041455857297208,0.0020894855,8197,-1105.8108579969532,-199.73208118673216,-433.44264161707247,97.30552296000319,-93.60122218340001,125.17244612023264,-20.55292301618269,22.05341864801304,5.025460767410334,-8.31986760140493,18.83740155720984,-18.453190407420195,3.4011532245246823
FF_04.09.2024_20240904_204200.WAV,542.0182,9.457406114017602e-305,98340.32851062402,10503.937105415147,0.0033553856944896964,0.6037670378989362,0.0021366433,8178,-1111.6694198374441,-203.91552529757342,-443.2925490446954,96.1801604014813,-98.57991448372783,125.86333504189325,-23.676999550955852,25.12285907281695,5.427945146323657,-5.872396921495,17.953946667371774,-16.571012419038553,3.375855964152784
FF_04.09.2024_20240904_204300.WAV,544.83295,9.457406114017602e-305,102030.50039679627,10517.040967602263,0.0032279385248486525,0.6041238987699468,0.0022480472,8193,-1095.307541051878,-198.9009302330634,-428.4772176515659,101.37213798220947,-87.86076313498833,122.52955871577949,-19.80663302473276,21.806982039603426,5.032269504899376,-12.019330942014436,19.33305577518917,-18.132990219442505,2.1688645788863847
FF_04.09.2024_20240904_204400.WAV,524.6061,1.9396163307954846,102952.61154392447,10506.219704371473,0.0031633316623190465,0.6032881067154255,0.0022656496,8223,-1102.1229522430044,-202.67887642352918,-439.07243116121094,100.24871886359156,-92.4695789998038,123.39201136614061,-22.1765655505703,24.440952425167556,5.203337027836406,-9.641672761951497,19.000049557907996,-16.84623363780263,2.2898342352328664
FF_04.09.2024_20240904_204500.WAV,536.02216,9.457406114017602e-305,104104.21663002067,10521.477090242279,0.0031366584055112774,0.6047876236286569,0.002301965,8222,-1097.370955313394,-201.35129474941084,-434.3547294643118,101.96428736256644,-90.26385181627823,122.57998269681214,-20.848211372850873,22.792919758639766,5.523476333271466,-10.600744914540531,18.683755058210437,-17.756178292755393,2.7756855404667737
FF_04.09.2024_20240904_204600.WAV,531.6548,9.457406114017602e-305,101428.97908347676,10522.814174980302,0.003230301779179581,0.6051272128490691,0.0022229645,8202,-1094.3330869845195,-197.8656683097864,-427.2613408745042,101.49912868051042,-88.03253209430757,121.78399885689147,-19.683992091025118,20.665643551815293,5.23623107100461,-11.341356044271782,19.81318983227132,-18.169519857835283,2.8234984783011585
FF_04.09.2024_20240904_204700.WAV,521.5047,1.9437634673285096,100652.1875330256,10529.419658813817,0.0032445955737756076,0.6059243060172872,0.0021934172,8226,-1115.1390612253851,-208.1519468828871,-451.6605977020986,96.76211871672213,-104.54945841904016,125.44150328297462,-25.513296402469425,27.349871066333808,4.182410032472327,-3.362111807847861,19.721550217096475,-15.187746323355787,2.387692409170315
FF_04.09.2024_20240904_204800.WAV,525.9534,1.61440596964193,101881.98314444526,10524.10934177869,0.0031884189556988527,0.6051750020777925,0.0022251997,8211,-1120.1722641850426,-211.75731575869438,-460.0126839140824,95.74431684241085,-108.286878900078,126.05685106809376,-28.43649693709349,29.870646537494256,4.5137530274644195,-1.7540151461668476,18.512899946568847,-13.37692521683745,2.8021128643384947
FF_04.09.2024_20240904_204900.WAV,526.51526,1.5138104331674271,103585.52176390793,10528.269908929238,0.0031205148643171873,0.6054307004238697,0.0022727312,8189,-1113.909119625711,-210.08664136542797,-454.89839093011875,97.88561946855128,-103.8274464727741,125.49159535047868,-26.458375675202443,28.69864799173276,4.899373926482524,-4.28356604468367,18.394974738402613,-14.686520886970126,2.5148060724926515
FF_04.09.2024_20240904_205000.WAV,533.4102,1.9459101490553132,103391.88583936478,10518.655702280459,0.0031141244686124455,0.604308172997008,0.0022675265,8195,-1117.874340463576,-211.3090135960665,-459.57329349650763,97.25448119347269,-106.23945025282347,125.01496597305999,-27.318064300257895,29.52040206728771,4.8477840789723965,-2.5800494153860583,18.11924603578236,-14.246192268493152,2.8098585681903843
FF_04.09.2024_20240904_205100.WAV,521.9601,1.4067015144994526,103253.56586934613,10527.511436923653,0.003127004131084047,0.6056147149268617,0.0022663632,8191,-1108.418471707754,-206.74346504788218,-447.1341534121787,99.98274082137573,-98.6384157516761,124.2273789509317,-23.49960454451857,25.778789103328734,5.078582586223221,-5.863950714633124,18.24547334057133,-16.6636017508302,3.3491939192893136
FF_04.09.2024_20240904_205200.WAV,524.5124,1.9459101490553132,102906.21452790007,10508.748046745366,0.0031537863059084487,0.6040172820395612,0.0022469317,8199,-1116.777128689761,-210.63996998086932,-457.88725785267536,96.66071437467184,-104.68795647353768,126.1658009409828,-28.286435334749246,29.241818770122034,5.584313778538421,-3.5919490461470476,18.05394957450029,-14.06063662791887,2.8940226554879036
FF_04.09.2024_20240904_205300.WAV,523.95337,1.9435737405458187,105644.34213014896,10502.445141143167,0.00306039195189327,0.6030150068567154,0.002329018,8200,-1102.7385307591169,-204.96586522485663,-444.4811374142835,100.53814736889393,-94.10686944085201,124.09071660905934,-24.36413075861677,24.998898601801844,6.247447158532959,-8.089472226014964,18.473207105759077,-16.90572380701062,2.7515091994913194
FF_04.09.2024_20240904_205400.WAV,538.39764,1.9459101490553132,106004.79715875273,10504.610968125793,0.0030518343671250103,0.6031278569647607,0.0023415573,8229,-1108.1060423334059,-207.91577764654508,-451.7973950581146,99.34963896725165,-98.97236294069964,124.45360147520368,-26.121460241133796,27.354360532899932,5.89080074474797,-6.015042789586577,18.558359337465486,-15.770342303266537,2.4421117303683206
FF_04.09.2024_20240904_205500.WAV,534.8131,1.927595595290817,110731.32912281038,10508.92975706125,0.002896384870403039,0.6037104180518617,0.0024749013,8211,-1089.2390293583237,-201.45089152430424,-435.1453612209868,105.4668742691555,-85.85088337201832,120.54258710926516,-21.33111848203849,22.30049587968096,6.661003512006296,-12.310447978006309,18.78539538215783,-18.565379447764567,2.7757193782742657
FF_04.09.2024_20240904_205600.WAV,526.2278,1.942274056986854,111256.33683608938,10498.990672660188,0.0028717397840889998,0.6028281353889627,0.002487275,8210,-1097.2315264653446,-205.62845577015355,-446.32377042937355,103.78681790338676,-91.57938237574767,121.32221475415736,-24.311174724491323,26.00862396190454,6.65809711753836,-9.651159683825785,18.617192996011912,-16.67554164275435,2.3984995668448468
FF_04.09.2024_20240904_205700.WAV,544.9657,0.7775667752899946,107233.32436732897,10536.79095409147,0.003026633355048243,0.605949109665891,0.002384444,8195,-1090.4332885757399,-200.81159656855422,-430.37405619293935,104.70708341289236,-87.04103872719463,121.65296770445322,-19.359636476561146,20.817535379040077,5.2543908478139665,-11.232048948248368,18.631546859288402,-19.278286959530778,2.805803210725018
FF_04.09.2024_20240904_205800.WAV,529.3043,1.9389018212653168,108484.37097758126,10529.037727081513,0.0030120676984634128,0.605330187209109,0.0024177507,8225,-1075.1649324056548,-194.22740366385264,-414.00423469068426,107.12652179821453,-76.28488560226555,118.9636703514523,-17.512154106576393,16.21630908884768,6.161207711507089,-16.303903690546765,18.36497851640869,-20.0643236553292,3.270173902396767
FF_04.09.2024_20240904_205900.WAV,534.05756,1.8875964251214796,112715.96609281255,10535.98086563105,0.002877333131574112,0.6059053461602394,0.0025578944,8242,-1060.796927912941,-190.08282676240052,-402.4885082536404,110.97900118759561,-68.08825396289669,115.08575028719116,-15.529568115181943,12.615670039682774,5.563374155887322,-19.96503149904359,19.00969953058149,-20.436650556666653,3.707228547609506
FF_04.09.2024_20240904_210000.WAV,534.99915,1.7808142156681812,118402.70425124893,10568.626128248789,0.0027091008811207054,0.6084245397689495,0.002759946,8177,-1042.7025051201663,-185.57712258221667,-387.45110890434415,116.17938790407733,-59.9340742612283,109.2580367708757,-12.269311473600942,8.555483381973088,3.213583029222592,-22.567020078653847,21.132958261565943,-22.298578647417287,3.7068649398072795
FF_04.09.2024_20240904_210100.WAV,533.38446,1.7730356330872012,115966.03113937027,10555.760939205122,0.002777086006471196,0.6074771962267287,0.0026909432,8228,-1044.479289758888,-183.05786535382026,-387.25869178665596,114.67585309021285,-60.89283223618153,109.47313070034716,-11.381612866019209,6.872861812519066,4.607686391561157,-22.327677193917864,21.332143716237137,-22.95930365490571,4.865244188771719
FF_04.09.2024_20240904_210200.WAV,537.91034,0.5101464839287555,118351.8827296269,10552.006844572526,0.0026784178784487983,0.6068737273520611,0.0027959582,8227,-1040.3645384065542,-181.02377264790474,-384.4270722155692,116.25811460362726,-58.33789282834373,107.20180469177562,-10.307731550709907,4.841687002541347,4.059005334518108,-22.80136494994368,22.395417755288037,-23.530014619152464,5.5448285401747945
FF_04.09.2024_20240904_210300.WAV,544.0981,0.48504514255633646,116636.87604637799,10531.94710071883,0.00270318665937892,0.6043323273354388,0.0027459145,8244,-1048.743497543933,-184.4158574680206,-392.51835011580056,114.39233936683972,-61.615949483106945,108.88274190769745,-12.102911297970302,9.22771593975153,2.848557228770034,-21.22172368473883,22.696425689479092,-23.6024708757833,4.870977746181484
FF_04.09.2024_20240904_210400.WAV,532.39716,1.8185131089528959,116080.76426533004,10528.756038974907,0.0027345265631930475,0.6046645144198803,0.0027086143,8243,-1055.281696884674,-187.80351671998127,-400.45947565976684,112.99129784551401,-66.0434392135708,110.98798734602335,-13.83064057432142,12.009830149809408,3.038356004528299,-19.352328263139796,22.566267802571872,-23.54060378036568,4.504447123735778
FF_04.09.2024_20240904_210500.WAV,531.07544,1.7698628631277487,117365.2394057049,10533.326898048756,0.0026714970412301917,0.6042553191489362,0.0027298708,8231,-1057.3749256104823,-190.25029566579107,-404.56286994795994,113.3002988659685,-67.45771128525955,111.78350373010883,-15.129573940007464,14.073683914428194,3.178179010002081,-19.421487860588098,22.93742810054216,-23.25486576071931,2.965907225057956
FF_04.09.2024_20240904_210600.WAV,550.1194,1.2742555951351842,118642.59771119137,10559.29132938574,0.0027099635467461177,0.6064338846409575,0.0027225874,8213,-1052.3151284749529,-190.37295528129894,-400.49051049558193,113.63828859804102,-66.80055130816571,112.15209124393564,-17.03796568038835,14.122983212321888,3.7627853830107143,-20.743687384373896,23.169196005566484,-22.436567820668017,3.8358417313469158
FF_04.09.2024_20240904_210700.WAV,542.71014,9.457406114017602e-305,117209.16736750031,10512.591903291846,0.0027341546807190995,0.6018654681266622,0.0026518463,8228,-1061.5154336489004,-193.41995079058344,-411.84018743284076,111.35462497886245,-69.603670546253,114.11741514516658,-19.33675262405241,16.716098013106297,5.751527435285959,-18.567647152649226,20.0479488535462,-20.3928510153892,3.992357830774068
FF_04.09.2024_20240904_210800.WAV,530.80774,1.6697438304060992,118233.52354086882,10494.120571167632,0.0027038264043986794,0.6000542823304521,0.0026725405,8184,-1073.4365279136014,-200.28734005770357,-428.16829933159823,108.9385693597126,-77.22047643171565,117.00405543154261,-23.25250579687892,22.20207093382821,6.343508536548598,-14.465007305888083,19.053158432351815,-19.367441090650797,2.9958013619637063
FF_04.09.2024_20240904_210900.WAV,531.17224,1.6376470430081485,118650.51144061351,10515.885895234449,0.0026613474238908995,0.6023906301944814,0.0026953344,8202,-1084.7735655046295,-206.3433756644028,-441.06985704606717,107.85144596540414,-85.59269571482639,118.93826502335945,-23.677200417368365,25.678429753694402,5.539982749876904,-11.54597531603975,19.24477360889966,-18.08832218255348,1.0302562801012534
FF_04.09.2024_20240904_211000.WAV,531.90283,1.0127432935194243,115467.31258859173,10534.533291063013,0.002789660415883689,0.6042066208859708,0.0026075235,8238,-1071.9701664728202,-197.64871709679198,-421.47157095912127,109.34547388353036,-78.0213715817976,116.6586040260147,-20.477196180595072,19.093549551587795,6.359649225311141,-15.47973571617437,20.143588027057156,-19.349494130245116,2.6960127210535867
FF_04.09.2024_20240904_211100.WAV,546.4916,1.81824463717281,119809.46138064093,10570.634515326323,0.0027395805381147005,0.6076614704537899,0.0027436547,8235,-1053.1475374943905,-191.0185865713695,-402.28679781785576,114.13918129140744,-68.42287890131999,113.28261153899592,-16.427535498030817,12.606155203234382,5.792571677029911,-21.247558131464185,21.944629240845178,-21.002528466847476,3.3511991455842267
FF_04.09.2024_20240904_211200.WAV,543.55566,1.7899152548645412,122600.45044733417,10574.022851156084,0.0026337242090376457,0.6078366543384308,0.0028373327,8252,-1045.6197259868068,-188.99712766239,-395.82529363044216,115.89716659406888,-63.53997860179204,112.59119581279461,-15.789740976751009,9.864394071694033,5.987329044244389,-22.71262133660734,21.907698629955483,-22.94623367420308,4.135785320390779
FF_04.09.2024_20240904_211300.WAV,543.4018,1.8488908038215441,123608.54151029917,10554.589490481785,0.0025698877870233023,0.6062033795295878,0.0028521507,8213,-1065.332071704055,-200.11950207074963,-421.9694051033428,113.15423948427392,-75.35091877013839,116.8620646931925,-19.219633519570284,18.47208737271137,5.629889558026021,-16.397950209084946,19.842095997549,-21.697087884713145,2.5441886540049885
FF_04.09.2024_20240904_211400.WAV,548.2737,1.8986717588236526,135454.56411875502,10577.756263273319,0.002402569037267206,0.6069251527177527,0.0031552857,8271,-1052.3961389681272,-203.2239577593791,-421.4979162821317,116.15503586349806,-74.16228812131591,115.59608148828943,-22.75890144990068,17.69705398380051,6.422102869573754,-15.009889800033143,19.062044530465688,-19.505646315781842,2.3480372163743377
FF_04.09.2024_20240904_211500.WAV,556.232,1.8069128578113314,130410.46891425025,10518.700432917836,0.0024377860760672527,0.6024881565824468,0.0030437144,8260,-1046.5535908137053,-194.155309095607,-409.4836712448301,115.8186339748736,-64.30805611547876,113.4997916888337,-18.798113147494224,12.429208778741822,7.013971545405244,-18.653017256175,18.30108543848896,-22.343505159611365,5.200126589753778
FF_04.09.2024_20240904_211600.WAV,563.17017,0.8876185877194,131166.46222672053,10530.052263777367,0.0024140863855869263,0.6030457841589095,0.003056037,8219,-1060.685205887868,-204.4753761382672,-426.99774331285545,113.87450665467647,-73.73954413229913,116.73466608939441,-23.530716109522025,21.29304474372012,6.201655118238003,-14.774066680718951,16.49131636637447,-19.210290866666245,3.2660200097307164
FF_04.09.2024_20240904_211700.WAV,546.00684,1.8949230530488574,140922.88967405388,10529.867035612018,0.0022121720685167015,0.6027080130069814,0.0033330303,8190,-1049.091867477574,-203.39482669355837,-424.86874863240627,118.34200233239801,-68.964136025273,112.28909623526089,-22.79176617024789,20.030971577071398,5.735021145343902,-16.159283838272966,18.580621450901674,-20.029752123113152,2.1266200603230043
FF_04.09.2024_20240904_211800.WAV,551.29407,0.9252801810308264,137662.9183021638,10528.524830212456,0.0022683299805047923,0.6019631243766622,0.0032193519,8229,-1057.538379394237,-206.43355076173228,-431.800224348549,116.27686537913682,-73.72899218559385,115.05936022164744,-23.46007274287237,21.666043624703047,5.908669677190761,-14.214102131981038,17.48461937738116,-19.043273589265848,1.545608187016014
FF_04.09.2024_20240904_211900.WAV,532.90857,1.7178941160733951,136248.8935296481,10508.114091181093,0.00223398343605622,0.6001741449883644,0.0031860676,8236,-1043.2693983386819,-196.60844484288853,-414.0987792097448,118.8886739020391,-62.335775889041884,110.96313941503966,-19.95809485017426,15.025002805652052,6.796417482165983,-19.833627790197692,18.49962623345909,-20.541500049461053,2.790991182290441
FF_04.09.2024_20240904_212000.WAV,535.57635,1.7400652636336953,147378.65974145543,10492.618820150814,0.0020302705316003417,0.5980855738863032,0.003517802,8252,-1034.5618834837278,-197.77574951776035,-415.92947429806935,122.24992294431374,-58.22397837969919,109.12317258910306,-20.383418813003903,14.739432370754283,6.63408306899602,-20.58366075819197,18.441462024859113,-21.116577609207674,2.2076346914263456
FF_04.09.2024_20240904_212100.WAV,530.4022,1.8606984797421413,146809.34112754825,10471.737678627107,0.0020383043688214537,0.5957394863696809,0.0034736698,8224,-1027.343380359168,-193.54153875180728,-408.2281589067012,122.82250769252178,-52.64128509563835,107.48196935690996,-20.15117938133292,12.014458923698376,7.383050131649387,-22.88803717042212,18.420896688546293,-21.34356529686667,3.1903764490697792
FF_04.09.2024_20240904_212200.WAV,531.64746,1.9288932201127387,147449.10552574648,10478.528216822308,0.0020222302823346807,0.596443468459109,0.0034818288,8248,-1055.3442280168404,-208.5629886965185,-441.8870630426153,117.68668180589295,-71.37604035999736,115.11952163728525,-26.9024668585146,23.070746818328214,9.18900952117383,-15.495642415332398,16.339434604640804,-17.53609664279084,-0.005318346531386846
FF_04.09.2024_20240904_212300.WAV,534.8988,1.9158305671011553,146320.97519209178,10534.529464070254,0.0020413285107742777,0.6021460999833776,0.00347953,8229,-1054.6150686695603,-208.3415280177336,-437.45118004272734,118.91024121548293,-73.23194020394662,115.09597410287508,-24.801969881069024,21.977324425959093,8.105842880077784,-15.821088541632747,17.597629295420028,-17.973762889662982,-0.6863356968319945
FF_04.09.2024_20240904_212400.WAV,530.67566,1.8849258194051717,145369.32056206174,10492.385959564486,0.0020481057654882042,0.5990100617104388,0.0034502407,8273,-1044.3420555549585,-202.24510733805582,-425.69099580803305,119.79592399825053,-63.58635477820523,111.69920865756183,-22.03301983129574,19.33404885113811,5.703669554328338,-18.577001039989238,18.681804738385317,-20.25916142792774,-0.1768017709194103
FF_04.09.2024_20240904_212500.WAV,529.0752,1.8618144037417004,152631.47621075442,10468.541975433915,0.0018920979627313572,0.5967564359624336,0.003652676,8227,-1047.761749185804,-207.10751194210332,-438.3263429240113,121.0551125491356,-66.2777921876221,112.15929918767215,-24.19639454554289,22.590205777429034,5.408401695684366,-16.22048220589233,18.88094768099305,-21.271474580602717,0.4491531836095072
FF_04.09.2024_20240904_212600.WAV,529.6725,1.9178522321299734,149530.92408537527,10474.241097639611,0.0019565333726858647,0.5964219113613697,0.0035399664,8220,-1051.7128482094718,-208.15003783357832,-440.49697026554554,119.99721629368834,-69.39490933024781,113.66594102296287,-25.715773992325605,23.28523342060197,6.6273596547965425,-15.016983137222915,18.421846502581296,-21.54722589980194,1.3551253643344403
FF_04.09.2024_20240904_212700.WAV,535.84314,1.8471752065549283,159328.16299203283,10499.673927451544,0.0018409905732748365,0.5990684996259973,0.0038483236,8267,-1023.5100102067896,-199.87192975878787,-415.4874880241885,126.18589518172773,-55.03075601242783,107.90874377076835,-22.039518213738067,15.264100398652916,5.3450132092937785,-20.322249661217278,19.30194837838434,-23.705062095209872,3.448362259090431
FF_04.09.2024_20240904_212800.WAV,532.60284,1.8762403088461452,154414.01454305206,10521.967177040182,0.001897978127611974,0.6015379560754655,0.0036999534,8202,-1029.326886620305,-200.63072828724603,-417.02599265974027,126.16748144289292,-58.00757431644046,108.19988538504232,-20.63704318614078,16.124557237040754,5.0992557535954655,-20.45764224687952,19.454006723572235,-23.385809289710522,3.0781921119275175
FF_04.09.2024_20240904_212900.WAV,556.32025,9.457406114017602e-305,154061.81314858826,10562.166409319449,0.0019213790814974797,0.6049065772523271,0.0036715735,8192,-1047.4260654482564,-211.81811869978335,-438.2379627596661,122.97709988751292,-73.61207925804334,113.23860514631421,-24.240493116336648,23.88622165763219,3.9807950196205013,-13.911018158291132,19.640782758212385,-21.41996605225539,0.4567652189964234
FF_04.09.2024_20240904_213000.WAV,538.25964,1.822316049785337,152172.27923804332,10589.739701433256,0.001970959955980114,0.6071025442569814,0.0036251033,8242,-1024.530513409631,-199.55509952498085,-407.54088846093595,126.95089738276222,-59.09004780192894,108.8757343868451,-18.120094860434058,13.631041158733797,3.413565231273208,-21.326693705087415,21.02322220485906,-24.15384933508939,2.7784392134224647
FF_04.09.2024_20240904_213100.WAV,538.3941,1.9151201578495904,152981.35868262162,10610.011459975218,0.0019576558421255034,0.6085008986452792,0.00362962,8242,-1047.6905933037117,-212.9645058571688,-435.0958800081762,123.28942239549501,-75.15547037760624,116.66006241131095,-23.72003654446706,22.32853559169225,4.525954206014645,-14.255144285895144,19.160103698381963,-23.51204149862123,2.1436820493992137
FF_04.09.2024_20240904_213200.WAV,536.4712,1.904256772395626,162471.19200113363,10620.96889462997,0.001845491397189742,0.6080972874418218,0.0038565823,8201,-1045.459133355551,-220.42142417967355,-443.2104367456516,123.94304203701914,-77.63072349754054,118.87274463184083,-28.399446972893458,26.974235952927557,3.6698757905043053,-12.883207758754288,18.944287313322707,-22.498925297002277,0.9355991052718637
FF_04.09.2024_20240904_213300.WAV,537.68945,1.9117554376182007,157984.37203276437,10618.405901242595,0.0019013386403253264,0.6090238530585106,0.0037551194,8221,-1040.2747542220247,-214.6736712589147,-432.8887616996919,124.90409134179288,-73.40442333244744,114.93770735552955,-23.740662331477758,23.679520910490556,2.0685455266466044,-13.63724856838941,19.478913537490314,-23.23321849529978,0.8766995643539905
FF_04.09.2024_20240904_213400.WAV,540.8281,1.8046163976433536,160220.52461750506,10612.443946360476,0.0019087175334159964,0.6085625831117021,0.0038264405,8198,-1011.0543239704643,-199.91424036653322,-399.8186788441666,129.64653082302465,-54.817578472354285,108.13177498565975,-18.6659428685298,10.629460295044652,2.6434684554616017,-21.29901945820494,20.03399502830178,-23.072786796163246,2.4529337977463137
FF_04.09.2024_20240904_213500.WAV,549.3974,1.1791053205546738,153567.80223101706,10556.21765014867,0.0019580564149380684,0.6034760170794548,0.0036094838,8211,-1042.5214804955258,-211.5797987415545,-433.10800178312354,123.4069261912393,-69.84983796075994,114.07065742828163,-23.763933449306506,21.995239176916257,4.043720885069546,-14.03705012561444,16.78440405231584,-21.06132149009656,1.006881102891011
FF_04.09.2024_20240904_213600.WAV,532.81946,1.914294960569265,147096.28439873244,10557.404770906927,0.002046682490169512,0.603920924409907,0.003473157,8248,-1049.0917817890036,-208.6397214486208,-432.82515057815954,121.91303810974942,-72.349398690003,112.69265731120649,-20.731292443931707,21.654179485198007,3.5335092088621605,-13.852255502525386,18.763861651453368,-22.21385432136143,0.8972212149339028
FF_04.09.2024_20240904_213700.WAV,530.6017,1.88227892368768,155522.2970925237,10554.772586526748,0.001886014223157748,0.6033460251828457,0.0036936705,8225,-1035.1181880149709,-206.85693961023964,-425.49407105216216,126.38432492735191,-64.36017597954599,109.85332269343508,-20.64099228902432,19.487461657953915,3.3044103038334818,-17.160774225762957,18.713808662948235,-22.32347917987431,1.4898870036470377
FF_04.09.2024_20240904_213800.WAV,578.9912,1.4857219890912905,168321.10408641907,10598.9911431593,0.0017120438785521402,0.6067326971825133,0.004077806,8213,-993.0186447177838,-193.53361176567486,-387.5198227373409,134.97120234749315,-44.98283111728883,99.07185048417372,-16.063758511907213,6.828342505114218,1.6238904114569117,-24.09995250303486,21.119273039667107,-22.661412340347248,3.25162256722158
FF_04.09.2024_20240904_213900.WAV,538.2501,1.803807743169814,178210.6100620348,10629.739274018226,0.0016003342909858464,0.6095261594082447,0.0043697264,8223,-1006.1415261717243,-207.36486932236951,-410.7650221799738,135.47506860879818,-56.73228404466049,103.7977229648727,-19.73875962721993,16.372235719063283,0.06732913859405056,-18.945178936515887,19.874604629801812,-22.508086917674994,1.741307255284017
FF_04.09.2024_20240904_214000.WAV,537.1271,1.386622721955002,176858.7203263601,10632.959159336211,0.0015933818562861473,0.6102683209358377,0.004373477,8199,-1007.2386514503489,-206.21214002913342,-409.77274671059666,135.21363686667124,-56.61721626972605,102.64153559162062,-18.412638737749752,16.441554704571697,-0.2930438606922303,-19.49219778667442,20.838124617636822,-22.195979230325577,0.18496943618636813
FF_04.09.2024_20240904_214100.WAV,536.5543,1.8359894387338,174907.31077309253,10636.484776396912,0.0016542633000711428,0.6106350513214761,0.0042694365,8263,-1012.9098697278557,-208.4748941176528,-415.7026023651822,133.8779913328442,-60.39294717620606,106.12194018366668,-19.85412623379329,16.735072392379745,1.7821940429194445,-19.005050289900847,19.974982964385948,-21.517004181427158,0.27099027996915787
FF_04.09.2024_20240904_214200.WAV,535.1696,1.8682316473658345,176566.6190940602,10659.445179341381,0.001645049892459148,0.6128794568650267,0.0043139933,8252,-1014.5022411285925,-213.08860938239079,-418.34967405332816,133.1994390213463,-62.49000773547097,109.10066840116758,-20.851570575681034,18.02413689196609,1.0377942139938274,-17.24193727020384,18.646132993651847,-21.92576245175958,-0.6475877827198188
FF_04.09.2024_20240904_214300.WAV,530.20435,1.770857314658886,157956.6077767809,10550.463396551471,0.0018609016699104787,0.6039268980634973,0.0037967723,8260,-1018.0244385584508,-199.0078961929214,-407.3925382919777,128.1580543762369,-54.09037325858285,106.19918477388482,-18.327345854769984,13.631437617903565,1.6375802484209612,-20.608562988155334,21.576050059659217,-25.069290371532993,1.8481162074202293
FF_04.09.2024_20240904_214400.WAV,532.863,0.6026805792078331,160136.63635407458,10549.475711180892,0.0017939158557037293,0.6033632968334441,0.0038494354,8213,-1028.6607278470203,-205.38798202319452,-422.65162562703966,127.95179157783687,-61.00278169719713,108.11416847080598,-19.85866825124504,18.43659414896465,2.167915321516896,-18.376250684568248,20.81090308250471,-23.382028481103433,0.08179619576403749
FF_04.09.2024_20240904_214500.WAV,535.7317,1.67752178445786,162324.14062340985,10557.108763779292,0.0017687267503866252,0.6038578114611037,0.003932264,8229,-1016.7582785725883,-199.40482462242107,-410.38063831150663,130.03570946492715,-55.30595443586248,104.70629548624575,-18.452054181694674,13.983524630886638,2.181753004501435,-21.273933233753244,23.199180940689782,-24.106963464053504,0.7150992145825883
FF_04.09.2024_20240904_214600.WAV,538.61743,1.7441985631273322,168901.5481007135,10599.320749376495,0.0016429687144481077,0.6061962371176862,0.004176362,8205,-1001.5714498237113,-195.6631856908353,-396.1262240335273,134.80515470778977,-48.89222780560027,100.93935727768462,-15.468593843220566,8.83105785416979,1.4463688686648886,-24.164098526564253,23.677757172714003,-25.053494588274354,2.07876275441336
FF_04.09.2024_20240904_214700.WAV,535.30896,1.879300881284917,159639.74283561794,10575.213209839098,0.0017884904880593707,0.6046014014710771,0.0038832787,8219,-1029.8137379943214,-204.64316908629814,-421.7631109457069,128.4487322316358,-63.62809470022997,107.54745287916603,-18.789204742975233,17.57019701252993,2.0619120808197513,-17.93303916019246,22.485431799603827,-23.90704763298563,0.21354231552761588
FF_04.09.2024_20240904_214800.WAV,531.6795,1.9308886869220505,155710.94391502324,10509.377646354922,0.0018876129770353679,0.5985347666638963,0.0036856458,8235,-1053.6632867279454,-214.9266139941469,-450.4848820076687,120.85567200035885,-76.63619251183975,113.46060981572744,-26.813787966687627,26.745309540499342,3.7528433459423414,-10.156782045634854,19.568759211302,-20.05586206673845,-0.827401001472534
FF_04.09.2024_20240904_214900.WAV,537.8293,1.9459101490553132,131944.2044098713,10499.125258858965,0.0023266087023483028,0.5994087381565825,0.0030651367,8239,-1065.9024229846757,-204.3546177458479,-436.27628504176766,115.04701367101818,-76.07943575664707,114.0275728012319,-21.225458531031958,22.7350018620446,4.051063646546161,-13.074590976573571,20.29525315573215,-21.35310950294041,1.273592136019577
FF_04.09.2024_20240904_215000.WAV,534.50244,1.9459101490553132,130318.6931932864,10519.024787677243,0.002333651264005786,0.601784693941157,0.003027562,8251,-1066.8216831978643,-204.5037232905394,-434.6545752881468,115.501052741258,-76.23524724737274,114.45243196241016,-20.17720494757526,22.774355099030252,3.97070760315069,-14.390750239420505,19.896098749744187,-20.93563583987107,0.9834952759337506
FF_04.09.2024_20240904_215100.WAV,531.1763,1.8736054750067876,132659.50301940355,10555.607625352786,0.002309307602260229,0.6050718916223404,0.0030899022,8233,-1047.0016511890954,-197.61689907672832,-413.27386120690204,119.24320460398506,-66.59055014789773,111.49399725566299,-16.197198589082568,15.004115780096935,3.3026524818494463,-17.443971727586693,20.0941707847702,-22.905527478606395,1.991035678261933
FF_04.09.2024_20240904_215200.WAV,529.0373,1.9310853415099118,122093.10469254003,10483.393287408971,0.0025785409609717703,0.5994147118101729,0.0027859996,8253,-1071.3228298448232,-200.24871009095216,-431.00855831352465,110.76555537763544,-76.36439995819023,117.22844000871372,-20.244741710089038,19.782141263213497,5.196344459528956,-13.577264592068682,19.88414860691433,-21.4198235082953,2.078237902249315
FF_04.09.2024_20240904_215300.WAV,533.45544,1.9330732900777077,127396.79835470369,10477.357663534242,0.0024710677337928385,0.5973914613115027,0.0029393353,8240,-1075.3183789918864,-205.68635858250795,-441.53422246565975,110.97529298879434,-79.82524780448264,117.84329965885327,-23.637325594213273,24.235624332052417,5.119736980365502,-11.931056007146143,19.42997867818933,-20.172019768898537,1.0031553731461431
FF_04.09.2024_20240904_215400.WAV,537.16284,1.3136789614762272,122021.09349575575,10544.740800636753,0.002582303381465476,0.6048838513962767,0.0028360223,8181,-1066.794435925613,-199.04455149818466,-421.4495273021924,113.42966404496178,-75.43687558656339,114.67114733679556,-16.341019288534785,18.913501880881505,2.4756927009296885,-15.111533832784401,21.08738687132913,-22.048657689919217,0.6711785099960015
FF_04.09.2024_20240904_215500.WAV,534.3032,1.9093847451731194,122834.44117938302,10530.110880969609,0.0025681813953107335,0.6028665745511969,0.0028516946,8210,-1066.9497665395406,-200.0910464374151,-423.0360276480554,113.01720700465972,-75.06866233693461,114.95251627220601,-18.083217293629705,20.529572541585733,2.4440358635140695,-14.96982907788058,20.951966840527916,-22.01769406026461,0.9936668079581826
FF_04.09.2024_20240904_215600.WAV,533.615,0.7543648001933824,120868.53847179309,10569.126041522723,0.002609772703406231,0.6068399632230718,0.002821594,8178,-1060.382623434264,-196.12216755800924,-410.51908027138643,114.14051390130402,-71.68565875697749,114.07313176988966,-14.217374883644927,15.3911004020728,2.206585367290903,-16.20827323018588,20.306778022941025,-22.83590687447073,0.8358450562076427
FF_04.09.2024_20240904_215700.WAV,548.6288,1.2179704703599146,127804.60636599119,10576.948706840807,0.002488778065739097,0.607199681058843,0.0030357859,8214,-1048.4431269575405,-193.53356913573722,-403.95531602676283,117.86991655838547,-66.76305832510631,111.12025043315427,-12.567033475833009,12.01714950381066,2.029067668878863,-17.757505736366774,20.623902989411576,-24.147830402689394,2.650144094563583
FF_04.09.2024_20240904_215800.WAV,556.1927,0.9655312300334622,123573.49416235904,10540.44614334853,0.002584164679055266,0.6036975617104389,0.0028704598,8236,-1068.1500112300191,-201.9621924286605,-424.9395619430051,112.33202789412378,-77.28245854235296,116.73514983646719,-18.03611597162446,20.226340739256937,2.2076418462932472,-13.030255553958382,19.88823872494598,-22.111336261289313,0.8036248699158958
FF_04.09.2024_20240904_215900.WAV,539.3925,1.6154098755107,124202.47275354296,10510.737691747234,0.0025893614027355967,0.6006681401678856,0.0028853752,8233,-1071.9703625259397,-203.18832934395746,-431.4103127341134,111.14007202150975,-78.37922975283387,116.66594249527688,-20.60856695855524,23.01447219492304,2.996831419591832,-13.115972250197627,19.881539540804493,-20.25286715113733,0.8616720301741474
FF_04.09.2024_20240904_220000.WAV,537.68896,1.7190380312571354,126619.2386139535,10514.62011082262,0.002513338325044449,0.6012805695229388,0.002958798,8217,-1062.485796861748,-199.44213317992967,-423.15953087772124,113.46200268756085,-72.64445092699995,113.70102125372465,-19.20335335415416,20.3697276609537,3.693103833754328,-16.157731174641835,20.7658727275395,-20.363377715366276,-0.15409443466995015
FF_04.09.2024_20240904_220100.WAV,541.2108,1.9459101490553132,116751.18983866122,10534.364346821043,0.0027088231147403895,0.604238566946476,0.0026768441,8196,-1079.0202942588514,-201.74057654336144,-429.21021655492217,109.28997080361007,-80.90272055723419,118.13759744362432,-19.100334172751047,21.82933032187048,3.57765462016306,-13.88874892167966,20.782195319226247,-19.811813353678698,-0.7153447018179971
FF_04.09.2024_20240904_220200.WAV,533.21826,1.9388718790450927,109759.04884225062,10534.540106623692,0.002970129403576558,0.6038840435920878,0.0024696952,8225,-1089.2652678886752,-202.95060636573132,-432.5473272046672,104.35764023377307,-87.46568745697583,121.1895044570294,-20.93676472878976,23.088679812222978,3.8126476407226346,-10.176280968779563,19.76318273640577,-18.990895555443913,0.7623577638421628
FF_04.09.2024_20240904_220300.WAV,532.1057,1.93281869416345,111429.41452672567,10533.913149387346,0.0029022937567577565,0.603276678856383,0.0025168082,8205,-1083.5019351346687,-201.6438418134403,-427.85634439325105,106.03164910359445,-83.79618461659015,120.33654296583718,-19.422317374201942,21.523383757908,3.1675721716736596,-11.10845252850755,19.633184281893662,-20.220146154727612,0.5220265538242755
FF_04.09.2024_20240904_220400.WAV,523.4847,1.8067908294707662,105582.04436808651,10526.952530505445,0.0030734376379496636,0.6043890770445479,0.0023360257,8179,-1094.2489747214847,-202.13348764779738,-433.4113318430804,102.61822449913082,-89.57626949480675,122.12371369769713,-20.48722055532843,22.499155850708693,3.8404363456211845,-9.076846824679903,19.756808370818597,-19.03354450339035,1.2237073486390717
FF_04.09.2024_20240904_220500.WAV,540.1828,0.7055312290246153,107024.08059210167,10504.931219967677,0.0030336957986733014,0.6021515541888298,0.0023796388,8207,-1079.2125403161108,-194.81363663064357,-418.05833069252645,105.51156452414725,-78.0285306855718,118.79563040163809,-17.108843009566773,17.990504450898833,3.4871899475844823,-13.948970436010184,20.719536178208557,-21.844921105905723,1.8458691597740242
FF_04.09.2024_20240904_220600.WAV,535.148,1.2198998127996157,107609.61101274757,10521.50889913045,0.0030579700267729395,0.6035963991855053,0.0024210955,8236,-1072.1763232871012,-191.62179440974694,-409.1642821437425,106.70658974212108,-74.34395254732611,117.04606052082542,-14.898204260458625,15.230940211346972,3.5279594130592185,-15.84070540781989,20.397338776185414,-22.000045037316863,2.334634499200976
FF_04.09.2024_20240904_220700.WAV,531.3761,1.8318297627986597,110580.26135221917,10511.927866248025,0.002960560852771778,0.6025419194647607,0.0024831952,8213,-1067.8049611533654,-191.89202085116247,-409.25933651693754,107.78346152133543,-72.20405299924803,116.29090273128868,-15.554530936055071,14.968997294780563,3.376120191584457,-15.841801862995018,20.596587560445588,-22.152780427256065,1.65815077291834
FF_04.09.2024_20240904_220800.WAV,607.46515,1.9459101490553132,115326.10937557266,10530.025048531726,0.0028641800407518867,0.6037862574800532,0.002666513,8186,-955.3997128485979,-139.16318219545914,-288.1634712139041,115.1960220722981,-19.642029678581824,77.95218416256266,-7.070599230852831,-22.73283449355935,4.113895735915113,-27.665865695298365,28.01191503911844,-14.594302649743685,5.177081379091297
FF_04.09.2024_20240904_220900.WAV,541.4492,1.9459101490553132,109215.32699162963,10507.330893510401,0.002947711001282374,0.601950657621343,0.0024240336,8236,-1092.1247211131988,-204.7249833032347,-438.1534204350242,103.22126553371155,-88.75763648221395,120.85129437175075,-22.288272652735454,25.76456708515355,2.4808530312691945,-8.79433242870682,20.156673591226195,-18.721637956610692,0.16577319383827063
FF_04.09.2024_20240904_221000.WAV,541.64624,1.9459101490553132,110462.43291146586,10507.65277949858,0.002939129331180641,0.6016301581200133,0.0024545335,8208,-1088.8750438223612,-203.2386245270462,-435.9706751783352,104.38904468753708,-87.16305616851054,120.28967281256563,-21.861562427237594,24.315443958210828,3.299057889317768,-9.720556219587165,19.79659739066275,-19.043391789430416,1.1182965396605398
FF_04.09.2024_20240904_221100.WAV,525.29553,1.7210669127414986,110613.63063528882,10495.473979160479,0.0029062532718246814,0.6007696922789229,0.0024622509,8228,-1090.2198485761742,-203.4950640961185,-437.61388799453886,104.35849440787302,-86.51629182273315,120.61038227675435,-22.133046946855625,24.380416388763237,4.16499066786456,-9.933213443403424,19.519099252814716,-18.675724336972582,0.5150672417181203
FF_04.09.2024_20240904_221200.WAV,524.7622,1.9240059672589982,113027.55193884914,10523.49076277902,0.0028452653150597526,0.6033484925615027,0.0025279927,8215,-1082.3765855192596,-202.23115238106587,-430.9661904813951,107.46831044083935,-83.49279750679153,118.72027085286155,-19.638373522085598,22.66985479407443,2.965105022649802,-11.36589836748127,20.0727238030427,-19.58062274826486,0.7722789642569426
FF_04.09.2024_20240904_221300.WAV,520.3767,1.910205917818936,107693.10521653268,10524.04053289129,0.0029779205361287787,0.6038075548537234,0.0023827045,8239,-1106.378468708037,-210.98316315016393,-452.9124829237225,100.71322095240197,-99.80117295404095,122.69002421874478,-25.651537278204405,30.246533635777844,1.8381465901165581,-4.56704347346843,20.88924618792098,-16.192699695472168,-0.34117887357456106
FF_04.09.2024_20240904_221400.WAV,523.4518,0.8457859795262022,106294.79994121626,10528.716647631834,0.0030357475650828612,0.6035036776928191,0.0023445825,8233,-1104.1044312962401,-208.491455702549,-447.4615081542241,100.8885464528355,-97.81756583674223,123.31841302967268,-24.029933197588143,27.549480576072632,2.64262533623478,-5.047133107032171,20.268119803516875,-17.696455206408334,0.7485070263260595
FF_04.09.2024_20240904_221500.WAV,524.57825,1.9228928320317333,112299.96222046047,10535.293374388852,0.0028314181338916465,0.6047260690242686,0.0025485202,8239,-1081.1835518446157,-200.39803540531338,-426.59362849186147,107.91940267345424,-82.39183855704385,117.92061781432908,-17.57583343192658,21.40816614038935,1.5376316705652326,-11.944339985658809,22.177411541243053,-21.698917754113186,0.04761135822892724
FF_04.09.2024_20240904_221600.WAV,527.02356,1.937610095134377,110276.74124043198,10515.375882174372,0.002916591422144192,0.6020133809840426,0.0024535498,8259,-1088.0190214229076,-202.55524634758456,-433.7668378364482,105.42319723508157,-85.8657268128681,120.00681067586402,-20.652279605389477,23.13588572130293,3.4618931263677997,-10.319704340701689,20.312829625439694,-19.68002886664598,0.757059455961932
FF_04.09.2024_20240904_221700.WAV,522.43365,1.9100281652038347,104739.86502712066,10526.479261688013,0.0031125486411647204,0.6036557461353058,0.0023038506,8246,-1099.6504171862803,-205.54887896730452,-439.4459263378509,101.01931884459619,-93.49183595313713,123.02351545195462,-22.72439480410649,26.037757138217476,2.8564704321393752,-7.311056574748787,19.643840284039438,-17.8361864373755,1.049688715342947
FF_04.09.2024_20240904_221800.WAV,522.98016,1.875422189036888,105119.90906427012,10531.219108518608,0.003083761000063192,0.6045784158909574,0.002319425,8198,-1091.9970350361937,-201.99225554533533,-430.51700184926256,103.04258492531507,-87.95392656097835,121.38434743045362,-20.24920099118724,24.056046665025846,2.0423063446119345,-9.944105455592355,20.75015469356714,-20.106820147053426,1.1041432490485632
FF_04.09.2024_20240904_221900.WAV,526.12,0.7951227346929203,104283.60069934845,10539.182724471086,0.0031191313977869343,0.6049947535738032,0.0022916847,8196,-1099.27468352665,-205.05776215869645,-437.99995727249336,101.56800915077488,-93.67200856405856,122.6544838416776,-22.145692447045732,26.090624175312673,2.4454701594852555,-7.945288258894854,20.97681384772302,-18.87195657525851,1.0395732553507528
FF_04.09.2024_20240904_222000.WAV,524.7178,1.899592364868201,106444.43979642313,10569.47030925075,0.003082600546059086,0.6072512362865692,0.0023540617,8218,-1075.7203436011478,-196.81002281668688,-412.019819393996,106.3152908459254,-79.63897582699528,120.01335006702817,-17.308239190875923,18.2090723716996,2.3337564596067293,-13.754969920466019,20.10280064559238,-21.471587081413304,2.401098531031694
FF_04.09.2024_20240904_222100.WAV,531.0945,1.9003374771480106,103591.46041482763,10530.642839258611,0.0031363146355976633,0.6045914020944149,0.0022821212,8246,-1073.8700305433933,-191.35240737142996,-406.26131506682236,105.72022842807951,-74.76919376974915,118.2747592154244,-15.223182660289448,15.01241713433465,2.9855859987467555,-15.423622114019786,20.1021781093146,-22.05294461836793,3.0585893942939673
FF_04.09.2024_20240904_222200.WAV,525.3832,1.938177943244644,101798.84824029884,10532.085194756028,0.003207520093301666,0.6044879020528591,0.0022320922,8198,-1096.6185840159008,-201.41649742519522,-430.3213318428147,101.04048463315743,-90.16822496465844,123.08543139162165,-20.536318198218357,22.526815402943928,3.4647841451600123,-9.002267799299148,19.60385846188907,-18.636610990890457,1.5700082253958725
FF_04.09.2024_20240904_222300.WAV,521.79785,1.5155993321896486,101946.73167715092,10535.072402572643,0.0032088789218148854,0.6053874563663564,0.0022265594,8254,-1113.7756303238289,-209.51298200855942,-451.7750736328907,97.32489403705729,-103.89480810315234,125.92957722018969,-25.48934428479718,27.644160878417562,3.921814533450901,-3.154383719437,19.27362426440598,-16.152381745519587,1.608429735087038
FF_04.09.2024_20240904_222400.WAV,518.93567,1.930074566895846,99363.6129015091,10520.555228244366,0.0032830744676680553,0.6041711685505319,0.0021529843,8222,-1125.5538281080794,-213.90740250582215,-463.0685738121868,93.12110222010627,-111.75546363827263,127.26185873589995,-29.690684298765404,31.65932333229922,2.156186319861272,0.7934818605306121,19.815070303970852,-13.746393826973584,1.4408909632892162
FF_04.09.2024_20240904_222500.WAV,520.2398,1.9434954329047933,100067.61728439071,10513.2387864762,0.003268454264790457,0.6037000290890957,0.0021776452,8188,-1100.171238676818,-200.56287404199233,-432.7268188164277,99.54963656283329,-91.13227931495624,123.7908472920724,-20.68645433376457,22.523527831686746,4.255382471140623,-8.677510724738225,19.49142539836501,-19.50939276593813,2.680559588274024
FF_04.09.2024_20240904_222600.WAV,528.0469,1.2414439442774332,103664.79817691242,10492.931858755663,0.003155571521007317,0.6010224037982048,0.0022841976,8223,-1088.6950072286256,-196.32253289846963,-424.6292225571079,102.28168189129175,-83.01989808938062,121.20362719142874,-19.51118222719386,19.63666109110243,5.345266361526185,-12.273013698325862,19.25548127862531,-20.03028013236506,2.8660114184469556
FF_04.09.2024_20240904_222700.WAV,525.3396,1.6176943998300657,106247.29157347626,10503.395350498307,0.0030702902070874134,0.6013086197224069,0.002348635,8197,-1094.0080956040492,-202.96201168122622,-434.5196216058075,102.25442016431262,-87.67630800037034,122.7863778376698,-22.69003422351666,24.099820417113314,4.164540148844247,-9.866860273424214,18.812121326072592,-18.58357101213391,2.0919626747840216
FF_04.09.2024_20240904_222800.WAV,522.18256,1.9425700017254848,105556.30067640725,10516.054484183995,0.003088553864623595,0.6027382708610373,0.0023223525,8197,-1094.879616040267,-202.8685375635306,-434.90851917226695,102.03716501444559,-89.27965990712217,123.06896417031199,-21.770077706895748,23.644953602694002,4.378449206202573,-9.733409418123436,19.400731078315438,-19.242972094392332,1.7152469909978119
FF_04.09.2024_20240904_222900.WAV,522.1306,1.917959234329902,103540.62271754633,10516.448837592548,0.003153303186857856,0.6026961955618351,0.002263227,8247,-1117.8580094697415,-212.8252407275845,-460.00944000435817,96.3443566292599,-106.77613762485166,126.11508263274692,-28.752685205567783,30.69760496203628,3.0686399503839583,-1.350908580899381,20.0121837558769,-15.261282975599027,0.994303814689162
FF_04.09.2024_20240904_223000.WAV,524.1266,1.8990184638080476,106642.35198667868,10519.111110258511,0.003046028929646641,0.6023255693151596,0.0023591798,8228,-1089.4282308853815,-201.08716507170496,-429.5637875670744,103.69852406499419,-85.85023671214442,121.87099649656614,-20.15277056565591,22.15637343859937,3.1135905022106303,-10.52717442791807,20.52831261233192,-21.051412703099352,1.3639775371739824
FF_04.09.2024_20240904_223100.WAV,531.88116,1.9459101490553132,106102.04351504843,10533.42564555054,0.0030655429893488495,0.6043389502992021,0.0023602918,8188,-1089.9302464614968,-200.78608175274852,-428.62268015654183,103.64211066403041,-86.92574483929324,121.4602080760495,-19.38788375780268,22.04359096468352,2.5528853556395448,-10.461304687721347,21.42017114245228,-20.89581498723373,1.1400717456394558
FF_04.09.2024_20240904_223200.WAV,524.64575,0.7290788307107905,100964.43266615106,10515.632454432896,0.0032338544370975526,0.6033644655917553,0.0022021364,8205,-1068.4077712003045,-185.5340269996674,-396.10097515293205,105.71950211486853,-69.13702849736977,117.06318520571932,-14.082373535486516,10.87003958297259,4.591055495040556,-18.913397547727715,20.67891010038352,-22.139730984099412,3.724570211237903
FF_04.09.2024_20240904_223300.WAV,520.2713,0.3740193148620591,102409.05209964799,10511.962354938973,0.0031584469708462776,0.6028691717918883,0.0022424296,8252,-1099.0285469597122,-202.17019257398417,-435.058553550631,100.79840078625722,-90.3779451439425,122.9488659479899,-21.251103872939602,23.979344200034042,3.5989954610388644,-9.24726028509898,20.543085531622754,-19.37951318003097,0.9696837107259867
FF_04.09.2024_20240904_223400.WAV,522.4066,1.9298999561631527,105089.66640222693,10512.482347061992,0.0030753380795180483,0.6029351417054521,0.0023321537,8209,-1088.6149659573678,-198.15314031647665,-425.9763900792176,103.84975444726372,-83.6773761307786,120.45410175206104,-18.915385683834035,21.329806373173376,3.4970490194060826,-12.572212467179451,21.594461382164265,-21.32585211400405,1.253629497318742
FF_04.09.2024_20240904_223500.WAV,523.36865,1.9418936295236093,102986.93401562379,10507.805205557828,0.003145210147002946,0.602356866065492,0.002267462,8248,-1098.8933043719464,-201.54258840183687,-435.56039564227103,101.19584480870064,-90.29363455912284,122.22368554894281,-20.981120467337384,23.99741428088128,3.4239603194930877,-9.386633590590483,21.29670413619654,-19.877293570305,1.3408444646240192
FF_04.09.2024_20240904_223600.WAV,521.35516,1.935703304601272,103159.5303617386,10504.623360090014,0.0031523175563022182,0.6026004872423537,0.0022784686,8219,-1090.104725106829,-196.93042242827943,-425.31764317875894,102.96564214591734,-84.19394553315271,120.04677023307369,-18.40854734495855,20.635166679536134,3.2035968573397198,-11.776450985885502,21.29850754367913,-20.76700688361102,2.349716854193994
FF_04.09.2024_20240904_223700.WAV,523.1904,1.3470159656545988,102197.46695375608,10505.903603337043,0.0031631861997471204,0.6025924357962101,0.0022543431,8208,-1083.8062444079776,-192.76896610163655,-415.6009612337301,104.1597539031672,-78.79668505970166,119.12997168672662,-15.71089291532649,17.4610495207492,3.276422202325921,-14.6125104234966,21.216641817904808,-22.284677473146626,2.720061074140534
FF_04.09.2024_20240904_223800.WAV,528.12683,1.542022473548145,105272.026778393,10530.340989560851,0.00308529386271375,0.6049839750249335,0.0023364362,8230,-1086.1924444078957,-197.26578508303828,-422.5030596051612,104.69366258544473,-83.4078995807294,120.42642035829324,-17.120638215944336,19.57370765334443,2.9545353503840333,-12.62489940948461,21.605170237196614,-22.13751100571188,1.8855398603233333
FF_04.09.2024_20240904_224000.WAV,519.5585,1.9294685449770381,101759.12533877844,10493.603859311797,0.0031708912478617276,0.6012549867021276,0.0022232428,8209,-1108.4753308740417,-205.32289566832253,-446.27494788953794,98.2021356687721,-97.06298478446041,124.2984144726144,-23.60708791988733,26.03007075666182,3.4138652286121856,-5.147069705909547,20.452398597337332,-18.502052402416922,1.4628637848449149
FF_04.09.2024_20240904_223900.WAV,542.2867,1.1600414999437325,104897.4968073788,10492.916222088103,0.003079879996364335,0.6013390074384973,0.0023307998,8213,-1045.5517265333997,-175.7173819667851,-375.4298423273754,109.67379860768746,-55.091025192460876,110.13930757712342,-10.896921329502867,3.290469315030662,3.561645097478901,-23.580587256983804,22.55850230909234,-23.196406019211707,4.3751165029175265
FF_04.09.2024_20240904_224100.WAV,521.5482,1.9408087383433912,103142.98540077444,10503.603453904412,0.0031375957415773277,0.6015931474401596,0.0022648552,8206,-1098.148708753867,-201.52511051900558,-435.3116380016234,101.05155927581062,-90.28748690676325,122.20755243334361,-20.98153397072487,23.381863866754458,3.5352869259984687,-8.382290116281164,20.505451298825992,-19.931440997192855,1.8296074123533814
FF_04.09.2024_20240904_224200.WAV,519.6117,1.943358179077826,102258.02879626895,10500.570721265194,0.003197403402910278,0.6012842056599069,0.0022225203,8195,-1116.0569570950136,-211.48814425944622,-456.9264473731621,95.44534850789081,-104.78661928498087,126.32102875809855,-28.44976065850375,29.98433644314497,2.4882387802658266,-1.109924624983288,19.957575067878494,-16.121641774661228,1.378725211919626
FF_04.09.2024_20240904_224300.WAV,524.3297,0.9080511336684859,102889.23211375413,10489.809414929226,0.0031524318939675287,0.6003360829454787,0.0022486274,8239,-1075.2225552242762,-189.89643041338937,-408.04651250789453,104.54179174520601,-73.36187147340617,118.98284558109079,-16.077071573922503,14.034511878972706,4.3656480919566745,-15.316200343714558,20.17804679989809,-22.966849846838073,3.264818587223215
FF_04.09.2024_20240904_224400.WAV,528.15234,1.8806426218258916,104300.90106901061,10485.910513058063,0.003098835580181382,0.5999298745013298,0.0022840241,8233,-1114.2452004350926,-210.8942316058444,-458.0415026043051,96.33053915471959,-103.34018794277722,125.40251904832391,-27.771199413836584,29.39080208757041,2.863451327895194,-0.9386997426402083,20.01504405036485,-16.829686859995217,0.9601059647537984
FF_04.09.2024_20240904_224500.WAV,520.2593,1.9325484193308968,102788.69731380031,10483.082822206992,0.0031725920807559407,0.5999842866938165,0.0022390222,8247,-1119.5427162856065,-212.2027005742151,-462.29902744779895,94.1540449704866,-107.22392604817908,127.18557810284578,-29.90416721184614,29.95437672945621,3.628159951068926,0.5187380376702015,19.56898395702432,-15.736792419507012,1.2521833650399754
FF_04.09.2024_20240904_224600.WAV,520.6465,1.943484091906862,106080.58432861684,10475.01436504642,0.003047898016802276,0.5990748628656914,0.002325438,8212,-1117.0549335845028,-213.33993416025916,-464.5154904427039,95.69754800384406,-105.68076247475673,126.58856836919087,-30.185993406299275,30.463014416836753,2.9953066608873833,0.14956016470692735,20.28444303884069,-16.054752158051897,0.7714663049747241
FF_04.09.2024_20240904_224700.WAV,523.4802,1.168826939721215,107817.5183598572,10465.991986238545,0.0030028814146397706,0.5984550313746676,0.0023732688,8214,-1104.3782837183535,-207.8601407202483,-451.71039362297194,98.63602834360076,-95.9510847643341,125.44110934452097,-26.48090435752901,26.40914555340674,4.017774211996507,-3.7000137097247476,20.046555412716444,-18.8816006610045,0.5966624455643007
FF_04.09.2024_20240904_224800.WAV,525.58594,1.8966419380562798,108902.27644415539,10471.301040808952,0.0029344815085933507,0.5985648946559176,0.002418569,8182,-1099.5529249682777,-206.1220699331518,-446.94230541849964,100.92836639848288,-92.37748128312674,123.07977089880256,-24.33275913162587,26.051474213322635,2.990194114787481,-5.755286924897851,21.347895696107628,-19.722971367879037,-0.38876328370056845
FF_04.09.2024_20240904_224900.WAV,525.8037,1.9459101490553132,103700.74052828983,10484.27971196836,0.0031247128400284183,0.5993745844414894,0.002270113,8238,-1110.74436088233,-208.3003448215384,-452.3735361044944,97.11681846160782,-99.81185153891026,125.87435821169082,-26.081583317771955,27.06935371882535,3.547000958698526,-2.8422202126979697,19.88630817524164,-17.861503519339767,1.0344497931186436
FF_04.09.2024_20240904_225000.WAV,526.5902,1.859620188671941,102568.18801602627,10502.161987986503,0.0031623258163813108,0.6020131212599734,0.0022433854,8245,-1086.7241732756634,-195.30021452092365,-420.81113721133056,102.92020226482157,-81.80471262626648,121.10917795075223,-17.345621068494182,17.868886890761885,4.319719994044415,-11.97337458852142,19.602492310342697,-21.819118941125048,2.7115682109431583
FF_04.09.2024_20240904_225100.WAV,522.5006,1.8035850634330834,102643.79363892882,10506.898197356564,0.0031595420462850444,0.6025562042885638,0.0022429575,8246,-1096.3727196814946,-200.58396659846088,-432.5130123215386,101.12204307558207,-89.19135481191302,123.12185712828217,-20.083551646281773,21.483153520573932,3.966068170588901,-8.536196143618147,19.87659513739013,-20.36132945866682,1.8671992916113522
FF_04.09.2024_20240904_225200.WAV,520.78345,1.9191637575865619,102151.53515789268,10502.621431468911,0.0031742621468071534,0.6021070115109708,0.002235793,8212,-1108.454427599054,-205.50476567005512,-445.9467472100097,98.56957720283049,-97.55366143522747,124.77757204673853,-23.442196278794384,25.48657858537649,4.103247917437072,-5.2781350549369295,20.04294607017388,-18.637037527366783,1.5011825970950796
FF_04.09.2024_20240904_225300.WAV,524.05786,1.9369760417792459,107663.63998359635,10519.46845498523,0.002980356419323812,0.6034684850814495,0.0024110277,8223,-1089.9346422989272,-200.3290481845036,-430.6243071801001,104.7162852691641,-85.87680708413616,120.41508343807033,-18.723961706396118,21.51685308166395,3.12105273058059,-10.838505071879487,21.610993822135818,-21.43424362648738,0.47096624005742493
FF_04.09.2024_20240904_225400.WAV,527.04297,0.8340754507603138,111969.38859861679,10547.334580252704,0.00283986310106832,0.6056586082945479,0.0025443286,8186,-1070.1319105900677,-194.2364910784968,-411.98899196458785,110.41290037201165,-74.61860191799741,115.98214411662455,-14.10670193469628,15.535229770608762,2.420293685241294,-15.534185263499463,21.548075643083713,-23.310493096043253,1.6463688649863404
FF_04.09.2024_20240904_225500.WAV,524.8391,1.9286748591228995,109782.55960737122,10536.38447957012,0.0029236254547796527,0.6048441136136968,0.0024576515,8213,-1074.1244753856324,-195.57238856625304,-415.17500375629083,108.29581238395205,-76.98519510649064,117.91441337506805,-16.23594552206043,16.805878425822794,3.0691617288708386,-14.018940286109487,20.609249260515313,-22.569544784615665,2.069336132528544
FF_04.09.2024_20240904_225600.WAV,523.87683,1.941669662383976,108493.74093148447,10520.824455712558,0.002950452918336594,0.603620293799867,0.002410069,8202,-1092.5026704528666,-203.1785399456846,-436.4793856080854,104.35999169362455,-88.8149737004881,121.37167426016131,-21.037478342864695,23.164264092848015,3.700938978905297,-9.128914531828269,20.408770924545852,-20.219658996684178,2.236045878475345
FF_04.09.2024_20240904_225700.WAV,523.85925,1.9351001406794217,107277.84772949407,10516.760364848367,0.0030055974950952296,0.6031073387632979,0.002368838,8207,-1099.6647401178893,-205.38004156842894,-443.1778263735902,102.15747759047916,-93.44682253997956,123.91440675368844,-22.644098567714476,23.93376431146568,5.085137942978792,-7.62780933369321,19.71108285336822,-19.13984805753465,1.4257283915169754
FF_04.09.2024_20240904_225800.WAV,542.28455,1.7874433274939412,114903.01536584547,10551.559899179994,0.00293977660227721,0.6052200642037899,0.0025686554,8227,-1072.0723738312622,-201.59791599680247,-420.8143587602281,106.62676558105272,-80.50262769794335,121.26327055029958,-19.60281917793702,18.612954956698385,3.0098556289919207,-10.904581429293705,18.734122944275917,-20.488617466290624,1.1778068110764166
FF_04.09.2024_20240904_225900.WAV,554.898,1.826256793059957,132301.45995551333,10775.732395451796,0.002805454177799492,0.6201371862533245,0.0030316222,8203,-1052.6982990891688,-224.76753095475632,-416.0049199626881,106.72990021187171,-87.88064771006658,129.86931096570655,-29.019980138915866,27.247500902857087,-4.396050053602398,-3.722032896539358,15.36522945347975,-17.558187122384286,-3.2204328434059386
FF_04.09.2024_20240904_230000.WAV,566.2125,0.6926588198060253,168960.74417059342,11102.019821103433,0.002153874031934174,0.642425537109375,0.0040218313,8238,-1016.1622333837967,-244.46800049553502,-400.94241903801066,119.543414288249,-89.3379266044541,137.1368892369286,-33.409671584188274,25.81955318378282,-6.309058273286153,-4.336555563198398,12.304989903250721,-17.7922507107866,-4.938005256972649
FF_04.09.2024_20240904_230100.WAV,558.2937,0.9451035284261395,184056.72457207285,11266.990186701747,0.0019330869997294846,0.6554884890292553,0.004448981,8212,-1001.1235659509085,-252.92842395178414,-391.70385645699656,124.6222388774281,-91.61321589096273,139.65950200943576,-34.61952762021616,25.92311722364761,-7.913206352429099,-4.598847932703372,10.894225433067984,-16.761177329364212,-5.713265002143571
FF_04.09.2024_20240904_230200.WAV,551.9911,1.4943736365376203,209755.29232686808,11432.223490146378,0.0016592482965317168,0.6693030824052527,0.005170166,8242,-991.5114868060173,-270.05708457532654,-395.20441585935583,126.04941706032598,-100.18050292929878,147.87660483562533,-40.361263470797454,28.352680447492943,-8.245546592421094,0.1860482234033324,7.172895930456923,-14.253017047672639,-7.609149976804889
FF_04.09.2024_20240904_230300.WAV,548.5709,1.3424965255427421,188884.75667450484,11397.30088985438,0.001986947934129854,0.6677501921958112,0.0045762425,8237,-991.4804400147754,-262.9972231940342,-379.9452821246788,120.05221783153937,-92.54874240399437,144.94085776885208,-42.03335650911125,31.98763020215631,-11.365853499733557,-3.046038230371704,8.094892380624163,-12.768343064472553,-8.297583721698205
FF_04.09.2024_20240904_230400.WAV,542.9238,1.5178804999759998,142185.42022794645,11015.610667700954,0.0028694524588474767,0.6395844155169548,0.003222292,8180,-1044.1205292345699,-254.42455992453174,-411.5843221254289,101.3989578235503,-96.1864711420601,138.36366024510835,-42.299681663790636,42.754258529870555,-12.422249932908542,3.994733619742473,8.59969429323053,-9.46521639836536,-9.881759409931515
FF_04.09.2024_20240904_230500.WAV,556.4049,1.8861159677932582,136961.36476903842,10654.432515207585,0.0025989669490938914,0.6096499179271941,0.003158143,8203,-1044.9878496132696,-216.3628580077851,-413.44897836674966,113.09700577969441,-74.22294067883986,122.00800136919406,-26.519766294816975,24.400850335664238,-2.6827586202196327,-8.933320043303157,16.512827949585578,-22.082580505287,-0.05484790933614665
FF_04.09.2024_20240904_230600.WAV,547.70447,1.6731583741380684,141948.84133520944,10843.758815671072,0.0026835127982373728,0.6251673921625664,0.0032345764,8210,-1032.5113221310937,-229.0945736745968,-400.69873262648235,111.96649585394192,-78.4264857974562,129.7174581066242,-32.759767064810006,28.26120801728528,-6.535221960119318,-7.019086791429775,14.37416439277177,-19.05679632756414,-2.5773380780938164
FF_04.09.2024_20240904_230700.WAV,533.3276,1.2093794535742797,128713.07116803547,10590.505042967226,0.0026470228158199955,0.6057167864860372,0.002959212,8236,-1042.442069667254,-202.8606480589243,-402.48071599702496,114.39205846639621,-66.8872500333534,116.29003209212179,-21.621096390660696,19.070728939605598,-1.6402993709318185,-14.165748309859069,20.085426836391267,-23.733361481581642,0.7823387455864541
FF_04.09.2024_20240904_230800.WAV,529.8805,1.9084029271603318,141160.87564247206,10688.490796997381,0.0024555299558148024,0.6144893565076462,0.0032756978,8206,-1047.488561824943,-223.31395955190305,-420.90549033891256,114.45489057522335,-79.16177233521098,123.08895382179016,-28.87071872590031,28.98077687028302,-4.098424971257375,-7.030810524193806,16.775594462303566,-21.310755507940524,-1.9754187178168565
FF_04.09.2024_20240904_230900.WAV,525.9584,1.9098345682910634,144017.00753448208,10912.201713884508,0.0025535451995636464,0.6357097219913563,0.0032509945,8224,-1039.666573088349,-236.3679463195287,-412.13619522060134,113.17478659698475,-88.85426985345548,133.76184872960192,-34.25878615420739,30.287966775999084,-4.726682115989316,-4.963088932441216,13.739857164663567,-18.52715954497553,-2.178374688967356
FF_04.09.2024_20240904_231000.WAV,525.65546,1.1193912386673812,133009.29924475634,10647.573123047032,0.0026271878386337545,0.61126708984375,0.0030192721,8220,-1048.5276900606775,-216.12024920109047,-415.1358659039897,112.04962803478318,-75.94777081692426,123.9105261556637,-27.52866838400609,24.45889188072311,-1.8087445677312202,-8.721941612134412,16.69660504457175,-22.39262809322806,-0.3530510297103167
FF_04.09.2024_20240904_231100.WAV,526.98425,1.930961962710813,126903.66322484855,10491.281529684655,0.0025818515528954547,0.5973827605551861,0.002892554,8201,-1066.1137757205581,-208.59264404526044,-431.41482354776224,108.92107596877412,-76.81949534813636,121.26874903292118,-25.303600802162318,22.39245119761977,1.8462983171529557,-6.891728838181665,17.359323714961064,-23.397210647543268,1.2887717170283621
FF_04.09.2024_20240904_231200.WAV,528.3132,1.8556100009601206,128324.63403665667,10444.445463427175,0.0023962557827222966,0.5945604689577793,0.0029725912,8208,-1053.7992472150695,-195.40450128390705,-418.33466924816145,113.75326531209343,-65.11503909288105,114.77925506254073,-19.069329234323774,14.023692274430541,3.644760394693187,-13.294627197542757,20.311717381066522,-27.280345741829297,3.7840199823765848
FF_04.09.2024_20240904_231300.WAV,531.28345,1.5790907014135742,135082.38151432894,10405.127310528615,0.0022305188492267214,0.5905364340924202,0.0031648478,8231,-1058.7839330544946,-200.1692687535768,-433.1652013321082,113.68420547875272,-68.09369548507347,115.43337081898488,-21.8921239133569,18.27700339723624,3.561286585304824,-10.768718507835507,21.38879234871778,-28.232711937636825,2.487556494161747
FF_04.09.2024_20240904_231400.WAV,529.0023,1.8426884636547225,132752.46254062114,10426.915840033624,0.0023116801144363597,0.5920662088597074,0.0030703591,8218,-1066.1991225973084,-204.2479440707961,-439.5713970445724,112.08436476976141,-73.66414525587315,117.9121068329263,-22.95644493943736,20.005113101672087,4.300661142366405,-8.98580147866822,19.457408509638075,-25.262826328201722,1.1401044964322193
FF_04.09.2024_20240904_231500.WAV,528.9661,1.9299683626648427,130164.4560227457,10446.897720311143,0.0023978746456205704,0.593742987450133,0.0029976906,8210,-1057.8625203633749,-199.05283584495723,-426.56562374794044,112.88298224161625,-69.72916237370227,115.74542955307831,-20.516816648470517,17.00589232603528,5.573712520762783,-11.409705509414072,18.638614899092712,-26.763330290236517,2.2376792250982973
FF_04.09.2024_20240904_231600.WAV,530.3727,1.9149600248692102,136114.85694656332,10455.510448296094,0.002294307108947767,0.5934249553274601,0.0031764365,8214,-1054.139998761941,-202.0943651527739,-428.459320336487,113.80606572927113,-69.65424456666416,115.97434417276257,-22.108564244558046,18.42182084509239,4.278702563932053,-10.527226266917772,19.076903402222417,-26.436413234988535,0.9947653097745406
FF_04.09.2024_20240904_231700.WAV,527.9856,1.9304527694350748,132307.658989158,10458.439839113113,0.002353206771090829,0.5939964781416224,0.0030347358,8212,-1071.8025086982575,-210.0399272150843,-446.4229649403208,110.3648544217384,-81.35352929366029,119.4506320583655,-26.82184241567349,24.463840895496098,4.520867729955966,-5.491350998252835,18.38176051234864,-23.38079128582427,1.1044354715435145
FF_04.09.2024_20240904_231800.WAV,530.0991,1.8886620572362416,132943.4185867837,10430.5068378299,0.002353739323780126,0.5914423516456117,0.003060073,8209,-1069.547530434361,-207.43676356806094,-445.56174305463935,110.08337456797896,-78.932005438814,117.72104331157536,-26.993089981216162,24.592250244415396,4.798804416758771,-7.119645873411091,19.651525521399666,-22.61349389636303,0.5333503894073321
FF_04.09.2024_20240904_231900.WAV,532.124,0.9680722311148819,138897.61810892876,10432.380244269758,0.002188335267578491,0.5920517941738697,0.00325196,8194,-1060.4395183637505,-204.45161782444325,-440.6464816253771,114.4486339458931,-72.83042009475784,113.70632522712943,-24.807579321157995,23.72222289021015,4.3343966583564155,-11.649079343560388,21.312594500491635,-23.32872605708313,0.19139756274329126
FF_04.09.2024_20240904_232000.WAV,532.3926,1.9247241573566904,136341.88732741392,10449.112062261713,0.0022676985340350144,0.5923228162400266,0.0031847588,8223,-1056.7159994234542,-202.48821879975395,-432.07862669167304,114.28181782115986,-70.81749210144054,115.1499299363999,-23.829589243113908,20.644314056648557,4.786871185050174,-11.909901587532055,20.06959482202879,-24.581898729824566,1.5839040727890765
FF_04.09.2024_20240904_232100.WAV,528.57776,1.9173374268989782,132699.19354805254,10432.532541776349,0.002308294148468573,0.5910462724401596,0.003063247,8209,-1067.745989155219,-205.09583033961295,-442.1915319295097,111.39413144825075,-76.6655797884138,118.32325779026671,-26.34518357416653,21.744986831727587,6.317869115357065,-9.166331178885814,20.093472331196995,-24.251362959524883,2.3607323240303155
FF_04.09.2024_20240904_232200.WAV,536.5634,0.9753300935426734,129806.67547011789,10434.856712443438,0.0023875268291115585,0.5913224889876995,0.0029745128,8246,-1071.0481115003795,-205.30379445623387,-443.19387274696675,110.0131880384764,-79.27104015394298,117.62301963739013,-26.32094874529214,22.363928084740166,5.594681663664579,-7.345733360659343,20.417636799080128,-23.288759753231748,2.198351098298215
FF_04.09.2024_20240904_232300.WAV,525.2798,1.5527349984972534,130059.8800070806,10424.949407911983,0.002371258610732593,0.5900778912483378,0.0029859208,8163,-1077.578739262788,-209.41646432109076,-450.82811564324146,109.49970683463822,-81.84073512833523,119.09266109070015,-26.778967032417103,25.422121521252606,4.612703784277462,-6.10322324259916,18.515188615666432,-22.88483980797768,2.6711272540214366
FF_04.09.2024_20240904_232400.WAV,526.0169,1.9381209331064475,127022.37995151801,10423.292450477926,0.0024072341488973943,0.5905299409906914,0.0029031646,8241,-1081.1918393866438,-208.4986668856638,-451.5783541679605,108.40388240397282,-83.30839262925853,118.97287519487526,-26.921543162763367,25.555387770322294,5.54105586011562,-6.145652054642749,18.5683453939594,-22.12313157115572,2.3652524864395126
FF_04.09.2024_20240904_232500.WAV,541.9343,1.9459101490553132,130992.50374356132,10419.063462460914,0.002357372927124892,0.5887821278673537,0.003002644,8191,-1076.6175366588004,-209.53903744931702,-450.9878440066845,109.08020821257576,-81.71885842930777,120.44914078635007,-27.78640990016333,24.691769402322862,6.180780037096578,-5.513819099713353,16.7640925211188,-23.315857429768275,3.733223301223202
FF_04.09.2024_20240904_232600.WAV,530.2099,1.912951434430273,134952.41864347548,10397.911238222632,0.0022662941806035402,0.5863487730634973,0.0031121722,8228,-1055.281816522216,-200.26412804018858,-431.44998271725007,113.57453144159504,-67.13065358596181,116.01568555731154,-24.343018618176593,18.07907794221667,7.069251637679876,-11.872714368133622,17.31183531651181,-25.65663382576277,4.852243142151251
FF_04.09.2024_20240904_232700.WAV,531.8216,1.9264008700712894,136314.53165311314,10410.160008585744,0.002240192474612335,0.588187879197141,0.0031582233,8219,-1050.0119739596512,-199.58122424062105,-425.8530995899489,114.90321389520425,-64.24854123786179,114.83564959560321,-23.51214595710995,17.77243981912192,5.161191845594105,-12.759919121995225,18.23828859819726,-26.703874307971443,4.615767789294662
FF_04.09.2024_20240904_232800.WAV,523.83044,1.9410912244414187,128319.52796727807,10418.350596784363,0.0024194562169979855,0.5893971544630984,0.0029259662,8230,-1082.3058504936098,-212.73647580313124,-454.79614436842485,106.62067466197476,-85.35782000948558,122.56377695530676,-30.01201608700453,27.77160507541915,3.1550591243537656,-2.574539544961317,18.236246225025823,-24.224535808591547,3.4996571460606813
FF_04.09.2024_20240904_232900.WAV,526.0908,1.7411668770648898,127958.65147079257,10397.583738955498,0.0024349388843420074,0.5876366148603723,0.00293272,8249,-1080.137174095394,-210.0778000573089,-451.6204971356423,106.31001268065896,-82.90965291196287,122.17560785222115,-29.78983124162692,25.99576997589365,4.126818145193548,-3.3554436667524916,17.99153761719755,-24.282301914245206,3.4565419121030554
FF_04.09.2024_20240904_233000.WAV,528.30835,1.935119464108567,126212.70547543628,10374.022203061395,0.002473504307466712,0.5845853764960106,0.0029092794,8241,-1077.2739588947393,-204.41621156312095,-445.83301316561534,106.2110568136302,-79.13103632555611,119.48879553184025,-28.59611447769805,22.481383424247607,6.0170218595428695,-5.73622665934312,18.87387244085441,-23.519784948808468,3.491297237184821
FF_04.09.2024_20240904_233100.WAV,526.4249,1.9182407214620278,137009.66461165092,10304.611089538002,0.002163404784400443,0.5759340976146942,0.0032120796,8208,-1059.1274220625667,-201.2036692883223,-438.0526223909013,109.9557508147653,-65.05502564468414,119.09251133592606,-28.5638314598729,18.6614061390527,8.333864844560285,-9.819514580342302,16.362850870726756,-26.670899810125956,4.467758387048107
FF_04.09.2024_20240904_233200.WAV,526.89215,1.9150980579175374,136853.6333729594,10344.088426172639,0.002183850438300341,0.580201104346742,0.0032178026,8216,-1053.7023420763435,-199.42574499321228,-429.93951940632866,112.11368517078101,-62.791059737669705,117.70246999657343,-25.959451920547778,16.480740733458674,7.142835765024986,-11.09176423503767,16.61090751589149,-27.62100937048541,5.321625555120253
FF_04.09.2024_20240904_233300.WAV,624.9922,1.3414203222024565,132168.0853663226,10374.898455973844,0.0023186329539861645,0.584004503615359,0.0030673412,8245,-988.8502487911427,-164.75706695508921,-350.20533047487936,118.27359416296547,-27.511280148878413,97.67521654510357,-17.172857431621573,-9.449881833353086,7.14281456184237,-24.77533840450286,21.20465655344504,-24.941315069257755,9.686013052090145
FF_04.09.2024_20240904_233400.WAV,527.1199,1.9192499830117369,131041.82917517766,10382.238908993304,0.002339855156351554,0.5843234447722739,0.0030069915,8217,-1075.0051800707386,-208.59463095423715,-449.51088688636275,107.46265842169876,-79.4994255531345,122.77108662931246,-29.766596442718654,23.212259984206806,7.324538621734619,-5.183109370694452,16.404217142539665,-24.803121731638903,4.595410117536849
FF_04.09.2024_20240904_233500.WAV,537.3408,1.8497927366350684,139312.6014184612,10428.376841126896,0.0022592224930831316,0.5883094300615027,0.003231556,8207,-1036.4991141613868,-193.7597450360269,-410.81270103856326,117.06384021646126,-57.68799662783645,114.70766159661098,-22.279978276159415,9.760332511087451,7.953775967183619,-16.033865572182307,17.953541022223487,-28.15381352060171,7.226829920685004
FF_04.09.2024_20240904_233600.WAV,547.70215,1.8342086373010191,146743.06356739567,10471.438373465042,0.0022180337333450235,0.5914568961934841,0.0034317165,8250,-1034.3222931680305,-198.61849670350333,-413.12015415291626,119.29161042425375,-59.94017900443637,116.04450742230702,-24.106789993402934,12.287778063215734,7.294021819633167,-16.461029075129776,17.85741495117533,-27.311482089000066,7.172380516804716
FF_04.09.2024_20240904_233700.WAV,550.1732,1.7282549579310664,146558.53812750225,10451.584931637684,0.0022165032477528272,0.5902434653424202,0.0034648692,8239,-1006.5997031444189,-182.18983885617808,-380.62295656364336,122.52291097050397,-42.2514542557694,106.36255152968008,-18.080155547076806,-0.5002583611582763,6.629249492378007,-21.827293695482982,19.045932414495766,-27.09609514566517,9.450599386827815
FF_04.09.2024_20240904_233800.WAV,532.7263,1.656084813230884,145440.19457173298,10448.717660319771,0.0021215685132523966,0.5922732089428191,0.0034054636,8190,-1010.6899083964827,-185.00867765124622,-388.2943085290001,123.78714285446108,-43.794220566162075,104.75664342167474,-17.526829543255673,3.354693670116484,5.0152248546294835,-21.682528281965407,20.208666534913473,-26.298464737253838,6.2880671254785545
FF_04.09.2024_20240904_233900.WAV,527.87616,1.7382064002602213,137359.03951825015,10397.449884511927,0.00221734686714805,0.5873279328041888,0.0031792151,8202,-1069.236359465264,-209.1195804897866,-450.22385595251865,111.74314655053603,-76.54280225937539,118.60544805852807,-27.708593374047222,24.286845524150085,5.468386193461842,-6.87189436389211,17.753588498725453,-24.058764750622867,2.694376724202795
FF_04.09.2024_20240904_234000.WAV,530.9701,1.9354778928418728,136421.57373848723,10419.736096771552,0.0022735983899988474,0.5895738966921542,0.0031436658,8204,-1068.0899418583622,-209.18953006651816,-447.5164223547008,111.37259016794697,-77.16171683388679,119.84227651087356,-28.179373748777575,23.306911204008177,6.573466868790192,-7.657283455182945,16.769219713507212,-22.421273724084053,3.3150946242279593
FF_04.09.2024_20240904_234100.WAV,532.595,1.9029090385385672,134994.33604700066,10397.731215010805,0.002301217086386016,0.586936658494016,0.0031065652,8210,-1075.724586241836,-211.12737668697014,-456.0175072119342,108.84008732021285,-81.79619387458072,119.27561141686732,-30.897711422478103,26.495840314121782,6.324939321434177,-5.374322231611151,17.30639817248618,-19.81005717793634,2.6080980883905878
FF_04.09.2024_20240904_234200.WAV,527.87604,1.9411071120018737,136996.89019593236,10390.432561293761,0.0022337982924642195,0.5864213659408245,0.0031568506,8210,-1076.7397462988258,-213.64351642960287,-459.3161228096878,108.95446087062093,-82.00982471186308,120.60237814526239,-31.58976959822728,27.483837739982086,6.070647617097735,-4.467032651067621,16.68094400420159,-20.681963205323576,1.6044243786502268
FF_04.09.2024_20240904_234300.WAV,527.5587,1.9353272774633619,138581.06459630432,10419.98664806724,0.0021806420237924454,0.5884553949883644,0.0032059234,8204,-1068.8042569416739,-210.43959269811197,-450.46880302085725,112.44480714161902,-77.53282827544471,119.67777616171566,-28.44821959728842,23.97169923801462,6.760769500837242,-8.018719208587877,17.550300027348648,-22.809118212299932,1.7964789517448567
FF_04.09.2024_20240904_234400.WAV,533.1483,1.8483365828467524,135499.87303011995,10410.914228931664,0.002230458363898495,0.5872139139378324,0.0031419708,8201,-1060.4489773238663,-204.4113732694143,-436.2735572050527,112.75099060363912,-70.45859657711875,118.52630077109163,-26.540492074328156,19.99906115046958,7.295439050296509,-10.791540607015936,17.1749843121853,-24.796466094078536,3.0153794715186852
FF_04.09.2024_20240904_234500.WAV,554.2922,1.8842806446282898,152991.6348854949,10498.427271259416,0.002045681870282979,0.5916527281416223,0.0036145346,8233,-1032.7613112321908,-209.0197642478465,-420.8152259088926,119.36893703565988,-62.374744731396625,116.93587546730349,-27.66763745016057,19.33187450496045,3.2430566100486025,-12.010055610663256,16.06944326009906,-25.752362783951536,3.4407187499593426
FF_04.09.2024_20240904_234600.WAV,565.1399,1.7393559465866573,180279.43680849046,10789.95848629734,0.0018728778220868593,0.6087195863115027,0.0042652776,8208,-1008.4126151731803,-231.28768815048124,-413.2287850175241,125.41098716038749,-71.88855577965457,127.49824716506245,-35.303074364938546,21.28742456638306,2.2414827677378897,-8.124119419937292,10.307502260871505,-22.36919906157918,2.128052993138348
FF_04.09.2024_20240904_234700.WAV,542.81433,1.5908385928136959,235609.4132727797,11300.511044090705,0.0015475911179452764,0.6550289072888963,0.005713625,8241,-966.1496355077294,-266.32725006522145,-390.71940271677107,132.90543258512437,-84.83150313751244,142.80864884373094,-44.317662754211064,25.026424006574626,-5.5155845785883715,-1.3609842143460191,3.266012550847871,-16.817624600308996,-2.2792667880513875
FF_04.09.2024_20240904_234800.WAV,551.27966,1.0562250048666164,253582.64128110092,11441.295014636937,0.00144522158727477,0.6676459129820479,0.0062007234,8212,-960.405503545326,-280.3666175560565,-392.56840426013383,132.05887714305481,-92.59256094416358,149.26953500870172,-48.913869021872394,29.63926900372556,-7.335666471232688,2.306367433908458,0.2125579499935293,-14.132231941484232,-3.802043440068845
FF_04.09.2024_20240904_235000.WAV,881.4774,1.7946692824300876,24092.391729240393,10229.902291398395,0.004164035739254086,0.5823086393482491,0.009689324,562,-812.2354133870363,-113.41777297052357,-279.74884351501663,75.87604759661446,-37.68621797209063,85.53703227807001,-4.409503624182188,-14.605409566145676,11.832186542657908,-28.082517215541976,23.208574518266136,-15.45076875507474,5.215160887237228
FF_04.09.2024_20240904_234900.WAV,703.3093,1.3421131789144003,385371.0922218542,10688.827970773671,0.0038629573293174294,0.615555134225399,0.009468864,8147,-807.0363797904952,-139.16559348431636,-263.2579350603328,101.57911873164572,-35.498850213081525,87.34722828719279,-23.359561201422462,-22.258561832911703,10.328866909207004,-17.896408018492767,25.772786374737187,-15.832112936792099,8.376905286166503
