filename,ACI,ADI,Bio_Energy,Spectral_Centroid_Mean,Spectral_Flatness_Mean,ZCR_Mean,RMS_Mean,Event_Count,MFCC_1,MFCC_2,MFCC_3,MFCC_4,MFCC_5,MFCC_6,MFCC_7,MFCC_8,MFCC_9,MFCC_10,MFCC_11,MFCC_12,MFCC_13
FF_04.09.2024_20240904_203340.WAV,663.14294,2.302585092994046,74560.27973383621,15634.564079033777,0.0025675865050486944,0.6430140784982935,0.0045156465,1109,-913.5437151010003,-172.16756890149313,-308.98710234047917,126.0724532144116,-49.44849373070939,102.16994118374461,-13.668580198119768,-14.812797005737734,5.1545805491752175,-27.248317429614215,23.08736177975305,-16.826415885210462,12.04733328543314
FF_04.09.2024_20240904_203400.WAV,557.55,2.302585092994046,217698.13627269655,15568.162163545794,0.002523711346253993,0.6402210681543187,0.0033537527,4110,-978.9962795698489,-198.77010469316028,-364.38119967245655,118.80290715860444,-69.31990701502853,126.96283822465726,-17.521299580930126,2.441625540129517,0.9102069666599152,-22.08192205855931,18.65700231652567,-21.115925996180188,9.03242678091163
FF_04.09.2024_20240904_203500.WAV,542.38806,2.302585092994046,216928.17947126806,15547.169307474518,0.002522734300715798,0.6392390520290394,0.0033266873,4135,-1018.7795462238307,-219.75763021469078,-410.8628942350728,112.42330657530069,-92.724698090485,138.0556446291558,-23.61413605916772,18.203393965900002,0.26609173815264,-11.844187004176293,16.700701292043586,-19.70407535010379,4.679104808879761
FF_04.09.2024_20240904_203600.WAV,539.5671,0.973158994008105,220587.41603521773,15505.74430472459,0.0024972639078775405,0.6363950773396779,0.0033832407,4123,-985.7961795902274,-202.84899298081547,-376.5075928987728,116.94723873804193,-72.44866180634821,130.6276275609765,-18.374937412556278,5.086211303586517,-0.2147211615956865,-20.13058708779872,19.199795951886948,-21.299497627682126,7.4596661732530585
FF_04.09.2024_20240904_203700.WAV,526.1991,0.9146177372928097,216356.71954154043,15524.276193235519,0.002526863936839491,0.6375822406692108,0.0033108117,4120,-1028.6332459550986,-224.7796035038332,-423.02311074205744,109.64157242886917,-99.01613306241806,140.54774524016,-26.00963799946012,21.920062945505304,-0.29316010256811703,-8.606560830860811,16.73740132713932,-18.065240328584412,3.308989509310814
FF_04.09.2024_20240904_203800.WAV,526.2796,1.3647068197313792,216523.76133573256,15516.216599545354,0.002532271712088435,0.6366804837292908,0.0033151964,4128,-1018.320086491716,-218.85258732233171,-410.99711951672083,111.84150814263242,-91.67584912869276,138.24500783620005,-23.38715167012221,17.589929792667014,0.16951191981324368,-12.18960244953795,16.876643713855856,-19.27367072863797,4.344739248320819
FF_04.09.2024_20240904_203900.WAV,533.15625,1.4186109171026404e-304,214172.64587861462,15550.397981939015,0.0025381787253528207,0.6391305248859829,0.003283669,4136,-1038.6021753859513,-229.59721868492073,-432.2408744034065,108.1261994658893,-106.0905045528916,141.24342455865485,-28.416715163803506,25.790705251613012,-0.01929102254080078,-5.31223949214889,16.00845809106,-16.942041792070043,2.654910668924016
FF_04.09.2024_20240904_204000.WAV,529.27625,0.6928767397383337,213790.49526461694,15552.473231500197,0.0025490453305611056,0.6394406543768615,0.0032839323,4140,-984.7293156184193,-200.15190758555738,-368.1914360568787,117.66594229492962,-71.1114212385076,128.74268103226603,-17.779984691773898,3.1802137380782205,0.7571817137693873,-21.249280167976696,18.842463823127765,-20.866038137275005,7.834126201062593
FF_04.09.2024_20240904_204100.WAV,524.9613,1.4186109171026404e-304,213509.80920826702,15550.239027979867,0.0025478010923364945,0.6391346151049423,0.0032721197,4120,-1042.4579435432802,-231.52250787128304,-436.4517993578847,107.08203383115523,-108.73951233118198,141.8031779192193,-29.584040777508,27.10751933366744,-0.14757457438800461,-3.7708173589269225,15.860929188231797,-16.444844438030735,2.344520285137453
FF_04.09.2024_20240904_204200.WAV,529.79675,1.4186109171026404e-304,215209.92099338415,15533.599613122406,0.0025540928945210024,0.6385840716330045,0.0032937212,4117,-1052.1101150392635,-237.32179588121778,-450.50951713533266,103.77835759031507,-117.04835074837283,143.70780622255265,-32.895212696782295,31.01031969049956,-1.4356283451463632,0.0675166497232757,15.921566186175504,-13.40042159238059,2.0326445134668587
FF_04.09.2024_20240904_204300.WAV,529.6891,1.2779973064368835,220447.02949708304,15478.4293145147,0.0025008499835460604,0.6351102941176471,0.0033802534,4122,-1016.2933317318225,-218.68846865152045,-412.2100719540652,111.12153581974331,-90.90079255340214,139.36016402811308,-23.297429672677687,16.865122382560312,-0.7368822428825688,-11.818132339508423,17.97955071674756,-19.4300110045688,3.6278564683738526
FF_04.09.2024_20240904_204400.WAV,518.7577,2.2877988627305488,220583.77831143845,15463.980923836683,0.002502579592107884,0.6344043223252513,0.003375309,4119,-1040.2232742306064,-231.8634751000272,-442.257408328569,104.6484705633087,-108.78311049488205,144.65278810757522,-29.24926948963667,26.261088015838165,-1.773647170256062,-3.183545334301204,17.060523295376747,-15.16695377370982,1.6788257809013207
FF_04.09.2024_20240904_204500.WAV,535.1714,1.214190056107942,222607.42106782392,15453.523184418114,0.0024912165552903936,0.6334014915301563,0.003411021,4110,-1024.1405933322058,-223.7361222764759,-424.2499763687536,108.46354808562967,-96.8464953828041,142.26775885292,-25.52549519093654,20.057662179641525,-0.994974582350047,-8.677514018852188,17.257528449356222,-17.920177562086497,3.2104625332295287
FF_04.09.2024_20240904_204600.WAV,527.75616,1.4186109171026404e-304,220487.0558981346,15492.502312827435,0.0025053960894846454,0.6348591546735387,0.0033808323,4098,-1013.8087124482788,-217.9583013126635,-409.24312223828906,111.69543496811413,-89.52400885597332,139.0630146028109,-23.180765097176938,15.75613885080927,-0.3053828627438448,-12.355479644427641,17.429256216571112,-19.61561392026258,3.9208182054300127
FF_04.09.2024_20240904_204700.WAV,518.5702,2.2856918772424497,219563.16725469966,15502.629324664367,0.0025047492234291065,0.6356015748615507,0.003363213,4118,-1033.3363919805881,-228.46736245524573,-431.82784709138025,107.88469483381772,-103.04459604185645,142.3314247086834,-28.392379612227835,23.752012521722804,-0.08244673372146134,-5.840197245442903,16.23346246780596,-17.298771214557696,2.5336510738275164
FF_04.09.2024_20240904_204800.WAV,518.0322,1.8347396643130753,220817.3141743618,15490.398828682773,0.0024988918862788264,0.6348537010482594,0.0033818183,4133,-1017.1491914182634,-219.79532952309725,-413.98476095771724,110.7150415469945,-92.02315562342919,140.08371934946493,-23.84887680210825,17.385953750568646,-0.20094384404131288,-11.680427519099604,16.96924319439518,-18.884468819853076,4.266664886835055
FF_04.09.2024_20240904_204900.WAV,521.6,1.747007495799454,222767.3122877379,15466.861764130608,0.0024927270654974965,0.6333197780447226,0.0034111382,4131,-1035.7202640357823,-230.59180925220943,-438.84205717845896,105.7275925789834,-105.91399234806292,144.20709502324243,-29.16881103630913,25.247914519269425,-1.0962981756322732,-4.61154624284162,16.746001354541335,-15.586821058619064,2.1877115728582095
FF_04.09.2024_20240904_205000.WAV,524.57153,1.3537730128180399,222667.54502612428,15474.380451262223,0.002484872784411453,0.6343366973717889,0.003412556,4116,-994.446154101184,-207.9167425862589,-389.2409276012867,113.90541678239921,-78.00063656197777,136.0113335687988,-19.816824184060827,7.505672647851999,-0.017896071847339146,-17.878591380912116,18.09886216959804,-20.083875080724297,6.6634821278387175
FF_04.09.2024_20240904_205100.WAV,516.9315,1.6370174875972312,221756.36054011522,15460.707750835169,0.002484734098889089,0.6329285713246928,0.0033912184,4097,-1047.3678696712186,-236.35064848342202,-452.1896132146542,103.12694451388965,-113.98353421322464,145.79273201017307,-32.499597865593444,28.664426248008116,-1.4277483458222153,-0.1265747493157236,16.099056370771798,-13.776566084395418,1.8587907132397827
FF_04.09.2024_20240904_205200.WAV,526.5851,0.5526646224944001,221050.65173450724,15480.961877583275,0.0025165015875034265,0.6353723408123139,0.0033741302,4104,-1038.8341261664912,-231.8049353971842,-441.5434490936174,104.91933953125833,-108.5221552510223,144.68638871178516,-29.103157743674853,26.506440720121336,-1.5255134170877784,-4.457018793085835,16.53233634733991,-14.51035797859639,2.424011751917504
FF_04.09.2024_20240904_205300.WAV,518.3561,2.2781905436202607,223713.03148952028,15444.970789709829,0.0024910311763443062,0.6332155229081348,0.0034174758,4116,-1044.48750808491,-235.2474861996369,-451.51223690595896,102.21623396801313,-113.6188491375096,146.4416669022653,-30.978583818859146,28.770864766775002,-2.3262990602440015,-1.8475209316613221,16.572076685925094,-13.023462469016291,1.8202668922466012
FF_04.09.2024_20240904_205400.WAV,533.4866,0.8752548801262353,223955.27544639938,15437.763698602284,0.002497038379735906,0.6326353480721798,0.0034261406,4110,-973.0249162351876,-196.25876760483933,-367.4427532094215,115.35322799111523,-66.4379697405816,130.36725699037237,-16.64208749088178,-0.27748055704996266,-0.49999867910893625,-23.32784010931281,20.232173407778475,-19.354449521385828,8.42502591723174
FF_04.09.2024_20240904_205500.WAV,553.01355,1.8784702852455397,230052.58187804726,15379.48675249356,0.002463301981478203,0.6290896735968913,0.0035376812,4129,-893.2618579180612,-156.19123925233023,-287.52789988276993,115.70537996037203,-33.952925460194315,102.89572409475245,-13.823689795030111,-27.31394443727834,2.3557989882552244,-27.75646519384798,28.873277770086663,-12.02950076957202,9.860235160734833
FF_04.09.2024_20240904_205600.WAV,518.6979,2.192925959176396,229119.11391612858,15367.205946102362,0.002479994124733054,0.6293293604279132,0.0034960508,4131,-983.0871634708018,-202.73785906286847,-384.8303917172618,111.79116627067268,-72.56135986815534,136.85126951891664,-17.760568651486338,3.6013788800343547,-1.8804221802573893,-20.35373524289129,20.04997881410174,-18.986000004260127,6.784924925339824
FF_04.09.2024_20240904_205700.WAV,531.8794,0.6492483548708979,226907.38963605542,15418.095106555444,0.002454171996955184,0.6309448151293745,0.003475136,4143,-1028.549954088524,-227.3827302204797,-434.2124323521058,106.49020528265804,-100.54509507470486,144.20964141493954,-27.624207074136923,22.340006488827306,-0.8623514040661293,-6.4505601352829105,16.848536003986883,-17.11078213054868,2.404369016508289
FF_04.09.2024_20240904_205800.WAV,520.4872,2.289073347069705,228929.18532682775,15413.073110401689,0.002457509958396903,0.630749120875605,0.0035055545,4146,-1019.8427804195981,-223.55214597207942,-425.83306817241385,107.99996673779236,-95.39211781327867,142.90261353776864,-24.824735262607014,19.859479838311987,-2.060127970554707,-9.326895884157794,17.39807383980027,-17.54040651851216,3.314150211104636
FF_04.09.2024_20240904_205900.WAV,522.65295,2.2173415467123707,234666.8621316315,15363.102702288466,0.002409289076739345,0.6275130305286671,0.0036156839,4141,-991.0580507444101,-209.05173481962726,-397.0847381474733,112.26412576133032,-77.31261467944908,138.1061200973974,-19.469756094651327,8.110523324696327,-2.329542946191076,-17.127982267977757,19.569650509835608,-20.0825318309732,5.724814494659545
FF_04.09.2024_20240904_210000.WAV,523.3154,2.213497621285186,243522.09884604687,15286.47221803833,0.002326376747122043,0.6208187963921724,0.003791327,4099,-986.4169999392386,-208.62696698769287,-398.57052159537847,112.15069195873374,-74.52492555831878,139.12766062312642,-20.22264802474745,6.10889815760659,-2.836678351453677,-16.09738956007418,20.81982415280142,-21.397453885367568,4.588288314042437
FF_04.09.2024_20240904_210100.WAV,523.761,2.182341509389955,237729.41533459545,15304.71979709287,0.0023604669108314687,0.6217551838526154,0.0037017146,4108,-986.6098511162575,-206.2785652548559,-394.4921741381582,112.04108880112952,-73.95035929432301,137.9294164682127,-20.14062209752249,5.243148639660595,-1.1098826873626289,-17.173943130736877,20.04937699009271,-21.323361498290524,5.594252499472302
FF_04.09.2024_20240904_210200.WAV,531.3061,0.5076939668731398,239664.72218571242,15269.913276653782,0.0023326582597117717,0.6182255066781459,0.0037606233,4137,-984.1701786341115,-204.99195912406094,-392.59078895323654,111.550800993774,-72.48926405315838,138.54162124350273,-19.95395129227036,3.5953836394585728,-1.0050319993894703,-17.11818445638866,19.894745029256814,-21.808386853815747,5.828017507312389
FF_04.09.2024_20240904_210300.WAV,530.73846,0.9428028529521414,237466.9451508,15273.292026915111,0.002358446682323701,0.6185290009249349,0.0037217683,4119,-975.52292969285,-199.6028036548505,-380.89589790046386,112.72171541661463,-67.36094027151115,135.52075723920868,-18.003216631916487,-0.2776320375614598,-2.054466964881214,-19.056757874327847,21.79631081088979,-22.190220048675826,6.031724783657027
FF_04.09.2024_20240904_210400.WAV,523.5359,2.2054226521421687,237728.77805260065,15286.710842489954,0.0023701240160669697,0.6192287010482594,0.0037044787,4160,-995.7622493220267,-211.073573157091,-405.029035466547,110.0293135924172,-80.06229179807328,141.03401946238637,-20.602838699402074,8.60386488043004,-2.543916565763525,-13.861830896367936,20.161901168139124,-21.762666543816973,4.068019253940641
FF_04.09.2024_20240904_210500.WAV,523.36444,2.239664046153628,238973.8733597541,15266.21064121315,0.002355485533092597,0.6183826619799423,0.003707616,4093,-1000.1206641290419,-213.78692303143848,-411.79067414123534,108.80823701840066,-82.79069157677486,142.73574380325675,-21.488896036813323,10.816238766875498,-3.2034738405781953,-13.007097382944021,20.675134347439233,-20.98990799155794,3.098845777567685
FF_04.09.2024_20240904_210600.WAV,537.8196,1.9451680954676225,246035.17132089002,15291.389709796096,0.002343789002019792,0.620242166412649,0.003807753,4117,-980.9571623124381,-206.145071139792,-393.73556043932575,113.07387613930187,-72.64977597705395,137.59657316942773,-18.426199522955905,4.913610170453105,-4.069087814511781,-18.05502677189969,22.101559478680894,-20.807739962082078,4.938817225735686
FF_04.09.2024_20240904_210700.WAV,536.31915,1.3201855051554303,238779.57394404837,15287.437112541767,0.0024129375601901915,0.6227920089119509,0.003652457,4112,-989.7831652288885,-208.70682813829316,-401.80602014331157,110.04923864084363,-77.66200828962208,140.14750966671886,-17.978409521383963,7.9151657050304065,-4.7857080616551135,-16.974076762599452,21.081522220894517,-19.46194457893002,5.232798892991423
FF_04.09.2024_20240904_210800.WAV,522.6465,2.081366960332178,238266.01021029273,15267.926823568634,0.0024362499104629625,0.6215729418745346,0.0036308486,4156,-1021.46802154035,-225.98856545889836,-440.4413836732486,102.67329261511954,-99.42611009164801,147.4540385299196,-24.381414611848985,21.620718865040093,-6.559567536720143,-7.029249532049891,19.746471054935377,-15.605624058679616,2.4640825333304286
FF_04.09.2024_20240904_210900.WAV,520.7742,2.1216483911091024,239183.73607282873,15262.486768754434,0.002406447757298876,0.6198703200623604,0.003654607,4130,-998.7462940280441,-213.54622812810655,-413.1965443815188,107.74575620563479,-83.03929120108354,143.05043451218924,-19.87418296725762,11.492383342942093,-4.679234109066534,-13.784909085507262,19.973614280161694,-19.131619184773648,4.774280746365478
FF_04.09.2024_20240904_211000.WAV,535.4297,1.6816146111002404,237169.9507988592,15305.953563179606,0.0024276001443884828,0.6222947291802401,0.0036370945,4128,-970.7218771049404,-198.1814738582727,-377.75265395538503,113.72498705777795,-65.75082457732958,133.28987892435686,-16.32740133211285,0.01126170242313196,-3.287080647377722,-21.554806621070714,21.518104295463115,-19.601703930962906,7.822953463890308
FF_04.09.2024_20240904_211100.WAV,530.60974,2.2410429368691593,243942.88433027247,15275.165660051214,0.002385130489999945,0.6197526126500837,0.003762191,4123,-994.0273240535805,-211.9905212616322,-408.6320274314125,110.34952512108455,-79.22372882964738,140.40230442354888,-21.006939210997526,10.27881507694396,-2.779891485713286,-15.281042997681597,19.785466795993987,-19.226694536606864,4.3570856882498346
FF_04.09.2024_20240904_211200.WAV,529.44104,2.197265752492927,246103.4979529801,15243.99142223608,0.0023505495775547934,0.6176416051982502,0.0038086365,4137,-982.9051696516758,-206.26337732105935,-397.9920674704149,111.37428211673388,-72.48412377411525,137.91773168312304,-18.969160528518312,6.408535440939224,-2.998921804762442,-18.492154543953852,19.964108841971235,-19.241027833377544,5.6479867814246205
FF_04.09.2024_20240904_211300.WAV,543.5499,2.0249057466067604,247634.77945738865,15224.706942810095,0.0023334743659258837,0.6167987474113459,0.0038280864,4135,-954.3182112927146,-191.22130890355078,-367.8369328236131,113.83381016705601,-57.7701567957871,130.45997290445618,-15.166026460409984,-5.576350623194229,-3.244672219380522,-23.567223894712445,22.398864855316855,-19.161843631225548,9.006547231740134
FF_04.09.2024_20240904_211400.WAV,531.04016,2.2832073389324,267126.1393383067,15144.415004910908,0.0022515062586168366,0.6120521846495719,0.004131717,4135,-989.4255993679044,-215.00797988183953,-424.067539749604,108.05760104059253,-81.00696758982035,143.36444962649557,-19.37763385479443,12.390029569321252,-5.760104312773749,-14.172386338206206,19.340024863154095,-19.002863390488184,6.02537170271372
FF_04.09.2024_20240904_211500.WAV,545.9845,2.1017315452727647,256022.0496841731,15183.26088473762,0.0023228350171090695,0.6141301976684661,0.003967007,4126,-901.3046396562476,-165.5211811571272,-318.16566773583133,113.75394402569337,-37.80706799758827,113.64432417764759,-11.627783282010608,-22.05154965363188,-2.6960031109681637,-28.16538497432429,27.557467986825287,-14.750042135141681,12.523502622670723
FF_04.09.2024_20240904_211600.WAV,540.22363,1.1481079734102815,257396.60970298157,15157.311519130048,0.0022806073413809877,0.612063455475149,0.003963284,4130,-997.9610162998472,-217.6589184476644,-428.44158544063,105.73490255894839,-85.92549481565683,145.44286245683452,-19.71607835414666,15.120594657390296,-7.39896375970901,-12.577214809031059,20.456102513728997,-18.331713346503168,5.219720703182201
FF_04.09.2024_20240904_211700.WAV,528.0176,2.2840675945570394,270786.99966758845,15069.739744092198,0.002205188518716114,0.6053577687255678,0.0041996436,4151,-992.0759851371655,-217.24145664826446,-431.60974804126863,104.03823885553041,-84.57121949354135,148.38312125082956,-19.10712902716449,12.705154016919243,-8.560802780977609,-11.728272514520159,20.908904576554033,-18.620072397061072,5.0545910906162
FF_04.09.2024_20240904_211800.WAV,530.0407,1.582606212007729,266617.29217934096,15108.992182355942,0.0022471287756636485,0.6089007163882166,0.0041122576,4121,-985.3260491786896,-213.32479869851218,-421.03811971876195,105.84953250162775,-79.94913837628046,146.12653470101424,-18.088000585751832,10.24184892160051,-7.5432802720588885,-14.464082948945585,20.619964681476347,-19.341726945074093,6.238406105989239
FF_04.09.2024_20240904_211900.WAV,522.125,2.186912551617155,260449.2614604347,15094.44515776554,0.0022748948276755036,0.6070780239261448,0.003998151,4135,-983.6405965009031,-210.4621885796801,-416.039317971035,104.97890373914957,-77.93386970714242,146.1235198852023,-17.614428320091076,8.66608923203117,-7.28157311653018,-15.902396541910159,21.006613860214735,-19.189196083587223,6.525154188637278
FF_04.09.2024_20240904_212000.WAV,524.24817,2.236640929681081,269829.20777503884,14962.184219511435,0.002214267248514697,0.5980984481163906,0.0041739405,4123,-980.8692901721043,-209.5979464349678,-422.0118923539288,101.81790949106848,-77.14976730843235,148.24110202353435,-16.43208514204461,8.44771997053538,-9.004978194714495,-15.12022758746082,21.074761910966753,-18.916420040326738,6.562496501261443
FF_04.09.2024_20240904_212100.WAV,526.22754,2.1577447933561316,268108.03050282004,14972.58597178599,0.0022444698928494587,0.6002970771477103,0.0041145906,4113,-956.6343624493305,-196.280467290903,-393.8417496774785,104.73366896377195,-63.64367585323247,142.17310522234203,-12.606759098017132,-1.3594516823391978,-9.035745884461733,-22.10315509173355,23.097414700289846,-18.500758668443723,9.025046815422442
FF_04.09.2024_20240904_212200.WAV,520.9691,2.289669894008069,267918.834131221,14973.591860750528,0.0022391378400058,0.600653926028481,0.004101246,4114,-999.7033478339916,-219.90161653448772,-444.57167722468387,97.15522861677147,-90.69529120449016,152.8902349001743,-19.961308921402953,17.54929106873523,-9.877020852110807,-11.1239241861109,20.366735037951674,-15.11214878545597,5.229834726438249
FF_04.09.2024_20240904_212300.WAV,524.12805,2.274417098701695,268439.39116254845,14971.734643047106,0.0022012504148551356,0.5994038642207279,0.004150201,4128,-983.8334244527117,-211.07572812420437,-424.1518267835283,102.03646718266938,-77.71031821056499,147.9566725906214,-18.368756267119306,10.588842437132222,-8.063465837917622,-15.901446741806831,20.837954834133825,-17.692482177552517,6.271915941890817
FF_04.09.2024_20240904_212400.WAV,520.1735,2.2771978992914907,266201.8025237016,14955.999966415773,0.002207384237060603,0.5975440871067572,0.0041001015,4112,-990.9279661414295,-214.0227594711848,-431.78561185105605,99.97198593370848,-82.9254827825894,149.74306568532398,-18.058866210490123,12.68089845640808,-9.485438669382367,-12.53238911156372,21.521117437551553,-18.41112316551763,4.428992263805334
FF_04.09.2024_20240904_212500.WAV,520.17487,2.263519370691009,273320.9268519979,14892.886613054983,0.002164481215099813,0.5920425608188291,0.004214858,4153,-987.5884858666034,-213.84921490049476,-434.46675208734325,97.6976663367625,-82.90912988928723,152.91574566963897,-17.801391104565067,11.977916671086403,-10.24128078889012,-12.858411285963534,21.95570349156286,-18.47083028518111,4.491525296486269
FF_04.09.2024_20240904_212600.WAV,519.48315,2.291303770589218,269620.03617674817,14924.818337170442,0.002220293712605114,0.594820273961048,0.004126512,4113,-994.9173397333551,-217.59929447424597,-441.10421954338153,97.04619791280764,-87.12087519873742,153.5082638690013,-19.814032671860716,15.49323612835731,-10.082450858009985,-11.732997716470532,21.435635911686038,-16.99007429757298,4.23515958625638
FF_04.09.2024_20240904_212700.WAV,525.1439,2.253419813403166,284103.1835230579,14851.34516911105,0.0020853184222895797,0.5886564957767125,0.0044145365,4125,-965.1963260802097,-203.92121332990192,-415.86838636063834,101.82952120378172,-69.3659437493377,147.6587250520311,-14.76213916568307,4.52243662368204,-10.519641169406066,-18.787774558295887,23.525287641023844,-19.672483060516356,6.717138235986363
FF_04.09.2024_20240904_212800.WAV,520.2148,2.279838031098197,279396.93009751674,14884.995244484806,0.0021079575506082523,0.591240332540255,0.0043236157,4124,-977.1410530507145,-209.90180096657718,-425.78856051001736,101.22723928671755,-75.15154176339318,150.04632226686925,-17.651070183183467,7.9135269581848435,-9.569505864338232,-15.278883165569628,22.58603607520746,-19.336915870093726,5.394164113798166
FF_04.09.2024_20240904_212900.WAV,539.38635,0.4240799717423367,280947.1059844237,14879.129659910406,0.002092043452922343,0.5903123073052401,0.004346893,4145,-994.5141876555574,-219.88738610574234,-447.39839496748004,98.78430948930014,-85.64731787967877,152.25560736729236,-22.471829931629216,15.893422781199375,-9.187711390486829,-9.239074809197174,21.68679094867625,-18.00448577013743,2.646241852373488
FF_04.09.2024_20240904_213000.WAV,522.3822,1.776434611078292,281922.5157206065,14921.278805148675,0.002070583430133731,0.5937822672829021,0.0043835104,4120,-922.0866899896834,-180.8825408168051,-363.39440719118295,110.48821629048089,-44.17598871642799,129.57353701254564,-13.709054112444855,-13.843367897420162,-6.210819897044873,-25.845744434666912,27.249525223524,-18.675942371512967,9.0847573580786
FF_04.09.2024_20240904_213100.WAV,525.1061,2.2889827995395673,284939.6623888079,14933.821778600275,0.0020533312413371176,0.5946341235515171,0.0044409567,4116,-979.953354588555,-213.1834240352079,-430.4996803835565,104.19828206774754,-75.85322726668866,147.48428665864782,-20.277823423717518,10.95820503923912,-6.91430748747791,-15.336315588994092,21.176119259318753,-18.968125624935986,4.391797947297243
FF_04.09.2024_20240904_213200.WAV,521.678,2.2967445145689402,301415.3569741582,14884.533059563262,0.0019816816803468885,0.5915493713060778,0.00469234,4146,-980.7420561173743,-218.14461947359374,-444.2561856452559,103.04486517649391,-80.07515205177683,149.36067963915104,-20.30547706623738,15.127449736403126,-9.62292092155153,-13.658485474673876,22.193199161843566,-17.902979587486627,3.1966903775475863
FF_04.09.2024_20240904_213300.WAV,522.74255,2.2977228585765532,297188.5619046477,14906.190310186184,0.001991886991390432,0.5913226822819714,0.004631828,4129,-984.8843289203367,-220.04279747611895,-445.1684542301606,103.05359746089238,-82.05194149695419,150.0967148700282,-22.02309410882813,14.985274872891317,-9.24432876785212,-10.364314493103809,21.96365833342681,-19.75894359417301,3.1298182279656253
FF_04.09.2024_20240904_213400.WAV,530.22876,2.2243612235631467,297764.6144179854,14903.115940286096,0.002010163537273309,0.5921221837479058,0.004628895,4120,-959.7281105717291,-206.20755527148063,-416.1378448922039,106.77567797304829,-66.00917606314223,144.14833621580772,-17.695598571350438,5.377032482379776,-8.887083412635592,-18.011672722708663,22.875651328450356,-21.584142817029324,6.402698246091313
FF_04.09.2024_20240904_213500.WAV,526.97034,0.5526646224944003,282957.31554926164,14908.99205992097,0.00210588700459636,0.5942552783821202,0.004344383,4141,-989.3024814812028,-218.50348211855635,-443.6364084737198,100.25068327782614,-83.202967805355,151.0018400238436,-20.93393708928034,15.396621300593557,-9.770269441013939,-10.960798096190992,21.548809452748532,-19.06205120734192,4.233608596018562
FF_04.09.2024_20240904_213600.WAV,521.8611,2.2943386098645258,274746.31524216465,14953.74642956541,0.0021405501421858215,0.5961985868566176,0.0042404956,4120,-993.0004577547153,-218.1815181468081,-439.46853601937045,101.25183178454391,-83.84534874486909,150.49589604298993,-21.924543318295115,13.481962219382524,-7.826729477343576,-9.161610452596888,20.644868003341557,-19.716684708441516,3.913884139534516
FF_04.09.2024_20240904_213700.WAV,519.25684,2.2919247147106465,285535.1705754496,14884.93446700094,0.002062786566265786,0.590857578939408,0.004408553,4130,-981.8411781579672,-214.53730624516592,-435.30536762659284,101.22703504968331,-78.44610059210422,151.32541863429512,-19.59111601241816,9.900954787611726,-9.056890442915135,-12.064238273950664,22.054653341731168,-19.748197077485734,3.9693675080393866
FF_04.09.2024_20240904_213800.WAV,539.2871,1.1072134913864595,304528.32647115743,14780.440532905734,0.0019259292246399692,0.5818210127454858,0.0047610193,4101,-975.333496698322,-214.99861241145925,-440.15168533145726,101.21048610336435,-75.45968625530021,151.94957869590056,-20.351350919142718,9.367940749226134,-10.170917849781693,-10.959534232920971,22.73450987921699,-20.83863038307696,3.650739799949076
FF_04.09.2024_20240904_213900.WAV,525.3317,2.2865684504122696,321806.93319721584,14716.101887360388,0.0018138951676720052,0.5755469804367555,0.0050790343,4121,-955.7859128108748,-207.94813090878802,-428.0071623656045,104.39405344619334,-64.69588131586117,148.65226034501214,-17.636423179667702,2.8126922855631076,-11.468568574771892,-14.355202724018357,24.773435431389544,-22.417028872220083,4.925450399118601
FF_04.09.2024_20240904_214000.WAV,524.61334,1.5952079713785485,320608.3250893037,14718.579249511886,0.0017912833311152815,0.5751692259924144,0.0050901165,4115,-959.3835929779524,-208.95889775526453,-430.02920698024695,104.59719765850775,-66.35978099439099,148.9758702657618,-17.624469436177762,2.542459224024866,-11.054538075795998,-12.674240452623321,24.570475654709657,-22.750099571861895,4.37730791576992
FF_04.09.2024_20240904_214100.WAV,522.4241,2.2866082474228158,316005.2343190006,14743.832147933432,0.0018519717668284926,0.5777160689978127,0.0049725124,4138,-961.7314346503199,-209.9319980451787,-431.73041463572764,104.03178736521761,-67.75605784697208,148.8151929644281,-18.16511345803962,4.820063902603192,-10.323609786362564,-13.36200240106755,22.963201280821917,-21.397127274915594,5.204680094234962
FF_04.09.2024_20240904_214200.WAV,522.3427,2.279446742005551,326101.6175155565,14778.947894330895,0.001778750349850255,0.5776966177343168,0.005156103,4127,-958.8620739483371,-211.3314675003547,-433.60971071677835,106.83663519816791,-68.2880374575311,147.29519681170694,-17.056264452996885,5.320992215815954,-10.735114159141046,-13.20545052817024,22.595188085808886,-22.50520200161519,6.56816344819844
FF_04.09.2024_20240904_214300.WAV,520.03345,2.24692047862892,290085.0493695699,14878.825575286757,0.0020123297177813072,0.5879300728895197,0.0045228316,4134,-966.8078947343279,-207.33501039718226,-420.1969162403776,104.0984739931387,-70.64589225262763,147.49332101164075,-16.232945962725598,4.3778509366017895,-9.252160941406055,-15.428921779045405,22.726604670782294,-21.30647625073573,4.816395192705866
FF_04.09.2024_20240904_214400.WAV,521.23694,0.5870395599316715,290970.07753348653,14840.773286970185,0.002021826831941243,0.5852649771093168,0.0045204414,4116,-978.95153188458,-214.4748331181052,-436.08507450155673,100.3962773093713,-78.18633314712977,152.31988001467457,-19.379836157034163,9.700480721208354,-9.93798560721358,-11.28082813562999,22.218162428854704,-20.599820785898462,3.7981778229649246
FF_04.09.2024_20240904_214500.WAV,525.5803,2.161055904830007,293368.647572747,14815.434781596325,0.002000276068053165,0.5830968883795606,0.0045857998,4127,-964.6595534422589,-206.10283694485733,-420.3213389984756,102.79101051737193,-68.94003928283878,148.75958289985059,-16.963060180906332,3.1603070165603158,-9.203048123370802,-15.555304664174596,23.07273589631972,-21.12981271323248,4.844684410072221
FF_04.09.2024_20240904_214600.WAV,524.6869,2.1938669842790706,303863.26049394684,14760.188281902369,0.0018964571620619498,0.5778710428494974,0.004828953,4148,-942.9378579266421,-196.12780668240552,-400.5428508365846,105.89898988170245,-55.8409011250707,143.26507739617892,-15.706435554147527,-5.499815008684391,-8.63780187281022,-19.140388597222664,24.496668999494283,-21.59669399974875,7.017729661293201
FF_04.09.2024_20240904_214700.WAV,523.87384,2.1982270895054707,290087.7812216673,14830.465446718574,0.0020093093643207467,0.5844921984072505,0.0045547117,4112,-972.6314721524282,-209.71616118919667,-426.07085421806613,102.17561235424363,-72.12426282573004,150.02344395788003,-19.41233143999609,5.7350643911294945,-7.94115290503645,-13.68409191277398,22.302816957035674,-21.171854924175296,3.958382608083386
FF_04.09.2024_20240904_214800.WAV,524.9463,2.2776738207756733,284914.52696583164,14908.898154377572,0.002115381976166984,0.5920021130980082,0.004379315,4113,-998.8800092263349,-224.60734554332274,-456.1591403139331,96.11545849365174,-93.46020281054611,156.2027476297554,-22.87383741744059,17.741501313763717,-9.953477437902423,-6.503839410167726,20.743199628916127,-16.92010344971249,2.5829572804700534
FF_04.09.2024_20240904_214900.WAV,525.5121,2.302585092994046,253499.5361152443,15104.395641517165,0.002304596598484147,0.6073117117693596,0.0038863379,4123,-995.1567714116405,-214.45422279929144,-423.5076591983676,103.27453253250053,-83.50354431041585,148.16593402287833,-20.150516535277486,10.932417978572936,-6.0298425681999115,-11.750431025064339,20.309504514767212,-19.809353273265216,3.9883000439783394
FF_04.09.2024_20240904_215000.WAV,521.95374,2.302585092994046,252274.2904948508,15116.597532129721,0.0022974428782800787,0.6083297218214817,0.0038684562,4153,-1007.6230688152035,-221.1663728222669,-436.8100413392105,101.6048439614045,-91.05987551647414,150.22941743068614,-23.460409161615175,15.70379303754092,-5.828238564614932,-7.796061715104496,19.995702830437864,-18.38724414628104,2.642451660230978
FF_04.09.2024_20240904_215100.WAV,520.98596,2.288548200709089,258912.27688066007,15118.426952076568,0.0022368792308508512,0.6078547110596612,0.0039868574,4135,-985.9947980251541,-211.52551181102766,-415.6643530922007,106.81309678423182,-77.54788777490312,145.16046528125074,-20.254014430419463,8.243078525410223,-4.635161012986962,-13.878102236838128,20.271779038782405,-21.240694430164,4.893075014157618
FF_04.09.2024_20240904_215200.WAV,519.1969,2.287803617932638,240619.96698737776,15224.630917946099,0.002413713946042385,0.6176516944050168,0.00367392,4115,-1011.9423638780784,-220.96773522059033,-432.20863125743614,102.39422058653234,-93.69826958280066,147.8749475271777,-22.973148703594067,17.943141199380168,-4.256721874482028,-9.183776606844487,18.307506440751084,-18.268272527733853,3.407572265978999
FF_04.09.2024_20240904_215300.WAV,520.7428,2.29261984447083,245485.85350517972,15159.224672754886,0.002397991513961068,0.6141057472484642,0.0037491927,4119,-1012.5970607743754,-221.8499428121815,-437.6404799315281,100.42649257277787,-94.44341052281011,149.5197312970351,-23.064183039805904,19.00039084123543,-6.157537006334728,-8.633426391425372,19.52154436581184,-17.462460976741177,2.9063342802437644
FF_04.09.2024_20240904_215400.WAV,525.3257,1.9372697746602177,243112.89131587147,15196.232459001825,0.0023335808674852755,0.6145067704939966,0.0037536025,4123,-1009.9709562220215,-219.83061409103271,-428.72700484650466,105.24277293607017,-89.15312182750277,145.77727435462242,-24.1524638154469,15.535129677613163,-3.654435843154915,-7.9582866115253985,19.368097601327104,-20.456995595664594,2.417723425698311
FF_04.09.2024_20240904_215500.WAV,521.7147,2.283762847876602,244728.1023033204,15197.81483095148,0.0023347133994795306,0.6142139108165022,0.0037724115,4136,-1005.0253755628555,-217.69387358610834,-424.25512776606325,105.94448504293278,-86.54523161515732,145.1681912018584,-22.371825876336505,13.928988677407936,-4.594232182545982,-9.839971789823663,20.23391914019407,-20.33159244225552,2.353210006925568
FF_04.09.2024_20240904_215600.WAV,521.05585,0.7606855631140061,245733.72849712466,15237.746408751298,0.002302044410210309,0.616525429891102,0.0038144721,4147,-1000.8665804778598,-216.2337040975243,-417.71228623316,109.3522849479061,-83.34005727746593,142.51274509674167,-22.350635874661904,11.893943747820952,-2.9124073313276257,-10.388988365762154,18.84741179951039,-21.906189372278202,4.127138638804507
FF_04.09.2024_20240904_215700.WAV,531.871,1.039868588740145,253656.58927233,15177.434402654591,0.0022586834263132716,0.6122916896930846,0.0039646295,4147,-990.6564468217806,-212.2861538929733,-412.1646979537,109.15637942732036,-77.91425639473267,142.5942777620957,-21.74921243558296,8.456239561606186,-2.738275999557591,-12.27591146384766,19.123805521273628,-22.391829250347396,4.771472631346793
FF_04.09.2024_20240904_215800.WAV,536.692,1.2362164423716835,248328.1186451495,15222.362574382842,0.002319004670044921,0.6170250728604337,0.003845695,4116,-969.7281818747857,-200.21876346027705,-385.0493024413005,112.25379688299172,-66.07415370965347,135.71925863573495,-17.339651261773138,0.6622787103822206,-3.6907975267114628,-18.91677046042974,21.373668101818893,-22.179258928702772,6.661380705648144
FF_04.09.2024_20240904_215900.WAV,528.97345,1.9076385967274991,246492.87937666883,15211.693837087376,0.002359674284978773,0.616638047253118,0.0037943022,4125,-985.5333896758845,-208.44101152034088,-403.22330024339817,108.65000912731831,-76.09279784313517,141.34616485762226,-18.52748794287568,7.349265194794577,-5.240418984191856,-15.47365577164186,21.12099327868756,-21.227923953075802,4.697360959101748
FF_04.09.2024_20240904_220000.WAV,525.71545,2.132807012566304,249550.68195901124,15181.352017781373,0.0023190268510817143,0.6136879995520755,0.003845031,4098,-1007.1489336761825,-220.77574511434256,-431.40816581235833,103.99831690841981,-90.79336829624839,147.4362302287861,-22.50231894817469,15.869820534307097,-6.061750826586553,-8.142369187241428,20.08155869224179,-18.990211116624835,2.4976952941399366
FF_04.09.2024_20240904_220100.WAV,529.67847,2.302585092994046,238134.5026022659,15281.714346516064,0.002381899188164302,0.6205007591446389,0.0036684894,4112,-964.8178369285291,-194.9406674123411,-370.8310171590619,113.9505397550016,-62.244264045893665,131.9778251275062,-16.375141660574958,-3.0507379891385797,-2.928291465685637,-21.338184576815124,22.22541432245237,-20.992138635974978,7.611054899260135
FF_04.09.2024_20240904_220200.WAV,523.6771,2.19465170467177,232103.97920274443,15388.429754571742,0.0024427883127685042,0.6276959996567851,0.0035699932,4137,-996.0109125687482,-211.16964713829182,-399.7238437524719,112.72240846234544,-79.83525833192522,137.5254148032474,-20.00024754101957,10.079925170424572,-2.2899366437582764,-15.198013804334728,19.038948411378083,-21.300444455765998,5.288043616055509
FF_04.09.2024_20240904_220300.WAV,520.93005,2.2906381845509234,233940.2774711421,15361.818523685102,0.00241695485650079,0.6260399154469937,0.003593102,4111,-1026.718661650461,-228.550606047867,-438.62506228861866,105.88591269242255,-101.13883140394528,144.5531351981379,-26.942883124435163,23.01921167709159,-3.218612833016946,-4.403379363460538,17.666302879920877,-18.25368584790891,2.0777918270423514
FF_04.09.2024_20240904_220400.WAV,517.9164,2.2456602937384655,225729.78192844638,15429.466816761429,0.0024716965293729576,0.6306339584884587,0.0034526533,4129,-1028.2986211901218,-227.61308994827647,-432.97422996163766,107.14054470809381,-100.76226385634058,143.2730447210312,-27.010351018574728,22.81621379878157,-1.9219611974923223,-5.462473356149645,16.90045383063723,-18.41108945998787,2.6951500445812884
FF_04.09.2024_20240904_220500.WAV,528.9118,1.3616944866007246,226125.7319822055,15403.75327688305,0.002488455060793077,0.6285743060080045,0.0034586398,4163,-1018.9873128629018,-222.47533241249147,-422.96149018981407,107.76901687922485,-94.75312929087258,142.54851400152492,-24.345190401206718,19.304178309975608,-2.6414577519155378,-8.138689746222136,17.896839152357977,-20.038499846722456,2.9027235060895507
FF_04.09.2024_20240904_220600.WAV,530.9437,1.8614294976677956,231480.85086623154,15442.464471847148,0.0024308270547898202,0.6309640846053611,0.0035948672,4103,-976.6998638404813,-201.56395897545028,-374.7925864770986,115.92029279707414,-69.84968166906464,132.39911184014989,-17.921965447250862,1.869359663280933,-1.4871803314435796,-19.2258745252023,20.00834580656856,-22.11139389895546,7.20687278502366
FF_04.09.2024_20240904_220700.WAV,525.2903,1.9536212576730208,238850.0077592713,15442.342721636556,0.002379176370999337,0.6309927161380771,0.0037101165,4138,-970.3343716143324,-201.16116072146417,-373.2203758795685,115.95425057735427,-69.16576532610246,133.17957978811341,-17.141330373951053,0.5913480047116727,-2.2736840432740886,-19.8177785339922,20.320334315309243,-21.9671382918946,7.587406161841068
FF_04.09.2024_20240904_220800.WAV,656.0621,1.066300731350092,237830.67869665663,15336.734404788722,0.0024030105643442347,0.6239732641474312,0.0037074576,4106,-925.9509402490622,-174.7271585979532,-325.52318950124004,117.6241641428838,-45.10027714436509,116.1045655208376,-14.486247257342214,-17.176385863052243,-1.060566761939876,-24.763372579123136,25.662877090342512,-19.16016827928484,10.217152897544041
FF_04.09.2024_20240904_220900.WAV,536.87036,2.302585092994046,232022.87118091123,15386.644577353347,0.0024326589552540216,0.6276194671153668,0.0035487555,4111,-1019.3305000101515,-224.65778864938736,-428.87310304729266,107.35868827624128,-96.95683690493513,143.78941186274702,-24.064508260969937,19.60677907873581,-3.8426556306863393,-6.677904013628314,18.615646084952303,-19.289821917527224,2.122485337198299
FF_04.09.2024_20240904_221000.WAV,533.7437,2.302585092994046,233122.60671485387,15381.364074473084,0.0024494257101724446,0.6277109971263031,0.0035644632,4111,-999.505388610005,-214.06421929583854,-406.2765519213056,110.50239950263051,-83.77730547739486,140.3349813259224,-20.520060171017345,11.815897284570022,-3.068679357644902,-13.45488393284903,19.023477308264358,-20.611383535063553,4.123889358167519
FF_04.09.2024_20240904_221100.WAV,517.89215,2.1905547361068853,230408.70944911495,15368.336565582476,0.0024651763894935714,0.6269479440559848,0.0035102805,4114,-1034.5331225570762,-232.25944320364877,-447.1883266030551,102.17584537154377,-107.80634248004839,147.39483868224977,-28.580419786643812,25.680204359180937,-4.229847235072855,-2.379249036814815,17.981343172201644,-15.604951469298067,1.216608325604008
FF_04.09.2024_20240904_221200.WAV,518.3821,2.2566682979855304,234796.45765927175,15331.195318795844,0.002426199748567784,0.6240300727440897,0.0035827442,4118,-1031.170777556439,-231.62427954673532,-446.7264638335737,102.79241531043864,-104.9640594221087,147.30334240270795,-28.88013119269839,24.27421893952403,-4.011008154577673,-2.0589925615797244,18.363754353465584,-16.672880256018317,0.5508731878643877
FF_04.09.2024_20240904_221300.WAV,516.833,2.2109634104017872,229031.80658447294,15392.20828976775,0.002448773853384332,0.6275875634074832,0.0034979577,4123,-1024.6764645533888,-226.79715962894204,-432.5897989558605,106.4950724461581,-98.99822551401313,144.4106676824802,-26.38210219790981,21.31364589101392,-3.1333538661133638,-5.570463249411965,18.594068295778868,-18.672951451564888,1.1750417336748153
FF_04.09.2024_20240904_221400.WAV,528.9303,1.3344665502424609,226751.1547170748,15407.493574883616,0.002470824261103131,0.6291076705603127,0.0034684034,4106,-993.8757165382931,-209.0760230751777,-393.71940124171056,113.12358173509419,-77.50830808052,136.23727279458024,-20.037534918272215,8.815163266460507,-1.7573600528754751,-15.945278039513443,18.90973463487185,-21.70674647411509,5.19113083008545
FF_04.09.2024_20240904_221500.WAV,518.275,2.2899494205742545,233522.18733223615,15319.489243884052,0.002406761044942026,0.6228076426377513,0.0035929922,4138,-1021.1622406119344,-224.85168408488255,-432.0283507028715,106.19977640758073,-95.90362760026896,144.65429056407243,-25.96499549479143,19.41415031597233,-2.8694799868257403,-5.470701832353509,18.51701285955715,-19.924860097617984,0.9531551795682877
FF_04.09.2024_20240904_221600.WAV,521.0132,2.2299820272062068,231255.1402976346,15365.631230763507,0.0024475982142311017,0.626654902590981,0.0035367599,4119,-1000.1089163558316,-213.2688739729156,-405.67987203733475,110.4427851454556,-82.61783936254189,140.15519906596566,-20.532213528228606,11.249682139455494,-2.6523996573405957,-13.661559806926787,18.850826335344212,-20.883955807778925,4.132342322430305
FF_04.09.2024_20240904_221700.WAV,516.58734,2.174951946929797,225900.07368692936,15433.242221360564,0.0024669538244076476,0.6311889557543745,0.0034556512,4106,-1038.976756970277,-233.48385180909492,-446.03695573720626,105.00572563326047,-108.69599991334852,144.25841050614144,-29.663603367382073,26.829711896623436,-3.108682879566159,-1.4699756932514825,17.721384991776457,-16.215512786768286,0.8221649036950712
FF_04.09.2024_20240904_221800.WAV,518.5387,2.1717334786010314,227288.0898320039,15429.850069044562,0.002442998495379879,0.6301288618938478,0.003481627,4100,-1035.6428088496677,-232.1376404234163,-442.71154231490976,105.94976936783053,-106.45372494061621,144.23154273358256,-29.023278976269257,25.38174108709398,-3.0070326121280426,-2.225920837949163,18.46687006173454,-17.428870457048717,0.3878810072961796
FF_04.09.2024_20240904_221900.WAV,518.5907,1.811823822734922,225797.61343480521,15435.848028069893,0.002453310031841914,0.6308870067014147,0.0034564182,4125,-1035.899770388452,-231.6930014015818,-441.7211484073493,106.2816435530905,-105.79989326731267,143.80615032044514,-29.246017706156042,25.3342424525694,-2.5489432478081833,-2.7903120419103726,18.34152342518376,-17.279828393627962,0.6274675321206393
FF_04.09.2024_20240904_222000.WAV,518.4186,2.216978196498346,232251.70561609833,15428.256326193057,0.0023975825606628674,0.6297003887344099,0.0035685585,4128,-1015.9680849457272,-223.2303092463507,-422.6314598813746,111.61497458551284,-92.5086525819967,139.87209421528007,-24.756544751544762,19.366520633483074,-2.2831701913936113,-8.959249224690888,18.73340147720315,-20.644546194039357,2.352345113697974
FF_04.09.2024_20240904_222100.WAV,520.3125,2.279214762434349,224819.77964753215,15449.202497148557,0.002467661723558155,0.6308079291348659,0.0034501299,4132,-980.6293039425641,-201.21283297010675,-375.27966707753757,116.72839673212569,-69.61751455082965,130.5174663097228,-17.89196546643698,3.0801255310815154,-1.2925388227076404,-19.64890425691491,20.401783680712175,-22.4984131361199,6.88145588011857
FF_04.09.2024_20240904_222200.WAV,519.61084,2.268656861320193,222693.53399937862,15477.958766582713,0.002484602106342624,0.6334327589817572,0.0034194407,4146,-1029.3022071882092,-227.19024656051374,-429.59654345353823,108.91814148773258,-100.23639473366362,141.56726133190128,-26.80978120330088,22.99613366232456,-1.4700780494055372,-6.497256313594105,17.363320104196582,-18.779839050421355,2.213937360447404
FF_04.09.2024_20240904_222300.WAV,521.2515,1.9120082247311805,221154.43316819388,15476.055728323525,0.0025032494280732417,0.633892499592796,0.0033887464,4134,-1028.3855833221685,-225.91332332457932,-427.8724392100253,108.71136217283558,-99.20579933851984,141.36163538460366,-26.820085785799485,22.39980819195239,-0.4136480044431565,-7.416153365320756,16.493072494542513,-18.329831457534986,3.0749053426835395
FF_04.09.2024_20240904_222400.WAV,517.3887,2.2835079257403956,218847.86485747035,15516.036786233026,0.0025218037570914928,0.6359101591586002,0.0033468038,4136,-1045.3903635041197,-235.75653135968852,-446.08404202843025,105.2440677094601,-112.68061068800391,143.46933589925519,-31.555703198557733,29.521872476035043,-1.9646705928966948,-0.984598549619163,16.582008743568327,-15.636382117872186,1.5763679663387598
FF_04.09.2024_20240904_222500.WAV,517.93427,2.286051788345075,218777.727732644,15504.628689269031,0.0025229043828381317,0.6353650693119416,0.003348386,4106,-1031.613882597427,-227.4906104270886,-429.42001233206264,108.2479916020776,-102.06607239430802,141.81279601006202,-26.98137807826276,23.568041595403912,-1.0652476606072507,-6.340427337154613,16.838977934178676,-18.31061013253268,2.702873779220501
FF_04.09.2024_20240904_222600.WAV,521.0737,0.7154613100066821,220851.51656150995,15453.53725468448,0.0025374479920273244,0.6324338366181125,0.003376616,4137,-1016.7013450495346,-219.3297073929309,-414.9517439578861,109.09045121486862,-92.35242891832202,140.67545956912005,-23.011637598078288,17.99705208662366,-1.7175337852261674,-11.36939791064666,17.739174981381396,-19.384255795726062,3.886996712688862
FF_04.09.2024_20240904_222700.WAV,517.9729,1.9843028279987334,225947.05654814537,15427.902591015336,0.0024882479273536863,0.6310058957325019,0.0034507196,4139,-1038.531315021014,-233.07006174024474,-446.24887518560195,103.89176731542194,-108.9805314133397,145.42177308900946,-28.9361432235641,27.43140340439908,-3.75682815975871,-3.084008582063022,18.197329214947334,-15.584343650064486,1.2464145070892676
FF_04.09.2024_20240904_222800.WAV,516.5903,2.295969246996904,225298.7921829105,15436.391021036236,0.0024855443267363052,0.6314860874383377,0.0034394388,4106,-1036.3296420551746,-231.88718497782983,-443.03294368317404,104.78901755647472,-107.23526852480393,144.59588588777694,-28.944573119036985,26.577828215534694,-2.8934394417567764,-3.4492079054730325,17.643490234503783,-16.270961542303926,1.8052873311561606
FF_04.09.2024_20240904_222900.WAV,517.79944,2.2718411177064763,222523.09117969818,15460.955811043372,0.0025112417396572443,0.6330018316909438,0.0033952226,4112,-1032.9283494383726,-229.50401641884895,-435.7218983822026,106.16925410873317,-103.7968326260289,143.65246065498772,-28.127408134424012,25.124172415207344,-2.133327992803392,-5.461633230179769,17.32072946455826,-17.300898539054096,2.155493865368992
FF_04.09.2024_20240904_223000.WAV,518.2955,2.2273711060087558,227729.37488109825,15427.834107675866,0.002464591292767505,0.6303957259575111,0.0034816149,4125,-1025.1698271220598,-226.81317831358476,-431.2502461006378,107.11641865221037,-99.51751833394059,143.6730214238486,-26.47242409182808,22.588914182618097,-2.5276049400060145,-6.8173427547414684,18.085279575674477,-18.954866695053823,1.9694907808701652
FF_04.09.2024_20240904_223100.WAV,527.49384,2.302585092994046,228008.56127411933,15431.750198888378,0.002454197109405728,0.6303064682904411,0.003501694,4144,-1023.4355644543614,-225.7999701819192,-428.17091244153505,108.3652596410967,-97.67039981032748,142.76639344529661,-26.465460687315712,21.480425219071147,-2.079183839113135,-6.901522496778983,18.206292566308402,-19.98210923512761,2.049957986023369
FF_04.09.2024_20240904_223200.WAV,517.8283,0.2618447511760095,220206.34816780718,15490.750212599221,0.002529806702016507,0.6343559668477755,0.0033660315,4116,-1038.1760538031795,-232.20862209923075,-439.05414621259547,106.14607318606444,-107.35555360953416,143.31409529097962,-29.19183726491378,26.868281228694944,-2.476679340366458,-3.2400718742715595,16.98553912037129,-16.78864397955934,1.8233977994011175
FF_04.09.2024_20240904_223300.WAV,516.1023,0.5298222728503419,221621.90043948547,15464.758854872378,0.002514118350119154,0.6328296789196296,0.0033880789,4137,-1041.63450725744,-233.98946349071977,-444.9360667836257,104.45600534812198,-110.15133881116871,144.60350471166467,-30.084267725827477,27.605418056509176,-2.836212774878379,-1.4795604916136116,17.248443614762582,-15.942485977418272,1.0530828119368976
FF_04.09.2024_20240904_223400.WAV,518.56885,2.2054519769179244,223365.58644113698,15416.630824153804,0.002498895673825794,0.6298823580312267,0.0034215054,4119,-1017.7493412232654,-220.61617270219614,-418.36639267452654,108.73842012040262,-92.43259329263549,141.60332963313604,-23.923689118183063,18.01056221085014,-2.2860093326260436,-9.687246714066577,18.491289043813243,-19.919322145535972,2.4711549631492638
FF_04.09.2024_20240904_223500.WAV,516.9343,2.278484767952002,220796.2413599106,15449.947913753836,0.002514125490761337,0.6319554627873697,0.0033802309,4126,-1025.0570114969962,-224.06719972142517,-424.2107658276136,107.81348245860114,-97.22932697306076,142.5307286670799,-25.601642470103855,20.589208698313534,-1.7831038748181238,-7.881156682303021,17.950118835837316,-19.138395901747657,1.968154799037517
FF_04.09.2024_20240904_223600.WAV,517.27527,2.26999066955993,220700.87026523935,15439.89284683252,0.002524938923220103,0.6314854511820551,0.0033817291,4117,-1035.0933643657056,-229.34739029182217,-436.38207091344657,105.23920077511607,-104.44773795705694,144.17528650184255,-28.24646751827863,24.253136003212084,-2.155607344797676,-3.734521698921111,17.65415540082485,-17.705781014138488,0.9098415923913394
FF_04.09.2024_20240904_223700.WAV,517.40393,1.7663406189274906,219105.79944848502,15446.790768147497,0.0025239965619580666,0.6322061477627048,0.0033573597,4111,-1025.9744194728426,-223.6450695393429,-423.42826651670475,107.83745632199964,-97.03509521038893,142.0671757976907,-25.664007282617057,20.311672927238423,-1.4187488543536406,-7.27697246894139,17.702452201451937,-19.534951284524716,1.8548675434208854
FF_04.09.2024_20240904_223800.WAV,520.73883,1.9809029444716306,224355.04511626836,15419.339708005728,0.002485066316259182,0.6297691044129281,0.0034425426,4110,-1016.3561837088976,-219.93532284671062,-416.7660105189358,109.5946104993513,-90.94855863668776,140.75520040163056,-24.461561186020717,17.39300387904201,-1.0740703696082643,-9.882263699227742,17.98712723919606,-20.70110253491015,2.4955391918510688
FF_04.09.2024_20240904_223900.WAV,535.22595,1.3618133980073923,222333.8934627821,15432.26839111549,0.0025255198855810884,0.630669043477755,0.0033948303,4108,-1033.5585067473553,-229.46966026582086,-436.9046497358555,104.7618792034108,-104.59630751276319,144.55384707802654,-27.699121667798313,24.76104782192312,-2.7971181621420502,-4.083186810950929,17.453552389720738,-17.60107751462746,1.176482427732242
FF_04.09.2024_20240904_224000.WAV,518.1931,2.1838375164735635,219635.25793646005,15476.684673445363,0.0025407972549951773,0.6337367076973194,0.0033639588,4117,-951.9685724071707,-184.58893808024789,-339.2626327064498,117.963525595698,-55.72826332586627,121.31283849118836,-15.390513913447151,-8.513302421354672,-0.1750788610199065,-25.090041252045232,22.447239930588903,-20.29752727955041,9.94361936743831
FF_04.09.2024_20240904_224100.WAV,516.7726,2.186989331547874,221277.63957590758,15448.341940934804,0.002518134226635944,0.6318134867426005,0.0033791927,4140,-1036.4213300008735,-230.54974305658513,-438.8510753483334,105.20547009274082,-106.02501919289416,144.18575425228605,-28.516651487146245,25.29506430987858,-2.3743724818821303,-3.3170999655818525,17.127449829848906,-17.29766816236613,1.7040416175823008
FF_04.09.2024_20240904_224200.WAV,519.526,2.2576726212510083,221990.2223049315,15483.031426768923,0.002517103691367516,0.6340247500058172,0.0033878488,4125,-1005.2037085186897,-214.2325396144416,-402.22155363693406,112.63509039009696,-85.44580094532611,137.28401693869404,-20.685644100654542,14.155511794646626,-1.6130966853383948,-14.718293618160532,18.251330705972084,-21.394522137280784,4.957368778275939
FF_04.09.2024_20240904_224300.WAV,523.4253,1.6722765823619956,221276.98181324152,15467.467575113526,0.0025354382698632317,0.6329672011704207,0.0033792024,4092,-1004.5189820561181,-213.35759876028058,-400.8816492622054,111.79132792283187,-84.75113026138058,137.86611864633713,-20.60137129156303,13.473747002581474,-1.5867393620224255,-14.86672383431307,18.037400880795634,-21.3645847420955,5.021634694093209
FF_04.09.2024_20240904_224400.WAV,529.8133,1.6481411129987138,223223.8737795468,15451.333052723603,0.002532415336180495,0.6314096457906738,0.0034178498,4113,-954.935634898007,-187.0340182632003,-346.34488668808933,117.23111212646889,-57.90918918070969,123.39476110203701,-14.915898234734811,-6.392178798587522,-1.0253083733565922,-24.919805709980796,21.985135198954566,-20.70723240529587,10.00609721713382
FF_04.09.2024_20240904_224500.WAV,516.49536,2.208961153790995,220380.0727915293,15480.502518272007,0.002544878435049165,0.6340866486527365,0.003358824,4121,-1046.8575462036742,-236.4767747494216,-451.7628825961671,102.13676372392185,-115.88249252188655,145.2159959880492,-31.65141685461847,31.063546383625695,-2.7605006262412766,-0.8607592068529205,16.19775844778316,-14.219401879556447,2.0257562630919033
FF_04.09.2024_20240904_224600.WAV,517.2398,2.256750844794925,223803.4374728175,15434.482721871469,0.002529932286712721,0.6312823945341586,0.0034080558,4096,-1029.4988316674728,-227.79009197182154,-434.75442835396643,104.66795506204053,-103.482507442803,144.5010116976955,-26.203353694271886,24.85867618471502,-2.608728689533158,-6.488472729924271,16.581124954409823,-17.58562344587632,2.579159471485953
FF_04.09.2024_20240904_224700.WAV,519.267,1.0827441981173536,225433.02320936823,15420.233289154618,0.002531831290317385,0.6306473198703928,0.0034299952,4117,-1049.5015983536316,-239.60825933086886,-461.5869336873234,98.30628031250619,-120.34055243215364,147.53635429520887,-33.11947818594051,33.21605946355444,-4.454716619219363,1.6887550972114853,16.139413152033043,-12.575405748154527,1.1708539129609254
FF_04.09.2024_20240904_224800.WAV,521.40894,2.180790192843867,226957.12564764684,15387.898940944588,0.0025078313329214776,0.627648553116856,0.0034629626,4138,-1015.7071656935939,-220.94563656046682,-421.30054132171625,106.37746272426989,-94.03707545455437,143.49405239644335,-23.068014010495332,19.05706545114199,-3.015074649948386,-9.940319702293127,17.76210969124322,-19.963384425264,2.8394446993497935
FF_04.09.2024_20240904_224900.WAV,520.0343,2.302585092994046,221247.71169601282,15459.094171616793,0.00254770551588526,0.6325981725265264,0.0033744469,4142,-1050.797342740478,-239.02326834321073,-457.4846301870454,100.45632866595668,-118.82386427297351,146.03689573548138,-33.291082755722684,32.43227628343727,-3.416540153866722,1.6718512733984043,15.992371468008422,-13.586911261444175,1.457543811133627
FF_04.09.2024_20240904_225100.WAV,517.6984,1.7280430581836674,220747.58012704016,15462.74911146592,0.0025262972774330226,0.633004922078602,0.003370636,4132,-1022.6757755199012,-223.13107351527472,-421.88515043422564,108.48046492488537,-96.02660945446527,141.42821901583636,-25.11510497753501,20.68465891654657,-1.2075940279551605,-8.727164784426794,16.687328836478198,-19.758103766376774,3.3288934173658475
FF_04.09.2024_20240904_225000.WAV,522.7942,1.7450256734410021,220795.12440341615,15468.109275802148,0.002529388389101144,0.6331783473624814,0.0033747132,4125,-989.606855469135,-204.95462347645454,-382.7545364359821,114.421943447986,-75.02723062434573,133.56780971809445,-18.947632218713558,6.72116234239131,-0.7428034902645473,-18.413080624101177,18.66577913646981,-22.077536767717387,6.88529804054925
FF_04.09.2024_20240904_225200.WAV,516.67834,2.222069264521452,218988.24021257844,15468.220876588872,0.002538101632924438,0.6334773878152923,0.0033439773,4098,-1047.0054665971259,-235.68210453030932,-449.5702513546718,102.69431436566335,-113.72835970946727,145.21371138096987,-32.1547789548022,29.603156140687705,-1.9931705945048752,-0.47558071948093394,16.282567040580425,-14.901257133199238,1.63384525977884
FF_04.09.2024_20240904_225300.WAV,517.6836,2.2748958633611727,226005.2840196989,15379.136367339743,0.002476814641694841,0.6271697248173399,0.0034657053,4118,-1030.5550338163505,-228.0401800427236,-436.3861236294668,104.97711166620225,-101.67671968127064,144.79211503569135,-27.788847181895314,22.993256483510685,-2.1977588007056026,-4.273850923005247,17.389114393272145,-18.30006148976834,1.4488100255546743
FF_04.09.2024_20240904_225400.WAV,525.9237,1.1044368804612552,233406.2311541449,15328.307487843995,0.0023993415640396272,0.6229178058683916,0.003598916,4089,-996.3288288114463,-211.12803074183503,-401.84666947063243,111.54080859813453,-78.90158553447199,138.94697782758655,-21.10673847285746,9.13903216048973,-1.8201890878504,-13.5463437895727,18.8704349896027,-22.698106197203654,4.682444709818118
FF_04.09.2024_20240904_225500.WAV,518.903,2.2867900572312574,231290.32158498545,15365.549704689765,0.0024174647915423285,0.6256681599904598,0.0035484084,4119,-1022.3146204738321,-225.25906425188907,-431.51075950763675,107.12522135707759,-96.90832675202935,143.79845509070438,-26.08411483746664,20.5942546378368,-2.3832501215822157,-6.487649075147977,17.892878952474867,-19.73916874738021,2.4425985390524865
FF_04.09.2024_20240904_225600.WAV,518.75745,2.2952021932149673,228038.38213635792,15382.71751002517,0.002458960778962264,0.6263915833837491,0.0034889334,4124,-1035.8798178494608,-231.57173565908235,-445.5775790668645,103.32395473077975,-106.77049443773856,146.35634060423956,-29.59694327183613,25.57224008645986,-2.433015891558601,-2.915828791036441,17.616744522032594,-16.637388259371644,1.3117089378144582
FF_04.09.2024_20240904_225700.WAV,518.14935,2.2809951713705665,225402.53532744877,15406.587646155998,0.002491779949930373,0.6288046307822971,0.0034395563,4106,-1040.6333830007495,-233.69299881832913,-449.22851303509293,102.42011893578028,-110.24521288295357,146.1351317801867,-30.789281415857854,27.916360200594546,-2.124166181248486,-1.958331558764438,16.259889354636755,-14.99961220976968,2.128915997757091
FF_04.09.2024_20240904_225800.WAV,544.30786,2.0782114045184037,261209.8075727835,15543.127706492576,0.002252998659586787,0.6347941656389613,0.0041002757,4137,-969.1249027165167,-212.36574352649063,-385.08695518162517,117.9963703225955,-76.1926936326657,136.91037269107355,-19.421339632124443,6.821637336357123,-3.681674339890703,-17.40904171755638,17.875593716556182,-21.954483961916065,7.914777359502887
FF_04.09.2024_20240904_225900.WAV,576.47375,2.013001329395853,408761.6866459096,16079.113298212445,0.0014139252175148465,0.6580426066292815,0.0070194933,4117,-916.5797595167915,-240.96501201181988,-383.08614432764534,140.9462020374166,-85.29496539928721,139.08672235897512,-21.3453578942783,9.45246815001795,-10.64436763296044,-14.613091175468364,16.51451072335242,-21.86009330400333,8.565685419235454
FF_04.09.2024_20240904_230000.WAV,599.21204,1.548928682486206,584420.7584262851,16175.934027781792,0.0009734881966045557,0.6563991566513868,0.010349963,4122,-862.4466779077221,-250.36358834960586,-379.9279266208121,158.3193933646315,-77.03294892733108,134.58047754247377,-24.235896730501914,6.456263024589367,-12.75506013020276,-17.825061006734725,16.54473975021028,-20.044262861437375,12.826443167861635
FF_04.09.2024_20240904_230100.WAV,595.1146,1.7745088093410266,684863.6573116118,16237.376870960732,0.0007964671221261564,0.65770566348078,0.012215488,4086,-843.1262458141363,-258.0247878993727,-383.081034494494,168.0850825424308,-75.9537294519629,132.57210323168965,-25.857377227921923,5.68615657304188,-13.005141618825245,-17.26256183928255,16.069483653104616,-19.28148200436597,13.511636012934963
FF_04.09.2024_20240904_230200.WAV,585.1874,2.0658566797729208,845287.9854602378,16318.125626561996,0.0006504338407970995,0.6603152231768894,0.015210139,4130,-813.5661203925981,-265.5466598728474,-382.68195980944694,178.1218916250101,-74.67964304581034,129.30604562971317,-27.666197968530717,7.025639663987391,-13.510459933980183,-19.18373241631943,14.674302553851042,-17.474975461746418,16.000032426699942
FF_04.09.2024_20240904_230300.WAV,575.8026,1.9126292843417183,951482.9007654975,16733.99003488116,0.0005306725337138349,0.6829763996183916,0.017514443,4127,-798.6974963772524,-282.4743260546729,-365.55900653719425,186.40545343464845,-86.71641823834997,134.30941367177826,-29.817801880960815,8.513984844407863,-19.79734964052553,-15.448437818763718,16.34016033142119,-15.434426105567423,12.998516897854632
FF_04.09.2024_20240904_230400.WAV,567.5145,1.7157960158777539,778877.9664825206,16994.662997665928,0.0006052818997142798,0.6992288392067666,0.014684553,4126,-834.395928595917,-285.65484465560394,-355.8998819185534,174.52674607076796,-101.36069854391204,146.02707494586025,-27.404099930709346,9.139970436057324,-22.377505548678762,-10.555286678873388,15.44734328074503,-15.86902051298615,8.473057675650749
FF_04.09.2024_20240904_230500.WAV,589.36615,1.8821815342329535,420133.25819054956,16128.576493105029,0.0014660148379341163,0.6592132272954673,0.007353193,4126,-911.815008922637,-244.5391578533924,-378.612449024095,133.40309090699375,-86.68387075213529,149.66681850584723,-23.70105255731074,8.109735053973397,-14.826711931501631,-13.037466839970469,16.282899855729504,-19.142312828526048,7.529689650164535
FF_04.09.2024_20240904_230600.WAV,576.5582,1.9523089198456913,503253.97136120684,16227.438157665849,0.0011454093505244177,0.6632729968470774,0.008894381,4126,-891.6635069987734,-249.35641729694993,-381.14139079483135,150.73515779739714,-86.01347273649192,139.62784638819716,-19.251784982180713,7.0396709557166774,-15.784506780408037,-15.304961441485426,18.46472000724088,-20.227622720679523,9.232140394869509
FF_04.09.2024_20240904_230700.WAV,549.1407,1.859811176352335,339448.9327770414,15924.376461800712,0.0017474394550199104,0.6568540798934289,0.005457677,4122,-940.9339609395407,-239.1934914005908,-390.5053593817503,125.21888831615423,-88.18759749311911,150.33580109529711,-24.18867177193752,11.356983084146496,-13.100259751026359,-11.393300362727006,17.76813107452121,-20.879457022713833,5.556390018036583
FF_04.09.2024_20240904_230800.WAV,535.0566,1.9592244848690812,415776.17403313005,16108.560716947159,0.0014020525686757228,0.6669933691188105,0.0067732646,4114,-930.8770319610256,-260.4430443269347,-409.22518403081307,131.6842600242834,-99.39413152913008,156.7608927944264,-26.71903186597589,17.41857626639908,-16.357634508132236,-6.523134180635707,15.065475753675964,-18.656615125577133,3.7400774240867625
FF_04.09.2024_20240904_230900.WAV,534.45654,2.0449534783396155,508733.03866352694,16410.520878646315,0.001080095698635788,0.680319120701089,0.008469108,4089,-898.7925718860585,-272.7765419010243,-399.0849120795766,148.84622189075097,-98.1128847231042,150.5864768249184,-29.133555182262285,19.90599915954138,-17.070226085890482,-9.518079533038387,12.422797439802574,-16.78647186252548,6.0481196976931955
FF_04.09.2024_20240904_231000.WAV,532.611,1.5445137780796936,384816.564691991,16104.134832309368,0.001505320485212093,0.6678215021174609,0.006224322,4107,-932.0026132679681,-252.42246367720244,-398.68133694322927,131.1274310075016,-95.85716645463941,152.59479832094505,-24.71173012858651,15.976275977195163,-14.743865885703784,-9.94425622269939,14.528508791307214,-18.897584485885414,6.135298947787431
FF_04.09.2024_20240904_231100.WAV,520.41425,2.2462152023210513,298483.59381545725,15720.051688192167,0.001983768296110701,0.6475955511506423,0.004654283,4111,-981.6767760239875,-243.36227922707496,-425.0593304124312,112.40830573940025,-103.50795827625063,155.15917993088527,-25.08434827914528,22.180155971901637,-10.536355469565704,-6.583678456760352,14.444021465135064,-18.3323516489494,4.3608080566158804
FF_04.09.2024_20240904_231200.WAV,523.1103,1.9245727168974982,252322.68421084373,15241.134539559926,0.002322237518239748,0.6158008248790022,0.0038739664,4112,-998.8452988566507,-219.68548227072563,-425.7257282890414,103.03930787233085,-90.8015501578399,149.38854374175693,-20.845414271931837,16.276757655147428,-5.556579113746648,-12.083564433703726,18.09491807797183,-20.327084810317967,4.168069663503596
FF_04.09.2024_20240904_231300.WAV,521.0936,2.0749333358835855,255070.50329868146,15132.19187342112,0.0023116992336117297,0.6088850826624163,0.0039251423,4104,-985.7408177138248,-210.2367264317522,-414.5727879695553,102.03699859036155,-82.3293085529761,148.42557596101938,-16.750895008277084,10.13217274050493,-5.979060658155364,-16.643893097826094,19.681815175065832,-21.15482752261233,4.686625619902011
FF_04.09.2024_20240904_231400.WAV,519.9415,2.1610656154480976,252467.81843101428,15143.317453668202,0.0023493053564345658,0.6103190225358339,0.003860671,4134,-1011.0331216385739,-223.58283635979868,-443.6527136999503,98.10696568067249,-98.1299136974333,151.79831542205577,-21.974749567164743,20.65414161419019,-6.300846642496045,-8.190986253644867,17.667870042470092,-18.61644478915847,3.7924843143625435
FF_04.09.2024_20240904_231500.WAV,521.9199,2.267407055128818,250792.4439489426,15166.38410738118,0.00236231295206597,0.6116981534751954,0.0038295882,4123,-1004.9936577557219,-219.81795025768386,-434.5633580962698,101.14692939616056,-92.8777455805497,148.6920280156731,-21.15550766274785,17.66452904143688,-5.944030931701008,-10.19680693815677,18.272489254063792,-19.259251765946885,5.390923406052969
FF_04.09.2024_20240904_231600.WAV,521.9034,2.2880628668667136,258854.36858006738,15106.847992547118,0.0023014828266562258,0.6072556303227383,0.0039739166,4109,-993.4848030058071,-215.41534110335306,-427.79094639001704,102.53946081703863,-86.24804325722883,146.94672616003274,-18.376656401238346,14.78640073978095,-7.226262366920259,-12.730861232145774,19.220547622742103,-20.710553962834442,5.530375554653624
FF_04.09.2024_20240904_231700.WAV,519.9741,2.298452064340287,255391.78632990667,15144.601792166366,0.0023301673806909434,0.6099219986155063,0.003887079,4114,-1016.0726626609264,-227.55251695311887,-452.6472533578471,98.68750894045901,-101.57124116311584,150.56872583336934,-23.663376329630136,23.52294579520119,-7.72700249956859,-5.94785967138085,18.434199909826518,-17.138215642801843,3.8081846935620955
FF_04.09.2024_20240904_231900.WAV,522.37146,0.5178179510766401,258259.19538345488,15034.181570983272,0.00232283304778039,0.6016287615471426,0.003953066,4130,-1004.384275675407,-220.01122877252925,-441.33665285450394,97.3167906406204,-93.28472630701394,152.3203277686161,-20.604553717883142,16.906650325588064,-8.565981379608433,-8.921815243503469,20.718650730297263,-17.62118154744759,2.472648413765313
FF_04.09.2024_20240904_231800.WAV,523.3694,2.253158924902014,253729.48258061236,15128.140894992302,0.002366012018501215,0.6094803458616437,0.0038605502,4126,-1012.910971113172,-224.78295327982147,-447.9906683488496,97.99174374262908,-99.80442980096832,150.95878648716746,-22.35312801008292,21.841315747386812,-8.361594324684061,-7.126084668548786,19.34683369947123,-17.423446139716553,3.6072354302851277
FF_04.09.2024_20240904_232100.WAV,522.7742,2.2878134289304133,251564.90041877754,15130.152904933146,0.002380353874943342,0.6097646615262007,0.0038343794,4133,-1012.2572586348859,-223.68308294806968,-445.3603438173177,97.84390629447381,-98.4494680133905,151.15911976006365,-22.168503866227645,21.44994854015002,-7.155308902007607,-9.08109179156419,18.087251081561853,-16.29033666135689,3.7751875595840847
FF_04.09.2024_20240904_232000.WAV,524.5744,1.5495456166231,257372.91976615865,15082.900657740955,0.002319374413023903,0.6062507998650409,0.003952907,4133,-922.7347840879941,-176.1190469758352,-346.6417746749468,109.90926252205243,-46.898514469919334,125.75061047469734,-10.329414532332091,-14.638583164186134,-6.100665047151937,-27.643022593696635,26.372732760676065,-17.962487140096165,10.66508426420665
FF_04.09.2024_20240904_232200.WAV,527.6139,0.6795279781558888,250541.58978458584,15175.175131494247,0.0023955588543643795,0.6129409437825764,0.0038078306,4130,-1025.0525233095277,-231.67821817854977,-459.24003090430665,95.84344823582477,-108.51823489162575,152.6250963533804,-26.54310622827884,26.01650796474358,-7.978175880980357,-3.3095763318845037,17.847221335918693,-14.772265787960253,2.9654446406987414
FF_04.09.2024_20240904_232300.WAV,520.98083,2.0312463951186928,250034.08380805797,15158.015364217146,0.0023878577507626167,0.6116325281843354,0.003799439,4128,-1023.6853741699662,-230.3675333586831,-457.2900276356027,96.00584747669154,-106.52201442933978,152.689311668599,-25.103848901196844,25.060381165726216,-8.100997436152804,-3.3698138579137855,18.10143747357317,-15.642889385400464,2.9857838617660746
FF_04.09.2024_20240904_232400.WAV,520.72327,2.05913772006683,246022.94159719843,15189.191632357957,0.002412493551913053,0.6137298106792163,0.003731468,4117,-1026.014039947678,-230.47423500102914,-456.3671558287887,96.32489299273843,-107.68803482066372,152.71105942766684,-25.674714543277542,24.812731816978133,-7.44735493107128,-3.5444997175830797,18.102433497468553,-15.021980786946559,3.2929494853086836
FF_04.09.2024_20240904_232500.WAV,527.5503,0.5718227654720869,250793.41609729407,15166.547340631663,0.002405712882813227,0.6129445795327625,0.0038037198,4103,-990.1588440063526,-211.88949313879812,-418.2677681828808,103.24343414298076,-83.49615284593969,146.20780892352352,-16.634460487864878,12.678049057884724,-6.865509743844175,-16.15383871989887,18.8367142842844,-19.780768017454363,7.295923338270598
FF_04.09.2024_20240904_232600.WAV,530.17615,1.886355725126078,254829.5325207219,15126.33273342656,0.0023947130049500652,0.610252851882446,0.0038727247,4123,-940.1434635046326,-185.57682652595096,-365.5027832203883,107.9555160683987,-56.96336316331225,133.3117219114261,-10.003480818698971,-7.1165211285396275,-7.1925433164257,-26.994628548111873,23.378239364357178,-19.177236597445855,12.154303867093939
FF_04.09.2024_20240904_232700.WAV,522.6376,2.289359849479449,258231.28273383502,15114.265458534086,0.0023292129837067144,0.6084019823564315,0.00393085,4115,-1002.9465990028876,-220.6880671047934,-439.97502986705456,99.26404695041364,-94.13896723766766,150.93563448168396,-19.33532900364032,18.67609268110293,-8.6015268085624,-11.093224779033973,19.959647456902726,-18.444968245106722,4.472717481677028
FF_04.09.2024_20240904_232900.WAV,518.9074,2.222798098270312,248674.66432098948,15214.071030346004,0.0023908530983290455,0.6161977579055752,0.0037857739,4135,-1021.8585232306682,-229.32115980004875,-453.4765847692188,97.57153539922591,-106.52830892587045,151.19833118379873,-23.635742717801556,26.31822564427977,-7.794325073584305,-6.714866490689761,18.658262403425,-16.13869113710797,2.7473787520022683
FF_04.09.2024_20240904_232800.WAV,518.2406,2.2641145399206786,251841.70277621312,15224.417656170299,0.0023557176650212974,0.6159897021011728,0.0038297647,4109,-1020.1484810468862,-230.373246617294,-453.5023692734459,98.19612396850432,-106.07792720310304,151.65998734081575,-24.362359153009624,26.300276119605766,-7.927311192167914,-6.4086875943820285,19.207061692317023,-16.703337577690768,2.3593349424176258
FF_04.09.2024_20240904_233000.WAV,524.14575,1.9813630475395727,243406.89979909436,15224.616778854017,0.002454619534267891,0.6166502270162416,0.0037094285,4123,-970.5169632521186,-199.11828222791934,-388.1696038031081,106.95523124833989,-71.8194525308891,139.52336109571962,-12.138464763335842,3.6709814398503204,-6.344615470355864,-23.1722347786777,20.451286956178986,-20.374451062969747,9.067968187633301
FF_04.09.2024_20240904_233100.WAV,518.4907,2.291794485023085,252127.60729522648,15145.522878628477,0.002436251767997286,0.6130039331545514,0.003815607,4138,-1013.6758505903367,-225.52281917352508,-450.07358586160706,93.82331359113674,-104.69756501263956,153.9750284232487,-19.298714641040128,25.357351410085936,-9.933620812540969,-10.585299406769,18.017906011297388,-14.643255178545436,4.8718586658068
FF_04.09.2024_20240904_233200.WAV,519.19336,2.278713373690207,254200.01059071772,15146.128843811737,0.0023820762257082215,0.6113636644580697,0.0038673014,4122,-1004.4787370227166,-221.23168478807483,-439.1718038906497,97.1497723993779,-96.97812517220385,152.19667604110722,-18.49425635285147,21.572422603668734,-8.972025780110114,-13.20846431894886,18.644900416077704,-17.317429705888635,5.4090768386267545
FF_04.09.2024_20240904_233300.WAV,539.64624,1.4781817165207045,251364.4285160021,15198.221597269057,0.002413386602580972,0.6153020908472171,0.0038324124,4100,-904.6942492505276,-166.8151967015967,-322.72970263985195,109.93929745761898,-42.96425454332574,118.43073246982497,-8.698720587198238,-18.23700785167635,-5.267216578836845,-31.642950480411415,27.586169614119846,-15.192247618814829,13.002403633999501
FF_04.09.2024_20240904_233400.WAV,519.9941,2.24273641283345,251372.521542951,15217.029532046097,0.002409857583214109,0.6173078433311616,0.0038076325,4130,-995.6580825901533,-216.0398516688673,-425.34679304683647,102.09723221921426,-89.7974122396448,147.7025055330734,-16.900175898705275,17.211398533660113,-6.96327431174045,-16.539524633829785,18.047414715386257,-18.28490999332942,6.922057497236854
FF_04.09.2024_20240904_233500.WAV,523.8071,2.2631874930236755,263382.9465852072,15163.071645582542,0.0023361453476068495,0.6136949983711839,0.0040209247,4136,-976.4092943386407,-208.2269075110107,-410.9383595233018,104.76208827638466,-78.1872981294149,145.13189082824198,-15.216686698180537,10.239337295624754,-6.689174680476721,-20.849274965952134,18.991008124843475,-19.261238947538192,8.668020364268516
FF_04.09.2024_20240904_233700.WAV,528.421,2.1791502723058445,272664.32990117715,15120.097164199815,0.00227531880833654,0.611618985014892,0.004218769,4130,-948.8388746027451,-194.4335724438377,-384.11337252548986,108.10779451610175,-62.4567890411253,138.19399799234893,-12.763564621192014,-0.833915427565678,-6.2916393318882475,-26.125210465257517,21.51017787155215,-19.882753165570726,11.194521515670479
FF_04.09.2024_20240904_233600.WAV,534.59204,2.1769313315364798,276007.83308105124,15118.300332484288,0.0022545573038706317,0.6107896703974312,0.0042512957,4150,-891.2876528595016,-165.29256850599145,-324.61750180061125,111.80934201620535,-37.44703591715814,115.7621704836963,-9.682084146962472,-20.168113109766058,-4.95407387966703,-31.787301577991784,28.35639757930126,-14.002586576302388,13.326461841731975
FF_04.09.2024_20240904_233800.WAV,523.2693,2.164094117690771,269393.569230535,15039.349992052927,0.0022547033884034776,0.6037277710233618,0.0041241352,4137,-959.8557802141602,-199.5587338719887,-397.97610634691273,105.22288191736814,-67.28362045893148,143.08598927159156,-13.574360287922646,1.6463188272575473,-7.587369785375102,-21.818232219701862,21.531846156243336,-20.728861343580395,8.749207613665197
FF_04.09.2024_20240904_233900.WAV,520.3144,2.177161219718415,256742.98569423956,15093.164545364269,0.0023564480239301575,0.6076406562674516,0.0039058623,4116,-1001.5509307241822,-219.22309580930212,-437.9340936921223,98.17378659663578,-92.8398771438823,151.60544930813722,-18.56041549201524,17.744652935228928,-8.214203823728015,-11.683714881897945,18.810400691641963,-18.017682109526035,4.668623977086029
FF_04.09.2024_20240904_234000.WAV,519.2605,2.2850569945157937,257466.31324150442,15123.465627533125,0.002359350943000946,0.6106771439291697,0.003910612,4127,-1011.2089182574468,-225.4562330082447,-449.86911631902774,97.11854758079723,-99.86471385147388,152.0855537433386,-21.50913405996988,22.898862366281584,-8.31077948064002,-8.716188443473252,18.092314402526014,-15.909254728791872,4.371144954431664
FF_04.09.2024_20240904_234100.WAV,524.135,2.249189556462726,254650.69474641833,15130.126690737641,0.0024039991126499505,0.6116194394836653,0.003859395,4103,-992.0360811408635,-213.98625768202373,-424.67801078023797,100.77582180823921,-86.55692699339714,148.82845669371315,-16.33879808996849,14.23331643275676,-8.36388637780871,-15.433703943327794,19.466624344371283,-18.44259355201564,6.097641915442392
FF_04.09.2024_20240904_234200.WAV,520.1117,2.294124285765147,257690.61866386927,15120.76562069698,0.0023698041428695284,0.6101250552634029,0.0039029568,4121,-996.7365859274965,-217.4921295688369,-432.86644110705504,99.49103492685975,-90.65351979350157,150.5364861696455,-17.089235288205714,16.993788722474648,-8.920313042079352,-13.917226267641645,19.27082373510044,-18.05996695579047,5.770386222374087
FF_04.09.2024_20240904_234300.WAV,521.74664,2.2408998324411935,258982.88370245823,15086.55308954286,0.002334897697288621,0.6076233864540674,0.0039348505,4146,-977.2273587141536,-206.4672986243061,-411.0963154185411,103.18299426124322,-76.74790020918692,145.75405984341256,-14.244414412912722,8.480005963074557,-7.735738963609175,-19.669030296077914,19.74330151126963,-19.271169637972623,7.909520977079801
FF_04.09.2024_20240904_234400.WAV,528.9485,2.266184562359696,259181.86070447732,15160.857163881497,0.0023480162919236004,0.6115780828252978,0.0039622616,4136,-972.1426534595306,-205.55230398584808,-402.9515974134062,105.32724112436462,-75.28445204427852,144.14774579315156,-13.81528358038877,7.305319256998339,-7.9444380644808374,-21.220236638395225,19.79208457687001,-18.98328583722411,8.572082318747402
FF_04.09.2024_20240904_234500.WAV,581.874,2.179308324376676,330439.09302328166,15358.257773074065,0.0019031866765731155,0.6160452381852662,0.0053867465,4117,-944.1852570258391,-217.92457733772883,-404.66087061477,113.79690160052382,-77.80159567386833,148.35082358575087,-14.886408926262412,6.822219801013644,-12.386062028735205,-19.58414666346504,20.540772684495114,-20.025674774637306,9.346595549429999
FF_04.09.2024_20240904_234700.WAV,567.9175,2.0063489976744022,962639.8723761196,16414.40720915219,0.0006356696005866114,0.6673561260936337,0.017067282,4131,-803.465989634275,-279.3575324625401,-396.4535134209834,173.31605203299546,-83.53017849525808,144.10650680785955,-28.287160539642393,12.409445846804624,-20.364599021168036,-19.077517697986604,13.140285860425807,-15.007456045824185,17.12047308345054
FF_04.09.2024_20240904_234600.WAV,608.03754,2.095376936543702,471733.5762819877,15650.031909701323,0.0013504909041431735,0.6285758512018336,0.008170752,4110,-881.8604590777513,-223.88376719074031,-387.45019202009297,135.61003315843794,-67.65667537618889,138.82135790826746,-15.553782012650045,0.8563541291550524,-13.852354038689798,-25.088932189081913,20.545086537784627,-18.002956822549997,15.892252305371336
FF_04.09.2024_20240904_234800.WAV,572.8216,1.845577538373166,1119368.5635385856,16526.732842183108,0.0005123807614673909,0.6731758714166046,0.0199215,4121,-768.7257210295769,-281.82780717103253,-383.43845078967956,184.11761638059798,-79.9360360511849,137.56746493001154,-29.82009084490448,10.175596241768712,-21.652734144447468,-20.100122104388937,14.555226829461551,-13.552301520606573,19.20519744183701
FF_04.09.2024_20240904_234900.WAV,702.4286,1.774510206428097,1000570.2602373479,16007.217625368168,0.002632535988884196,0.6576904842237528,0.018058289,4108,-722.16290620515,-174.20715562893403,-276.87113011991454,141.20933966006064,-53.40275813156685,86.74950686500283,-13.701488540055296,-18.96158966180589,4.494549508662857,-24.649303640415955,26.48180414449622,-12.181553855205259,12.376801382257371
FF_04.09.2024_20240904_235000.WAV,902.339,2.2245432505343756,43453.75030227455,15667.28894049991,0.0027878949155166243,0.6443982033378747,0.011708345,280,-756.1443880863022,-151.1165697568413,-264.45405204087365,115.02907840399001,-48.571240966809,84.98432615920895,-15.812790207391972,-14.29885962088365,5.424304265766136,-23.50748327141449,28.440548131272546,-12.857444166632385,8.560429486676192
