filename,ACI,ADI,Bio_Energy,Spectral_Centroid_Mean,Spectral_Flatness_Mean,ZCR_Mean,RMS_Mean,Event_Count,MFCC_1,MFCC_2,MFCC_3,MFCC_4,MFCC_5,MFCC_6,MFCC_7,MFCC_8,MFCC_9,MFCC_10,MFCC_11,MFCC_12,MFCC_13
FF_04.09.2024_20240904_203340.WAV,586.3808,2.302585092994046,50761.38403717107,34297.99512815799,0.0003526400430714872,0.6890053394304607,0.0018503093,1117,-1331.2326276055906,-286.350616553495,-274.73524274813707,295.25166049255154,-95.8262298501036,46.65623813596048,-27.458805407013568,-11.91842662259145,11.953710899402667,-22.227271234599655,44.01553341449719,-29.069059555992656,5.453277190188878
FF_04.09.2024_20240904_203400.WAV,531.3201,2.302585092994046,199698.70658795198,34348.4867762965,0.00018176401741159658,0.6893489510611561,0.001980244,4104,-1273.543538090451,-264.4455663651937,-238.03972760526187,288.62383218009205,-95.70278184180553,27.26833872806726,-22.975269526095133,-11.30876596976671,21.739797102439063,-22.734586938232976,40.48341819282931,-31.891506080522294,3.060726376551722
FF_04.09.2024_20240904_203500.WAV,523.9912,2.302585092994046,200358.5587976242,34350.242929813954,0.0001803835497331953,0.6892682298938844,0.0019857949,4095,-1398.6881112583555,-340.20891603009983,-335.9017970924816,318.7870793769068,-102.67346457740875,77.03276637012357,-40.10022604268098,-4.765152164472695,-2.964828802726396,-19.966286705493374,42.658110676497884,-25.34665760045671,10.43814797835925
FF_04.09.2024_20240904_203600.WAV,528.81287,2.302585092994046,200328.92896245245,34352.04493749386,0.00018100036674496034,0.6895152112131155,0.001985724,4100,-1387.3913859312024,-333.0593245904563,-326.5697742135814,316.86026185958474,-101.4709593257092,72.2089402663411,-39.104395949571035,-6.323578443220357,-0.26092922591460554,-19.91858653703105,43.261418385250764,-26.165732318556547,9.598273846723615
FF_04.09.2024_20240904_203700.WAV,517.63617,2.302585092994046,200098.03652592888,34351.741352229685,0.00018071737763285725,0.6892306872789258,0.0019831865,4101,-1383.7266987507683,-330.7376453910313,-322.64678791551637,316.6138572918294,-100.90337004854347,70.1347350492681,-39.10851762767734,-6.795372622747413,0.6643323107678788,-19.7530579583969,43.738773693956624,-26.410917378407863,9.128651640579381
FF_04.09.2024_20240904_203800.WAV,520.7208,2.302585092994046,199561.19438734592,34353.32268861388,0.00018048604628945672,0.6894299903861817,0.0019786637,4112,-1378.260043309648,-326.9688120643381,-317.48667577539425,315.55921689729723,-100.46322816217695,67.47152609124177,-38.46690513768135,-7.422191199938125,2.049637713799851,-19.738007651565564,43.9032317000923,-26.82442696987098,8.804685781011333
FF_04.09.2024_20240904_203900.WAV,518.4756,2.302585092994046,200013.2829222437,34353.125362338185,0.00018219233211361278,0.6893736764637438,0.0019821292,4105,-1398.8866135688372,-340.13120502084297,-335.48704423737723,319.0516182648253,-102.50692110385452,76.7153817473566,-40.31515643467441,-4.91094231989749,-2.671879941720453,-19.875183267690574,42.66797417488603,-25.342864512028058,10.330300135510646
FF_04.09.2024_20240904_204000.WAV,518.8506,2.302585092994046,200468.3234338121,34353.19448963561,0.00018069394271021035,0.6894348536547054,0.0019867115,4109,-1396.5374237246924,-338.96030709054384,-333.51284038907113,318.9688846374902,-102.26123893801785,75.75118447988619,-40.278010142027306,-5.269470560629938,-2.252668728152408,-19.753851119179384,42.98378108924751,-25.538623931498446,10.191167838922073
FF_04.09.2024_20240904_204100.WAV,518.7934,2.302585092994046,200253.98284154915,34351.960756759916,0.00017951120769370654,0.6894126735141487,0.0019847723,4104,-1388.678659308705,-333.9408500047883,-326.6261028591829,317.6899878898432,-101.3473838787913,72.13286663730307,-39.67569870025237,-6.193605655376116,-0.4124413300549396,-19.755255857083906,43.514768051969334,-26.083758275936674,9.558058663812798
FF_04.09.2024_20240904_204200.WAV,515.2224,2.302585092994046,200193.8507996472,34352.61558366153,0.00018014743006521407,0.6892092798072,0.0019843779,4098,-1394.91093171021,-337.7255472419558,-332.1655496486647,318.49232985991256,-102.09864421208191,75.07406825426172,-40.019108037347344,-5.512439738773148,-1.8289597940273898,-19.757667496059135,42.97342896253312,-25.705813003991086,10.144254608243184
FF_04.09.2024_20240904_204300.WAV,516.8783,2.302585092994046,199962.18043835482,34353.17999299625,0.00018097601159126263,0.6892464133621893,0.001982747,4095,-1388.6776629510998,-333.6312484001673,-326.97815652350874,317.1674823441982,-101.58091967296785,72.43447471991465,-39.27341981737367,-6.186719315318148,-0.4311747672953915,-19.907689098258004,43.3142246828152,-26.128463245918926,9.641137721913978
FF_04.09.2024_20240904_204400.WAV,514.59326,2.2979136011891237,200702.24646870498,34349.35153232224,0.00018019412030127218,0.6893199987055525,0.0019895087,4111,-1382.5039739844508,-330.2028332065438,-322.1220462117121,316.48748035717756,-100.91071575612094,69.77267927827523,-38.85953274125924,-6.875983742078438,0.8027039439935056,-19.830801959626022,43.73205984963448,-26.459078174169296,9.248698623926508
FF_04.09.2024_20240904_204500.WAV,518.3208,2.302585092994046,200904.19491603345,34350.952670331564,0.00018146631864371008,0.6892318690077259,0.001991226,4127,-1391.3143503462322,-336.0468934283245,-330.2230641404859,317.7306876290237,-101.84075023149985,74.13814442646745,-39.769634161491226,-5.668821398372745,-1.3414137946457172,-19.773719127790343,43.03193683638043,-25.952102130822187,10.117443087379622
FF_04.09.2024_20240904_204600.WAV,521.5852,2.302585092994046,200598.8688931842,34352.86646979991,0.00018106066872762547,0.6893151808881365,0.001988382,4116,-1384.4940241052996,-331.530166941978,-324.2263708519546,316.56175605319555,-101.03462289869279,71.10522184125216,-39.13813723247397,-6.807286535731923,0.30808409244586,-19.726128572296243,43.612653831123474,-26.30489748350536,9.265507003602737
FF_04.09.2024_20240904_204700.WAV,515.25665,2.292919287540513,199974.3449064701,34348.68271929568,0.00018125912561529152,0.6893044089756121,0.0019820582,4120,-1394.3355888642536,-337.1955589712941,-332.23740086342235,317.9558884979607,-101.99066149772983,75.14388046679129,-39.73752813567602,-5.671791430066636,-1.8866699281539918,-19.766685170218754,43.07069494581764,-25.7468051690041,10.040483822407317
FF_04.09.2024_20240904_204800.WAV,515.5285,2.187067168655685,200119.33505547565,34351.37015095202,0.00018169190505815683,0.6894805320179419,0.0019833425,4110,-1396.579708618992,-338.81186675845277,-334.52403438347665,318.20534385896593,-102.31895212576238,76.42705942435816,-39.9732807073523,-5.255235830461151,-2.454701037262844,-19.83980159645399,42.8333981497164,-25.56512511822552,10.235244785974734
FF_04.09.2024_20240904_204900.WAV,516.9639,0.5982695885852574,200380.9010446658,34346.75062852379,0.0001820268964494023,0.6891844635023969,0.0019857504,4100,-1358.213371857473,-315.18392810682866,-302.5025207830942,311.59608656853896,-98.6488699647479,59.62087405693293,-36.477498153954556,-9.338799493632926,6.184690734925465,-19.620204943186497,44.39904977567051,-28.135774105265437,7.273777353191956
FF_04.09.2024_20240904_205000.WAV,518.7881,2.302585092994046,200120.79963019182,34347.98196972141,0.00018222813757006546,0.6893299070470307,0.0019834253,4099,-1381.2413276391628,-329.2135655568655,-321.5107863012509,315.8159989654912,-100.51383568301776,69.68114193828839,-38.728502279785225,-7.355390578626734,0.925257980685368,-19.751134787408567,43.95003163464297,-26.39075377913887,9.093528255221223
FF_04.09.2024_20240904_205100.WAV,514.76196,2.1787255786891366,198774.58806971688,34347.142257739215,0.00018289438039279283,0.6893414061772782,0.0019700732,4086,-1397.0810556593308,-338.23776436631124,-333.93279343898973,318.00949823835646,-102.22412634412599,76.04185028752852,-39.78994349226968,-5.224346817425807,-2.3978369076651296,-20.036250473343916,42.895624927091596,-25.453187621027915,10.306117784130201
FF_04.09.2024_20240904_205200.WAV,520.24084,2.302585092994046,200404.8521469776,34353.07541670625,0.00018128636970319385,0.6894079465989481,0.001986218,4108,-1387.4014502587875,-333.2691200850005,-326.60492289226374,316.9728117023668,-101.3165161418374,72.38723744786436,-39.38825772593261,-6.403045948978577,-0.4243198348991872,-19.824510097871563,43.53238207162633,-26.040202917343795,9.566137512562262
FF_04.09.2024_20240904_205300.WAV,514.2406,2.300796450679117,199949.97758962493,34347.85099685802,0.00018264118442273085,0.689295091498534,0.0019813206,4095,-1391.0467689254965,-335.2789074475806,-329.77313807364334,317.30812708573677,-101.6726419752627,73.9227811990345,-39.493518758636505,-5.908829085924855,-1.271923613856548,-19.811943762129378,43.097612482364255,-25.80622207065482,10.00647699806335
FF_04.09.2024_20240904_205400.WAV,519.3708,2.302585092994046,200832.37447288717,34349.94726244289,0.00018206493174019605,0.6892134613091082,0.001990228,4126,-1399.444825995413,-341.03070874066464,-337.4889647249209,318.77376539200765,-102.74559347401227,77.88176327011482,-40.27840757157504,-4.627012142248357,-3.253568857668637,-19.906441396788225,42.592127961004415,-25.335302166421908,10.496755753848847
FF_04.09.2024_20240904_205500.WAV,523.66797,2.302585092994046,200299.47622593652,34343.852811632576,0.0001835696113072057,0.6892633666253607,0.001984701,4097,-1397.3014311260465,-339.3459905747037,-335.9689570819494,318.07869575360513,-102.34172297846297,77.08250808453673,-39.98014220240309,-5.085711640634325,-2.7728952471007875,-19.863276343369144,42.73633950431608,-25.45896998053614,10.34107853662874
FF_04.09.2024_20240904_205600.WAV,513.8106,2.1346992547779555,200655.9215653651,34346.638143640055,0.00018254565507224894,0.689293409807549,0.0019889246,4112,-1364.7929117156423,-319.4502966041573,-308.42649554286527,312.8809324058876,-99.06085674190334,62.81486580933759,-37.31719093404516,-8.826052016340235,4.538149421367559,-19.661440152880683,44.45911863426443,-27.60992301701352,7.838841837383045
FF_04.09.2024_20240904_205700.WAV,518.5027,2.302585092994046,198713.51109289785,34345.836572971704,0.00018452475659256321,0.6893369974198316,0.0019697107,4096,-1375.3177121258339,-324.6981220671454,-315.9164120375288,314.15153710662247,-99.93583130555308,66.7950986042463,-37.91449027287264,-7.927733735550251,2.480819815232868,-19.782655928998153,44.01372262323287,-26.962793367676863,8.597462874841684
FF_04.09.2024_20240904_205800.WAV,514.24347,2.2994265139493435,200655.8922950304,34350.639452733114,0.00018312550429500172,0.6895284374854557,0.001988166,4113,-1385.5044174432903,-332.1865762703208,-326.1197549178548,316.19669190605185,-101.35523119379093,72.10384083302819,-38.935514203358025,-6.443055839966375,-0.013556687383124417,-19.97381033007351,43.200832234682515,-26.347260966436036,9.692518453507848
FF_04.09.2024_20240904_205900.WAV,513.7176,2.2765213336008987,199663.8615715271,34344.27588915521,0.00018559915516949753,0.689289501012287,0.0019778223,4121,-1386.8967183032244,-332.41858973971966,-327.6861325392577,315.7367667723192,-101.339949447841,72.80896572050759,-38.783385930777975,-6.208550940015042,-0.31830234344813396,-20.257874904960378,43.09412515131934,-26.18319985973695,9.822431530409833
FF_04.09.2024_20240904_210100.WAV,514.1357,2.2747826533308637,200406.17113095373,34348.61227963255,0.00018589639809030704,0.6893940840111002,0.0019858151,4125,-1396.9043659832646,-339.0993318684795,-336.18529331950464,317.5172011147582,-102.91679627957771,77.20810565885131,-39.55867498232454,-4.609346765136198,-2.689453350291357,-20.241936252490333,42.41129183380647,-25.48838634376304,10.424699987600711
FF_04.09.2024_20240904_210000.WAV,513.7259,2.2634129305186264,199619.2005649195,34343.875784205506,0.00018882658949790357,0.6893367701642931,0.0019771,4093,-1399.418128474912,-340.15153264991966,-339.48707988762635,316.81618690909767,-103.30034770550083,78.97346261793723,-39.24799067206194,-4.202729685778875,-3.3428105832439354,-20.370040380148737,41.908393101222146,-25.65411041555381,10.725924195309759
FF_04.09.2024_20240904_210300.WAV,517.0155,2.302585092994046,199870.2257210751,34347.3761543757,0.00018619215934681407,0.6893401335462627,0.0019797324,4095,-1394.5627087723194,-337.3454172284022,-333.517617828896,317.29724787074184,-102.43706225243935,75.8152885980411,-39.47401417399309,-5.153655382526075,-2.0668932631847867,-20.04643909074711,42.77585013601814,-25.821279180244506,10.252189225274615
FF_04.09.2024_20240904_210200.WAV,518.7981,2.302585092994046,200189.14146004713,34348.087312164665,0.00018526704395551577,0.6893322250535232,0.0019841138,4120,-1375.1588462283044,-325.49801436166126,-317.2356913645079,314.2413835452788,-100.30757721995056,67.55781320976658,-37.95210050310373,-7.65799210122204,2.130670212246157,-19.953134372295633,44.04569619439215,-26.900156270162306,8.879694114002428
FF_04.09.2024_20240904_210500.WAV,514.96576,2.2742986329211874,199282.69150582692,34345.12407377704,0.00018694608252802216,0.6892806834973937,0.0019736118,4114,-1394.9783943218658,-337.2602074983973,-334.21963375762925,316.862528678203,-102.4411758222314,76.18712777621704,-39.32849664947451,-4.980099025421317,-2.104318494349007,-20.292905959961214,42.58215072369385,-25.819047982401127,10.328893914395275
FF_04.09.2024_20240904_210400.WAV,515.5417,2.210787282735122,200218.66068940223,34346.285673956234,0.00018529545408310318,0.6892475041887741,0.0019841315,4136,-1396.2376323391677,-338.5336174557866,-335.50568892675085,317.37783995809383,-102.8081264336484,76.87281460978367,-39.3910556760519,-4.767534925896435,-2.631281439305038,-20.249689823785403,42.52467756192556,-25.618680120045408,10.50334145531955
FF_04.09.2024_20240904_210600.WAV,517.3236,2.302585092994046,199572.47949657027,34342.088454609315,0.0001890588611474349,0.689311635701736,0.0019768253,4110,-1395.3595756107768,-337.5613259981156,-336.2347910545138,315.8879574407217,-103.0418314754451,77.41574670674046,-38.585464802999525,-4.613105186096239,-2.5907684837888505,-20.481612453577696,41.95817859016077,-25.931248812506443,10.589798841475554
FF_04.09.2024_20240904_210700.WAV,520.5166,2.302585092994046,199900.94358090742,34341.34500789727,0.00018671705528523367,0.6891909630107977,0.001981138,4103,-1385.5240113195894,-331.61130874785846,-326.6394588825541,315.4270194400956,-101.47988991303696,72.18091928110655,-38.325700938029776,-6.140673755896947,-0.11925335024074633,-20.225125572416378,42.79273126180674,-26.500290616075443,9.987957282554873
FF_04.09.2024_20240904_210800.WAV,513.8148,2.2660329646659507,200418.58813658703,34343.270796214165,0.0001852748164767783,0.6893154535947826,0.0019863395,4101,-1380.8924087187445,-329.1423474395016,-322.8409733540005,314.9133730426452,-101.05793518797817,70.27945893358262,-38.166997569683055,-6.650094979153996,0.9549693563452828,-20.067456717266882,42.96957697506485,-26.918894376648442,9.608042039128666
FF_04.09.2024_20240904_210900.WAV,514.07623,2.2761475756454717,199461.4833553919,34346.01541507535,0.0001866234442303811,0.6894055376902402,0.0019765443,4108,-1403.9740868254803,-342.8848461637878,-342.51186647220715,317.8439381852909,-103.84116629604354,80.40193896365125,-39.66452726220638,-3.488051105022584,-4.003701254437036,-20.449073457367906,41.31445473395977,-25.421723643597726,11.169156660624829
FF_04.09.2024_20240904_211000.WAV,515.88855,0.9502705392332347,200906.5414959725,34348.444981191955,0.0001846907275501952,0.6895158020775156,0.0019921856,4053,-1397.636704882708,-339.8396921682706,-337.448095867444,317.5165972757076,-103.18347256551802,77.79996332869632,-39.512776922952156,-4.145970523303519,-2.867483971253499,-20.348151304259332,41.85084630109796,-25.75329282540507,10.850225637481099
FF_04.09.2024_20240904_211100.WAV,518.74207,2.2446578054253314,200502.27599443877,34342.417943077184,0.0001871654106613123,0.6891110145123569,0.0019865273,4125,-1372.9812711254563,-324.1800363385843,-316.47166650746175,313.4508923662122,-100.39054390007391,66.86870316384831,-37.304971150491816,-7.494696296265559,2.710118169062406,-20.150303753860268,43.37570114281843,-27.207938619644736,8.997148632201863
FF_04.09.2024_20240904_211200.WAV,514.9011,2.1733364439313094,200064.56431659797,34342.64217044878,0.0001874942919013071,0.689261503129945,0.0019821199,4115,-1395.8769931713807,-338.0810541295707,-336.30524780921024,316.5636676248675,-103.21400359517959,76.98680960464159,-39.02975432355196,-4.205073479741074,-2.153291544080311,-20.370157228905256,41.757286547080334,-26.209245587103876,10.625069030388314
FF_04.09.2024_20240904_211300.WAV,529.1345,2.302585092994046,199629.58742264294,34341.374841999794,0.00018855540229140914,0.6893123174683515,0.0019782619,4088,-1392.8205669138565,-335.9761824248945,-333.5004580896666,315.90268455424075,-102.64983041448835,75.76691248457755,-38.69038482291864,-4.792635093120407,-1.7278253194916433,-20.45642220992449,42.03331974350101,-26.196505154044658,10.71323680110546
FF_04.09.2024_20240904_211400.WAV,513.3407,2.2879567573130686,199391.18624207657,34335.45591548011,0.00019489531347153876,0.6891536022002699,0.0019749263,4109,-1378.040037470525,-326.54025603275915,-322.9690328672302,312.0430738012125,-101.85223976604637,70.50364286540338,-36.20285915313539,-5.970618841364905,1.0184351194045507,-21.283589812299738,42.17342963114784,-27.01438165501593,10.295801343201232
FF_04.09.2024_20240904_211500.WAV,525.601,1.4186109171026404e-304,200086.6030118466,34339.257173842205,0.00019028643399267097,0.6893008183381039,0.0019813788,4114,-1341.8390795071014,-305.04109598040156,-291.9984018342588,306.50127670750277,-97.87679605663809,54.472786154367576,-33.66006477511321,-10.131612678273164,9.045178772918973,-20.527446217916058,43.992996388080606,-29.215921231945817,6.847136013492424
FF_04.09.2024_20240904_211700.WAV,513.21643,2.2899730642510394,200917.35449464602,34335.04701855111,0.00019392964767488133,0.6892693661715769,0.0019895595,4112,-1391.2639667759556,-335.7042331134145,-336.0388880690182,314.1932382870611,-103.43657040947778,77.17539458352495,-37.5228022988634,-4.068738150819796,-2.23119230977077,-21.293799907757542,41.356580446475725,-26.23259599122377,11.226279417365262
FF_04.09.2024_20240904_211600.WAV,515.8517,2.302585092994046,200244.45465168453,34343.639006933634,0.0001902935458742249,0.6893643589866657,0.001983111,4112,-1393.1622258896218,-336.5453133301433,-335.5516865772601,315.09817732072224,-103.55674730693052,76.94770809543958,-37.95771053000206,-4.008680810432327,-2.126414904488163,-21.035446183110878,41.273525961492446,-26.310999545110107,11.085808520815164
FF_04.09.2024_20240904_211900.WAV,513.0314,2.2834906772972885,199633.47100885242,34332.884077722,0.00019299514995653632,0.6891850998179047,0.0019762656,4108,-1395.0891708578595,-337.5058787635573,-337.88052380546293,315.1826310131849,-102.97268833154878,78.07624896198776,-38.51521034658839,-4.360709064466468,-2.572603780138524,-20.64825561605596,41.58998890896453,-26.140870863951303,10.925077010124053
FF_04.09.2024_20240904_211800.WAV,517.16516,2.302585092994046,200100.85997050247,34333.340333986285,0.00019397078982939748,0.6891899630864283,0.0019809077,4105,-1387.955683465475,-333.309639811071,-332.799464972002,313.66524299987725,-102.42413934741774,75.6600005428178,-37.63382990396452,-5.057552232359124,-1.2976517945718016,-21.021599740763158,41.751552952459754,-26.387124334147966,10.862694430998694
FF_04.09.2024_20240904_212000.WAV,514.1412,2.216057094465168,199898.87033763874,34336.12401897788,0.0001933708803836944,0.6891735552365493,0.0019798868,4114,-1381.7421808743873,-329.3388553023451,-326.17624229305204,313.3329806976483,-101.57312803747512,72.07202586764781,-37.567958865450734,-5.96204903731938,0.5764052639957994,-20.699563017818527,42.1934831604941,-26.991812461603143,10.35805711859995
FF_04.09.2024_20240904_212100.WAV,512.79736,2.2929363584230646,200121.8097844617,34338.475334332616,0.00019401068939477745,0.6893173170901983,0.0019818225,4146,-1384.761094055735,-331.3941394737674,-328.7307575169964,313.89027662586153,-101.96876662722849,73.56455189681454,-37.80181283692214,-5.674587326539906,-0.3249610287337528,-20.617293920484535,42.22716275660843,-26.70429215256846,10.336936697012682
FF_04.09.2024_20240904_212200.WAV,511.7293,2.2922241826143344,200321.1030750628,34335.44476100602,0.00019324690456807653,0.689256548959206,0.0019838454,4119,-1400.1480577960829,-340.97394246519974,-342.77735257931533,315.7357753278645,-104.27466726030092,80.38304233295882,-38.76194577983286,-2.8978132967809573,-3.4548390771128377,-20.722519895264348,40.679899012328974,-26.247398089670263,11.17235753743517
FF_04.09.2024_20240904_212300.WAV,513.06824,2.2682765913775733,199768.95143213085,34339.11963726953,0.0001936044230376437,0.6891582382132552,0.0019784586,4134,-1389.3481579185448,-333.84641988940604,-332.3141628915145,314.4269027898914,-102.79646869418423,75.08341768027701,-38.001279493483096,-4.8258251799736005,-0.8779665116912436,-20.439577271713233,41.75390892906129,-26.952990110596517,10.200275568936267
FF_04.09.2024_20240904_212500.WAV,512.8654,1.6836076239217233,199692.5443938162,34334.9894659235,0.00019526255631970767,0.6893554960206646,0.0019769156,4122,-1382.9020091946868,-329.9654066033877,-327.23718424573417,313.4531899490575,-101.55798909259299,72.68295044514721,-37.625385525153106,-6.028765487918082,0.18514375713979211,-20.610462066248356,42.42557629182107,-26.922610316282167,10.04702607312738
FF_04.09.2024_20240904_212400.WAV,512.14374,2.2915863125796436,199218.92380731064,34337.813835665336,0.00019316858347099574,0.689278683648655,0.0019727172,4103,-1391.1433112897703,-334.69668953346195,-333.37077753051307,314.75367096291467,-102.79253644249074,75.58447922287567,-38.14117011144559,-4.5843815885301415,-1.1220358403888664,-20.776490913333216,41.444467917287646,-26.66189333093325,10.64927561417797
FF_04.09.2024_20240904_212600.WAV,512.7544,2.2828156968561073,199853.0379271882,34334.10529149071,0.00019393993851459253,0.6892286419790794,0.0019789757,4119,-1388.4075610221016,-333.58364157476524,-331.96666721803615,314.37831631546607,-102.21583889577236,75.03330205202487,-38.20542246166652,-5.164356327164178,-0.9790574014687891,-20.39078022138466,41.915395574868796,-26.772080021669844,10.328578418686105
FF_04.09.2024_20240904_212700.WAV,514.3334,1.6624883527096221,199265.7303329302,34329.28365900292,0.00019821823892699587,0.68916051076864,0.0019724094,4092,-1393.9840106315355,-336.433504679747,-338.08299334898055,313.80960056647007,-103.8075903506703,77.98327455703051,-37.606814248929936,-3.5154869642538444,-2.2920942564679194,-21.0183190392568,40.881942559926195,-26.65740378457112,10.98838919833012
FF_04.09.2024_20240904_212800.WAV,513.04224,2.1618429106560373,199777.13432150215,34332.15455699271,0.0001962246063521716,0.6890883344096156,0.001978006,4124,-1388.9789186770386,-333.6491323581075,-333.323437183536,313.68697501697534,-102.89127618762662,75.70915242381056,-37.572492029681115,-4.6284299834107365,-1.2578518405608763,-20.86324891072876,41.609749271001945,-26.76400069466022,10.582750798204199
FF_04.09.2024_20240904_212900.WAV,516.6988,2.302585092994046,199794.58665162834,34335.25952316596,0.00019923200127096893,0.6891808274137811,0.0019778474,4107,-1393.4327499891729,-336.3705742568733,-337.4846699475833,314.03901600567684,-103.90310181725728,77.62757737948601,-37.8022564402673,-3.4058299113394854,-1.824551266219401,-21.04631623527198,40.770681816076014,-26.94010008977462,10.891130947938029
FF_04.09.2024_20240904_213000.WAV,511.80515,1.7621503838896662,199610.71719981055,34336.71165014049,0.00019700832283976575,0.6891645559172251,0.0019767224,4099,-1370.1208150978457,-321.8898596206478,-316.6241820560236,310.7326988184645,-100.9357198028702,67.22591102236035,-35.78886270571799,-6.925830242695724,2.882697936901187,-21.045435230732533,42.62660843661895,-27.60661811303052,9.241009650929689
FF_04.09.2024_20240904_213100.WAV,511.5462,2.2849678042389026,199422.01093202236,34332.29205963451,0.0001990746444100868,0.6891326037885135,0.0019739182,4125,-1386.3920089180824,-331.746623430973,-331.6251507812319,312.5895008452817,-103.23679143461567,74.72024138468083,-36.78680500401957,-4.324721280980748,-0.5649021978910973,-21.236794004080686,41.28975324517142,-27.096167169055338,10.417485063421896
FF_04.09.2024_20240904_213200.WAV,511.15692,2.2967472167366383,200223.5731673094,34329.821052839856,0.00020295422064622686,0.6891652376838406,0.0019821601,4123,-1373.0380494822973,-324.0052093424413,-322.6580815414402,309.4135534935451,-102.23620687060904,70.46456610819018,-34.976423341818574,-5.545840136261961,1.561363003804739,-21.582514350865775,41.432173230669505,-27.890283671890113,10.167391341103352
FF_04.09.2024_20240904_213300.WAV,511.59723,2.2861484491425004,200014.22123709417,34326.990133739164,0.00020210106103538686,0.6890232029722843,0.001979142,4100,-1392.089222127675,-335.55801156182156,-339.62578284174,311.8502951905273,-104.74289412550058,79.00431943370837,-36.370004916213404,-2.804993769974477,-2.3208382183169163,-21.695321097960907,40.05053871745865,-27.180368594464703,11.348850608348274
FF_04.09.2024_20240904_213500.WAV,518.56104,2.302585092994046,199573.7202442637,34329.04095780678,0.00019838625294997097,0.6892233241994787,0.0019762535,4100,-1392.0830625205137,-335.36793216756763,-337.3173802485507,313.2820440603549,-103.69631984159727,77.50974232779927,-37.36422594035897,-3.5602453247247605,-1.5773005774650881,-21.223316649710664,40.429354219936805,-27.10468359837573,11.12134270028101
FF_04.09.2024_20240904_213400.WAV,511.96326,2.2442730482481714,200295.2795194965,34324.52499470827,0.0002019820338427499,0.6890782897148143,0.001982602,4106,-1383.321063329934,-330.34646630869946,-331.8458963261056,311.08485217601657,-103.14925525709926,74.9962414656951,-36.099586690485744,-4.490636365488974,-0.4386915193347516,-21.341559019060686,40.907790202586646,-27.47889394532259,10.612493467390525
FF_04.09.2024_20240904_213600.WAV,513.5314,2.2758932046069473,199174.81532738416,34332.190273930406,0.00019655289421720716,0.6889568898061529,0.0019714774,4098,-1401.0175150993011,-340.7147935418729,-343.8386329279323,314.91768287835845,-104.65440928121616,80.845071456794,-38.253909197611264,-2.474560651352655,-3.505609774860001,-21.12390887335259,40.2086622009206,-26.287116199912315,11.547907730303256
FF_04.09.2024_20240904_213700.WAV,512.1848,2.286154671344949,199326.88919094292,34326.06192315895,0.00019888043620865326,0.6890284298496695,0.0019724695,4094,-1388.7397977181488,-333.19564753484354,-334.1610543252863,312.8638194646923,-102.9890524243259,76.13460694165714,-37.02327547612949,-4.571905901673537,-1.3383295556910284,-21.087068102751328,41.178520463180874,-26.75415150583103,10.932452811697843
FF_04.09.2024_20240904_213800.WAV,524.6037,2.302585092994046,199660.73502895504,34328.04697888837,0.0002040072727875517,0.6892458224977892,0.001976335,4109,-1378.8480299937385,-327.37314326447574,-327.502576851397,310.4002078854898,-102.30179315832373,72.97537933851035,-35.988323769663815,-5.346419060882523,0.66120162975518,-21.354443822857547,41.20743010616676,-27.524108280348308,10.583979890683706
FF_04.09.2024_20240904_213900.WAV,513.0611,2.2713173027159437,199964.48377984038,34323.79718359996,0.0002083345337713404,0.6891796911360886,0.001978394,4114,-1380.1068248925765,-328.1191197043395,-330.73557493839843,309.2821930480646,-103.42564148827645,74.61808730138175,-35.13408952069885,-4.360361738545748,0.09151736407948297,-21.882647081729523,40.381756114629226,-27.740679289510318,11.116127620896055
FF_04.09.2024_20240904_214000.WAV,513.11316,2.302585092994046,199789.66133715308,34322.97691489551,0.00020707842008721003,0.6892068254473843,0.001976789,4115,-1386.4354439122433,-331.86459488426453,-336.0649814497925,310.1556178876995,-104.43970197104031,76.97620575618585,-35.44096938858121,-3.010679187724925,-1.1701326532030678,-22.23538349016035,39.721172545516055,-27.12391751590057,11.815887674653686
FF_04.09.2024_20240904_214100.WAV,513.45013,2.133477082174966,199986.9927230943,34326.337701866534,0.00020652935005014667,0.6891395123568835,0.0019787366,4111,-1377.0026116579722,-326.3068751488913,-327.35815858243535,309.3263271391097,-102.71758700624842,72.84221204535233,-35.28944433712824,-4.886155153628892,0.9701602118840912,-21.885737309515616,40.60897102032996,-27.67686720713986,11.099347089310077
FF_04.09.2024_20240904_214200.WAV,511.60132,2.252240832479058,199997.44115174678,34321.730794439776,0.0002095306704280644,0.6889286646682724,0.0019785592,4113,-1363.2943478564036,-317.77366974636755,-316.6936567057348,306.26268830714383,-101.71152101228111,67.70741888523494,-32.892310285006914,-6.274924861424592,2.8402490234651667,-22.708724487965085,41.30535586576305,-27.846870593416586,10.690806259364866
FF_04.09.2024_20240904_214300.WAV,511.9713,2.2362494284285583,198827.53634491234,34325.64815355699,0.0002011354781228338,0.6890338385314856,0.0019671768,4126,-1385.1016414313629,-330.784463636144,-331.6235727320197,311.72621061535756,-102.5594699653693,74.99148872946674,-36.60636677829476,-4.788606826404081,-0.7231976802643068,-21.525847919733614,41.28910839344062,-26.845524932639186,11.158296353340235
FF_04.09.2024_20240904_214500.WAV,514.87256,2.176522108251745,199545.87409328512,34330.13219047193,0.00020074158517989225,0.6891659194504561,0.0019745983,4120,-1388.600314438269,-333.4008699565376,-334.8054338226633,312.470547088995,-103.22817092637275,76.58106729811334,-37.11155056003303,-4.19573229103153,-1.3859509508439096,-21.2444496013364,41.05667782268128,-26.65121072502706,10.933289599888505
FF_04.09.2024_20240904_214400.WAV,515.07715,2.302585092994046,200267.4837524346,34326.77751734364,0.0002001601796134932,0.6891728734699339,0.0019829092,4099,-1382.74838996546,-330.3087724664075,-330.38371688452696,311.9230942033612,-102.11200653699738,74.39971968750524,-36.940843205835,-5.335798685009072,-0.3612112438723658,-20.929550062417654,41.47516877910718,-27.03123466438549,10.71587398720151
FF_04.09.2024_20240904_214700.WAV,514.38916,2.15339596191737,199355.87617210706,34330.15909413386,0.00019977201824445716,0.6892097797693847,0.0019728455,4108,-1399.3054622859079,-339.78021801050414,-343.920478787142,313.92725224442984,-104.73687344185164,80.92181584071123,-38.00874760433129,-2.6086948682815456,-3.2824447506825427,-20.930393814726905,40.36376766519368,-26.57121895331902,11.229484851805966
FF_04.09.2024_20240904_214600.WAV,512.70557,2.217294757577004,198883.58522917013,34323.8669460626,0.00020397392148522006,0.6889484813512287,0.0019679184,4127,-1382.5461949526177,-329.05368652603977,-329.78673168784667,311.0257464911773,-102.57870083075166,73.91229885903677,-36.22004740072451,-5.122709166827722,-0.0260292351594638,-21.1967718192263,41.440639626179546,-27.20391445436087,10.565502219576697
FF_04.09.2024_20240904_214800.WAV,515.3923,2.262580771037453,200018.80048770158,34329.709981598324,0.00019925616217512747,0.6891928265062134,0.0019791147,4087,-1391.2656987708167,-335.4679559767742,-337.62520946843614,313.05189596259976,-103.12443954125307,78.33090861803697,-37.600659590517346,-4.278631046473749,-2.3738149546431084,-21.043698077535616,41.288086285030886,-26.509624605911895,11.175505203026093
FF_04.09.2024_20240904_214900.WAV,515.96405,2.302585092994046,200013.88798679027,34340.48316201149,0.00019032075663595667,0.6892160974733548,0.001981171,4096,-1349.9167776617928,-310.0364793383533,-297.9893981822921,308.60465251577864,-98.12473269296507,57.605491671774494,-35.12209231859811,-9.769541659665956,7.601329234100996,-20.24658600504573,44.08642308056299,-28.650465486177858,7.23786435643962
FF_04.09.2024_20240904_215100.WAV,513.0731,2.276953944908201,200156.21516232655,34337.445466748555,0.00019151013664227355,0.6890753808439216,0.0019820612,4114,-1401.4338805014545,-341.7073105227229,-343.28127624190006,316.1971162415148,-104.12887522100486,80.83543256030647,-38.8642401941127,-3.224321782466033,-4.056883283252826,-20.67096578713832,41.10237121519072,-25.762361743900996,11.245042284506376
FF_04.09.2024_20240904_215000.WAV,512.8038,2.302585092994046,200190.51771328214,34344.79081232332,0.00018912874167270786,0.6893769489434981,0.0019831557,4111,-1382.4087453246702,-329.99959754335686,-325.1224883177776,314.5343255880032,-101.21514822587339,71.70747878798812,-38.15030988282238,-6.598299816182969,0.40591389153208807,-20.22094786319335,42.986051591802166,-26.62968730360313,9.739295377027627
FF_04.09.2024_20240904_215200.WAV,513.0184,2.2935438349804365,200886.05206646994,34343.94310074678,0.00018619446687816432,0.6893390427196779,0.0019895295,4092,-1394.487849473276,-337.95791436776983,-335.15354186317165,317.21886954187664,-102.32739592687172,76.5887362033861,-39.60426065309232,-5.052296359533904,-2.122283270835561,-20.116356092327973,42.35458716612147,-25.890228419811994,10.516757553113612
FF_04.09.2024_20240904_215300.WAV,512.5721,2.266715832554417,200215.88504147934,34343.63467193147,0.00018729320522196867,0.6893591775603881,0.001983412,4110,-1393.694495845399,-337.00918764726555,-334.20841049563484,316.68464276495274,-102.38860308897506,76.09685721372085,-39.39030753926615,-4.9992357141625465,-1.701596241960504,-20.056515770731224,42.17152730069351,-26.322499333792592,10.407145058990084
FF_04.09.2024_20240904_215400.WAV,514.5741,0.6922017029622767,199998.5349958869,34343.348311686466,0.00018769334088123292,0.6892227333350787,0.0019815143,4111,-1372.9695845768115,-324.1009284641943,-315.7369134848433,313.62779252337026,-100.10002179394256,66.52746206306674,-37.70922297594111,-7.468220799223944,2.9045195270726567,-20.02597863076273,43.37922488868417,-27.419060090952044,8.995517878866696
FF_04.09.2024_20240904_215500.WAV,513.6813,2.296916582132351,200467.60908407316,34342.77557500662,0.0001872384370363373,0.6893449513636787,0.0019856973,4092,-1391.6134084087348,-335.931786164015,-332.53207622711716,316.4005082067305,-102.3494534440965,75.15921832678754,-39.12039935479141,-4.918063845454629,-1.327291265773008,-20.27572500683845,41.9987243405454,-26.275780590085187,10.560412310267482
FF_04.09.2024_20240904_215700.WAV,516.19653,2.302585092994046,200428.45126837725,34345.644199640155,0.0001895240479755366,0.6893901297647306,0.0019847173,4116,-1357.8586634889907,-315.0913610448725,-304.7563232102142,310.18944636128805,-99.03903318182151,61.13832716755624,-35.884623085165664,-8.93089920609795,5.82823267176665,-20.304734333583426,43.859796192254635,-28.203396108203794,7.981907139686736
FF_04.09.2024_20240904_215600.WAV,513.14386,2.302585092994046,200753.19587813778,34344.2374984887,0.000187348429224501,0.6892795472197012,0.0019905057,4139,-1365.7569577463219,-319.93641819158813,-310.66025807480213,312.0465576191215,-99.8038233572028,63.98854369792063,-36.54214817950236,-8.09571949242801,4.146000111982091,-20.28606185916201,43.389772772137576,-27.588499626178145,8.747459275040312
FF_04.09.2024_20240904_215900.WAV,516.7852,0.5623351446188083,200284.73671966372,34337.62465659218,0.00018920945268239683,0.6891476026540538,0.0019837036,4130,-1388.2857403226494,-333.74676149653396,-330.41166235190843,315.4893758425481,-101.79465745005538,74.18831286721247,-38.69515514476735,-5.658057165873076,-0.8753264481735642,-20.074790366553078,42.38397129469441,-26.56637884390443,10.225571594645999
FF_04.09.2024_20240904_215800.WAV,518.97754,2.302585092994046,200350.8779098786,34340.1273476673,0.0001896830552167209,0.6892697752315461,0.0019838896,4097,-1378.2997511630513,-327.6471128134332,-321.9830895926243,313.8553803475581,-100.75696915478693,69.95389388927057,-37.9579335092153,-6.830469075885634,1.389226218661871,-20.132836170778223,42.90909765671444,-27.14885012165842,9.593032733344767
FF_04.09.2024_20240904_220000.WAV,513.9107,2.1149582692375732,200592.13034975898,34341.329131758284,0.0001882362203309753,0.6893438150859862,0.0019858247,4127,-1398.7979268338595,-340.47178969015255,-340.17712004858294,316.78282729575784,-103.39594128211374,79.2556879827973,-39.2913236896545,-3.9211986598093658,-3.275354786002779,-20.512270546323997,41.47010166009612,-25.841980158061848,11.154367167114689
FF_04.09.2024_20240904_220100.WAV,515.8838,2.302585092994046,199693.0740834035,34342.0134257254,0.00018622630061299202,0.6893222258098296,0.0019783638,4091,-1397.2975548989216,-338.87252977115503,-336.754524998491,317.24130043049024,-102.70701680709317,77.32639179616086,-39.51641535707893,-4.65192036565869,-2.4554160249118717,-20.185545029517034,42.00167419516921,-25.845729446436934,10.695746918720753
FF_04.09.2024_20240904_220200.WAV,515.5947,0.752752013419953,200798.96876568912,34342.85314663156,0.0001840933139872907,0.6893466330546635,0.0019888184,4112,-1387.4221675344452,-333.4532715088744,-328.6456901218122,316.2319343074529,-101.58408366340116,73.12942499764678,-38.990347343862275,-5.810452798059213,-0.4273242961910365,-20.187964057608898,42.66035513236075,-26.339323406037852,10.11328599482254
FF_04.09.2024_20240904_220300.WAV,513.6565,2.2995410188067997,200224.54822541663,34347.06206910559,0.0001851759052572445,0.6893658134221121,0.0019836028,4137,-1398.1776422788373,-339.798858184327,-337.86511474153366,317.3535841113808,-102.97796388725394,78.01184855750171,-39.58840386929266,-4.239885169826552,-2.763140765249198,-20.44872569187331,41.697077819758924,-25.663798361996587,10.9280576917102
FF_04.09.2024_20240904_220500.WAV,517.5143,2.302585092994046,200675.96790146743,34342.68530226903,0.00018312570606759154,0.6892873648102252,0.001988042,4101,-1387.5829746265294,-333.64487473612235,-328.2506739082114,316.7513493835556,-101.04954960912953,72.92152801188055,-39.61083460667097,-6.216435390668605,-0.2477638496155985,-19.72463164469147,42.830999242999994,-26.44516386976108,9.99944454880938
FF_04.09.2024_20240904_220400.WAV,514.55005,2.2639822536924035,199771.06651052687,34342.956917555246,0.00018463470379377676,0.6893009546914269,0.001978596,4128,-1400.8347499251502,-341.2119315153097,-339.2603051146693,318.2680653295676,-102.70819051589547,78.59184497361485,-40.187349106847094,-4.37610942317601,-3.146680043516842,-20.163234376644063,41.93157779504896,-25.543677986965704,10.988846203712143
FF_04.09.2024_20240904_220600.WAV,519.0818,2.302585092994046,200663.5216670032,34339.412436879764,0.00018513230858455124,0.6893652680088197,0.001986451,4110,-1398.20085533716,-340.3524342183268,-339.02963903805755,317.5491159131899,-102.18867076663389,78.7579237880423,-40.27145971336949,-4.9207368573744805,-3.0862903958791628,-19.94346597291916,42.21100929552849,-25.58836919594714,10.930829590936472
FF_04.09.2024_20240904_220700.WAV,516.33826,2.0893789039441226,201061.32130586205,34333.67345891201,0.00018785212436555436,0.6894286723040585,0.0019898182,4137,-1390.2803037447993,-335.7602966866695,-334.3761951547657,315.61706943237425,-101.07729573474131,76.76917592720945,-39.472686528882086,-6.384877807703197,-1.891677895012541,-19.958172792649783,42.82909769149634,-25.81365004210378,10.465473628317833
FF_04.09.2024_20240904_220900.WAV,521.5608,2.302585092994046,199748.1146487205,34338.877104722,0.0001863720585047589,0.6891001516976171,0.0019784817,4079,-1399.0998208834778,-340.234516524691,-338.94493419027845,317.2833012468649,-102.59465589497081,78.66059516223913,-39.78117366961701,-4.353819059664234,-3.167090026571356,-20.420504216898514,41.71321026380743,-25.586128497895434,11.295023104626683
FF_04.09.2024_20240904_220800.WAV,607.81824,2.302585092994046,199826.46241528745,34343.189956406655,0.0001867793831911181,0.6893185442701061,0.001981935,4124,-1290.9638212735206,-274.7373218378064,-251.69522206685997,293.8796897068904,-95.58961510236333,33.886230563616756,-26.6068340337568,-11.635846096077545,19.251523694036422,-21.640760359632406,41.77954125414815,-31.803009415266942,3.760897884577313
FF_04.09.2024_20240904_221100.WAV,513.7114,2.246613600362757,200558.077515535,34343.63607856914,0.00018392413808714743,0.6893804941298985,0.0019862587,4086,-1402.0207554534345,-342.49854105583717,-341.32008902124574,318.34961639535294,-102.99541543664351,79.79975508259749,-40.23775056573603,-4.177748535486548,-3.7374578196056607,-20.097774063470283,41.76273393361349,-25.481076524509277,11.108464811377878
FF_04.09.2024_20240904_221000.WAV,520.2335,2.302585092994046,200539.3779927506,34338.23491460252,0.00018512603667442253,0.6892534582838825,0.0019855397,4123,-1354.8901352350433,-313.5098192522408,-302.04420900346526,310.22130848773503,-98.06747315965714,59.47922019276095,-36.29259889668553,-9.530757669276747,6.738555232540086,-19.805788877415104,43.990978806891086,-28.43574166394164,7.592180732863073
FF_04.09.2024_20240904_221200.WAV,513.61273,2.292906577829107,199591.8811947905,34339.86237890638,0.00018844643752927062,0.6891848271112585,0.0019763054,4123,-1395.1408882137266,-337.6752992791025,-335.32763289517715,316.8535255785555,-102.05981787333634,76.77107543935044,-39.59848961287556,-5.213627364548802,-2.095999268921213,-20.040575393506245,42.18708393648336,-26.03030417063869,10.666782632753709
FF_04.09.2024_20240904_221300.WAV,514.37024,2.269839696941291,201197.29705292673,34347.03390930928,0.00018324017327995244,0.6893766307857442,0.001993403,4092,-1384.5931928659581,-332.1012238517007,-326.2959016258618,316.0645799222557,-100.96887042892432,72.1554334669637,-39.24564825495054,-6.488416117443545,0.18711630900570841,-19.861566761218967,42.98758424091641,-26.520385305214013,9.786851988137593
FF_04.09.2024_20240904_221400.WAV,524.44055,2.302585092994046,200681.71190491377,34343.61158480053,0.00018369509371150798,0.6894075375389789,0.0019887597,4123,-1382.0521110125874,-330.05423955213814,-323.47231667186463,315.78054050165906,-100.56888982359995,70.47565509572557,-39.00833471564919,-6.974239759710194,1.098674022751802,-19.71558931810567,43.09469026640319,-26.83638871458291,9.575182120317491
FF_04.09.2024_20240904_221500.WAV,513.4894,2.2996948352004,200010.06750910866,34342.44684215172,0.00018485125760880526,0.6892609577166527,0.0019809632,4118,-1396.1565349236396,-338.4859529486622,-335.638065775924,317.47034359935776,-102.35532881764564,76.69534953093961,-39.80753407062499,-4.7959597964052785,-2.1041068069849995,-20.08925734117473,41.986864782738465,-25.998441379674983,10.834653011826635
FF_04.09.2024_20240904_221600.WAV,515.1452,2.27328190883354,200448.32264528636,34341.948331719155,0.0001847549962177862,0.6894113554320255,0.0019859332,4117,-1383.835461095104,-331.1299861260327,-325.2638961575948,315.73264494254903,-100.81952496068203,71.49964537341154,-38.94111040204567,-6.634721029953934,0.4301552327511675,-19.892013311735386,42.95089173018967,-26.487681781116073,9.805622951922304
FF_04.09.2024_20240904_221700.WAV,514.88135,2.294574571415942,200292.14843982342,34345.02656449065,0.00018282792653068945,0.6894240362910733,0.001985442,4122,-1385.9500905661191,-332.17024791850815,-326.4037937337668,316.1586443296739,-101.19576512750413,71.99459511659703,-38.97629572155008,-6.242757265954872,0.1497770255722566,-20.037799923094475,42.71548890835828,-26.451655550650607,10.074510948345935
FF_04.09.2024_20240904_221800.WAV,515.46106,2.040603731585637,200046.050355744,34346.72839558756,0.00018371812923977855,0.6893080450642278,0.0019822505,4124,-1401.7639264546267,-341.98277930431817,-340.3147523063003,318.16497282653586,-103.25568297705767,79.34471427520329,-39.98345240345752,-3.919933782439727,-3.5894868174599464,-20.345347481062742,41.61288274531256,-25.48798235867815,11.256053591324713
FF_04.09.2024_20240904_221900.WAV,515.4586,2.302585092994046,200627.85277688236,34349.59983586477,0.00018434053797314787,0.6895181200840081,0.001987672,4142,-1384.1305506031754,-331.3397254210137,-324.8597466751432,316.1106681625466,-101.15545846151029,71.23818828690612,-38.967454701336024,-6.332849290009443,0.534216849047768,-20.096407866250228,42.94824294257125,-26.457554198248175,9.77139144727976
FF_04.09.2024_20240904_222000.WAV,515.06116,2.021477202094586,200338.96229712985,34344.53189017947,0.00018570587989992737,0.6893230893808759,0.0019850621,4125,-1381.7103204675711,-329.6190566141035,-323.876424834618,314.84255380523405,-101.26078708876663,70.83797362979922,-38.164754861167154,-6.337515158354672,0.7808440866529442,-20.321877301814236,42.77937962233477,-26.87825147177127,9.866027978651104
FF_04.09.2024_20240904_222100.WAV,515.8848,2.2936043793098078,200081.5384326052,34342.737862158865,0.00018307522965901765,0.689123331762543,0.001982263,4103,-1395.930219441241,-338.3774227734415,-334.8681522645457,317.7286057598131,-102.32272722751593,76.31714356251194,-39.79385456936824,-4.838914923377835,-2.1727308224209905,-20.06088966952672,42.209806253859064,-25.98033835770608,10.736238023173916
FF_04.09.2024_20240904_222300.WAV,516.6345,2.273011686408361,200473.5986393833,34347.67439969494,0.00018135873123468823,0.689194235490552,0.0019859234,4113,-1400.5976282949136,-341.50528481087866,-338.2353053449126,318.9344425998444,-102.89536046663133,78.01622390994072,-40.38189008974847,-4.248680684713529,-3.0978290030624898,-20.01251187619664,42.08119493740029,-25.436998223018584,10.715706885073061
FF_04.09.2024_20240904_222200.WAV,514.7604,2.2835063135169547,200324.50760258426,34348.25224426214,0.00018198271912664625,0.6893886298781765,0.0019850105,4103,-1393.60158990778,-336.9955367816944,-332.49948682154377,317.6024319321825,-102.1582457839912,75.16084542071633,-39.636458705890014,-5.225065938513448,-1.6043372148208381,-20.07285822606671,42.52696299561354,-25.97624707404411,10.352174094218606
FF_04.09.2024_20240904_222400.WAV,514.97107,2.2990110649555477,200416.75246086164,34347.17597608744,0.00018173845536232993,0.6893294070848459,0.0019855322,4106,-1393.1192906288077,-336.84743631610286,-332.1545316049371,317.7578662127062,-101.73000313698229,75.02501857245174,-39.95262544604391,-5.673504774566803,-1.4230527626608793,-19.823285740115146,42.77154810224102,-25.970263113902522,10.15431671307698
FF_04.09.2024_20240904_222500.WAV,515.23346,2.2997647285281935,199569.45208449068,34348.297986195816,0.00018234135307476613,0.6895003941520059,0.0019771561,4122,-1380.464905297699,-328.54568895622765,-320.6567446566185,315.63648586811917,-100.2641040026054,69.07019482650912,-38.94042549238213,-7.275202407592133,1.6368528718745012,-19.78087372353543,43.513091081880034,-26.6261537397513,9.144508823237997
FF_04.09.2024_20240904_222600.WAV,515.6633,2.302585092994046,200550.3119991009,34346.312926399456,0.00018176097724030533,0.6893349975710928,0.0019877732,4124,-1389.783333591495,-334.748903325436,-329.0055195779131,317.51052460007577,-101.31956527225748,73.23746936134292,-39.772731397621754,-6.1681155483011905,-0.518799278850555,-19.643713644168177,42.95945664730558,-26.207840099684592,9.845220353193808
FF_04.09.2024_20240904_222700.WAV,515.0994,2.287379324061867,199082.96769104488,34345.39867004476,0.00018385364434808082,0.689374858192544,0.0019732707,4104,-1376.4755890499732,-325.6008199378129,-317.5070980792173,314.3273197488539,-100.07070205227485,67.49170209373887,-38.10491618607951,-7.637472727322437,2.4400395200704175,-19.854525288156132,43.55042984540865,-27.109769487032164,8.884254139830935
FF_04.09.2024_20240904_222800.WAV,514.2629,2.3008047246521133,200270.7806383859,34346.26961488675,0.00018348608109824732,0.6894094010343945,0.0019841318,4118,-1397.992853250028,-339.7590005662787,-336.89868995222696,318.03407550548934,-102.51330810028836,77.44863441766836,-40.09121335782011,-4.684541595131007,-2.5308156806555826,-20.097829225176906,42.14079176257877,-25.77647639629606,10.742530851782416
FF_04.09.2024_20240904_222900.WAV,514.8502,2.291750514543042,200541.16783855777,34345.91363194269,0.00018225317828177208,0.6893360429465698,0.001986766,4098,-1398.0486983854157,-340.0704184234866,-336.87016238308524,318.3679939479948,-102.29801194736433,77.40921646278514,-40.40213214575,-4.897359347201903,-2.516861503233837,-19.725101241197194,42.22217283747747,-25.79617397338114,10.493678235104863
FF_04.09.2024_20240904_223100.WAV,515.39355,2.302585092994046,200484.34246655737,34341.760839530405,0.00018364211757685407,0.689122422740389,0.0019867325,4117,-1384.1876637880216,-331.25433517329043,-325.5637484991853,315.805636063819,-100.84263114775933,71.61960291187017,-38.97640474730158,-6.679237544636542,0.3578697318020773,-19.819600868513103,43.20150620467667,-26.63598058481988,9.58317344823337
FF_04.09.2024_20240904_223000.WAV,514.4093,2.245159500038364,200369.66040459674,34342.57607651694,0.0001851130713075736,0.6890823348633994,0.001984727,4113,-1401.4211463510117,-342.0760508212909,-340.64915944578684,318.21736358068574,-102.86731884847279,79.45569019977427,-40.297996599325195,-4.258105841444018,-3.5402259491187205,-19.91495179123274,41.823183581195984,-25.658039165108057,10.875524954730247
FF_04.09.2024_20240904_223200.WAV,514.5713,2.302585092994046,199952.0285563331,34347.3654621465,0.00018438342221832312,0.6894654877012939,0.001980494,4103,-1404.8988303654446,-343.8894395034474,-342.5443521037785,319.0916058302073,-103.10694052195856,80.40755918097362,-40.74124447923474,-4.063238079080433,-3.8981548918379842,-19.92425645776786,41.69925255180006,-25.465623479839913,11.034014947949135
FF_04.09.2024_20240904_223300.WAV,514.4055,1.4186109171026404e-304,198724.03222901805,34341.200885800194,0.00018454160332688176,0.6893093176952434,0.0019691747,4102,-1387.84137412296,-332.5040212932266,-327.0056138147665,316.34972352558964,-100.77583426603874,72.2899152611283,-39.379678789936236,-6.568063057678607,0.060788557060962554,-19.7225342003617,42.975950697342384,-26.416363534328692,9.847422382275088
FF_04.09.2024_20240904_223400.WAV,514.55054,2.2829462195802948,200626.48378747868,34348.803056589684,0.00018173253723932514,0.6893839938651913,0.0019879327,4109,-1392.8339320107414,-336.80450939747146,-331.9037167717683,317.8241845231781,-101.74928215023972,74.84254039356186,-40.092400599687174,-5.612424328028585,-1.2281945182573182,-19.680763201973413,42.67483315521921,-26.177757502169772,10.129384907340022
FF_04.09.2024_20240904_223500.WAV,514.7696,2.2985144938028887,200787.4453950697,34346.792780036754,0.00018169871042593717,0.6893978110019315,0.0019891758,4099,-1396.944365792947,-339.5165236073701,-335.3721784597548,318.6841892116266,-102.10267039794074,76.52072262818122,-40.544878804545974,-5.011954428371118,-2.2249706508751124,-19.71005231875828,42.503721084272286,-25.775350422499915,10.384835904419727
FF_04.09.2024_20240904_223700.WAV,515.0932,2.1028835676008315,199770.21758027768,34346.42245007896,0.00018157615590814148,0.6893432696726939,0.0019799941,4074,-1384.0417011848015,-330.7522941732631,-323.1761467536925,316.62801447021485,-100.55827249532085,70.20390275367595,-39.4279028437005,-6.982555839540925,1.044404431118266,-19.420069233044984,43.32583851817177,-26.75238965105185,9.35803422995842
FF_04.09.2024_20240904_223600.WAV,514.1203,2.297639832476218,200118.85236716588,34344.646641657455,0.00018179346701011645,0.689302909089058,0.0019827778,4114,-1396.2334341082792,-338.6414262360609,-334.33469033883307,318.3947612391642,-101.9126953561854,75.9663832082081,-40.38397848014864,-5.252227630462314,-1.9052346816428536,-19.66377483764122,42.459964808290415,-25.84682358397852,10.353155138748843
FF_04.09.2024_20240904_223900.WAV,523.4827,2.302585092994046,200703.89230150593,34344.215130826786,0.00018161032225663922,0.6893500418877408,0.0019881893,4129,-1397.8010416218303,-340.01605236556827,-336.6876160727173,318.53268451363203,-102.05662829105192,77.23554756649392,-40.61272625685312,-5.036344857572551,-2.334360197731848,-19.638653665661675,42.15608067250337,-25.853175328435857,10.68264459124992
FF_04.09.2024_20240904_223800.WAV,516.0576,1.9799390454792654,200458.06145175645,34346.741101618085,0.00018224580346813164,0.689317953405706,0.0019862296,4114,-1390.8658505176722,-335.42670610013204,-330.1648625685862,317.45280284089006,-101.55231130857999,73.85066098901926,-39.8741136909229,-5.829391042604067,-0.6867151099103709,-19.653221732010646,42.68181625453857,-26.30906081526752,10.038758633513327
FF_04.09.2024_20240904_224100.WAV,514.21326,2.2888620087285534,200659.45485067554,34347.14257296187,0.0001816035392172007,0.6894375807211672,0.001988119,4118,-1386.4933121304284,-332.8729396804699,-326.3940914238665,316.952982847607,-101.00518995869675,71.95065370745199,-39.54948543983091,-6.446949865414398,0.15293374646018906,-19.70175624405989,43.04706530381117,-26.38458817233403,9.750898708874045
FF_04.09.2024_20240904_224000.WAV,517.43304,2.302585092994046,200367.91229877216,34346.05641670007,0.00018137820169428562,0.6893311342269385,0.001985124,4126,-1393.2303855151915,-337.02153752988204,-332.1089443756357,317.9340511337491,-101.4009778205601,75.0073993666852,-40.33229378478672,-5.830748353457318,-1.4180139707889892,-19.53684683498515,42.887186668106445,-25.970171916229422,10.035375114881958
FF_04.09.2024_20240904_224300.WAV,516.72894,2.302585092994046,200272.87981985311,34348.722277933615,0.00018164454076251125,0.6896830621538443,0.0019847788,4113,-1390.2614979286448,-335.02060554945297,-329.66872196832117,317.2142702875995,-101.31659336779464,73.84443830437267,-39.84125333703994,-6.137810185280938,-0.726531997869923,-19.66763506678372,42.91867003971256,-26.197327226475178,9.904382240349857
FF_04.09.2024_20240904_224200.WAV,514.81067,2.2888566151499883,200714.75256692953,34344.709702628774,0.00018183615998302325,0.6892044165386764,0.0019884373,4136,-1399.7564689296914,-341.1740442002575,-338.52018936647494,318.4986288635543,-102.72421771744425,78.28034260548553,-40.1966587674248,-4.45980271917793,-3.1647084024670415,-20.03897803360829,42.07912975793085,-25.545129339597597,10.747817341344488
FF_04.09.2024_20240904_224400.WAV,522.24695,2.302585092994046,200235.7120698655,34345.087043267406,0.00018247215450145472,0.6894340355347668,0.0019837015,4098,-1388.9087396587424,-334.10937644727755,-328.78761233799855,316.9702228169868,-101.13172256150936,73.29389570509457,-39.664193595341516,-6.34540966845637,-0.4189584369132492,-19.709759071092808,43.01854099537881,-26.327381905896164,9.86295018357594
FF_04.09.2024_20240904_224500.WAV,514.5316,2.283632470843051,200126.40401283719,34345.164873154805,0.00018151972338184826,0.6894227636600577,0.0019831625,4104,-1397.5948944033705,-339.45215943809995,-335.9463550588683,318.333846158251,-102.1517019300163,76.94436630508514,-40.2310461612215,-5.186315948818638,-2.4522645114807022,-19.699783346606175,42.45517139426276,-25.72175749296073,10.428977229630098
FF_04.09.2024_20240904_224700.WAV,515.34143,1.4186109171026404e-304,200650.49004367093,34339.96298879397,0.00018294193280191253,0.6892056437185842,0.001987713,4102,-1391.4206079150595,-335.97930302008507,-331.7990383637588,317.2013749329163,-101.30705430394143,74.80594803522318,-39.88504457381988,-6.000905611055737,-1.2288921371332648,-19.534687689034747,42.77959562425899,-26.274631082744797,10.063648871839229
FF_04.09.2024_20240904_224600.WAV,516.8003,2.0514223200569752,200370.6960505002,34341.79634623927,0.00018296277692786238,0.6892490495264358,0.0019850263,4116,-1342.2993090073494,-305.6011813878804,-290.51550818983253,308.05931819619644,-97.31443340603175,53.32725792813898,-34.92223797247713,-10.494514380064082,9.845396608552516,-19.591366141025134,44.17512187450616,-29.582976819521452,6.301073359610657
FF_04.09.2024_20240904_224900.WAV,514.8436,2.302585092994046,200300.43279044706,34342.667390202674,0.00018271505401902966,0.6892989093915806,0.0019854684,4114,-1380.9708250703638,-329.2549170363259,-321.88067756623786,315.7814926247427,-100.20219229692637,69.64603635739233,-39.08701688219373,-7.362617758606333,1.3742454508415824,-19.358944696406596,43.359672875815505,-26.901158717623787,9.206162025005176
FF_04.09.2024_20240904_224800.WAV,516.3624,2.2033018464980776,200649.1989425113,34345.39892160642,0.0001833373747060004,0.6893525416986642,0.001987366,4105,-1390.1821180975817,-335.2647378964996,-330.6586622992877,317.06466440963163,-101.24814623177706,74.36030698490293,-39.870989293809664,-6.224411169929693,-0.8461021716578481,-19.541406284835826,42.846678027658385,-26.406758739462866,10.054384184383554
FF_04.09.2024_20240904_225000.WAV,516.42114,2.138701338580502,200987.48104526201,34348.22157793103,0.000180948553799358,0.6893900843136228,0.0019913549,4100,-1397.803348821874,-340.1312724141933,-336.5163995170071,318.6832123205384,-102.24402224258178,77.22733880127265,-40.53814672561867,-4.970634196514343,-2.4918814257266337,-19.79977737054359,42.46749653207886,-25.732956260082407,10.454236152441966
FF_04.09.2024_20240904_225100.WAV,515.4095,2.1765571135794186,200584.20587910755,34345.44838670657,0.0001819449983233507,0.6891610107308247,0.0019873187,4115,-1382.0534471609294,-330.1318865230915,-322.7440355699344,316.19289860717504,-100.39205113460139,70.05113115755144,-39.328212919455055,-7.011049320950404,1.1250407973480716,-19.518906777976873,43.419894509917555,-26.897086551453718,9.369514824364163
FF_04.09.2024_20240904_225300.WAV,513.8015,2.2990676871448716,200323.59078694595,34346.736388892925,0.00018360446415906464,0.6893327250157079,0.0019852954,4104,-1394.6280196534342,-337.69898276426306,-333.31284335299597,317.93452379850834,-101.98864674881032,75.56835977324951,-40.082644218503226,-5.3611784287911854,-1.6222508398385285,-19.726478053670785,42.44751027487844,-26.07396735841197,10.421255931090927
FF_04.09.2024_20240904_225200.WAV,514.30566,2.2836447524499466,200380.04749272557,34348.19977944122,0.00018071356953283082,0.6893369519687238,0.001985236,4115,-1392.7503274551534,-336.58117055308054,-331.1884100960943,318.08625632347685,-101.58417238074692,74.46187536651505,-40.14112237969913,-5.871210516613486,-1.231815172825415,-19.556811147896354,43.02101216423625,-26.11410378135923,10.00274245168103
FF_04.09.2024_20240904_225400.WAV,514.2871,2.302585092994046,200638.05715592505,34344.35920249367,0.00018428474033196267,0.6892660482407149,0.0019879956,4126,-1390.3701034032572,-335.22161426122165,-330.72191007635934,316.86932757512193,-101.73411947600337,74.24028160085415,-39.46751330364333,-5.586162976772155,-0.9942562431254202,-20.01273011227367,42.57055795478457,-26.23538501030183,10.321882100962965
FF_04.09.2024_20240904_225500.WAV,514.1968,2.298185790847456,200905.34011159427,34345.60013199848,0.000183694008084131,0.6893424515527553,0.0019910806,4118,-1382.1211507181013,-330.2127952461891,-323.62673512230396,315.67081029798436,-101.00514656091528,70.5903758225078,-38.644845270495615,-6.579771529416659,0.7904999977376947,-20.049622889072598,43.03820932914534,-26.61929568809046,9.671182864008134
FF_04.09.2024_20240904_225600.WAV,514.7772,2.294259943645476,200422.34059620256,34345.23916056154,0.00018357698275471253,0.6894499434224611,0.0019858095,4102,-1381.479023092148,-329.57468546027906,-322.38807616455443,315.7749680418938,-100.6359609085804,69.89628466778565,-38.82312977146894,-6.886990426274969,1.0421092834157168,-19.854012457552525,43.43793943498078,-26.619510924857543,9.299702119693391
FF_04.09.2024_20240904_225700.WAV,514.0431,2.300273713928923,200311.16102757314,34343.587173763044,0.00018305440152028082,0.6891951899638137,0.001984351,4111,-1394.3296952158692,-337.59202869467913,-333.2302472217352,317.88581742377943,-101.88002602835111,75.44878845210224,-40.09792407508484,-5.193902065160181,-1.7711627377455275,-19.90207418272273,42.693448069787024,-25.901429250238305,10.307233334074043
FF_04.09.2024_20240904_225800.WAV,530.7853,1.8232389627277545,202234.3999748344,34293.23857589761,0.00019674320239199675,0.6889071208432235,0.001995204,4112,-1369.7165629014003,-324.20345294001794,-325.33171640940446,309.5435721985851,-97.45716048805824,72.66523419685853,-37.877681533049646,-9.713050516669535,1.1318640663334838,-19.47609229211267,43.56779429751739,-27.196939357547212,9.669320225174957
FF_04.09.2024_20240904_225900.WAV,557.4011,1.4186109171026404e-304,207891.5046338148,34093.29049435211,0.000245954594506827,0.6872330201933817,0.0020218391,4103,-1346.463132424545,-314.8191110019799,-347.3875530247983,290.5733085380565,-90.47020481303683,87.65569452541939,-33.77900160731299,-15.118981914684474,-2.5877457384773823,-20.832074214297602,42.86586748205224,-26.84612222738454,12.660183295195743
FF_04.09.2024_20240904_230000.WAV,575.25146,2.302585092994046,217082.7619687745,33972.495111775,0.0002809811096429404,0.6865099839721214,0.0020963717,4088,-1309.5502750598291,-297.14754878370775,-342.30699881593694,275.929303729664,-86.82263809776227,87.15788557553711,-27.93668578454447,-18.95731240407201,-0.5467603024503811,-22.57230158212569,42.69473396491311,-27.619554511874274,12.907117845384427
FF_04.09.2024_20240904_230100.WAV,577.5418,2.302585092994046,222750.54813523885,33928.645725802206,0.0002954464492836565,0.6864815315787024,0.0021461328,4105,-1296.5518235566292,-291.92369852977777,-344.4445336076188,269.5721968997757,-86.54259586052751,89.47866725418315,-24.78777778618348,-19.670244484447526,-0.9669984638982048,-24.45189571686444,42.184615305249466,-27.132407658463517,13.873020890039141
FF_04.09.2024_20240904_230200.WAV,577.2162,1.4186109171026404e-304,236302.56975284714,33824.39402691774,0.0003126380490160183,0.685783038955599,0.002266007,4121,-1272.1685245923936,-283.1724701647736,-344.85834512387953,261.53046140883623,-83.86577242234465,90.20931859459135,-22.15433810006047,-21.53642432232817,0.36149890269482804,-25.831297356488374,41.44976229162705,-27.17258390464678,14.439642835729844
FF_04.09.2024_20240904_230300.WAV,575.14026,1.4186109171026404e-304,261699.86812087637,33602.07434746818,0.0003183116347346031,0.6835389359641162,0.0024719583,4126,-1243.9682484690334,-279.6604301936639,-354.48219879943343,256.1558446026591,-73.88379656231032,95.27983125527034,-26.824808605596797,-26.519191170380285,1.0971901538070727,-24.56219567599938,42.92191617775651,-26.642908421125846,14.904412574493268
FF_04.09.2024_20240904_230400.WAV,568.1434,0.3330110964801872,258718.7604734097,33544.04692545633,0.00029977597671658376,0.6817211189117333,0.0024323785,4103,-1270.472131909368,-295.91785735217695,-371.9105049010049,265.1727012062402,-70.88446741524834,102.4942829726215,-34.913066321545024,-25.665130475733015,-2.7705481209227445,-21.901904290358843,44.31995110495405,-25.462484635220445,15.39738056145021
FF_04.09.2024_20240904_230500.WAV,567.325,1.4186109171026404e-304,220237.73214687084,33956.77393117123,0.00024138515799577504,0.6851684036261985,0.002133454,4105,-1321.811492565574,-306.7722723707499,-338.3353361786373,290.0528409722101,-83.06604678641457,80.69770181774558,-37.25900225697163,-18.97311260178001,1.938901674484039,-18.14467506936273,44.78635550952674,-28.09712730131141,10.151316884510383
FF_04.09.2024_20240904_230600.WAV,558.84686,1.4186109171026404e-304,213146.1459281882,34037.634232568686,0.0002625242542996105,0.6872453374435679,0.0020670132,4088,-1312.8685532882043,-297.1156547995964,-332.9173404679534,279.9337006961983,-87.1765260047824,82.62093201996377,-28.87439219131484,-19.678223151097338,0.285804028892156,-21.75874792292059,44.060049175973994,-27.054617208796355,11.869911833525387
FF_04.09.2024_20240904_230700.WAV,538.9867,0.366599869956608,210106.64872162577,34084.987829604426,0.00023150787502231512,0.6865435723407103,0.0020499835,4110,-1338.2882633395964,-311.3398909007015,-334.3646015343409,295.33041960127485,-86.80254304034625,78.7863986829387,-37.37517036359949,-17.50006487515804,1.4301300968138992,-17.540133222271592,45.15731154614457,-28.427905525702915,9.349833111606339
FF_04.09.2024_20240904_230800.WAV,527.7672,0.9718652733736989,210985.61276119293,33990.03774221108,0.000259570443627043,0.6855157864423346,0.002036554,4110,-1337.8948957136797,-312.4320406099984,-352.88887530397426,287.4644129235552,-84.76991345691468,90.1619780979614,-35.73284214993837,-18.467892857807982,-2.875668346529713,-19.066919272646274,44.515231959970016,-27.12757662977467,11.682702132078127
FF_04.09.2024_20240904_230900.WAV,531.8756,0.3833427826511019,223170.1022616178,33830.616968754985,0.00028303790347784325,0.6838199147119054,0.0021326873,4093,-1322.289944526406,-309.90700764778325,-367.7597734217657,278.9563708244344,-81.33710901617634,97.85458606628212,-34.60438007183815,-18.84847761360092,-4.3005737862029045,-20.85810187535978,42.78447082621615,-26.83002943278846,13.907350681537839
FF_04.09.2024_20240904_231000.WAV,527.6632,1.1870031786047133,213035.4623431221,34014.783767663,0.00024637631026802365,0.6856756379881085,0.002064876,4129,-1342.289095658642,-315.9952842426045,-352.5864520641511,291.14238702650476,-86.12587999937642,89.22225293200341,-36.60212991280113,-17.324446679164645,-2.991683178178666,-18.856562125667487,44.39180008050752,-26.978357337208017,11.54329399430677
FF_04.09.2024_20240904_231100.WAV,514.3928,2.154394836760739,202810.10204914448,34208.14231826954,0.0002171995073321108,0.687834156543796,0.0019893306,4122,-1385.055445884788,-335.4155018424082,-357.1333066503257,304.9350192105849,-95.79335835722941,90.94062200653067,-38.72376389764568,-10.634614632910338,-6.478785292846751,-18.666117970495684,43.16034640650913,-26.141057107478144,11.225439733485132
FF_04.09.2024_20240904_231200.WAV,512.7569,2.2871170404174803,200553.5336974947,34323.571722503024,0.0001919299785838063,0.6890023409138509,0.0019844116,4118,-1396.268476724129,-339.1557942393468,-340.96179788164443,315.4897450673936,-101.78516027324464,80.10909819693606,-39.47081046315904,-5.526858368454449,-3.557027342245785,-19.795315648426826,42.317221635060946,-25.866287323187354,10.639187229061413
FF_04.09.2024_20240904_231300.WAV,513.5067,2.2080222618938103,200058.3719600901,34333.29567766991,0.00019132147507196746,0.6891311493530671,0.0019806554,4105,-1382.5478837888402,-330.15605494056354,-326.79486997414284,314.0640402881479,-100.54395090403995,72.78994300333086,-38.29831737086011,-7.299675027265281,-0.12052800835795068,-19.843209546119905,43.44394475452032,-26.555923248870577,9.531543895999304
FF_04.09.2024_20240904_231500.WAV,514.22534,2.263579649246412,200128.17996451762,34336.76265526711,0.0001901917727806561,0.6891196502228195,0.0019812442,4091,-1404.794542771845,-343.94916870999907,-345.7733139997864,317.1310835601481,-104.02800985244271,82.15626298664253,-39.578731695980956,-3.0159332117225834,-4.724594265574227,-20.537137405662108,40.90085133414424,-25.626632568652624,11.672889959290258
FF_04.09.2024_20240904_231400.WAV,512.702,2.245702236502273,200126.41667456258,34337.79102165771,0.0001909078702007976,0.6891389214924835,0.0019814854,4118,-1395.8292369915373,-338.4072417970334,-337.9056740750022,316.0339879723492,-102.57634850449968,78.33457283624995,-39.11503502091553,-4.825737540668569,-2.8544176101274896,-20.333984650831106,41.972638763412014,-25.85157302025112,10.795861581849469
FF_04.09.2024_20240904_231600.WAV,514.2001,2.26395830839913,200605.96853912922,34339.69777751896,0.00019185857840230033,0.6893964474687005,0.001986727,4110,-1395.4997506314394,-338.38749511618767,-338.6966918952187,315.4319528579809,-103.23659511980607,78.59456961444802,-38.68356082505515,-4.049652741387858,-2.634788332161139,-20.702232148854545,41.06475502307467,-26.284195621980768,11.326059874350975
FF_04.09.2024_20240904_231700.WAV,512.78204,2.29948474516684,199305.56933960007,34335.3232413724,0.00019173036318014447,0.6892327325787723,0.0019727207,4116,-1396.0409831735424,-337.9750346734391,-338.23721376603856,315.29577622762747,-103.1153476708021,78.36354954852828,-38.47686897881223,-4.075933085801642,-2.741658693485352,-20.86927615764604,41.23710240148227,-26.218359998331678,11.314693557864585
FF_04.09.2024_20240904_231800.WAV,515.1461,2.2850543113428907,200322.14758683727,34337.24951802898,0.00019094391255437961,0.689233823405357,0.0019833245,4106,-1398.1647447732207,-339.8940983858342,-340.31096213605986,316.17270155750083,-103.32525945682323,79.33451936481833,-38.9661385045257,-3.8921627987937826,-3.1729589566629075,-20.657521906482653,41.125509067471555,-25.987825112002668,11.286906571725098
FF_04.09.2024_20240904_231900.WAV,514.3676,2.302585092994046,198922.9897482463,34333.58418712407,0.00019207788795367023,0.6890847437721074,0.001970428,4126,-1384.297035204758,-330.444466998451,-327.0377428724661,314.0933786833941,-101.05009864959129,72.5518953540095,-38.180750737469225,-6.34823564385254,0.16005516280763277,-20.270309889350035,42.611160804247206,-26.856352973981128,10.031138979709459
FF_04.09.2024_20240904_232000.WAV,515.9257,1.0783757595338423,199938.86065933303,34338.24496505255,0.00019088732997090226,0.6892838650749326,0.0019798311,4127,-1362.5309086795642,-317.6712701965055,-308.9024208741706,310.7756058489119,-99.26796265407933,63.18681573393482,-36.24037570522181,-8.491992437423178,4.834973100167897,-20.28501967566048,43.522352764295086,-28.119263502927858,8.44374490092652
FF_04.09.2024_20240904_232100.WAV,515.70294,2.2653741741803195,199616.36455544125,34336.80168339867,0.00018989930629894372,0.6891842816979661,0.0019769114,4126,-1392.1181979880882,-335.72300294963316,-333.90684958560024,315.59739615448717,-102.18125681288342,76.0870981837021,-38.828897143542854,-5.236515060136812,-1.6598325787610133,-20.221630551092932,42.04950597852662,-26.317770889005217,10.574620099101304
FF_04.09.2024_20240904_232200.WAV,516.632,2.302585092994046,199228.91272187603,34333.278987870974,0.00019087367674991185,0.6893996290462394,0.00197191,4118,-1403.0255314376595,-342.3578463306314,-344.23587262006265,316.52276881904095,-103.45046386508983,81.48557424312772,-39.40173266942123,-3.6894598790375808,-4.285028210408604,-20.448905215932523,41.242235094220774,-25.778808978226493,11.312540399849977
FF_04.09.2024_20240904_232300.WAV,514.4069,2.255090436766519,199850.97792267555,34334.72094477316,0.00018966943971759003,0.6890816985478917,0.0019788705,4102,-1373.4822314485245,-324.3643681573146,-318.11847956708607,312.74857991103136,-99.91319755879644,68.05853597956634,-37.405748592380704,-7.759741878230339,2.2908344457802285,-20.072529017877244,43.27325916736413,-27.437803294225393,9.37692534434375
FF_04.09.2024_20240904_232500.WAV,516.7799,2.302585092994046,200360.37729832108,34340.235809463346,0.00019040993314193923,0.689319771450014,0.0019843502,4115,-1381.6133647653562,-329.6761214469846,-325.2807906728138,314.1156025912123,-101.12292884239497,71.86129207245645,-37.96562683770429,-6.6081033486564476,0.360852270409513,-20.28566747915214,42.82812498638047,-26.77867563068841,9.857589275174869
FF_04.09.2024_20240904_232400.WAV,514.5184,2.2342077750466465,199717.5385301088,34339.27213321509,0.00019051553718259746,0.689213506760216,0.0019774593,4101,-1394.9804733011329,-337.62415889630597,-336.17570010326796,316.22088849624157,-102.26996471287391,77.37706626460565,-39.19412390694653,-4.971953155261043,-2.490378973978059,-20.452845508870663,42.20827844170224,-25.85033352268524,10.748125139551988
FF_04.09.2024_20240904_232600.WAV,521.22516,2.302585092994046,200033.31509543094,34334.98731449701,0.00019025149018413897,0.6891001062465093,0.001981153,4130,-1384.7430166762178,-331.4156236301991,-328.3997124019315,314.22211959577066,-101.34918549530813,73.46417816118306,-38.09332987673092,-6.25270656982533,-0.4538693913973174,-20.268029612609926,42.5940355088029,-26.649450501278004,10.145507731879094
FF_04.09.2024_20240904_232700.WAV,514.0024,2.2971212681241417,200372.6699846091,34337.02364646342,0.000190584381186766,0.6892898646211486,0.0019844912,4112,-1388.5470810821512,-333.97793493006833,-332.26355182647296,314.5018273775833,-102.2049851981998,75.49945399937472,-38.0869041313135,-5.332413268284065,-1.4687985713543517,-20.612765927510377,42.08986176532472,-26.381881888598137,10.55734510130184
FF_04.09.2024_20240904_232900.WAV,514.16644,2.2853525775154893,199957.23770505722,34338.71647507693,0.00018995849721066828,0.6891508296827004,0.0019804717,4098,-1378.9958348242658,-327.82570699750715,-322.9381232275918,313.49160227195495,-100.80531830713608,70.67024128186539,-37.61204758477904,-6.934064976414504,0.8658977179700457,-20.27059960423088,43.01280741512431,-26.93350257233147,9.598448172934768
FF_04.09.2024_20240904_232800.WAV,514.15173,2.198603790319929,200295.5164432395,34336.856424240505,0.00019078828605749947,0.6891421030700223,0.0019829746,4100,-1393.838201252924,-337.30613654198766,-337.1982320255599,315.16787135622576,-102.63977675974755,78.2132465078342,-38.54609613304587,-4.947879628026582,-2.8012725297295837,-20.432894935771415,42.0156429029709,-26.14739197721407,10.510551785356668
FF_04.09.2024_20240904_233000.WAV,517.3843,1.4186109171026404e-304,199840.96298898724,34338.57054333588,0.00018729640086449054,0.6893439514393093,0.001978736,4111,-1376.3465555786993,-326.1053611255022,-319.95252504566133,313.6022653863525,-100.06158298658275,68.93892623694214,-37.843766430150794,-7.628072920057272,1.815514962987266,-20.042581627075066,43.41449784810837,-27.001634592688404,9.178308370601846
FF_04.09.2024_20240904_233100.WAV,513.7906,2.28757788949548,200251.21102717082,34331.49359219346,0.0001916490188680679,0.6891323310818672,0.001982792,4107,-1382.006885591544,-330.01838228207106,-326.64892189491786,313.9144321525238,-100.56549970685867,72.600734343726,-38.28530000697192,-7.02358787468366,0.11006305022033545,-19.813543371721423,42.92096285330072,-26.9038082141426,9.75205221495667
FF_04.09.2024_20240904_233200.WAV,512.81445,2.293710077613154,200015.7776030937,34332.10641526288,0.00019043679759759167,0.6892990911960114,0.0019800754,4119,-1394.3220071881549,-337.497996041105,-337.6017617656188,315.35467909790526,-102.20272657261194,78.29229463930693,-38.994076555078685,-5.274883762445841,-2.670153438884387,-19.97495791493395,42.08716374895501,-26.320704596334412,10.444472815682557
FF_04.09.2024_20240904_233300.WAV,519.6088,2.302585092994046,199534.42983434253,34330.24563330788,0.00019027723734426429,0.6891320129241134,0.0019754893,4120,-1393.8529167441488,-336.79329603249414,-336.4700797431046,315.3609399293713,-102.02671456423553,77.54662811533593,-38.9142538630653,-5.341679159030915,-2.393700188380013,-20.099466581945766,42.268941979798846,-26.267174095714307,10.293696623219011
FF_04.09.2024_20240904_233400.WAV,514.5227,2.1760284530076244,200166.80151895116,34329.546106935,0.00019063388966148424,0.6890671087423206,0.0019812514,4113,-1393.13906699322,-336.8094156064517,-336.5651735105005,315.2419458708663,-102.21860581430153,77.5969142119431,-38.72981714098936,-5.038345067056005,-2.4699993612486164,-20.43455797180104,42.00050264947768,-26.008988270514596,10.640223155448163
FF_04.09.2024_20240904_233500.WAV,512.4001,2.275052663813451,200870.11308628647,34330.79158747915,0.00019269343279187855,0.689055609612073,0.0019883527,4108,-1386.064830503176,-332.6364918786623,-331.82761713189353,313.6389999090415,-101.88448895822843,75.26783873713627,-37.73067089032492,-5.88011055870822,-1.231834042651947,-20.432810248889112,42.505397166770415,-26.544799443779137,9.97948988848042
FF_04.09.2024_20240904_233600.WAV,515.459,2.302585092994046,200359.49702644613,34334.05878369669,0.00019590803819272235,0.6894626242815088,0.0019838826,4098,-1379.461977995779,-328.2000828104069,-326.70222131437515,311.7100624387075,-101.93635506867282,72.70860924726617,-36.511755155991295,-6.06872333770058,0.25843099214243015,-20.825476634431777,42.241572089639476,-27.04442842716764,9.872105010067983
FF_04.09.2024_20240904_233700.WAV,512.35913,0.6615632381579821,200685.71850340362,34332.380326052604,0.0001946531158527584,0.6892908190944104,0.0019870636,4100,-1380.630991340073,-329.2700890385431,-327.3427317460963,312.4603600587102,-101.57888554288397,73.09249210525684,-37.18237250389246,-6.350135776496643,-0.2230744962956941,-20.399132245121656,42.8158323844646,-26.73385355077337,9.613413967097994
FF_04.09.2024_20240904_233800.WAV,513.68494,2.302585092994046,200231.2441367144,34329.80165048218,0.0001946179524658854,0.6889877056571722,0.0019817152,4116,-1392.5145259426179,-336.3878281611596,-337.0893288390159,314.39573879455855,-102.763482873973,77.89193445100868,-38.19033219167247,-4.655613534341619,-2.4758103142936245,-20.622779471743925,41.698953510450785,-26.31218920934828,10.78822436910578
FF_04.09.2024_20240904_233900.WAV,514.1638,2.2440908961998898,200388.0433997021,34336.42713195657,0.00019102206904868696,0.689265730082961,0.0019840286,4117,-1391.470906805227,-335.87894152056884,-334.5737043300089,315.2682329335273,-102.246372433202,76.5767791879729,-38.73160894230753,-5.075257445825856,-1.8995624635586028,-20.433031744829403,41.96203230488514,-26.25842000960339,10.77035068266898
FF_04.09.2024_20240904_234000.WAV,515.1384,2.302585092994046,200376.62133129634,34336.6022089446,0.000191307949212597,0.6892300055123104,0.0019835292,4123,-1395.5547292237547,-338.36134284647744,-338.7739982164105,315.46529056915904,-102.98424174361813,78.65251643881473,-38.795661511288436,-4.244215327656729,-2.728975189393987,-20.672081536815956,41.38583052315144,-26.106506849556986,11.08841877806765
FF_04.09.2024_20240904_234100.WAV,514.08514,2.2906426360961123,199950.32947019438,34335.300684911286,0.00019194065179158764,0.689293409807549,0.0019796137,4095,-1400.6740170606706,-341.32893406245296,-342.68656437343725,316.18047477816134,-103.43393599929837,80.75476933643513,-39.19911749149014,-3.6991171885379015,-3.9603478475874585,-20.53635412708207,41.27034259562455,-25.878440413506738,11.200855204419852
FF_04.09.2024_20240904_234300.WAV,515.4999,2.1376190662655885,199958.20800694643,34331.76973703213,0.00019261130005737055,0.6890642907736433,0.0019794125,4120,-1379.117981553679,-327.88717183792147,-323.87120116408494,313.21745062233333,-100.74400138855285,70.97588758261293,-37.564190000735714,-6.764563332072778,0.8235839550790922,-20.41426544652277,42.87573627299956,-26.99127968882766,9.744084512553119
FF_04.09.2024_20240904_234200.WAV,513.59753,2.2928389002204037,200514.86763888437,34335.40086743581,0.0001907078990309674,0.6892023257877222,0.001984822,4094,-1394.2762763480798,-337.684629357646,-337.86367445064036,315.26478460958936,-102.68201696260248,78.31323032367898,-38.662936994441964,-4.644137687402933,-2.6813968122756715,-20.56272813342506,41.586836903704,-26.09503537916099,10.93375830074369
FF_04.09.2024_20240904_234400.WAV,521.4132,1.6412340565917625,199747.00699295252,34325.14029645317,0.00019296743099979136,0.6892171882999395,0.0019771892,4118,-1380.75636238079,-328.8194882325704,-326.55981649086414,312.87199694127685,-100.39144230772357,72.59650949631151,-37.796608367208165,-7.159774122508937,0.2752654677330807,-20.142993725175582,42.91143789663458,-26.902874144093982,9.719284047933662
FF_04.09.2024_20240904_234500.WAV,555.6869,1.4186109171026404e-304,202030.48878337315,34254.83258622566,0.00021477058280474194,0.6886562307287304,0.001988946,4113,-1349.109750358642,-311.51540799724825,-317.0230319854606,300.9940092380254,-95.52621062124204,69.84258025085302,-33.769220487427226,-12.433346291950786,2.816584589187762,-20.18966894890564,44.345550843854554,-27.993809442527482,8.73699983621072
FF_04.09.2024_20240904_234600.WAV,577.29047,0.6365141682948128,206661.34650031087,34147.89735401102,0.0002498843100024512,0.6877368002711067,0.002021814,4116,-1343.3784898846911,-310.7009154139741,-338.5286506531762,289.17125821215876,-95.33726411027462,83.39729539093729,-29.270847025944303,-12.591030034016454,-2.1107852873724458,-22.778080381592407,42.49364107131957,-27.1578996927536,11.676252506670023
FF_04.09.2024_20240904_234700.WAV,566.1377,1.4186109171026404e-304,250539.90814455115,33721.811897974585,0.000324701026073971,0.6850880460677883,0.00237785,4098,-1257.5511019782348,-281.59503788659936,-353.07159332845424,257.238548448078,-79.80958691260494,95.15801361784207,-23.603693777281517,-24.1906117863518,0.15932862851259372,-25.309001963400522,42.52361495130733,-27.483998592484607,14.066027195782935
FF_04.09.2024_20240904_234900.WAV,724.9602,2.302585092994046,320271.691437609,33914.71750317724,0.0016908441364213106,0.6851555409627199,0.0033525536,4085,-1049.3331773928298,-168.71207617759117,-161.87525810002427,206.1050124970163,-73.64154663948774,4.533972238622688,7.103997706466896,-20.259008999758144,23.277685121029975,-23.834710876876585,30.507941246522456,-20.494973868959764,-4.148686155041446
FF_04.09.2024_20240904_234800.WAV,567.63403,1.4186109171026404e-304,270438.7218471137,33591.43101430501,0.0003360174739213783,0.6836143393517872,0.002547154,4137,-1247.5826175161353,-284.6914838356523,-370.89684284395616,252.66240299084765,-78.9456844821562,103.68259853502367,-23.596234613440323,-22.463926671975827,-1.4907529860648814,-27.22679185926553,40.11001942511848,-27.41157762678791,16.302721608425074
FF_04.09.2024_20240904_235000.WAV,755.08466,0.36692499127270967,21957.64111012269,33848.942430550786,0.0002493716790585763,0.67844115045191,0.0035022576,284,-1058.427183161906,-175.24054144984544,-163.97368334409316,218.18571604883635,-73.40356761433495,-4.902594665285286,3.791070847834253,-14.166524287783485,27.644478749888403,-25.63087351284657,27.20420657437235,-21.956627062161342,-2.7413825894628308
