filename,ACI,ADI,Bio_Energy,Spectral_Centroid_Mean,Spectral_Flatness_Mean,ZCR_Mean,RMS_Mean,Event_Count,MFCC_1,MFCC_2,MFCC_3,MFCC_4,MFCC_5,MFCC_6,MFCC_7,MFCC_8,MFCC_9,MFCC_10,MFCC_11,MFCC_12,MFCC_13
FF_04.09.2024_20240904_203340.WAV,862.91736,1.0986122886681098,17448.07353660839,3223.249153602252,0.009436158586463492,0.4951398054325613,0.00467239,755,-921.564193675733,-45.70327842286864,-296.3303872023076,8.436773097539692,-76.38201302410359,61.30476017920829,29.473855835915092,14.938583599355269,15.788110355749648,-40.624056514278436,9.921752784070803,-6.629177956319145,10.204582332868785
FF_04.09.2024_20240904_203400.WAV,655.07135,1.0986122886681098,25821.403587186727,3362.641919996179,0.010234023048157,0.5273844704020849,0.0014781457,2737,-1062.9695851349854,-83.0703663803925,-383.67861235024134,18.125056342023058,-129.78657332352697,77.50662409074461,5.206077318716975,27.10337644810587,21.014047249238196,-20.195994712709094,21.80203167497226,-11.033591456621537,15.179400187461471
FF_04.09.2024_20240904_203500.WAV,614.0789,1.0986122886681098,24127.76634248104,3400.100440708957,0.010501904040168616,0.5381382923026806,0.0013419142,2749,-1112.528882111366,-98.64142004847507,-435.87557105712807,15.199700942694811,-169.34989377022663,78.71250251933458,-21.725581544869527,34.863245543107254,12.516538981106008,-7.671969507632356,21.34509878178912,-4.821791350528628,18.982959408149004
FF_04.09.2024_20240904_203600.WAV,604.48663,3.1524687046725343e-305,24028.578457351778,3400.441851050163,0.010496260544410493,0.5378499773129188,0.0013392358,2747,-1105.944202813141,-96.69488662183251,-425.9092274662362,16.23701244511096,-162.06262949847275,78.87789266819853,-15.743766471231053,33.761142173022215,15.603016803852126,-8.928496152122783,22.298113116995577,-6.955014170470618,18.147300868974995
FF_04.09.2024_20240904_203700.WAV,560.5309,3.1524687046725343e-305,23969.647193718425,3401.816876011581,0.01042693950735812,0.538320079811988,0.0013342444,2752,-1100.411538791573,-95.58775838939324,-417.9188300073595,17.289478157963018,-155.83718892079958,79.47518130483778,-11.259718627373811,32.59745023767703,17.508673323534193,-10.074230917619522,23.130162306405673,-7.9897902914078065,17.627324285838295
FF_04.09.2024_20240904_203800.WAV,560.7977,3.1524687046725343e-305,23895.05840507901,3410.9034897535985,0.010396824621454408,0.5403142887890916,0.0013303673,2753,-1109.136552412785,-98.94039510794376,-428.43665908880695,17.172447851348288,-163.1634303961753,78.90521608234027,-16.977919957378056,34.30642967808348,15.283448493070143,-7.529773244268411,22.797425282734817,-6.959143590913622,17.563993830428746
FF_04.09.2024_20240904_203900.WAV,586.99133,3.1524687046725343e-305,23799.047302443458,3407.368186667019,0.010543824631524206,0.5393926261169024,0.0013209449,2730,-1109.4872099276859,-98.3498705699483,-428.570166887944,16.499750262601513,-164.20842138842437,78.86100182509624,-17.600335337248524,33.95204511844667,14.608399196726218,-7.41906508942077,22.435509518206352,-6.766482643549562,18.15191554771339
FF_04.09.2024_20240904_204000.WAV,519.53845,1.0986122886681098,23783.083289638762,3407.6006773307263,0.010568765514018556,0.5390755887006702,0.0013190022,2757,-1113.1095105422507,-99.07577449287241,-433.29785940482805,15.942087204735497,-168.38037166421273,78.88322985884383,-20.554175183338767,33.71474201051086,13.513244106557766,-6.661994320355365,21.819812605240177,-5.720569744536243,18.740141854538916
FF_04.09.2024_20240904_204100.WAV,570.7084,3.1524687046725343e-305,23763.887377253177,3409.992196651772,0.010559079793724828,0.539724570108898,0.0013171455,2719,-1105.4505007313594,-97.43133296576214,-422.850166066302,17.493554046715467,-159.73518550500634,79.17025135304664,-14.604118748805933,32.987140261048836,16.32943198551925,-8.430651555907229,23.127459675737562,-7.727960249565949,17.60372721337489
FF_04.09.2024_20240904_204200.WAV,551.25073,3.1524687046725343e-305,23783.63222689556,3410.8858597077465,0.01050969635783797,0.5403131980640358,0.0013194778,2746,-1108.7298283427165,-98.61824625269321,-427.3053244529403,16.99675925095226,-163.15079495653285,79.29633348314809,-16.779560661833823,33.54945778460973,15.401524535719632,-7.584207448104291,22.693590196117317,-6.788131015925491,17.73752277033872
FF_04.09.2024_20240904_204300.WAV,554.79407,3.1524687046725343e-305,23772.534661320995,3409.2562582284763,0.010532443896406982,0.539648946505026,0.0013183993,2756,-1100.4021889155104,-96.1562148171849,-416.3607005877377,18.159772709480585,-154.47378076158643,79.19849779408995,-10.971066924375226,32.53081182709169,18.478405672118914,-9.583226994707879,23.04205865366691,-8.821494918955358,17.023026127363494
FF_04.09.2024_20240904_204400.WAV,512.1593,1.09602070093364,23610.879918488445,3409.051524871436,0.010555147198819555,0.5399045397431125,0.0013058737,2737,-1146.2717561448712,-108.21016258814736,-476.1710795065137,9.97181891817383,-203.74337413635004,77.30111562520975,-46.8842640138722,37.31747001087996,-2.0728792141501104,0.02025031586300896,15.35792451401916,1.6385980556589148,18.36824801593061
FF_04.09.2024_20240904_204500.WAV,532.8407,3.1524687046725343e-305,23863.225841481093,3409.7686540969535,0.010466209211396276,0.5406429606059195,0.0013372508,2741,-1076.8460730751467,-89.97537329368623,-385.75271698315606,21.757389325667557,-130.80705546044814,78.62386314269709,2.5639088586032632,28.292384081758215,23.769844402433876,-15.222796574566612,22.138225447546617,-13.659341636566515,13.698221862479901
FF_04.09.2024_20240904_204600.WAV,547.262,3.1524687046725343e-305,24332.879034750567,3410.2334941123167,0.010213136086917308,0.5402644790115413,0.0013668695,2741,-1095.9779840703688,-95.3464260738953,-414.74033850010926,19.74395640969362,-150.15706674342624,77.57109725822629,-10.616312773473535,32.79330902857044,19.684652151457335,-11.382413983864295,23.099650211757975,-8.477885572151145,16.369733281195504
FF_04.09.2024_20240904_204700.WAV,516.7203,1.0976844478577958,24136.539688814704,3413.220869170872,0.010272980719189242,0.5412523123371183,0.0013464268,2763,-1138.9463501097812,-107.16077574011722,-470.5269436457376,12.409895806897588,-196.0771569223003,76.76919419239309,-42.2162569134779,37.57432357500309,2.1840218926098993,-1.855537634337028,17.191750826446476,0.5277648141922295,18.242940338304273
FF_04.09.2024_20240904_204800.WAV,521.3989,0.6854925772049725,23915.091910773197,3409.957097874061,0.010411818331498844,0.5405836978778853,0.0013301513,2760,-1108.5113197766957,-98.66082160320039,-428.3683747603009,17.183842809842826,-162.69091762138976,78.55088472042385,-17.365382401533537,34.16146366331111,15.742078659847246,-7.791001218109858,22.61706079194029,-6.4961243107462785,17.804105514217134
FF_04.09.2024_20240904_204900.WAV,519.92017,0.7080338866869479,23741.52203066073,3410.3876258716964,0.010513212701073289,0.5395962281273269,0.0013132822,2746,-1129.1942304269485,-104.15557693439769,-454.48038896961185,13.107333096461284,-185.30562238200312,78.68462423562224,-32.40233039082966,36.127882023457396,7.259670261727691,-3.104778910295439,19.928268206841945,-2.1726982587370856,19.05705841612703
FF_04.09.2024_20240904_205000.WAV,558.85767,3.1524687046725343e-305,23782.801855404778,3411.2957930264515,0.010480055856601648,0.5397783792116531,0.001320274,2735,-1105.4927070911806,-97.83485394872692,-422.8181657447277,17.474587047952195,-159.41421583030768,79.64543754806573,-14.341305302180416,33.026280453319906,16.99232560279205,-8.408774193351755,22.73617431279402,-7.849442122391618,17.421451876762173
FF_04.09.2024_20240904_205100.WAV,512.0785,1.0986122886681098,23546.291431145204,3411.1722059995964,0.010549475496174405,0.5403539184661206,0.0013012314,2720,-1157.488340252009,-110.89655055190414,-490.5742114658796,8.343009978949297,-216.5107947013118,76.20744024257688,-56.52218959997759,37.59629473659012,-9.027142006367159,0.8820939877887758,11.149245950494427,3.631738053904372,16.949066377066476
FF_04.09.2024_20240904_205200.WAV,555.256,3.1524687046725343e-305,23698.75438993313,3410.7690608548965,0.010516261269598731,0.5409069160694341,0.0013144705,2728,-1108.3095061862134,-98.03591697581409,-425.9311386060075,17.014666193638362,-162.00032806745094,79.24449486552409,-15.832635236745958,33.48146719792969,16.581813439605728,-7.865110624197518,22.633805401126235,-7.052850844679034,17.780887171432553
FF_04.09.2024_20240904_205300.WAV,512.68146,1.0949880849784452,23667.6884459396,3410.4124464041734,0.010492263927320554,0.5398896331673492,0.0013096215,2756,-1132.620342894897,-104.85625450273152,-458.35708732654405,12.995096740498255,-187.8326374288288,78.13046639440329,-34.79707583274829,36.34432459026491,5.817148942183229,-2.527503807190018,19.32043279043891,-1.195882016822787,18.959306443247378
FF_04.09.2024_20240904_205400.WAV,555.3102,3.1524687046725343e-305,23849.125194016888,3410.5952955924395,0.010476794434316587,0.5399452601451973,0.0013238958,2763,-1108.3479838259545,-98.5388830590348,-427.449801437903,17.027951891544447,-162.5638370016375,79.13357116309021,-17.03095363367712,33.911570425552334,15.928996867133902,-7.566758181253418,23.001511839504595,-6.91130535128284,17.77531685166581
FF_04.09.2024_20240904_205500.WAV,522.3712,1.0764369234517617,23769.769407126234,3410.6561654669435,0.010468463254458245,0.540625509005026,0.0013216451,2734,-1092.0489303675472,-94.14434787325935,-405.5236395425009,19.840783180958876,-145.09518609619911,78.82478407786482,-5.813134966513877,31.259767800617162,21.008896391805266,-11.451374619680056,23.012138520437514,-10.445514301479728,15.83838116949692
FF_04.09.2024_20240904_205600.WAV,513.0339,1.0974129357936242,23729.71825058263,3413.1332512851764,0.010473490325534834,0.5407963892637752,0.0013133454,2735,-1143.8448360516957,-108.00448304776191,-473.9847897812048,11.150482720087517,-200.92348885909038,77.12082615368834,-44.86876297589765,37.25725722075164,-0.4341159439203195,-0.7838582451440775,16.521534975153685,1.5810647972620324,18.3506446178774
FF_04.09.2024_20240904_205700.WAV,545.93713,3.1524687046725343e-305,23661.71284217926,3410.2170686307704,0.01053743627500147,0.5392970058870067,0.0013131148,2746,-1106.7344004026197,-97.69275402754127,-423.1871394619468,17.43186301071713,-159.8609735252759,79.1186101546183,-14.5853630905252,33.37302394719082,16.71144218664052,-8.121994587662332,22.947264347903143,-7.632540815790649,17.489205504617114
FF_04.09.2024_20240904_205800.WAV,512.86957,1.093495267422826,23676.035846213847,3412.2958180680066,0.010483635225588046,0.5410210786252793,0.0013102782,2767,-1150.7569659024357,-109.69097232240453,-482.52375679057366,9.693514181300817,-208.89188053688753,77.00974306709944,-50.66808066118458,37.10088500237615,-4.453174793440845,0.40604023800790623,14.107956230327611,2.501392377670439,17.728097310320013
FF_04.09.2024_20240904_205900.WAV,515.9985,1.0964381905100797,23746.310160533816,3408.0596928129207,0.010489541135326954,0.539738749534624,0.0013170175,2742,-1145.0788878645865,-107.53336947609577,-475.80455526386214,10.268303665886627,-202.56139324917342,77.0624679971007,-47.253831820003455,36.486476143546454,-1.6654385663554816,-0.641399735823227,15.039545890178264,1.8162819400355283,18.536059789086607
FF_04.09.2024_20240904_210000.WAV,515.275,1.0974899983183337,23777.075514224038,3411.995911207822,0.010463178696173709,0.5404251791697692,0.0013190083,2748,-1115.1120561311623,-100.08023035019886,-435.71233461637877,16.337278571651286,-169.5583910621171,78.89324387480988,-21.332420246812593,33.93470985707841,13.602684729490907,-6.183261333807395,21.969266060734462,-5.470034601596505,18.661301585345996
FF_04.09.2024_20240904_210100.WAV,516.65466,1.0906484388774382,24252.628099233232,3417.331343288854,0.010251453453899788,0.541266855337863,0.001349736,2751,-1133.4074155185353,-106.55375790169077,-464.1242409905326,13.57026095287026,-191.60793994093834,77.36923833345116,-37.6867937994456,37.09222418239524,4.34125397690806,-2.5322662661886843,18.283983850950264,-0.3450839917600065,19.314326623939955
FF_04.09.2024_20240904_210200.WAV,575.508,3.1524687046725343e-305,24697.01268087182,3409.3190363635526,0.009971473859994171,0.5403186516893149,0.0014030511,2748,-1099.9381508159925,-97.48784208228896,-422.0500332062788,19.03136973884727,-153.60471461966594,78.353968128867,-14.063295523645415,33.99223922521079,19.078255915491454,-10.0230823177102,22.183519742667126,-7.423224637300325,17.409464638449208
FF_04.09.2024_20240904_210300.WAV,539.8642,1.0986122886681098,24592.17321792408,3409.1214247828216,0.009982929673028072,0.5398692729663068,0.001396275,2764,-1116.981625658993,-101.9490488653403,-443.7253660668792,16.177327633554583,-170.49928386607235,78.23785837758606,-25.773417437491563,36.270570238148615,14.014467567001317,-6.514404272266643,20.4066805203115,-3.590578216945608,19.20816073328547
FF_04.09.2024_20240904_210400.WAV,517.4624,1.0971192121190052,24838.851644702816,3408.521536057721,0.009878745890272187,0.5399325350195457,0.0014207294,2748,-1116.253020840365,-102.16281184549581,-444.5431064053722,16.322402714827952,-170.23839536729363,77.96892694236239,-26.834972981162615,36.46054855143375,14.03339390483985,-6.451547179435175,19.804920585967988,-3.284386954295147,19.592889524101036
FF_04.09.2024_20240904_210500.WAV,518.4209,1.09655626856077,24547.087504818992,3408.694411142473,0.010032244276908624,0.5395373289743113,0.0013921555,2743,-1116.7915116125755,-101.34729078910655,-443.1406727813784,16.12254152982369,-171.13527688818613,77.8676955327269,-26.2049259394012,35.87202643241792,13.246783739518937,-6.8256532369312115,20.576257359855603,-3.416565161164529,19.57006388069914
FF_04.09.2024_20240904_210600.WAV,538.85205,0.21116782061497286,25134.174077576496,3404.9640735869457,0.009826377759019234,0.5389054355919582,0.0014387632,2731,-1114.5489865616955,-100.63637752778335,-445.566920122278,16.743528521477593,-170.54871679299035,76.93059818646748,-28.32492877418,35.466013502967236,12.910521005651477,-7.953163613694459,19.75791456982102,-2.395273933484453,19.684010822086634
FF_04.09.2024_20240904_210700.WAV,554.88635,0.3696799739149703,24794.66132163232,3407.6979102725754,0.009899478163439517,0.5398761808916605,0.001419044,2747,-1098.0325183481966,-96.30591403207389,-419.911317918684,19.224212148478763,-151.74952068672425,77.8826725996667,-13.375820065722891,33.52641106642395,20.328778070934845,-11.081016017369064,22.069357038330278,-7.517415158904853,17.535204012685714
FF_04.09.2024_20240904_210800.WAV,519.39197,0.13882612470798233,24511.94150022357,3409.679091025618,0.01000878445210866,0.5403699157669397,0.0013830791,2755,-1113.9182214588548,-100.98463506588213,-439.6687965305468,16.763067458334028,-168.35583844453146,78.04500009857163,-22.559175314626785,35.74037242886733,13.998453927006292,-7.365280977522308,21.003967813784538,-3.9216679857125976,18.866919076099812
FF_04.09.2024_20240904_210900.WAV,513.60345,0.03917986232893684,23831.086966150655,3412.425255095759,0.010390292629110768,0.5403371940152644,0.0013241236,2770,-1133.0728699929807,-105.30057484175295,-459.91729792914117,13.275136275444963,-188.57765344928146,78.04105667433612,-35.63369767635835,36.75487963278737,5.458518369421478,-3.053531463962039,18.90839645484783,-1.250251558395568,19.142958197048358
FF_04.09.2024_20240904_211000.WAV,517.64795,3.1524687046725343e-305,25057.71363024163,3408.0116294193876,0.009893242346836037,0.5395944102522338,0.0014272206,2742,-1116.4797027483808,-102.33951919463625,-446.760156387982,16.369391177735864,-171.56032785153093,77.90449466239554,-26.844776996082075,35.97006832109857,12.66346244033108,-6.163728143651521,20.77215916046498,-2.800725706621861,19.069033764620915
FF_04.09.2024_20240904_211100.WAV,517.103,1.044130738654098,25027.25938121991,3405.072876259471,0.009825358287837859,0.5384440588933358,0.0014240796,2749,-1125.2129025496868,-104.66947072115256,-458.5907616290963,14.297718253652471,-180.66011318313159,77.569981033951,-33.847053067436846,37.361905711656036,8.497914208980742,-4.4776392439773165,19.770682702722443,-0.9414794042687848,19.245785266208664
FF_04.09.2024_20240904_211200.WAV,515.2339,1.005415017582835,24303.689700947903,3409.8891241715837,0.010195590715461611,0.5401652230314594,0.0013679959,2753,-1105.0728470381944,-98.27224010138357,-425.86211264625535,18.215459091042742,-158.0963328202237,78.50435199264116,-15.771992911749964,33.8989695360996,17.534239279591965,-8.57016915319715,22.40748205147541,-6.911945911480125,17.63366611213123
FF_04.09.2024_20240904_211300.WAV,513.93085,1.0929691086327775,23752.853904259293,3413.5649214626533,0.010452380444559033,0.5410378030761355,0.0013190208,2763,-1127.188794646042,-103.63614146410482,-451.3116100196469,14.371410685407685,-181.7961745930465,77.97212246507536,-30.439837472200583,36.054159381223506,8.96901963457759,-3.617587974373104,20.365055717985847,-2.4244652514813776,18.697528266831675
FF_04.09.2024_20240904_211400.WAV,520.2201,1.0965696939345961,25647.09133662903,3405.610369158153,0.00950382008179706,0.5386552959791512,0.001488897,2745,-1116.0854422647142,-102.85646205411828,-449.9051223215077,16.700497386582,-170.18536155799325,77.18115344408129,-29.025451094414866,37.23110906229819,13.392249577250938,-6.906623044984446,20.24160973111838,-2.0022040885966814,19.558584594244504
FF_04.09.2024_20240904_211500.WAV,519.2861,1.0978260244892022,24412.917685609453,3413.291110993458,0.010141347919567735,0.5412039568596426,0.0013778112,2751,-1122.4229624971622,-103.33209535714627,-449.55815618547433,15.443982503539779,-177.2765441134164,78.03435574878887,-29.583237722839453,36.180846309939376,10.889008725121728,-5.039039966276693,20.562704114680898,-2.713372520710626,19.251583519704006
FF_04.09.2024_20240904_211600.WAV,586.0759,3.1524687046725343e-305,24037.53983432836,3412.1862440316763,0.010308144045799529,0.5407091312593075,0.0013472318,2741,-1099.0967507167766,-96.4206344789946,-415.8163314709313,19.16769909994115,-151.84338868870975,78.57389545785045,-11.063092317977556,32.839881618190134,19.42888779319677,-10.141439421026199,22.395806942115104,-8.547259376811876,16.94779253741756
FF_04.09.2024_20240904_211700.WAV,514.9353,1.0968423939470338,24739.842315407455,3410.077144715981,0.009911759365445439,0.5401172311290022,0.001402649,2748,-1121.2921137542428,-103.13113137305122,-450.87805241476366,15.779613794367496,-176.08153489463925,77.21215005694286,-29.322823552033565,36.613912243589404,11.29967908617608,-5.140683069319779,20.281861628003742,-1.899213694194448,19.57920771163867
FF_04.09.2024_20240904_211800.WAV,527.02734,0.4468678587918432,24292.547095659396,3409.4267071290037,0.01019910246186431,0.5400528783507074,0.0013680593,2735,-1097.9748577182122,-96.15057171819716,-416.49718825757634,19.433785262850897,-150.84091627339382,78.07890848477044,-11.35122778271475,33.23680564622004,19.51654301097421,-10.36154392186274,22.639798549366716,-8.617386783812083,17.301299922833927
FF_04.09.2024_20240904_211900.WAV,514.1053,0.034550767002815626,24092.435200563028,3412.7902298323133,0.010232853632565148,0.5399652567712211,0.0013449452,2761,-1130.5481479329958,-105.33772554499727,-458.6683127009488,14.220491906331509,-185.07506092621907,77.4940513642703,-34.73952408612314,37.04191059433661,7.083066615726349,-3.157700731286772,19.42611843967332,-1.1848407408514494,18.945415230798748
FF_04.09.2024_20240904_212000.WAV,514.4307,0.6752668392597727,23963.318484837757,3409.8269987940976,0.010308877220939254,0.5399234456440805,0.0013322411,2719,-1139.0455284521931,-107.185449250058,-469.2547217388606,11.897300158861487,-194.7337986536631,77.86019307522109,-41.5740210309774,36.97022660942442,2.4194753750244784,-1.2638625764062907,17.549775048534606,0.15235475576445545,18.674333248562345
FF_04.09.2024_20240904_212100.WAV,512.3614,1.0963022458026785,23877.64905199018,3408.8431397899485,0.010397716554534952,0.5397183893335815,0.001327631,2741,-1131.344236533882,-104.90622273383815,-458.01787729129524,12.877865941180485,-186.89797750642492,78.49144798689562,-34.36723516653048,36.467885030445906,6.450815076357829,-2.5433519499582893,19.485980629159943,-1.7389580329682834,18.79064866947036
FF_04.09.2024_20240904_212200.WAV,515.30396,1.0960340830088247,23885.61725578249,3410.8450343150134,0.010370612174989118,0.5398514577903947,0.0013267412,2740,-1132.9057277295244,-105.38705390886906,-460.36239331256735,12.921257294241663,-188.31627392936136,77.82368549079358,-35.7066431001089,37.169200660084734,5.601299610962852,-2.366520218964805,19.17463898265369,-1.1301577703136505,18.670152016994763
FF_04.09.2024_20240904_212300.WAV,513.05347,1.0971732397104825,23964.582263573026,3413.2297919098196,0.010283709746494358,0.5400386989249814,0.0013336547,2742,-1137.1977340324936,-106.75702966158407,-466.7174921254766,12.789798435401963,-192.86599450980015,77.15323472923141,-39.51610845186104,37.59458271757433,3.2047792471362793,-2.4330492816742315,18.663144585278978,0.42303520323321886,18.02909185272616
FF_04.09.2024_20240904_212400.WAV,512.3203,1.096444365783296,23652.23553553996,3412.425502062621,0.010445739772408941,0.539684940431869,0.0013087803,2760,-1152.1793079084675,-110.39964257992861,-484.17045659227483,9.459753802417804,-209.8420419848772,77.08833938579434,-51.718981193058184,37.34371914838226,-5.0972441394753885,0.5243851886500193,13.471398545206792,3.1303651980648466,17.85142688295656
FF_04.09.2024_20240904_212500.WAV,512.8612,1.092598991957919,23510.393839730397,3409.0879799751788,0.010570400101555891,0.5390395947738272,0.001299953,2746,-1157.569311728505,-110.90988545615592,-490.46882329110485,7.924354287360016,-216.31346321674252,76.32106025579041,-56.82016927263944,37.669443884763304,-8.95913577960473,1.1308731994000885,11.572842966240854,3.874367362039126,16.452859940508098
FF_04.09.2024_20240904_212600.WAV,512.40967,1.097719110442051,23640.933129574452,3412.9797233778995,0.01046355866827993,0.5408098415394639,0.0013081676,2753,-1145.8757921897081,-108.46325929739606,-475.70325596229776,10.787744055902236,-202.75890533805193,76.99984878597355,-46.02516417939941,37.2889775314042,-1.1261906848744747,-0.37174440692495453,15.529062060774068,1.363995446623836,18.522614441398094
FF_04.09.2024_20240904_212700.WAV,514.78766,1.097690623703385,23924.575088480415,3412.220498542756,0.010330532884144006,0.5399503501954579,0.0013291267,2761,-1145.4296526062972,-109.19431140213423,-477.34704977671714,10.967636565326464,-202.26674305885695,77.21265999225164,-46.53691806853691,37.89377614325633,-1.1500834886574005,-0.7677402444719986,15.738342144283678,1.8572146445254223,18.3942867248869
FF_04.09.2024_20240904_212800.WAV,514.03235,1.097493275206208,23632.153306148004,3412.454036902943,0.010452384183841293,0.5406771366576694,0.001309724,2734,-1121.9088039190392,-102.21534724430897,-443.2650428880645,15.138829478220847,-175.11977629443655,78.7455103223122,-25.54163026973311,35.52364141173271,11.295478436944599,-4.584125251686884,21.60640704882432,-4.023466494378822,18.625418811164568
FF_04.09.2024_20240904_212900.WAV,565.40826,3.1524687046725343e-305,24338.172588310576,3409.4011215037867,0.01019193219131796,0.5399358071947133,0.0013660473,2737,-1094.7405775863385,-95.71119004339921,-413.17046048366956,19.551052996549636,-148.1568380864251,78.76804664107208,-9.590398819518935,32.257401700851744,20.24562940147874,-10.890634949631142,22.73928759856362,-9.21211516472887,16.306483851823046
FF_04.09.2024_20240904_213000.WAV,517.62,1.0957323627034776,23642.731837489166,3413.402786416021,0.01049069005589133,0.5405331609502978,0.0013107553,2741,-1118.751073719764,-101.56812158795151,-438.9848129409166,15.815269539445225,-172.31830531389062,78.89376644042281,-22.999109992600246,34.953263145938244,12.038989344561594,-5.190398602781528,22.122428768510584,-4.956826897667206,18.57642398317472
FF_04.09.2024_20240904_213100.WAV,513.72253,1.0964029725969793,23477.060155986157,3413.3302430519966,0.010537450072898628,0.5412654010377885,0.001297615,2756,-1139.1913932874754,-106.57169462280663,-464.8900685671147,11.911054792428802,-194.5399381889202,78.1485048936412,-38.70179968232961,36.58199281181542,3.392010551778722,-1.2287432596077676,18.109426765680272,-0.21376655538075906,18.706966567623486
FF_04.09.2024_20240904_213200.WAV,514.37665,1.0980117691225977,23467.23376209657,3412.6636349511805,0.01053402531316666,0.5406949518335815,0.0012980829,2761,-1141.5785832683184,-107.1216025410377,-467.5653576134442,11.411041467034755,-197.04505479575386,78.38602116919934,-40.91122180435716,36.45323919386478,1.6597091172055378,-1.168281745472117,17.429520595305714,0.2230483998671894,18.799279638961075
FF_04.09.2024_20240904_213300.WAV,514.4115,1.0977289684301554,23724.695974479728,3417.829683605156,0.01045527278486121,0.5416496998324646,0.0013130635,2756,-1135.8435647517945,-106.5069394925462,-462.711990998492,13.349445783044716,-191.91166031843733,77.90701631031163,-37.14713519200625,36.56877076696341,4.281996871642542,-1.8201770507540633,18.519220840526124,-1.020795621427083,19.008531315817947
FF_04.09.2024_20240904_213400.WAV,515.0237,1.0833956307797086,23644.35994632369,3411.9559662293987,0.010475282951168,0.540802206464073,0.0013128691,2743,-1123.8423516421744,-102.50759019725002,-445.6705696524252,14.819086166243912,-177.5765272815417,78.73548971045149,-27.119915009667977,35.47631785665007,10.79049879203704,-4.472255841348138,20.956337191156663,-3.6472271521789374,18.66571764510159
FF_04.09.2024_20240904_213500.WAV,564.5425,0.22863187358286138,23664.097267505567,3409.5857754086664,0.010517574205052522,0.5405200722496277,0.0013179017,2762,-1097.0279317019153,-95.04010783304766,-410.2111287232222,18.879799824865543,-149.4445968910241,79.31077343789251,-8.203273478122709,31.61989779223925,19.445438061173487,-10.37126988749589,22.885046431036983,-9.885088110303165,16.50099409995587
FF_04.09.2024_20240904_213600.WAV,512.7999,1.0968144915325406,23775.1029755329,3418.1927090550043,0.010426208305310535,0.5419940053750931,0.0013159398,2750,-1142.829933935287,-108.42984046799954,-472.50705854120554,11.903513331127595,-200.41126516520464,77.58564459644366,-43.16531074431897,36.86577476011744,0.22323411909983992,-0.7089361330601869,16.640338144788874,0.36185843851763777,18.06654546559502
FF_04.09.2024_20240904_213700.WAV,513.6416,1.0968876814118902,23535.91998484817,3412.0601286856086,0.01051905202335533,0.5405295252001117,0.0013017874,2745,-1135.7107108162004,-105.62002258787889,-460.97563132961096,12.465340627679105,-190.69674551675783,78.1473387494243,-36.45266637744933,36.59287893411771,4.87027006873939,-1.7456462821064511,19.071582914494076,-1.0828815319104428,18.92103866401695
FF_04.09.2024_20240904_213800.WAV,567.89246,1.0329388603312617,24077.440591123675,3411.2483955127964,0.010431641742255637,0.5399696196714445,0.0013542239,2739,-1070.4664877544528,-88.58687298555006,-378.3393623612839,23.054784189138726,-124.63209345826037,77.88402320642388,5.315035135656919,27.030977303693508,24.63219761344403,-16.650556687677952,21.550826494453243,-14.416498720151123,12.538533896900278
FF_04.09.2024_20240904_213900.WAV,519.1964,1.0901100307057838,24735.294480631303,3407.4735024295364,0.009967688059016603,0.5393177296630678,0.001423527,2755,-1095.6392004062727,-96.2841920237705,-416.02245720799135,19.683504753298163,-148.12543537698386,78.68583909422375,-10.94720956223001,33.03120829138441,20.557432692334626,-11.020895448461399,21.93335931481283,-8.49851849934681,17.538713731197333
FF_04.09.2024_20240904_214000.WAV,514.56055,1.0893225663385488,24351.199117255775,3414.8041825962323,0.010052318334477067,0.5419645557985853,0.001361208,2774,-1132.3439189841606,-106.23128961624074,-463.54154580725356,14.21587340353953,-188.0801205762569,76.85463485543929,-36.94719780764661,37.92606906446475,6.052984078296435,-3.472331144641007,18.41103711455434,-0.07980549449187883,19.00061519829956
FF_04.09.2024_20240904_214100.WAV,515.14294,1.0974383823558593,24311.65418363219,3412.219229480092,0.010062309881803578,0.5405149821993671,0.0013588279,2729,-1126.146799853252,-104.55686391469224,-455.2749097585492,15.092288835028842,-180.4746428416891,77.29232594368071,-32.39950411724721,37.31078142729053,8.984599258425568,-4.743226519688948,19.663449230476672,-1.4659685555860715,19.128283618825645
FF_04.09.2024_20240904_214200.WAV,513.588,1.0562559639760072,23757.05560285379,3410.660279987837,0.010418335659517195,0.5401339555798585,0.0013162246,2746,-1137.7086150718524,-106.50547978333243,-465.78150471692135,12.211801853801804,-192.92165014753397,77.93892964283552,-39.23061204111451,36.868023908051185,3.458128710081181,-1.8499102404538643,17.827647946205982,-0.15228441886917157,18.773678596341167
FF_04.09.2024_20240904_214300.WAV,511.42444,1.002193549247511,23577.158186337434,3412.7828256290327,0.010491583571946989,0.5407603953369322,0.0013036322,2758,-1160.4749417204207,-112.27831664280231,-494.6088995317281,7.829375574136734,-219.65867860456697,76.56377426582472,-58.98598232606875,37.58582374050418,-10.812069588556632,1.550276798506121,10.408174323375064,4.206910730890597,16.029357153571244
FF_04.09.2024_20240904_214400.WAV,530.5909,3.1524687046725343e-305,23730.61647336872,3411.4596344856136,0.010452318547783073,0.5406076938291139,0.0013198395,2743,-1098.3916976460591,-95.6114443678969,-412.7341832571544,18.959239503833846,-151.11858481780175,79.1423633692116,-9.261853416311505,31.76539129206312,19.403812843030316,-9.99278578455307,23.09661182716456,-9.332224255316648,16.41558517775769
FF_04.09.2024_20240904_214500.WAV,525.1047,0.7917381742880938,24930.939305691107,3406.455231212303,0.010140895414417152,0.5393969890171258,0.0014477667,2725,-1068.1233353768623,-88.44327079914758,-379.99325644789457,23.337908995550286,-122.60732291445416,77.75232208722151,5.297216069514853,26.78656700262735,24.925949778000522,-17.04024640353337,21.52596431398457,-14.084079832588708,12.416945711280784
FF_04.09.2024_20240904_214600.WAV,513.1386,0.9834688114704737,23569.10424971136,3411.791091827894,0.01050569368464364,0.5404131811941548,0.0013030075,2745,-1155.0205615042087,-110.64682727355051,-487.30424841497216,8.95088997415246,-213.10717306204418,76.78408949353778,-53.777139422726066,37.331970212495015,-7.188675025023901,1.0266694855683312,12.55635934106108,3.0526300591803435,17.35284822251051
FF_04.09.2024_20240904_214700.WAV,517.56946,1.096147054699339,24328.1098636853,3410.291635831435,0.010074457450232768,0.5405662462769918,0.0013639043,2739,-1133.7331826572354,-106.11655919382646,-464.8844803204076,13.340529283035266,-189.3352390732241,76.8310721930201,-37.94271913768607,37.76311601746853,4.688557502599446,-3.1501909376301476,18.94586447767992,0.4422590059218411,18.51384921556459
FF_04.09.2024_20240904_214800.WAV,524.89246,1.097145238914651,24587.41700721803,3412.8564094665994,0.010002965338118784,0.5412268620858154,0.0013887172,2740,-1107.8773366211642,-99.89105673456835,-431.9706684894531,18.26634121571999,-161.54107458756596,77.61075347811507,-18.917796442846303,35.24732591722451,15.873462672700184,-7.774703798631648,22.595562624265128,-6.003600592067456,17.973175628989782
FF_04.09.2024_20240904_214900.WAV,534.4154,1.0986122886681098,24171.216027968734,3409.5947044078657,0.010293356955649348,0.5401074146034996,0.0013523067,2769,-1107.9777835866043,-98.48443029060306,-429.53403090978935,17.597452157569684,-162.72710248860355,78.19237899326868,-18.526092472543443,34.09047448812985,14.869618122661915,-8.655403832513093,22.443986157256067,-6.233681388874084,18.013003040500355
FF_04.09.2024_20240904_215000.WAV,522.5039,1.0986122886681098,23592.660317845894,3411.218397494199,0.010520848109097715,0.540041971100149,0.0013062945,2758,-1126.77796348143,-103.11656825479442,-449.4001955222987,13.845619667229736,-181.24749117956313,78.61045750391942,-29.345834920386874,35.73777071996307,9.131504420759896,-3.6109508836413915,20.322182751247105,-3.2203986019104915,19.172405827258057
FF_04.09.2024_20240904_215100.WAV,513.0499,1.0975442612045354,23792.317260776053,3414.1636265213306,0.01038338403882579,0.5406655022570737,0.0013175792,2756,-1146.8094968062678,-109.2782827513972,-478.15283005419354,10.863004415092744,-204.25622928512146,76.98951851083481,-46.92609711278313,37.73857418264393,-2.398047567487272,-0.7042489809631964,15.208434471498794,1.6982781072967237,18.026900275593572
FF_04.09.2024_20240904_215200.WAV,513.97766,1.0973405316180465,23777.314216146035,3411.887798927099,0.01041046146751985,0.5409225497952346,0.0013179688,2728,-1151.7111119225233,-110.12835557594596,-484.8261409280348,9.42827174283187,-210.22292797811997,76.25945863874202,-52.304790900256066,37.90756487889414,-5.649265120449091,0.28240073978872077,13.855331347563876,3.143692322295604,17.120721981512496
FF_04.09.2024_20240904_215300.WAV,514.7373,1.08962451598285,23614.166638938717,3412.2859697869976,0.010502919173452337,0.5411410583814222,0.0013071429,2759,-1151.6930101823912,-109.91103032581175,-483.1272517767794,9.511469278192953,-209.3907583077411,76.7848936034969,-51.3043563223638,37.42209881644169,-4.898033820669847,0.5670028358360685,13.748311304561174,2.7531017782752825,17.46444714375223
FF_04.09.2024_20240904_215400.WAV,530.81616,0.18365872799657182,23947.590566703784,3405.6910843991327,0.010415460860790962,0.5392537404597915,0.0013368259,2744,-1101.4794336285242,-96.22971939629552,-418.9885171998193,17.74851427499947,-155.83570968491304,78.98026119666729,-12.585711560675682,32.35741317863552,17.71243521226239,-9.266766861086856,23.14085949644097,-7.998685837099714,17.170862096050907
FF_04.09.2024_20240904_215500.WAV,512.6321,1.0965416857241435,23699.26215819028,3412.071600880338,0.010457399668177202,0.5402448459605361,0.0013115348,2741,-1148.6870291334972,-109.26592764271707,-480.16547578647385,10.131413597989607,-206.34959920471277,77.1692346958857,-48.81675627597751,37.40382760470977,-3.0907661164303364,-0.20562698050010833,14.661961333964227,1.937001889808109,17.955055440470968
FF_04.09.2024_20240904_215600.WAV,515.5552,1.0986122886681098,23571.519153099904,3412.6199099368155,0.010518901818947319,0.5409559986969471,0.0013030354,2731,-1157.563829277601,-111.19148036678844,-490.85716502233475,8.331482646613242,-216.77312451432448,76.5340882565546,-56.58212690284038,37.263813097873204,-8.902936257144122,1.4136792682325658,11.484119980149682,3.353017896117561,16.78785838614562
FF_04.09.2024_20240904_215700.WAV,543.9649,0.052973283285465717,24249.749661289807,3400.021915197576,0.010341499500292659,0.5373773297887193,0.001365933,2744,-1074.6692087212632,-88.7999943908403,-386.1910132043982,20.919075332564823,-131.13145968976963,78.63439271808552,2.1023493684479897,27.464640726169446,23.202289504116383,-15.681725492067008,21.989551840466344,-12.359413622393717,14.07413037245772
FF_04.09.2024_20240904_215800.WAV,545.0499,1.0986122886681098,23814.27726085743,3405.1796102647822,0.010553394567450849,0.53939589829207,0.00132322,2745,-1119.8068415791643,-100.54821359088814,-442.49100687434185,14.377893812362874,-176.63887892170249,78.46422079888895,-26.196536381665386,34.52754726797152,10.382529627042956,-5.259319608318204,21.215119089411534,-3.7543177668160306,18.914487114128956
FF_04.09.2024_20240904_215900.WAV,524.8383,0.7664009329605495,23913.325328651677,3411.5240694136032,0.01042383712511235,0.5403935481431497,0.0013322209,2740,-1096.8804108921136,-95.85640187851534,-412.3906813101777,19.132753899724552,-150.21683114799973,79.09231590603318,-9.462177650663712,32.18170590430707,19.62220540658324,-10.172396415293608,23.167762287404766,-9.63930433958456,16.532422309046105
FF_04.09.2024_20240904_220000.WAV,519.9783,0.563845106589091,24158.775368904775,3413.074606484728,0.010258620429723964,0.5407120398594565,0.0013467001,2736,-1122.9525335689254,-103.60448213938065,-449.327355131376,15.456241631284485,-177.97216521685536,78.14410499129467,-28.62124091978646,36.001976570179146,9.935199909219115,-4.4000609830523265,20.219969940067365,-2.7973462235888418,19.486737630034096
FF_04.09.2024_20240904_220100.WAV,535.1766,1.0986122886681098,23537.108146946506,3409.4144068970395,0.010538396775119137,0.5400470611504096,0.0013032153,2729,-1132.8870668342265,-104.4740606508037,-456.8897468127303,12.728800658740692,-187.5591520776652,78.35228430148604,-33.710528679558536,36.064325211313886,6.095681236564928,-2.4604447677906327,19.421248328472856,-1.7081933378225869,19.162829828839037
FF_04.09.2024_20240904_220200.WAV,514.2894,1.097963633324687,23823.660014074707,3413.1774647879474,0.010376014996218562,0.5410716155528668,0.0013219937,2744,-1134.8574579654526,-105.99224244109249,-462.2957315920335,13.051973659951836,-190.3126713653964,77.9349035641573,-36.77052773730895,36.7093479570716,4.744019861354214,-2.3715457882229996,18.64606944425389,-0.585809169613078,19.108622722073886
FF_04.09.2024_20240904_220300.WAV,513.5803,1.0967845033281565,23666.55604038029,3412.594286418036,0.010456905025575848,0.5405586112016009,0.001309135,2744,-1156.545665814315,-111.18069702181391,-490.0898769374915,8.779918931349927,-215.2015483059799,76.72540360345448,-55.37270569495009,37.37135749720821,-8.421437558550528,0.6334791432560645,12.335767758363023,3.341441945510646,16.796045431285947
FF_04.09.2024_20240904_220400.WAV,515.7573,1.0844208243524478,23792.667695061235,3411.976651657847,0.010392589975819176,0.5401993990832092,0.0013191949,2762,-1125.3912855776023,-103.23403277533741,-449.6701363780472,14.672729525250123,-179.71983004098902,78.1897201088416,-29.094535914706835,36.265936987018996,9.405303173769072,-4.423944065005445,20.797001124146178,-2.913006399781883,18.871024490736318
FF_04.09.2024_20240904_220500.WAV,547.9363,3.1524687046725343e-305,23986.844462338275,3404.0392081424147,0.01057320045871426,0.5387181944573716,0.0013358039,2762,-1101.9878279455145,-95.59267807357402,-420.8623745355208,17.518438360051277,-158.7641405582446,78.0843575500743,-14.617400515669269,32.34692652255702,15.587889972478582,-9.521316185512172,23.07759667561696,-7.478043312436978,17.81481343130348
FF_04.09.2024_20240904_220600.WAV,523.58325,0.752168084554572,24117.517892745454,3406.99459938389,0.010367004700899306,0.5388356291883842,0.0013409753,2763,-1118.887784301952,-101.65246009950886,-443.8443314464751,14.815487656680649,-175.6600619523369,78.82738688776134,-25.09316906176367,35.62318781630908,10.657462279977546,-5.577147172177081,21.834994540031847,-3.575503302242815,18.74273627730288
FF_04.09.2024_20240904_220700.WAV,521.6047,1.059319692791888,24302.165129483725,3402.776454704917,0.010251832399957686,0.5381524717284065,0.0013555249,2759,-1101.4356100663113,-97.09137188476785,-422.52521149648254,17.30773657138903,-157.47617167258372,79.2801170196251,-12.938857433296741,33.714441757490675,16.988075749219323,-9.412360837767322,23.33653931420416,-7.3292168336545505,17.48826005073259
FF_04.09.2024_20240904_220800.WAV,834.25354,1.0925593912259928,27859.222806125308,3392.5920842927703,0.010435868825973972,0.5370512029970216,0.0017967533,2728,-918.4021060181875,-47.32245075391068,-206.58389977401268,27.890274175105034,-29.393052734054834,49.33564472577238,29.67623814778849,-6.0655653682296,11.900844585016777,-32.33797960167979,4.654474225494604,-4.91830217113365,1.6572530671392642
FF_04.09.2024_20240904_220900.WAV,569.2804,3.1524687046725343e-305,24268.26070735227,3400.0322747939376,0.0104123265759982,0.5382535455835815,0.0013638374,2745,-1091.7233929266329,-93.06201262910187,-408.6299364955188,18.639585129529816,-148.53053641375524,78.28295281494924,-7.973072265097984,31.401985746807682,18.86080396556824,-11.865240038102957,23.276091960163757,-9.786515064706839,16.302541193397037
FF_04.09.2024_20240904_221000.WAV,544.1494,3.1524687046725343e-305,25160.900043850666,3400.783807959586,0.010363070358140969,0.5381408373278108,0.0014670199,2744,-1001.6479329874352,-68.89264668351566,-297.33537012297387,28.106508584042025,-73.36618590874816,68.6503347085049,26.58068754132313,10.478759496597014,22.810668427051883,-30.42629499097393,13.008994796872566,-16.80565804966689,4.580442436426647
FF_04.09.2024_20240904_221100.WAV,516.03613,1.0264018250462166,23692.064287165,3411.6458921993653,0.010540646648963965,0.5408400182660089,0.0013109163,2748,-1139.0386794907636,-106.1603789173326,-467.2370565205525,12.00703531645208,-196.36699803207236,77.04516320998037,-40.80614282334866,36.35534183577531,1.1842827358386125,-1.554745204811245,18.09840949486694,0.3885591531836563,18.840109646965217
FF_04.09.2024_20240904_221200.WAV,514.91187,1.0845779793968666,23740.473019879744,3415.1345289890082,0.010444891692451773,0.5411225160554728,0.0013167318,2744,-1119.4061618492015,-101.98870332952828,-440.99333207178915,16.122543598463274,-173.0493791545576,78.05519263591971,-24.082647300688528,35.43282464828312,11.678993769972763,-5.116739015927099,22.21598475464247,-4.288650483538532,18.119648350354392
FF_04.09.2024_20240904_221300.WAV,512.9772,1.0940773281798442,23740.691403995424,3412.117644365104,0.010425366450138541,0.540160860131236,0.0013138091,2762,-1153.6874220797918,-110.72256809124328,-487.3641324068732,9.435146626087075,-212.1993225319552,76.4640300855128,-53.03267611622466,37.545919307504825,-6.9334546428069626,0.7555146211833595,13.13711279148968,3.030749885314185,17.234223461822076
FF_04.09.2024_20240904_221400.WAV,516.53564,1.0986122886681098,23743.9917531297,3413.310043473766,0.01041776453056566,0.5406665929821296,0.0013147033,2735,-1142.1471352768806,-107.89451738447178,-471.71319343345954,11.621644856168064,-198.73255556617954,76.9357387471064,-43.00715589194071,37.959619194676236,0.31324685777296657,-1.3324718098746466,17.5912093370387,1.0245199198911579,18.160115547875055
FF_04.09.2024_20240904_221500.WAV,513.22546,1.0976040394073088,23730.476054475675,3412.4119597421522,0.010417747490295276,0.5406902253583395,0.0013138222,2756,-1149.084507656224,-109.41789322675854,-480.92387664050676,10.373092266079823,-206.39650030929482,76.62710448842557,-48.69970783076657,37.867071302461994,-3.5979267237129595,-0.19548916704684857,15.258824805184874,2.2284262333756413,17.63991774247347
FF_04.09.2024_20240904_221600.WAV,520.67163,1.0976043459081724,23796.093068592585,3412.022982527633,0.010376535891974153,0.5403528277410647,0.0013208931,2752,-1132.0645036592998,-104.93979995913358,-458.2294938528086,13.43249980965495,-187.01427294810122,78.01368554063964,-33.740081299134445,36.50235545527162,6.428999914217811,-2.9640312584071618,19.683607048976082,-1.5083917969700535,18.71349076752228
FF_04.09.2024_20240904_221700.WAV,515.0768,1.0896855257408011,23720.931525786444,3412.7563216120993,0.010452022105586605,0.5406735009074832,0.0013135576,2740,-1148.608063105085,-109.45380235797516,-480.14074225374776,10.290605329005315,-206.25934686749565,76.8002465126477,-48.55924655652122,37.41746657987619,-3.5679920772949774,0.2875004407267202,14.766324842656312,2.619345232633731,18.172380460993693
FF_04.09.2024_20240904_221800.WAV,516.6391,1.091787974669919,23729.006358075283,3412.239204505752,0.010480826492452279,0.5403648257166791,0.0013136948,2731,-1145.1007943512182,-108.34400251728933,-475.4382623922466,10.790869965677086,-202.68095881528853,77.39885452085002,-45.608056593606456,37.41755053330999,-1.628783004165002,-0.9385136793429891,15.957224882559746,1.5321380992770355,18.26389321761585
FF_04.09.2024_20240904_221900.WAV,523.204,0.8639459555805493,23821.237100040333,3412.748206344596,0.010424721570654615,0.5410130799748697,0.0013306002,2731,-1068.304633222587,-87.93316654790692,-375.2099053834511,23.625330168631105,-122.84479326801899,77.46269334900961,6.825335922841695,26.831440885053453,24.78444696350079,-17.63396994112849,21.489149177466995,-14.964273345965953,11.917114745993423
FF_04.09.2024_20240904_222000.WAV,515.27496,1.0968719284528115,23798.396258207526,3413.447578404985,0.010413615868679466,0.5405193450995904,0.0013177677,2761,-1153.088075603425,-110.64385054723726,-487.07782329401704,9.556106677427364,-211.7784620617422,76.27463421634586,-53.71288191967376,38.01552165295793,-6.5523386884767785,0.08876834730510232,13.24397590382424,3.4864981485382276,16.95899473383969
FF_04.09.2024_20240904_222100.WAV,517.2197,1.0978116476526998,23799.724056470117,3413.5939640168554,0.010421193128795046,0.5414733659484363,0.0013205465,2756,-1121.8213242396575,-102.34696462961686,-444.7812444212533,15.382507217920828,-176.5335683315881,78.26571782413515,-26.512849511075625,35.70609785328667,10.673131452839595,-5.219502179409115,21.704080215391674,-3.4769531332850043,18.57589633200865
FF_04.09.2024_20240904_222200.WAV,513.13727,1.0972406147176228,23782.550817795396,3411.07495921705,0.010421711471943554,0.5399023582930007,0.0013160666,2751,-1151.442795150034,-109.90788054169145,-484.8473952227763,9.748184909403314,-209.6054462246495,76.35525594905019,-51.30483285692142,37.85740141054505,-5.226248261836678,-0.22984463334658525,13.85197046356788,2.837125599231305,17.497250832834077
FF_04.09.2024_20240904_222300.WAV,515.62286,0.4555869118836414,23696.07657960361,3413.5263636555474,0.010449884541362312,0.5412115919350335,0.0013137766,2748,-1117.2353062002753,-101.2464831979745,-437.7702401781001,16.168509380694914,-170.853686350845,78.87282245044918,-22.511276955534456,34.87779417359311,12.926587470192487,-5.610042725411599,21.874758149710214,-4.873133437624847,18.448110367220465
FF_04.09.2024_20240904_222400.WAV,514.4458,1.09765258062536,23671.22098508969,3414.134361791575,0.010445022642696228,0.5410396209512286,0.0013105427,2732,-1144.2983454293428,-108.34801455592502,-473.60535624984334,11.365664920848689,-200.78268252665166,77.39567704262491,-44.43369719441349,37.49020717161559,-0.4894362772583139,-0.8283386437696515,16.74296076231259,1.0115044662500008,18.361486758933804
FF_04.09.2024_20240904_222500.WAV,512.57715,1.0972720483632885,23716.167021518308,3413.060377211167,0.010453948774909894,0.5399503501954579,0.0013125446,2763,-1145.3497208732322,-108.55670199395547,-475.5063763386433,10.854158348138563,-202.68764505369634,77.41605389156679,-45.51071501627171,37.209107462254416,-1.4363178658655371,-0.30570037211748075,16.099492835163307,1.2304971192248066,18.475597449532863
FF_04.09.2024_20240904_222600.WAV,522.96027,0.7552035043187542,23983.306211938852,3411.893146390153,0.010364808391773683,0.5400048864482502,0.0013368303,2754,-1104.4842417389166,-98.0527651301493,-423.21964445981706,18.097408181664104,-158.10484117392411,79.14746389591156,-14.880343612349312,33.73452209457667,17.63028105039272,-8.972731426103682,22.715741739930102,-7.514075460636839,17.83260690970498
FF_04.09.2024_20240904_222700.WAV,514.4923,1.0986122886681098,23498.29593394735,3408.5981610010235,0.010560212547360856,0.5396427657297096,0.0012986896,2734,-1162.5859873172321,-111.92731465927109,-497.0793685335706,7.047238716732514,-222.08847064263716,75.76301050080654,-60.96507631770427,37.51968564695578,-12.184619086254507,1.6061478011974206,9.489764109931256,4.760255003026918,15.769503929102987
FF_04.09.2024_20240904_222800.WAV,513.3574,1.0977503673495541,23601.44891848732,3412.5945383929393,0.010516066956511343,0.5405447953508935,0.0013054361,2741,-1143.773510225841,-108.0243981718939,-472.1983728201282,10.888625382861235,-200.60487091236976,77.89277083557077,-43.4548641878284,36.90912975503727,0.030937746594736804,-0.5643390992216117,16.647422451206953,0.9224386290114557,18.394660179392528
FF_04.09.2024_20240904_222900.WAV,514.3965,1.0972891327577141,23669.45981187006,3412.7449905307926,0.010521252809253727,0.5401379549050633,0.0013088207,2739,-1159.1692424641049,-111.26762004948476,-494.2518503224304,8.271513131450487,-219.94427312221046,75.71869795229165,-59.14938006462853,36.78142158003393,-11.20294929284294,1.4233170819494771,10.468788620478406,4.199026525784204,16.510000389928436
FF_04.09.2024_20240904_223000.WAV,515.7602,1.085161523211581,23579.728088398824,3411.996204948785,0.010552009214995281,0.5403859130677587,0.0013037312,2713,-1154.2303061956397,-109.86734011292218,-486.58394076785993,9.083652483773141,-213.25720120817516,76.25924002144018,-54.220557070256575,36.80432087612031,-7.417933046128568,0.5765924688670253,12.941798052253827,3.0061128715567476,17.097246752775774
FF_04.09.2024_20240904_223100.WAV,527.63477,1.0986122886681098,23729.330016917942,3413.154255786595,0.010403940341259119,0.5406738644825019,0.0013146412,2755,-1143.3771243659808,-108.1271601681672,-473.0880761730879,11.62179066752069,-199.86355871380002,76.95364406830465,-43.859861295891235,37.61691635694046,-0.18084179147766002,-0.9970466246995022,16.639215901853728,1.0607164153619297,18.375947806357388
FF_04.09.2024_20240904_223200.WAV,522.90625,1.0986122886681098,23684.57039404209,3412.4013278668763,0.010434852456233197,0.5402346658600149,0.0013123723,2750,-1144.6562980913575,-107.93968145674023,-474.25368159101,11.353127155277797,-201.27088641686618,76.89592896445099,-44.63172716218933,37.12832195127823,-1.5353408923694787,-0.9213095760744591,16.59992700917035,1.0600600682163333,18.467535244120864
FF_04.09.2024_20240904_223300.WAV,514.0426,1.0986122886681098,23493.347115242468,3413.953075601833,0.010534985391228475,0.5408356553657856,0.0012984066,2747,-1161.3615043007242,-111.96591338925913,-495.04374576983054,7.998213223385841,-220.57812161326996,75.9982589396474,-59.40482318940893,37.428780040530334,-11.23894511635525,1.6574101909590162,10.285635042296764,3.78333328373277,15.995938592510583
FF_04.09.2024_20240904_223400.WAV,511.8554,1.0935768859400166,23601.600727569603,3413.914804428301,0.010496745994284934,0.5411490570318317,0.0013045111,2755,-1155.8379573979598,-111.03465856215198,-488.7882853727672,8.96991691304004,-214.64863439473186,76.56648624096988,-54.46203479900205,37.76047954935872,-7.907384574804441,1.0138616980115995,12.208747968044024,2.7584554863371276,16.849226808671922
FF_04.09.2024_20240904_223500.WAV,515.4882,1.0972658430484963,23686.83732379492,3412.119318300552,0.010450378926589473,0.5408360189408041,0.0013119177,2747,-1134.3934836515905,-105.30990325586514,-460.51970641737137,13.01870280220212,-189.80092103348784,77.88011480202114,-35.46961721285036,36.199483863626746,4.650612438376823,-2.2370206798238783,19.308478698042602,-1.102096281921572,19.069293379217243
FF_04.09.2024_20240904_223600.WAV,514.5517,1.0970155810991218,23957.731913387048,3408.3705345198377,0.010294783763012842,0.5396082261029411,0.0013314075,2770,-1128.1486913678687,-104.18705971108432,-454.82141902192814,13.835062828679217,-182.49350524764685,78.34227959831999,-32.05825566848524,36.55250638970011,7.709639834945192,-3.7671078851553297,19.99584178703957,-1.9744997134985975,19.22332384894154
FF_04.09.2024_20240904_223700.WAV,513.9121,0.9852072600325843,23590.73762960362,3411.8830809317287,0.010482161138397363,0.539832188314408,0.0013056144,2742,-1149.8423616117432,-109.7157870425292,-480.2347475225806,9.748821491729265,-207.1380687411105,77.2551674759486,-48.801315149422095,37.875817106843286,-3.6479466850868247,0.02573737060526779,14.560069925304637,2.27447385633288,17.75615494185473
FF_04.09.2024_20240904_223800.WAV,516.52185,0.8746474707681021,23651.221590616242,3413.3190162976243,0.010495953093619182,0.540947636471519,0.0013103076,2737,-1130.6227408312297,-104.70974958758993,-455.0132935077083,13.855425123655122,-185.18322758357326,78.2773108755391,-32.1670762691725,36.24622160420604,6.974549053735803,-2.5401593519673793,19.893657332304162,-2.437376597753776,19.342610753196627
FF_04.09.2024_20240904_223900.WAV,527.3883,1.0214206151239353,23765.73782566395,3410.559095295246,0.010468423363056324,0.5408989174190245,0.0013179699,2763,-1135.118531094298,-105.58893497171391,-461.75208514849726,12.46866207903965,-190.9657503915698,78.39767665685557,-36.125617236775916,36.33091156223491,3.894467468701574,-2.0444762808779604,18.915436258618943,-1.0100373900285124,18.976927076995533
FF_04.09.2024_20240904_224000.WAV,513.56256,1.0958791024997034,23668.390676557105,3411.097524593744,0.010490391431825407,0.540067421351452,0.0013093655,2754,-1147.189889813908,-108.75396289685617,-477.71301177426585,10.333551871196391,-204.5221721414218,77.08495944076175,-46.78208721116345,37.18440171062631,-2.5624394165230227,-0.14127282185362375,15.485479115603956,2.0822580617299997,17.798937188524082
FF_04.09.2024_20240904_224100.WAV,514.7361,1.0977209679137288,23785.206224116533,3412.3333236846397,0.010403857792626654,0.5411759615832092,0.00131815,2743,-1141.7743634959716,-107.81787598538135,-471.4757767382157,11.623009957377175,-198.2130396044852,77.2638290460282,-42.54826768798354,37.98789187813195,1.2742286457324268,-1.1952327521892654,16.62635178125194,0.42059735273692206,18.73589456481336
FF_04.09.2024_20240904_224200.WAV,515.85913,1.0971266626748972,23812.84342980194,3411.954969954373,0.010434988787603733,0.5402499360107967,0.0013216863,2750,-1138.2337343582155,-106.7955332062136,-466.8704470443364,12.024909946825755,-194.39386052204048,77.65058777207167,-40.326222556872615,36.99185161009569,3.102517667907838,-1.2473432879462716,17.81280832456688,0.009034965212119325,18.98134470654672
FF_04.09.2024_20240904_224300.WAV,520.1514,0.435195794930726,23729.379240475682,3411.4036763098356,0.010462516195071273,0.540536796700484,0.0013158831,2781,-1128.4817178362036,-103.78947270793121,-453.005639938131,13.880389218480678,-183.82400945833993,78.18221911831172,-30.66753989552406,36.01053620671562,7.364728907458308,-3.2976871625132316,20.30583047116867,-2.839877353631573,18.884068940608778
FF_04.09.2024_20240904_224400.WAV,530.63684,1.080240100894121,23814.074152817462,3415.344741731433,0.010409689589743294,0.5411170624301936,0.001323716,2754,-1092.5847113492841,-94.83854059363723,-406.1511507858349,20.577283338302614,-145.68280375820135,78.51542231891075,-5.690844831447142,31.466389689920224,20.444951363468764,-11.274805044395356,23.49821654508611,-10.776016049845433,15.373985851472801
FF_04.09.2024_20240904_224500.WAV,514.0618,1.0970869401675725,23746.31877966972,3416.6009716397652,0.010452233167381173,0.5416656971332837,0.0013136268,2747,-1144.2898343483455,-108.733744365165,-474.5943883571632,11.53311450650268,-201.8806574541371,77.10205921656292,-44.89284350579941,37.43661107116721,-1.0798268999812264,-0.4258584444750312,15.997079908452818,0.7419122560006834,18.355071214123996
FF_04.09.2024_20240904_224600.WAV,513.6084,1.0971622609045626,23633.27915582585,3412.5182810404626,0.010515009876502321,0.5410472560266195,0.0013067618,2737,-1146.45946683642,-108.44983206355485,-476.51956011930605,10.574789984368712,-203.7482270589432,76.76386993732794,-45.95816294640113,37.4405432177131,-1.8724511561232204,-0.20760870988645005,15.668003892250555,1.4016792138414889,18.270403834144915
FF_04.09.2024_20240904_224700.WAV,523.879,0.6802920001921535,23752.461084641865,3411.460819047815,0.010511535226314137,0.5407800283879375,0.001320549,2752,-1100.6624501482113,-96.36783179221017,-416.509828813009,18.51643243033021,-154.5540554975265,78.81956289481789,-11.234506137787655,32.41887701937697,17.845622379678673,-9.130705061094709,23.238746474276063,-8.856572095962994,17.143623156839205
FF_04.09.2024_20240904_224800.WAV,514.4625,1.081892541031615,23763.473423547,3411.147564922191,0.010474412827919636,0.5398827252419955,0.0013192873,2761,-1116.2849011135313,-100.64217579833223,-437.1892061527457,15.944566865037762,-170.43945204456796,78.62768550156034,-21.86572434265764,35.02982063907112,12.848830125087519,-5.816215612255042,22.41491410996438,-5.427095003873652,18.55187066360024
FF_04.09.2024_20240904_224900.WAV,526.3212,1.0986122886681098,23640.331686169113,3412.0276351178595,0.010526706326072308,0.5402772041371928,0.0013074215,2746,-1144.9508698032962,-107.91864436456214,-474.4434355494251,10.85581008738199,-202.18789506419188,77.14904987463007,-45.064614790248854,37.01704959831005,-1.3671724499484927,-0.5043080922478851,16.21992087738594,1.0096989365202529,18.118412174667156
FF_04.09.2024_20240904_225000.WAV,520.3397,1.0611013302674166,23762.49789933017,3413.518948892958,0.010527568427763461,0.541198866809382,0.0013186017,2773,-1102.849083992849,-97.37401393200001,-418.9269722469269,18.46752047100305,-156.27274727897787,79.13915138553736,-12.31902321973195,32.802312039598355,17.17231909538092,-8.711201603607558,23.288113053201524,-8.512027491914433,16.801063357943423
FF_04.09.2024_20240904_225100.WAV,512.8468,1.0884124988737356,23650.635607711385,3413.003707054491,0.010492605311426281,0.5408811022431125,0.0013075565,2746,-1149.019474305139,-109.29088846644419,-480.13283642167204,10.258163914628323,-206.63524163317203,76.85564158100773,-48.37335168353306,37.58917454330796,-3.455099811075917,-0.041080454873774236,14.674455261829554,1.6858859135905295,18.137555429012007
FF_04.09.2024_20240904_225200.WAV,517.3043,1.090127961829239,23616.797325020947,3412.818004215296,0.01053276314713711,0.5412261349357781,0.0013072242,2746,-1128.6405481238303,-103.80553402171425,-452.055562487542,13.992126770087308,-183.4362303250707,78.25348151584451,-30.50864842876611,35.940693693137064,7.644148921469852,-3.474592237514935,19.956881400991424,-2.5539232394706364,19.1168822358575
FF_04.09.2024_20240904_225300.WAV,513.16296,1.0968612970191611,23625.047785900406,3411.3372496085676,0.010491981021761425,0.5403779144173492,0.0013077086,2743,-1150.4854814664868,-109.3532438672821,-481.80299543556146,9.680977673349853,-208.43797876185678,76.7850308611166,-50.28764530301977,37.611166451106776,-4.362752257335283,0.14679896190837036,13.819132019774514,2.264638840729036,18.086782386559094
FF_04.09.2024_20240904_225400.WAV,520.5646,1.0986122886681098,23545.983608414743,3413.7001923089383,0.010515306696147688,0.5410839771034996,0.0013017575,2736,-1149.6213303007728,-109.05108062113396,-479.63949442689,10.227646649458553,-207.08332429326515,76.65272908910755,-48.05026015123461,37.37230887539276,-3.2312654546125987,0.31083405509686357,14.721546710526535,1.5589597988209223,17.793611176823223
FF_04.09.2024_20240904_225500.WAV,515.5467,1.0927531273964046,23749.27792085148,3413.98499970848,0.010429816924449064,0.5412661281878257,0.0013175355,2735,-1137.9286134903002,-106.4837549858059,-465.59889642591014,12.5255734126017,-193.6529811725369,77.36683900269504,-38.88431110821567,36.922399333075205,3.419791496832246,-1.6115989539790907,18.13486530063825,-0.687449762888832,18.81107072494679
FF_04.09.2024_20240904_225600.WAV,514.89386,1.0966092139139767,23736.565489805602,3411.1934675221314,0.010446804717225401,0.5402884749627699,0.0013170249,2742,-1128.9722975706827,-104.07993150129182,-453.81965121196265,13.926411429431068,-183.47321229864386,77.9152546520835,-31.83283214904883,36.62804452712109,7.604831160585709,-3.0469770894796575,20.414899577699714,-2.497303595329216,18.889574066070892
FF_04.09.2024_20240904_225700.WAV,513.8927,1.0954291039383537,23540.695324169574,3412.8708218426295,0.010514473420097302,0.541107245904691,0.0013012888,2748,-1160.2844012185137,-111.94602233546951,-494.0472094156349,8.115810919001516,-219.5574562958813,76.40642965017354,-58.48223404334588,37.053371414354245,-10.978119538715228,1.7243292724420238,10.597665674707264,3.833046779825099,16.11839332447822
FF_04.09.2024_20240904_225800.WAV,522.53625,1.0274849374268282,24523.155575471923,3396.447470675509,0.010752532473813515,0.5360651875465376,0.0013692034,2735,-1111.5505821193065,-96.79209748247445,-438.93612891425687,15.358426404491881,-172.84783432417035,76.75750973195508,-25.439783437547035,32.685903336879775,8.185684321967775,-8.5551775165359,21.12018804301553,-3.637913245277335,19.048999091803342
FF_04.09.2024_20240904_225900.WAV,520.2475,0.9488893135230466,25183.740096848043,3370.9919272125785,0.011391049280752146,0.5281152561895012,0.001403903,2733,-1102.1208607126925,-89.40965694489482,-435.7184845819178,13.830335629021356,-173.8131383248272,74.8108771932844,-27.901463360366847,29.50253793222406,4.639796089020905,-13.253025408364392,19.948920224951223,-2.1973066897527684,20.284988929934425
FF_04.09.2024_20240904_230000.WAV,544.88403,1.0986122886681098,24092.581912675658,3390.282541225568,0.0111456713161591,0.5338339276572971,0.0013352995,2752,-1122.8889828843958,-97.12347718449107,-451.4792714284888,12.760630859062653,-185.9359645727036,76.44984418137243,-34.975716170153625,31.966919307829265,2.4045263487166504,-7.291156196897917,18.234145891867435,-1.608532487956346,19.25871267193912
FF_04.09.2024_20240904_230100.WAV,549.2828,3.1524687046725343e-305,23763.147488448518,3402.308349492422,0.010908648190574674,0.538048125698064,0.0013184393,2739,-1105.4117221104088,-95.41363983438283,-423.58264475969736,16.67380792711454,-161.63151279955684,78.17640616941041,-16.38731531236336,31.831006522999747,14.137129604238028,-9.061281247037519,22.647016708680066,-6.886565541762374,18.179045863027806
FF_04.09.2024_20240904_230200.WAV,513.1741,1.0975897769049499,23644.7279375838,3409.802815340409,0.010577090854746903,0.5392388338840283,0.0013080611,2746,-1149.613268244579,-108.91863359101868,-481.01304811490655,9.593721669203184,-207.73208459592152,76.84956240288932,-50.295191638800105,37.02444171803588,-4.643513015049848,-0.39936971110474323,13.94657958039862,2.4437782851099947,17.690286940416385
FF_04.09.2024_20240904_230300.WAV,513.9949,1.09753492007706,23838.318981040025,3410.412702599296,0.010493329396673379,0.5400023414231199,0.0013190599,2744,-1153.1054815402965,-110.22204997657303,-487.87199043050975,8.918428949807979,-213.42125791666214,76.37535905994226,-54.56579455356281,37.45058479843378,-7.656925823570862,0.35605019003533056,12.270627581314189,3.3004781738739912,16.92947533159876
FF_04.09.2024_20240904_230400.WAV,514.33716,1.096931259792267,23783.296169903875,3410.0584514099587,0.010480118813631286,0.5399518044955324,0.0013179131,2749,-1127.5435162620429,-103.56088933006406,-452.55024386593044,13.883139183220472,-182.89863999134602,78.59999622397507,-31.25050971776674,35.9045567128853,7.9259113249149005,-3.7859456106644465,20.39271214225809,-2.772443191144514,18.999014086969474
FF_04.09.2024_20240904_230500.WAV,514.7097,1.066942890708384,23618.123843006284,3409.798179515358,0.010509484451670935,0.5399692560964259,0.0013092813,2746,-1124.9831782105198,-102.51039075880205,-447.2684546271075,14.393093560854684,-178.73375445105916,78.53663155679553,-28.160354008811055,35.5217590309392,9.855178834758902,-4.113493567730835,20.97427898677883,-3.441022263269567,18.890008442388165
FF_04.09.2024_20240904_230600.WAV,512.1397,1.096033421790882,23562.620289443745,3408.68580798954,0.010525026050615355,0.5394326193689502,0.0013038886,2753,-1154.641074735558,-109.72328517813627,-486.91389645176247,8.985060917785898,-212.26289176417066,76.14882033906724,-53.41213887774463,37.33174370972862,-7.05349230612147,0.576460910275781,12.802100934624727,2.927125880014744,17.137047842262717
FF_04.09.2024_20240904_230700.WAV,517.16455,0.6924611526112326,23963.194374753006,3413.467417160909,0.010388128343607686,0.5409763588979896,0.001333433,2743,-1137.9856914935503,-106.39247003215546,-467.73954364305763,12.910888227747838,-194.50952368873365,76.57687441662287,-40.07010953332889,36.93670663387775,1.6911018260273827,-1.957038993597043,17.75684027464613,-0.5845968284187438,18.696498352158503
FF_04.09.2024_20240904_230800.WAV,513.70776,1.0928726106190239,23478.946797586137,3411.5194217482776,0.010595072827895399,0.5412741268382353,0.0013009887,2753,-1129.887671998026,-103.21871298340504,-452.4654543075009,13.95896082144854,-183.74826613814596,78.25079194808794,-31.09046358499043,35.58018313170264,7.667159799512135,-3.705929506096018,20.04597848971362,-2.572093207475619,19.165928810329664
FF_04.09.2024_20240904_230900.WAV,514.9994,1.0973228358910343,23630.87933314203,3408.3959481439283,0.010495621019601858,0.539773652736411,0.0013122974,2740,-1130.95120022335,-103.89877421070182,-455.08460376126766,13.247936026585391,-185.07680956543555,78.8187492537226,-33.161038940062184,35.61218480466285,6.969077970364956,-3.509200732922485,19.590815459339122,-1.902314359882603,19.088675704776804
FF_04.09.2024_20240904_231000.WAV,512.2433,1.0986122886681098,23556.548695225076,3410.546047123873,0.010507850554894702,0.5397020284577438,0.0013037069,2761,-1149.0440047767315,-108.68879168290213,-478.91953016563764,10.080976302851036,-205.91591866135286,77.55315641378878,-48.14426719446296,36.851811761083184,-3.1449790179585024,-0.22692760574848075,14.789662442526497,1.6682186450538041,17.949431243727425
FF_04.09.2024_20240904_231100.WAV,514.3043,1.0973622329366397,23661.578990405673,3411.285607476872,0.010400666476707753,0.5403364668652271,0.0013142833,2761,-1126.7099978342492,-103.10238138199772,-449.5583208010992,14.423600440213251,-180.0959154956487,78.68240683883735,-29.341947586040988,35.52020373881264,9.52172149334672,-4.193767619731659,20.630009948490105,-2.7388181483210094,18.986737467215754
FF_04.09.2024_20240904_231200.WAV,517.2562,0.8958515060679539,23908.891563120884,3409.6310718816285,0.010357632703594556,0.5401848560824646,0.0013340288,2757,-1127.1420249702824,-103.7057944103201,-452.1133707876705,14.084345615922071,-181.36904748041712,78.32273223889703,-30.654029887230976,36.09251262447577,8.845132186141068,-3.718239422636447,20.10098021862253,-2.654331523592394,19.40179229169886
FF_04.09.2024_20240904_231300.WAV,523.42456,0.7027549730571828,23825.73342791621,3413.3011694084666,0.010401433631031475,0.5407422165860015,0.0013269151,2759,-1105.3094469230452,-97.98510353957325,-422.5241636135107,18.37021188541713,-158.3447889119988,78.6029813638623,-13.500602081588728,33.60380856664768,16.94109700267241,-8.821876935996109,23.110663852820046,-7.77658220816888,17.23693094905314
FF_04.09.2024_20240904_231400.WAV,516.5973,1.0459878783189582,23535.32961583568,3410.9168661701774,0.010501604466758845,0.5397165714584885,0.0013022155,2751,-1145.8287404563969,-108.34015367048077,-474.4714054320625,10.575861562103647,-202.25334464795424,77.46918106726056,-44.84778632305278,37.25106336732191,-1.6748005646964716,-0.29610252461707665,15.900609633220121,1.1156692203175473,18.23844864914565
FF_04.09.2024_20240904_231500.WAV,514.87915,1.0952757376558533,24191.165497014317,3431.93572946784,0.01027164093760467,0.5441903620625466,0.0013442682,2744,-1136.5469998580422,-108.23966069049288,-466.4235062221111,14.071782753996757,-196.70526562959884,78.63656640212888,-39.311867027352704,35.63608714521784,3.7782854173449953,-1.8117864011280698,18.063404908602454,-0.04261345125375542,19.120708441028928
FF_04.09.2024_20240904_231600.WAV,514.7882,1.098166942365961,24293.625368380854,3425.1959440722653,0.010234498146069042,0.5422306927122115,0.0013513806,2744,-1134.9000539283804,-107.90468312274592,-465.60129146885936,13.938827742213686,-193.7058306975912,78.41874536258244,-38.37869721026337,36.375425885431014,4.071490095300772,-2.2643133230551853,18.488008553772687,0.1049529865358854,18.64820945494695
FF_04.09.2024_20240904_231700.WAV,515.8455,1.0974031918295106,24151.15184562209,3421.424233908,0.010151534190021362,0.5420416337025317,0.0013457907,2740,-1140.017712412109,-108.40326137455216,-471.5656165329814,13.136172548428393,-197.47560858432837,77.12944048985189,-42.26608485888317,37.55423005047284,2.2363016935943496,-1.9877477038409213,16.686006475725073,1.2408458461143184,18.67064602355587
FF_04.09.2024_20240904_231800.WAV,516.8916,1.0948160391437316,24908.35792971515,3422.4286906054135,0.010040774856276316,0.542001640450484,0.0014113237,2751,-1096.7947020927993,-97.98692062954058,-418.42623225835194,21.359697433398537,-152.02693032624438,78.00347658521133,-11.629331185332838,33.70626180348087,20.07475368773054,-11.668097005332939,23.069429220288963,-7.829199914658618,16.487732268499766
FF_04.09.2024_20240904_231900.WAV,525.59515,3.1524687046725343e-305,24815.847153672334,3419.0981527255794,0.010027450298454784,0.5407851184381981,0.0013954785,2747,-1125.7975337592795,-106.05541347317028,-457.0187514351389,15.419686632036909,-182.77298669117815,78.35151233506895,-34.17234325780291,37.862980456161885,9.600100343575983,-5.595604901370121,19.73225410385852,-0.6353038988742699,19.101070502677203
FF_04.09.2024_20240904_232000.WAV,520.35364,1.0946748822436747,24694.163724427333,3417.7595897282204,0.01004616267374302,0.540454628746277,0.0013987675,2740,-1100.0028291297817,-98.39860167737446,-421.3568090587336,19.76286895442632,-154.87289700350777,78.78431713209511,-13.083958059089259,33.84017214376751,18.533934442604686,-10.566667962547506,23.79050893075742,-7.00884652433475,16.37808529590308
FF_04.09.2024_20240904_232100.WAV,522.0671,1.0958756004256625,24615.308110064372,3413.629432286203,0.010034140352328936,0.5396318584791512,0.0014074149,2743,-1109.5943499935086,-100.26913286213471,-433.0601498481868,18.448252468300147,-163.08060705274855,77.41942493807062,-19.187825141204087,35.6419833660869,15.08256713084638,-8.36049774049777,22.312221320756674,-5.319612731392387,17.995311725489632
FF_04.09.2024_20240904_232200.WAV,540.5383,0.49107300407496046,25150.11185094593,3412.041561175455,0.009760887610306052,0.5405677005770663,0.0014456195,2772,-1091.2234073196378,-95.69145990200158,-414.0007364856492,21.824573255474835,-145.38635282980795,76.2373322664878,-9.35867285464843,33.821283651631994,20.435421848721855,-12.986989944890764,22.98595982011402,-8.633787664253735,15.848951867978686
FF_04.09.2024_20240904_232300.WAV,514.136,1.0589376362168321,23839.72654640087,3411.850072965006,0.010367996642526502,0.5399288992693596,0.0013256642,2749,-1128.0813818104766,-104.16908373965879,-453.1526935431639,14.151857391499256,-182.30633041935786,78.40220546970798,-31.211678555385657,36.44771016589643,8.09182491038729,-3.672538055703427,20.33657156724326,-2.4492451008008556,19.15055029980316
FF_04.09.2024_20240904_232400.WAV,513.86035,1.097597229802796,24073.576207822476,3414.638734821846,0.010254870046838387,0.540257207511169,0.0013454648,2738,-1109.2199591562917,-99.7331419509689,-429.5432703073366,18.046549811243764,-162.78892702136272,78.62157709063985,-17.249714639640516,34.51346420883431,15.665486098867524,-7.796188272010294,22.982311158648606,-6.661692781420551,17.996438735653335
FF_04.09.2024_20240904_232500.WAV,553.3448,1.0986122886681098,23775.66409676214,3415.901201946201,0.010479692140487534,0.5408243845402085,0.0013174257,2760,-1113.9096050489372,-100.66734931423653,-433.9518002192866,17.020957591254263,-168.30480180876347,79.05103442780427,-20.187122874582624,34.606344208700115,13.792477878108603,-6.49764887191922,22.414625260783485,-6.137647256413693,18.419446466546866
FF_04.09.2024_20240904_232600.WAV,517.8483,1.0975006420978701,24141.03926250193,3420.4894440252615,0.010293425941700187,0.5415715312034624,0.0013443389,2736,-1130.8063647336314,-106.39531565795377,-458.6931967108857,14.479857446710643,-187.18569985472274,78.69640604111638,-35.133648067554205,36.87077333641099,6.797129380269047,-3.8669349948923597,19.52543859459265,-0.906073561485414,19.00394935392269
FF_04.09.2024_20240904_232700.WAV,518.4088,1.095820330256913,24326.719122444112,3407.1030626088423,0.010157731315127655,0.5379463246928519,0.0013734183,2744,-1115.5165484599795,-101.36037464837626,-438.65620637219433,16.02112319176782,-171.08936833936747,79.59069803825614,-21.8168789826359,34.84307364887001,12.413615473453977,-6.845292233497903,22.310372773195674,-4.093134354471273,18.979309266942977
FF_04.09.2024_20240904_232800.WAV,512.7892,1.0979108341456287,23580.868267097772,3412.2345269699294,0.01050299938943768,0.5403095623138496,0.0013039071,2749,-1150.1016458720894,-109.56678115495241,-480.73736814899814,9.932933544150202,-207.28706204922082,76.92455603778272,-49.19228582022753,37.676708418113,-3.8451016323933813,0.16152083333962916,14.47622403518259,2.259592453970089,17.79272186778033
FF_04.09.2024_20240904_232900.WAV,516.39606,1.0560718668104268,23934.503321727992,3410.57229317558,0.010333282703605964,0.5397554739854803,0.0013340733,2742,-1122.1877664762178,-102.54920130025675,-445.62872648314465,14.99903689712414,-175.84027481512842,78.96161858290115,-26.693054355207707,35.398519647892655,11.236364829201401,-4.527921692306759,21.170504743449882,-3.757404680549296,18.753982664029987
FF_04.09.2024_20240904_233000.WAV,516.64276,1.0964208271782716,24912.517200336704,3399.433629835644,0.0098303455712132,0.536987577368764,0.0014011884,2753,-1124.030150487593,-103.8971552682357,-457.3175692449326,13.703654649181887,-178.78986533965943,79.20066041169625,-33.282078092390655,35.12675490020559,9.830723617813087,-2.843173443811909,19.33924200345763,-2.49822686696846,20.17114877328252
FF_04.09.2024_20240904_233100.WAV,514.74963,1.0954215969200272,23654.820032012856,3412.1700026590256,0.010491135597731415,0.5404109997440432,0.0013099603,2749,-1138.1403263166708,-106.57726310403628,-465.3146985985778,12.132494271144406,-193.78933023991456,77.80301328174481,-38.95609371780478,36.79984246891722,2.620502822656242,-1.5470925600418006,17.890194028146304,-0.1981567433668565,18.806795084157887
FF_04.09.2024_20240904_233200.WAV,514.009,1.0978528067158735,23486.250333255502,3413.0633115420696,0.010509908126539897,0.5410876128536858,0.0012986917,2742,-1157.8750935047658,-111.58086841303013,-490.0476596228983,8.565298735436839,-215.68937613773085,76.56950132147585,-55.67266982022331,37.78291441999223,-8.705576213399562,1.2715090836813427,11.750362357914407,3.4125899343385506,16.830646388203085
FF_04.09.2024_20240904_233300.WAV,637.84076,1.095287784622848,24082.63702174021,3412.2010835570227,0.010499137177316107,0.540177948157111,0.0013526523,2742,-1051.6537405243998,-83.27108910164614,-353.35014502000814,25.291375275823633,-107.87583452279284,76.4751179889042,14.018090049002877,22.382933969398422,25.75485648218358,-21.450748780377488,19.235240608632594,-16.799862604909556,9.612102660103433
FF_04.09.2024_20240904_233400.WAV,516.2084,1.0771156946077864,23742.67736211191,3414.9976996883543,0.010446798935487712,0.5408382003909159,0.0013150604,2741,-1137.4370027151117,-106.5384701506101,-464.99236546996684,12.600136513173064,-193.8319569841641,77.76846491492269,-38.74842673733695,36.718304671989735,3.0926876514748876,-2.00415224545478,18.354198882066083,-0.33518470796521316,19.1873752299154
FF_04.09.2024_20240904_233500.WAV,514.40515,1.0973070954435258,24097.3804754445,3414.4926434574677,0.010294707267759539,0.5407774833628072,0.0013428893,2749,-1129.8981578847847,-105.17343075672414,-457.34703409822146,14.291597218755044,-185.42364154244402,78.27676656734101,-33.44598019408293,36.2108122802886,6.938886845274122,-3.283963171499143,19.554305263907352,-1.7892337027045062,19.468739423229916
FF_04.09.2024_20240904_233600.WAV,515.0285,0.8599374304004025,23900.86814063301,3408.0207007840536,0.010342712046629636,0.5396863947319435,0.0013277783,2735,-1138.3290887691935,-106.70311734677612,-467.7593756092783,11.704238192895202,-193.78546119879502,78.05957749995706,-40.18377636996957,36.67604208354118,2.4239874490224715,-1.0606725885184165,18.05059761921863,-0.30885431095623844,18.673243960904756
FF_04.09.2024_20240904_233700.WAV,513.73096,1.0974136273986939,23585.00376732948,3411.575945306547,0.010515162488689634,0.5398910874674236,0.0013047253,2773,-1134.703559964005,-105.46629465199906,-459.9834128347427,12.54641266243323,-189.87865442683395,78.57696543208395,-36.056136231506564,36.35239189075019,5.013643038586941,-2.139260234661589,19.176115311196583,-1.048885577314946,18.958901682350678
FF_04.09.2024_20240904_233800.WAV,512.2042,0.6931471805599454,23620.57580156248,3413.119053624021,0.010461227341259382,0.5406756823575949,0.0013061487,2724,-1153.3864023312594,-110.43869160230618,-485.4372717900732,9.416581231396389,-211.61108648269786,76.49548054781391,-51.9904159480015,37.76520048669153,-6.3084122368024405,0.7069201212548993,13.48503197757665,2.855575103832639,17.2994297248117
FF_04.09.2024_20240904_233900.WAV,513.8191,1.0780488317876504,23669.22101642981,3413.0030636258552,0.010476741427232004,0.5406156924795235,0.0013097096,2762,-1150.8830696945804,-109.98365160887506,-482.5542457395456,9.725190706306831,-208.98172383751293,76.83198659802179,-50.20026180874963,37.581901163608634,-4.782161649565011,0.38601534122555214,13.97241581437751,2.280280391609121,17.485320990128752
FF_04.09.2024_20240904_234000.WAV,514.47784,1.096906846984157,23779.399663123724,3411.0216673838177,0.010388122683609927,0.5400972345029784,0.0013180942,2743,-1140.0444890911942,-107.07955093336291,-469.1827502059696,11.877573108602787,-196.00313509305838,77.37510566957637,-41.05612807140421,37.54733754583157,1.9400629236147071,-1.6706962389225184,17.560104571567372,0.5557414512223954,18.56228452972782
FF_04.09.2024_20240904_234100.WAV,519.3542,1.0938183996380164,24571.289963222385,3407.451651679179,0.01003239067221882,0.5393795374162323,0.0013807827,2762,-1122.55757785229,-103.501672313884,-451.88339695407126,15.153447925698336,-177.2158585611166,77.95460609205718,-29.928637411888904,36.41050170640899,9.890371334475939,-4.705627090033003,20.786789286339186,-2.5422044250362297,19.457374428259797
FF_04.09.2024_20240904_234200.WAV,514.9365,1.0972593821045367,23827.13775522026,3409.548594295803,0.010406292533921254,0.5403077444387565,0.0013222636,2748,-1142.873899860099,-107.3915341349047,-473.2508302386056,11.056805913450075,-199.8944629227299,77.28410065946171,-44.01163846427023,37.04711383482571,-0.49597558570958244,-1.308340306121275,16.29579104738983,1.0331884385758663,18.54988747676883
FF_04.09.2024_20240904_234300.WAV,512.65344,1.0979811695212496,23562.195322117044,3412.138650089658,0.01047355255905183,0.5406116931543187,0.0013029051,2752,-1156.4817293379435,-110.87013626652868,-489.21441722747795,8.69345182793934,-214.61573190628235,76.50096571028115,-54.783350529590514,37.29307949253163,-7.657276127988208,1.1251486211673623,12.367742698499768,3.096980467026787,16.898095214084684
FF_04.09.2024_20240904_234400.WAV,513.79736,1.0929959068602382,23683.979341064045,3411.346622323351,0.01045150261188579,0.5401288655295979,0.0013102862,2749,-1155.6931268771111,-110.89324781855524,-489.2623750049524,8.706704713612865,-214.63535236230973,76.49228763280706,-54.96184912726005,37.76575765445675,-8.186186115782947,0.6851199685991516,12.287099450944963,3.13787553820767,17.02907062966645
FF_04.09.2024_20240904_234500.WAV,515.18384,1.0966778584065455,23644.29479892973,3411.401556599386,0.01047080903011833,0.5401285019545793,0.0013110422,2755,-1140.915055359282,-106.64936081592818,-468.62274299252067,11.877682520343097,-196.88478906035286,77.39676779806894,-40.97705453021323,36.747470111840464,1.360677249892656,-1.8569170362092429,17.16594466507676,0.5084588416983433,18.54907886613449
FF_04.09.2024_20240904_234600.WAV,514.0872,1.0973810011015361,23865.65382317585,3409.280966976985,0.010458503001471615,0.5393384534391288,0.0013216282,2742,-1148.6731015691978,-108.7655858655658,-481.79917000399223,10.106832220179456,-207.22410293653851,77.12026146861176,-49.99780083176825,36.99465270262037,-4.766923907725313,-1.1400875858116462,13.87797335659124,2.1749158870805547,18.09258172289515
FF_04.09.2024_20240904_234700.WAV,513.7592,1.095976864189339,23999.041656841546,3399.0771743315645,0.01070396846587326,0.5367632515822784,0.0013280817,2746,-1134.728089747159,-103.29558055672442,-465.24661306192576,11.245184792256339,-195.3247582232194,77.39915336565134,-39.97879614075977,35.45015697242269,0.12367446078946202,-4.085809279452642,16.9815453905059,0.06527168036359624,18.87443405233738
FF_04.09.2024_20240904_234800.WAV,539.6135,0.29367299364240285,24513.32038418282,3400.050491435279,0.010486239683063402,0.5372740744834326,0.0013894317,2749,-1040.4997775133572,-80.34378189464113,-345.30189546012565,24.64497834629942,-102.0888752156331,76.45101664827558,16.89719019129996,20.399859889662082,25.262444343433856,-23.853220996913375,18.69746492844588,-16.210032280194135,9.009893155677629
FF_04.09.2024_20240904_235000.WAV,845.6012,1.0824539145823466,22412.661089884376,3218.7286883485085,0.0056961360548204755,0.4845076851222826,0.027511723,190,-688.9032023003847,-57.49285367975058,-321.39379201922924,2.098450528466755,-88.81522882964362,85.33739551692577,28.23502359043224,-1.610856176317226,21.729294875597372,-16.07578262501453,16.33554800559501,-14.083302205462212,-2.9900807778966527
FF_04.09.2024_20240904_234900.WAV,694.51807,0.4001571646623835,291827.4501257423,3117.3965815111496,0.0063917858440290945,0.46742004258190617,0.023035781,2763,-722.0872957046478,-26.51749763134889,-242.29538663869397,-2.775991605202976,-46.02783340611559,51.07355648587523,31.089569007075973,5.341736527879106,2.253789170236839,-40.36863133269075,7.341049621338658,8.906197874696927,13.610710791871767
