filename,ACI,ADI,Bio_Energy,Spectral_Centroid_Mean,Spectral_Flatness_Mean,ZCR_Mean,RMS_Mean,Event_Count,MFCC_1,MFCC_2,MFCC_3,MFCC_4,MFCC_5,MFCC_6,MFCC_7,MFCC_8,MFCC_9,MFCC_10,MFCC_11,MFCC_12,MFCC_13
FF_04.09.2024_20240904_203340.WAV,565.5255,1.9459101490553132,31715.92104039598,42484.066682301804,0.00020627839279643332,0.7271757233880337,0.0014273541,1116,-1622.4955795921142,-200.3218342510437,-121.96705253552321,281.6089671569748,-187.59665021001507,2.200929214207663,105.93322432333893,-111.12418491724276,68.70998428271552,-19.285598589761545,-21.7738599220696,42.99691138499682,-41.305433354468626
FF_04.09.2024_20240904_203400.WAV,533.0958,1.9459101490553132,126936.11503926228,42495.14121182464,1.1093663372340658e-05,0.7273421717796879,0.0015525896,4120,-1477.3451439821365,-166.8742813773111,-82.84312853359843,230.8865028499167,-176.17196415639395,14.626168795048548,100.15291352016123,-109.59363857970905,58.601367610820084,-7.39024067458828,-22.954445031643026,36.30032515091298,-35.93729443180319
FF_04.09.2024_20240904_203500.WAV,525.6737,1.9459101490553132,127463.53932530989,42498.11314923965,8.52233171296588e-06,0.7274396500930841,0.0015572602,4128,-1661.2334192052244,-218.2056578469355,-145.55847813267977,307.87474356887674,-191.51021501611115,-2.19830971503313,106.41147753617399,-114.35978895071977,76.48078066506811,-23.691623734292076,-22.34066949246976,44.61675190989038,-43.619525670891115
FF_04.09.2024_20240904_203600.WAV,523.6968,1.9459101490553132,127150.52888885133,42495.70147416039,8.514005890885043e-06,0.7273618995335894,0.0015535712,4089,-1646.3947242719082,-213.83618821351632,-138.91584188570684,301.58481787224633,-191.14859801877174,-1.4317483459797573,106.73068568299954,-113.28587834538718,74.31861027231993,-22.765124267732705,-22.152640988139893,44.31153237193342,-42.99885215628129
FF_04.09.2024_20240904_203700.WAV,519.13025,1.9459101490553132,127310.31981786851,42496.81878261987,8.465378614659499e-06,0.7274264982571497,0.0015554217,4111,-1656.7595807408122,-216.84978821595328,-143.39985388672156,305.9143812531585,-191.44636001854278,-1.9664335284421686,106.51919100623134,-114.01423461033261,75.82532643988863,-23.399605648923412,-22.327438464745107,44.50291877631291,-43.345067558122786
FF_04.09.2024_20240904_203800.WAV,522.3862,1.9459101490553132,126958.14876239828,42497.429015392394,8.491226338901625e-06,0.7274824709236116,0.001550971,4109,-1692.9056722594096,-227.0911692394175,-160.32959773221725,320.4973293558851,-191.6338583206452,-3.264222379630011,105.66900709203735,-117.16770332812546,80.59376798360582,-24.974748148101185,-22.322789118603286,44.79869948716015,-45.116481882085935
FF_04.09.2024_20240904_203900.WAV,518.4311,1.9459101490553132,127166.95146551328,42498.12880478988,9.26024214344378e-06,0.7275303590791611,0.0015537417,4109,-1689.0725187272235,-226.12191920534693,-158.6897375173315,319.1387997643278,-191.60550532920874,-3.2106663828508992,105.7478636346585,-116.81328384552218,80.12551180888653,-24.817252708288162,-22.31322443369724,44.70028037270991,-44.92681082142418
FF_04.09.2024_20240904_204000.WAV,521.87,1.9459101490553132,127463.66954265485,42495.515717405084,8.378085843184257e-06,0.7272971074006773,0.0015573736,4115,-1678.2520492946421,-223.12452209691963,-153.57012311835584,314.93137066921275,-191.63618228966095,-2.9727322475822455,106.06577986532736,-115.78391173607478,78.74550166235386,-24.434097392523654,-22.42048294216132,44.74286424882747,-44.37460237803808
FF_04.09.2024_20240904_204100.WAV,518.82166,1.9459101490553132,127401.43818562872,42495.995426555965,9.027424397196743e-06,0.7273935799854432,0.0015563078,4088,-1675.0922412860361,-222.15154159434488,-151.97663673287784,313.54366946752094,-191.61184635326842,-2.81652953622324,106.1225462404828,-115.53841304322212,78.35021514373061,-24.246753288794856,-22.492177243458457,44.71492317075819,-44.157610230946986
FF_04.09.2024_20240904_204200.WAV,519.48914,1.9459101490553132,127220.0638890571,42494.56178141948,8.43174217370246e-06,0.7272627965816367,0.0015542696,4116,-1682.8367118727144,-224.33703506915361,-155.6588110761632,316.6497491850331,-191.60886700503735,-3.111701147488909,105.95963963777155,-116.18044121242666,79.28088814074215,-24.59637489088939,-22.376454417519433,44.76633299056078,-44.62765761988008
FF_04.09.2024_20240904_204300.WAV,520.08716,1.9459101490553132,126933.10636002527,42494.65775948166,8.503682324143082e-06,0.7273653035381843,0.0015502536,4112,-1667.9798670347052,-219.93145925702882,-148.40605511874475,310.40561783963886,-191.52642493509674,-2.5839428025828766,106.3550790406055,-114.81929132582468,77.20331186447773,-23.89963383591738,-22.393143970044147,44.636816972231706,-43.82392819884519
FF_04.09.2024_20240904_204400.WAV,516.5358,1.7588332400040192,127352.18925647774,42494.734816705386,8.495800870519979e-06,0.7273271245321041,0.0015556515,4096,-1678.5101218628008,-223.17262936944715,-153.78278778268074,315.01518272100833,-191.5286674701371,-3.0068357530591014,106.00311704095124,-115.7779918421044,78.77975840273281,-24.433788740031243,-22.434886391489837,44.74307446004294,-44.34836540534072
FF_04.09.2024_20240904_204500.WAV,519.8331,1.9459101490553132,127984.41667133178,42497.17912580992,8.37644684671866e-06,0.7273787261472114,0.0015637679,4123,-1657.4931888943306,-217.34035328398042,-144.13684873188438,306.60092382140425,-191.51745502955453,-2.018227762391969,106.52159135512409,-114.17192438994701,76.04910778934699,-23.520738897522897,-22.316253977914258,44.62697389597724,-43.53086201184571
FF_04.09.2024_20240904_204600.WAV,524.17206,1.9459101490553132,127517.2053798552,42496.38374835286,9.699455240447764e-06,0.7274141200586232,0.0015580178,4069,-1667.8812423913803,-220.14651365313694,-148.72573783060636,310.6948099460884,-191.58770584695463,-2.541936021130733,106.34394083367563,-114.9233768987449,77.30640994487767,-23.943375775495696,-22.35339177769249,44.63514759740683,-43.89508039382827
FF_04.09.2024_20240904_204700.WAV,516.04974,1.766506851738382,126974.3138140477,42497.499201603,9.239189918613546e-06,0.7274658764012121,0.0015509153,4104,-1689.642231315393,-226.23665042673005,-158.9525028374627,319.2739796655364,-191.56425911434124,-3.1890747696736788,105.7045431431374,-116.82992935706984,80.17740273196075,-24.912858327744882,-22.267942417757016,44.79269732356662,-44.9826145045066
FF_04.09.2024_20240904_204800.WAV,518.6295,1.6698342245001894,127236.84147005861,42497.781334737796,1.0689805073445797e-05,0.7275328347188663,0.001554337,4118,-1668.7782595257818,-220.28980378230668,-148.95269342168297,310.8709540618357,-191.5838926124155,-2.5264068367928774,106.29882219736982,-114.9679448162317,77.40357089692806,-24.00381158538177,-22.34551182208088,44.67167138291864,-43.93556624931297
FF_04.09.2024_20240904_204900.WAV,517.87195,0.9516795112676466,127288.25741382466,42499.48148164237,8.458266509376257e-06,0.7275139966479839,0.0015552327,4113,-1632.5632391501542,-209.91412275187398,-133.1266344921021,295.8028944833745,-190.72321915424828,-0.42767859436408845,106.79620548693956,-112.53659273684967,72.60715128045948,-21.964792758004872,-21.971101811956157,44.08780642483183,-42.6008722871414
FF_04.09.2024_20240904_205000.WAV,522.81323,1.9459101490553132,127090.64977937908,42495.70371441213,8.410192662705353e-06,0.7273303351273469,0.001552357,4106,-1660.648023628029,-217.8925554386241,-145.19568331995333,307.44216629425193,-191.41959792313057,-2.1741345160169034,106.45765059130457,-114.30530115063759,76.28469350028575,-23.56733485304831,-22.328017972585904,44.577868536454794,-43.567267372418534
FF_04.09.2024_20240904_205100.WAV,516.4402,1.6625471448961748,126335.11486602739,42497.48521519884,8.63247616169397e-06,0.7273937733947952,0.0015438977,4100,-1691.1994216171204,-226.34909056923752,-159.18658275330196,319.4249106734805,-191.53785518736734,-3.166227463081343,105.68231734760597,-116.94833193008137,80.26689139576072,-24.843429911541694,-22.323199317499707,44.75353684165804,-44.98734783469122
FF_04.09.2024_20240904_205200.WAV,522.2194,1.9459101490553132,127501.67328510816,42494.703549107006,8.629777922808593e-06,0.7273872361586984,0.0015573181,4131,-1658.6393145292218,-217.47217435624145,-144.40255592171928,306.83966030618825,-191.5089360492838,-2.086840335271128,106.561098663661,-114.23845415325722,76.07100263321233,-23.441932445231746,-22.355099229994302,44.54809234451458,-43.47746514219999
FF_04.09.2024_20240904_205300.WAV,517.01013,1.7245386502156936,127207.40283473917,42497.559161153535,8.372002023885146e-06,0.7274319910827458,0.0015546181,4095,-1661.0827035652096,-218.03465404536556,-145.34654334115737,307.6284854621019,-191.47260898451373,-2.1754347910407295,106.46203169899074,-114.3567664798881,76.36090358489409,-23.617890928741243,-22.310260641112205,44.63055635763391,-43.68788774386495
FF_04.09.2024_20240904_205400.WAV,522.1655,1.9459101490553132,127755.62505671469,42496.39024264168,8.576677922660061e-06,0.7274089753698606,0.0015604246,4140,-1667.613427803593,-220.16815375365323,-148.74577099122365,310.69156012008295,-191.58349025672925,-2.4840833954505532,106.2804499449702,-114.95511594391384,77.39445452074922,-23.974261414806943,-22.388335016987217,44.67445838918903,-43.911302515517406
FF_04.09.2024_20240904_205500.WAV,518.1831,9.457406114017602e-305,127202.25698420365,42497.16709716439,8.801603950307184e-06,0.7274087819605086,0.00155391,4129,-1652.1930169870698,-215.5248923265145,-141.53728008125034,303.9860307749975,-191.24942928794133,-1.6823535438830737,106.57064021051123,-113.74504572675171,75.20498066487879,-23.12662959242391,-22.247817131544494,44.46808909091088,-43.28062766404621
FF_04.09.2024_20240904_205600.WAV,514.84265,1.727231047888171,127456.16583568286,42495.34023050928,8.421288304445661e-06,0.7273967518988157,0.001557618,4077,-1519.5307907474667,-178.45851140334483,-94.4414391502763,248.5000253270677,-181.82205264053167,10.239719225916312,103.57316697971926,-110.10565563376713,61.064035908548085,-11.595951675998087,-21.748800161105446,38.81405253726629,-38.5533584293728
FF_04.09.2024_20240904_205700.WAV,518.3674,1.9459101490553132,126249.66670532261,42497.388041628634,8.477128533083406e-06,0.7274098650528796,0.0015426652,4135,-1691.7235945468287,-226.44568093975073,-159.46158751232278,319.55506488456325,-191.51173986470795,-3.123926849469968,105.69506608538683,-117.05332937162456,80.29228184549277,-24.834535036087694,-22.28973740967691,44.79007780999401,-45.06819236668137
FF_04.09.2024_20240904_205800.WAV,514.3406,1.767752931371003,127433.54492183354,42493.87923854873,8.599509516783418e-06,0.7273060429127387,0.00155626,4110,-1684.6474872593033,-224.97341402135552,-156.8781028996802,317.51686809847814,-191.57101500300485,-3.0773883683104546,105.92468452196799,-116.49790783389619,79.50402138400523,-24.597207856602637,-22.28297445029912,44.709119533051265,-44.764098012506196
FF_04.09.2024_20240904_205900.WAV,514.4021,1.7398325331054978,126659.94780083188,42493.6123396549,8.767105989751061e-06,0.7273750900513943,0.0015475836,4112,-1691.9598614967879,-226.72859751350268,-160.13617285825993,319.92553102490854,-191.39553755458567,-3.085728683027226,105.63238591037899,-117.23753540267556,80.38108396468608,-24.72907870311225,-22.254942582299137,44.640676256528394,-45.067565424696184
FF_04.09.2024_20240904_210100.WAV,516.0966,1.3486110521453862,127314.46679637738,42497.06612995739,9.079540856149374e-06,0.7274218951145726,0.0015549995,4101,-1690.2681090355447,-226.5483902591264,-159.56236010712772,319.7045476374823,-191.55705029366248,-3.1448331817568222,105.70798530393725,-117.07292315591327,80.29877165447478,-24.79870662455562,-22.27385600709388,44.68636946370401,-45.02909388410709
FF_04.09.2024_20240904_210000.WAV,516.60095,1.7246276907673623,126655.1893610256,42496.007012990114,8.63070592015661e-06,0.7273591531207914,0.0015471999,4099,-1694.6427166339552,-227.51714432610908,-161.4884149590403,321.01623813199336,-191.40087905686352,-3.1402077401098047,105.5789090524134,-117.48162061187493,80.70316882186039,-24.915084113075,-22.15459905935445,44.72805162763448,-45.29524994212281
FF_04.09.2024_20240904_210300.WAV,519.09094,1.9459101490553132,127031.22159592691,42495.578888483906,9.199836472664537e-06,0.727408627233027,0.0015515178,4125,-1686.4685993282396,-225.2942523256557,-157.41693897885813,317.96504819711674,-191.5634866366836,-3.0718984642949265,105.81402252006683,-116.60586137129309,79.76297440877028,-24.69531333722602,-22.348462624913115,44.777603866319204,-44.79983304078015
FF_04.09.2024_20240904_210200.WAV,517.0128,1.9459101490553132,127225.58909846084,42493.16106157083,8.515281136383078e-06,0.7273169898820605,0.0015538029,4101,-1685.542466762817,-225.10304207968687,-157.08469305195663,317.68832158746596,-191.56573837058525,-3.0851669777538198,105.9014796827254,-116.59103296853694,79.64943000901893,-24.59741290876078,-22.410977185898886,44.80489788211643,-44.76701163210652
FF_04.09.2024_20240904_210400.WAV,516.00323,1.6499979125358535,127197.4773077663,42496.191765912445,9.313868977693675e-06,0.7274096716435277,0.0015541397,4106,-1683.7375586347382,-224.59977942974123,-156.1886604155947,316.9785266110618,-191.56569067064905,-3.036850660319313,105.87184308649239,-116.32288942832949,79.4276226348507,-24.614317833622046,-22.352273589386215,44.732761024752875,-44.63884961290013
FF_04.09.2024_20240904_210500.WAV,516.7401,1.7440439988076353,126565.311496991,42494.46214962543,8.456649142322445e-06,0.7274200383847936,0.0015458461,4103,-1657.0565081828943,-216.59163095517016,-143.26328713166347,305.5673152388996,-191.2979844989933,-1.8966537196042192,106.53374848431815,-114.081150745637,75.71721374238739,-23.23447465645479,-22.360115596157115,44.50519701518729,-43.36477328969367
FF_04.09.2024_20240904_210700.WAV,521.7173,1.9459101490553132,126768.26588811252,42497.26193027686,8.918117584770822e-06,0.7274919866637289,0.0015485053,4090,-1693.4083837135731,-227.23062287549666,-160.94998777448623,320.6414681139396,-191.40116443566137,-3.17092668894461,105.54760045676213,-117.28040539848394,80.62693104271538,-24.994459565008125,-22.169837564817986,44.8101288793259,-45.27330560516517
FF_04.09.2024_20240904_210600.WAV,516.9689,1.9459101490553132,126649.34806386885,42496.404648848955,8.932555839984896e-06,0.7274581787090034,0.0015473664,4113,-1686.5644827817205,-225.15267153599362,-157.3866773312708,317.7429363387299,-191.48475174983386,-3.0077145057777943,105.8587785353735,-116.59319568269292,79.58639026992108,-24.67315991466292,-22.1975801722383,44.759274982980855,-44.893397131951964
FF_04.09.2024_20240904_210900.WAV,515.60095,1.743314133043331,126491.89092905851,42496.20348827137,8.508656969425991e-06,0.7274371357715084,0.0015452978,4119,-1689.126107180148,-225.86904219711795,-158.5520674323164,318.731244411209,-191.46250830130447,-3.095498037946343,105.77465479820249,-116.8380677074461,79.92211772769284,-24.709174875051996,-22.20767198745761,44.69232510401648,-44.9851097062626
FF_04.09.2024_20240904_210800.WAV,516.4267,1.7376112087566882,127212.768896089,42496.58134899077,8.516115682244768e-06,0.7274288578512438,0.0015542856,4107,-1669.2110261336043,-220.43761600572668,-149.31779569872066,311.05790847705805,-191.48586728560068,-2.531789123009299,106.23896934797882,-115.01860601440973,77.45557683239701,-24.010698436328013,-22.299050538122685,44.66703017049772,-44.02718749426208
FF_04.09.2024_20240904_211000.WAV,522.3021,1.9459101490553132,127756.1276587326,42497.350137448535,9.186765420752108e-06,0.727445026873069,0.0015619465,4112,-1682.7553289988095,-224.55246281801695,-156.04650864256965,316.86899489745434,-191.63097066548707,-2.9564461456270195,105.90362803749898,-116.35097118964495,79.38759820763629,-24.619661754287623,-22.288592741012486,44.73473056670327,-44.70125529699384
FF_04.09.2024_20240904_211100.WAV,519.3498,1.9459101490553132,127032.88433881024,42494.55705755217,9.411922061056497e-06,0.7272786561484987,0.0015513495,4100,-1690.1519416273104,-226.43506469774746,-159.61125515792733,319.52522615562384,-191.4086166413288,-3.1039776917216693,105.66002979331637,-117.03042221319318,80.20767851874754,-24.822661136597265,-22.1660703254416,44.72921373276989,-45.11924009726112
FF_04.09.2024_20240904_211200.WAV,514.21375,1.7376438452395124,126808.33649510915,42494.05142795587,8.828173740544998e-06,0.7273935413035728,0.0015491475,4101,-1684.697489035603,-224.73719523723074,-156.70135552427865,317.1710856689995,-191.43086945197575,-3.0084233624170205,105.86235876740804,-116.4489825560091,79.41298317411699,-24.560740926956473,-22.25342881690623,44.71652865024408,-44.76169922937281
FF_04.09.2024_20240904_211300.WAV,527.74255,1.9459101490553132,126734.19800530621,42495.45584007137,8.66956335925864e-06,0.7273385743657411,0.0015483046,4093,-1692.8293974669625,-226.99955615071082,-160.57090729520482,320.2874715430127,-191.45604125686188,-3.067829312714019,105.64666026274934,-117.31963945106922,80.49155117890334,-24.89157411838976,-22.185781828297724,44.82788157231383,-45.254289635789
FF_04.09.2024_20240904_211500.WAV,527.28033,1.9459101490553132,126755.64891867232,42493.3376278379,8.66198194249227e-06,0.7273115744202052,0.0015476039,4086,-1674.865992102827,-221.87883689422824,-151.9566099301431,313.1045889192342,-191.39053039006504,-2.657349375014692,106.10225460121698,-115.57082413147877,78.12985900181425,-24.137599931522416,-22.33275031265553,44.6782435024554,-44.20936954014737
FF_04.09.2024_20240904_211400.WAV,513.7449,1.758155196697864,126307.97158022947,42495.33178426384,8.564999681315465e-06,0.7273908722545156,0.0015427193,4103,-1692.2324822473752,-226.6728297074257,-160.22777913974394,319.8362726533782,-191.32443075599838,-3.0451079752200183,105.64151239719781,-117.20833323252585,80.29792022293137,-24.832007100438602,-22.134910908848475,44.80411064606771,-45.20442567170241
FF_04.09.2024_20240904_211600.WAV,518.66394,1.9459101490553132,127115.15940773876,42496.43149842236,8.436550250411254e-06,0.7273572190272717,0.0015523745,4101,-1692.795451130016,-227.22002093462584,-160.86254829601853,320.5738697718804,-191.49184765425423,-3.088107412179533,105.64970618950736,-117.3618352231671,80.52495935798417,-24.915776768613966,-22.108628946855532,44.75152326918498,-45.267732308371905
FF_04.09.2024_20240904_211700.WAV,514.5664,1.7557195169256847,127173.99575226661,42493.460703087396,8.818900118944728e-06,0.72729246557623,0.0015527743,4100,-1691.6141936231543,-226.92798715463016,-160.71697481444747,320.17843478905957,-191.30468599277026,-3.013628842923577,105.60275827204502,-117.35079538743663,80.41623569848707,-24.808354949599956,-22.132044689029225,44.75050469268045,-45.21990557029154
FF_04.09.2024_20240904_211800.WAV,519.17377,1.9459101490553132,126733.36541845837,42494.00384332761,8.637084881791668e-06,0.727404217499802,0.0015482387,4136,-1673.3728236725428,-221.4332642688177,-151.35946823157806,312.435498781559,-191.32513450581865,-2.500993509107874,106.13092386132121,-115.54158317348136,77.87263199071646,-23.98888518638703,-22.222631602968615,44.60254575306653,-44.25187106916296
FF_04.09.2024_20240904_211900.WAV,514.2502,1.7459338273067753,126423.94298139548,42495.49427504133,8.68331047881085e-06,0.7274651801275449,0.0015440453,4102,-1689.0267623695688,-225.84473563206888,-158.84886043471562,318.6306893595635,-191.29937018804034,-2.891689430452995,105.6719438001735,-116.99486114109395,79.93724149338422,-24.662237285283762,-22.12260803730355,44.71053075768834,-45.071836985081994
FF_04.09.2024_20240904_212000.WAV,515.36847,1.7263358304460106,126730.14500877702,42493.10843427303,8.839675294098162e-06,0.7272151405173096,0.0015484818,4105,-1676.267116137735,-222.2555783713394,-152.63829226296124,313.6053438453345,-191.38651522673752,-2.6077160410110567,106.07326893361072,-115.78741938588192,78.26636325739683,-24.125419024796955,-22.23580902533295,44.642622326663755,-44.40629334415743
FF_04.09.2024_20240904_212100.WAV,516.26184,0.8645524047454451,127021.34034958745,42493.9562604339,8.54115348100853e-06,0.7273564067079934,0.0015521768,4127,-1683.88250576843,-224.54234761281612,-156.4443844379087,316.84650393553636,-191.44606207404956,-2.847156594019277,105.898359411029,-116.52824869581362,79.31911627546059,-24.474513526780633,-22.211332969625214,44.70670705004558,-44.8150494959859
FF_04.09.2024_20240904_212200.WAV,514.8661,1.7433255032485147,127034.49093597112,42496.75560538855,8.625484211294224e-06,0.7273571029816605,0.0015511904,4106,-1693.7239062442889,-227.45422937296928,-161.5237861895079,320.86365000895273,-191.37464895554055,-2.9525810925726628,105.56040584605616,-117.61951323987927,80.68816331698257,-24.86193577644148,-22.097766588266598,44.747188922328874,-45.3700676500846
FF_04.09.2024_20240904_212300.WAV,512.6127,1.7237303961996717,126613.76017187523,42494.64092096364,8.553982460197194e-06,0.727271345274994,0.0015463413,4135,-1695.6874948762281,-227.81153791504465,-162.15483859867356,321.40917978598947,-191.3552086357339,-3.0947083128581583,105.59134509528623,-117.66766511485208,80.77521332237424,-24.925243432394137,-22.082842280514317,44.78402577554218,-45.419964355842374
FF_04.09.2024_20240904_212400.WAV,513.6652,1.7602011438892695,126177.36861045587,42495.90830569265,9.01288520556145e-06,0.7273695198620573,0.0015408782,4116,-1659.909139471258,-217.33716515142822,-144.5849317071772,306.61087065119295,-191.24462352462518,-1.984317238561785,106.4451808751241,-114.27400669006597,75.99386270269446,-23.3649335962502,-22.228488344129246,44.45500588299035,-43.546042224613366
FF_04.09.2024_20240904_212500.WAV,514.0117,1.5747240788089754,126468.50972487152,42492.416369440754,9.066831087784352e-06,0.7273513007011012,0.001544628,4127,-1680.6016162072217,-223.41889591513095,-154.65050652013352,315.27602782448156,-191.3450908481407,-2.776094491419491,105.96464677064846,-116.16916434533978,78.825736081753,-24.257063102168868,-22.2907537820091,44.663031796910545,-44.563121507555856
FF_04.09.2024_20240904_212600.WAV,515.6649,1.7311026782819676,126839.5957531855,42497.259818616665,8.979777629420593e-06,0.7274410039585479,0.0015494424,4109,-1691.8909793671437,-226.76666021612243,-160.4183765360569,319.93176792648126,-191.33586348678344,-2.9230492717729963,105.60869402031109,-117.40242451971497,80.4157476505954,-24.753572323517343,-22.156221098033182,44.7662957841601,-45.30547481838489
FF_04.09.2024_20240904_212700.WAV,514.4735,1.6967407393402016,126348.30236246582,42496.780375105474,8.524258754152221e-06,0.727440810549196,0.0015440052,4118,-1665.7512446132348,-219.02770521078114,-147.37371319283938,308.9941983080643,-191.2635236093181,-2.1525903385860405,106.2417691993796,-114.81307759216801,76.87016771715899,-23.673253351995907,-22.26429302545804,44.581840336007545,-43.890413391305074
FF_04.09.2024_20240904_212800.WAV,514.1886,1.732694095569633,126582.57909276221,42494.796385472866,8.735887135804855e-06,0.7273818593787135,0.0015461548,4109,-1682.8187290270826,-224.06431080448556,-155.7728426982857,316.176606399659,-191.3316321120847,-2.806362936868306,105.86811131193367,-116.3852158026271,79.16451274527265,-24.40551267565934,-22.26365371133622,44.7215174854877,-44.721187575874374
FF_04.09.2024_20240904_212900.WAV,515.7686,1.9459101490553132,126667.58548272194,42493.470397006546,9.305391292623899e-06,0.727368011269112,0.001547142,4098,-1682.5474193483913,-224.04075478994778,-155.66627591562104,316.10496896369267,-191.39733084599672,-2.725846324525944,105.88239837688995,-116.40427939803298,79.11186975814744,-24.36772149195163,-22.22316116371778,44.6503731919587,-44.661284492638984
FF_04.09.2024_20240904_213100.WAV,513.1123,1.719455294211139,126242.2254718326,42493.909839670654,8.653718979077748e-06,0.7272815959706488,0.0015417961,4114,-1680.712730161074,-223.340130634688,-154.57831886663948,315.1585260116862,-191.3108737270908,-2.7423525768792554,105.92837756575084,-116.13048242636592,78.80419432064122,-24.29320794801777,-22.24883986639796,44.67679390839985,-44.58728809533884
FF_04.09.2024_20240904_213000.WAV,513.2264,1.3250661367446412,126450.35233463785,42495.70129308506,8.702581824804506e-06,0.7274277360770023,0.0015456785,4116,-1487.2138921741548,-169.45688420072855,-85.36716263625445,234.84351512233124,-177.49918089749715,13.592513562491591,101.02155918568937,-109.67982695141421,59.03178808961808,-8.308583265827538,-22.595456798152593,36.81856225147958,-36.56710433827198
FF_04.09.2024_20240904_213300.WAV,513.14044,1.7596224013486392,126530.86597434156,42493.47884754983,8.602236402845348e-06,0.7273544726144736,0.0015451899,4120,-1680.117425266453,-223.32344705752595,-154.6367212077683,315.0913892223418,-191.2824427531791,-2.691684930474691,105.97971314800095,-116.17637489453021,78.70670415492864,-24.25875459488665,-22.175817577121492,44.700650715621435,-44.61985238067382
FF_04.09.2024_20240904_213200.WAV,512.6146,1.7241873385280915,126924.16883734353,42495.37040214205,8.5229134508362e-06,0.7273378007283332,0.0015505336,4124,-1681.2914527611078,-223.78101651903472,-155.29243639191995,315.7221643434788,-191.35709044033442,-2.699605896349476,105.91670611231302,-116.31500103333823,78.97278934933757,-24.401483280671194,-22.153899915527166,44.762536916083114,-44.78393105266168
FF_04.09.2024_20240904_213400.WAV,517.09796,1.9459101490553132,126613.11698227552,42495.37845785129,8.710180743921169e-06,0.7273004727234017,0.0015465622,4114,-1679.9181812780207,-223.27757614280367,-154.73367684668762,315.01856617220926,-191.22826928933225,-2.635630751468341,105.98618072892505,-116.18988906031858,78.66652499795296,-24.29461296289505,-22.11305526734184,44.72443681371337,-44.674117466097975
FF_04.09.2024_20240904_213500.WAV,515.1511,1.9459101490553132,126195.38248568021,42493.148811995605,8.872074264055667e-06,0.7272420244172344,0.0015422333,4116,-1655.6568123360728,-216.10618198957377,-142.87712959241588,304.8426149860788,-191.0403761578549,-1.7373616855241782,106.46506767202094,-114.00901451044864,75.42446470781763,-23.088729965455283,-22.178138793251826,44.398825928766634,-43.43220085496159
FF_04.09.2024_20240904_213600.WAV,514.1627,1.7590311808065733,126101.38873910821,42494.178400144345,8.69155707542902e-06,0.7273572963910124,0.0015401349,4127,-1670.4038512760997,-220.28733650722364,-149.51149279176414,310.82137609980737,-191.26055913612407,-2.3782645345905307,106.18996361661769,-115.17638770656741,77.37352275905154,-23.820044754808468,-22.245159184419407,44.57665863494863,-44.06897142632665
FF_04.09.2024_20240904_213700.WAV,514.0874,1.7624301375898368,126014.88029633113,42494.78578226258,8.752502242377541e-06,0.7273718020924107,0.0015401187,4102,-1656.8451402104831,-216.3709671477411,-143.32926244002752,305.23123052174554,-191.00937782519003,-1.8257303596698609,106.42388548710066,-114.012678269825,75.54220151475162,-23.216011031746454,-22.136053361144587,44.46369851462309,-43.53317727719626
FF_04.09.2024_20240904_213800.WAV,518.40515,1.9459101490553132,126391.69975619293,42495.19353269758,9.083603636958323e-06,0.7273103366003525,0.0015436908,4092,-1678.5475418650801,-222.80105916872728,-153.77251436288626,314.28834667675557,-191.31665128027944,-2.4926071106857712,106.03528403955106,-116.11328743517376,78.43576312954424,-24.148573751753275,-22.072263985050114,44.64119941896917,-44.64058219969651
FF_04.09.2024_20240904_213900.WAV,513.55963,1.7323443708405935,126413.9417683234,42492.80117201668,8.573311845057046e-06,0.7273415528697615,0.0015440135,4125,-1683.1475027449085,-224.13306658574842,-156.23600599006576,316.19906340016905,-191.23272304772084,-2.637019947864622,105.95823991642236,-116.59150623704325,78.9784299302643,-24.31388871457319,-22.006536989101097,44.72593715565374,-44.92743041544792
FF_04.09.2024_20240904_214100.WAV,516.3999,1.9459101490553132,126602.35690206451,42493.31430981305,8.758851580813322e-06,0.7272841489740949,0.0015461331,4105,-1681.9631589357778,-223.84529815899063,-155.67309164227873,315.7661215290118,-191.2836061215726,-2.5369074208575193,105.96206112723075,-116.55014907011508,78.88267973842068,-24.232355224838262,-22.014430149846973,44.65021742182545,-44.86963111859358
FF_04.09.2024_20240904_214000.WAV,513.00476,1.9459101490553132,126214.89583655761,42494.795883632185,9.24652043638899e-06,0.7273984152192426,0.0015409198,4080,-1683.3541259337658,-224.14246222386123,-156.2705644630089,316.20293438759575,-191.17200249058186,-2.6226296911045517,105.84169887642048,-116.5720498238111,79.06639729160977,-24.328163762060626,-22.014160981364782,44.65360700091724,-44.92259506100025
FF_04.09.2024_20240904_214200.WAV,512.94366,1.644563107542023,126349.01899946407,42494.6308486609,8.546466270815633e-06,0.7274276200313912,0.001543034,4098,-1684.4917752413737,-224.53020984733718,-156.8562024096927,316.75668938115507,-191.19540689738238,-2.7113698735129885,105.80810159707086,-116.61879246843917,79.24860587584601,-24.452971401799704,-22.043824473375395,44.720053036535596,-44.91552747325329
FF_04.09.2024_20240904_214300.WAV,513.5979,1.7371948592042297,125926.92081793013,42493.944742770815,8.738755786623691e-06,0.727405687410877,0.0015380959,4114,-1687.7710244088084,-225.2053337288873,-157.99064656204098,317.6802667922944,-191.2070890861402,-2.691160213222645,105.72818491225107,-116.97935839909543,79.64061896956298,-24.44121295325451,-22.12674731333681,44.71307786762841,-45.0329384989853
FF_04.09.2024_20240904_214400.WAV,518.95105,1.9459101490553132,126916.93633045156,42496.51636922916,8.567263082287811e-06,0.7274421257327893,0.0015512557,4076,-1596.032420006168,-199.39766409663764,-118.96263673159311,280.21328239151256,-188.74433091048087,2.613596254673926,106.66039297476121,-111.21489148315361,68.06162334574283,-18.98172299222973,-21.530607633735016,42.92747489790052,-41.593907316838695
FF_04.09.2024_20240904_214500.WAV,516.1647,1.6642339894067717,126546.65948144313,42496.589570555436,9.188310754898748e-06,0.7274600741206527,0.001545817,4101,-1689.8542976843673,-226.0900083364442,-159.36298862105133,318.90925538176595,-191.30373096531153,-2.750504131039561,105.69031800750749,-117.2698137415147,80.01664341528515,-24.573205574893322,-22.05760971120644,44.65568938721578,-45.20095138872601
FF_04.09.2024_20240904_214600.WAV,517.1437,1.9459101490553132,125689.08647679107,42494.23912330629,8.986403592125354e-06,0.7273598107125882,0.0015353091,4105,-1690.491246321339,-225.93487447753577,-159.34456706021905,318.7279214206546,-191.14653732365878,-2.80412373242302,105.67566976723879,-117.16406798170583,79.90113381405111,-24.591884706825656,-22.013378329405334,44.72124163454909,-45.21747965995603
FF_04.09.2024_20240904_214700.WAV,513.6804,1.6702210056150557,126206.11063009633,42493.75711013078,8.714992231813008e-06,0.7273363308172581,0.0015418119,4108,-1663.327645129408,-218.29684390043852,-146.30248486236465,307.95626433082526,-191.21004263264473,-2.0379809477450546,106.36848273079089,-114.66565367361261,76.42793149814695,-23.450439447924506,-22.21924138777883,44.51012873883378,-43.74601877347032
FF_04.09.2024_20240904_214900.WAV,517.37787,1.9459101490553132,126958.14903358086,42494.59394589463,8.73289071052525e-06,0.727358727620217,0.001551772,4110,-1624.9349395143215,-207.5672962898469,-129.9132521970586,292.37397496510374,-190.35380125181516,0.1757623106191352,106.91181080935898,-112.28111255399138,71.51186389115762,-21.185471915103584,-21.94656240613345,43.81368184333685,-42.29466812744423
FF_04.09.2024_20240904_214800.WAV,516.78674,1.7144869487618415,126948.92696561119,42492.35022315766,8.607343205110864e-06,0.7272535902964826,0.0015505467,4122,-1680.4478280695669,-223.51793892296453,-154.8855767479318,315.3012742443837,-191.38564640701793,-2.533189956734613,105.97391049725694,-116.4111159339262,78.85622102937542,-24.221215796831057,-22.192970859506378,44.70722374890918,-44.70937582920139
FF_04.09.2024_20240904_215100.WAV,515.292,1.73630605936844,126956.12965183688,42496.398462543475,1.0073550315613073e-05,0.7274214696139982,0.0015507492,4103,-1673.0305634149227,-221.40759556528238,-151.13482127502579,312.41995061990133,-191.4159097151252,-2.544403427215021,106.11360753830463,-115.4315591038845,77.9187118759136,-24.1113238072814,-22.242963076387284,44.67286975267348,-44.25333541702762
FF_04.09.2024_20240904_215000.WAV,516.5426,1.9459101490553132,127034.1421912366,42494.63074846097,8.846486031290616e-06,0.7274076988681375,0.0015513859,4082,-1677.5675391614097,-222.7342316615045,-153.25710614683217,314.33802538497457,-191.49437949807836,-2.7821550818864624,106.11629882012579,-115.86599553365433,78.47236429375822,-24.213374402727997,-22.292637168727506,44.659381184554,-44.433497454865744
FF_04.09.2024_20240904_215300.WAV,514.7266,1.7257534028987842,127075.49542424509,42494.656371934776,8.543773265850222e-06,0.7273702548175949,0.001552061,4093,-1677.5065961084688,-222.77991121550392,-153.26702406163236,314.369730535467,-191.51534039751667,-2.7364607274802952,106.03838636788096,-115.84397362095628,78.5409846231176,-24.281905772338845,-22.28189596004695,44.66140225231818,-44.41239964662072
FF_04.09.2024_20240904_215200.WAV,515.5684,1.760371505252344,127446.3889743532,42494.4326556864,8.392715729997173e-06,0.727215759427236,0.0015565847,4130,-1688.038320357693,-225.98384647277308,-158.77115102452726,318.875094218527,-191.4443862585526,-3.0556226522449834,105.73591330755427,-116.93125085471628,80.0077515503184,-24.692003207285044,-22.22872454382958,44.7011309094676,-45.0031963541073
FF_04.09.2024_20240904_215500.WAV,515.6046,1.7664961121995686,127486.81547398055,42499.261149413076,8.443953012705383e-06,0.727438180182009,0.0015576335,4110,-1684.8297134754303,-225.02681067670224,-157.01069834463675,317.49696601764356,-191.54050796486897,-2.904570790428679,105.80894713872165,-116.6155704547477,79.62904532862035,-24.63821351728075,-22.239257644206404,44.74446018955097,-44.88978618790908
FF_04.09.2024_20240904_215400.WAV,515.6471,1.9459101490553132,127103.41536935227,42496.81579445912,8.845453345300528e-06,0.7274905167526539,0.0015526366,4144,-1673.3171678362364,-221.5491515295597,-151.1350655768896,312.6089597835937,-191.5311858386802,-2.5852458881241285,106.11936651597338,-115.44734082530277,78.04247329859105,-24.14645445596577,-22.345858504886053,44.68704818097253,-44.192839055995435
FF_04.09.2024_20240904_215700.WAV,517.9244,1.9459101490553132,127347.70474952806,42493.9798367358,8.515497498341121e-06,0.7273577992553276,0.0015553958,4114,-1675.5441791359403,-222.27058112314398,-152.4436340553733,313.6540814554024,-191.53450699269993,-2.669165771167041,106.15694163637296,-115.74711998441467,78.27564902508543,-24.153725036401298,-22.317927171827566,44.66986108633508,-44.301913868942904
FF_04.09.2024_20240904_215600.WAV,516.03094,1.9459101490553132,127391.32177409276,42498.50008771531,8.381616654167624e-06,0.7275452129173928,0.0015562614,4124,-1666.643027647857,-219.76133721871363,-148.23342644482247,310.07892057768606,-191.46726585787906,-2.399072315112427,106.28974034149913,-114.84410624919634,77.12217331024294,-23.897994573993795,-22.2261471226536,44.61139536342435,-43.97676575395951
FF_04.09.2024_20240904_215800.WAV,516.2183,1.9459101490553132,127302.50238757631,42496.10191351696,8.761693135665595e-06,0.7273389998663154,0.001555758,4084,-1681.416935101478,-223.90892858295757,-155.31740746524866,315.9622935371496,-191.487375414378,-2.797139887282748,105.97325881559605,-116.30798141291154,79.05812726504776,-24.428484840763755,-22.26776487587975,44.76704606902427,-44.6725099979493
FF_04.09.2024_20240904_215900.WAV,514.6733,9.457406114017602e-305,127176.99440895987,42497.46932760563,9.580252195401918e-06,0.7274654509006377,0.0015539755,4134,-1675.3780948603376,-222.17748464758984,-152.33911442965774,313.4966196857906,-191.45305222970484,-2.6455746704460417,106.04472894945718,-115.64193207328807,78.30007600714322,-24.272705609267035,-22.26831139381743,44.74290886671167,-44.389412472966846
FF_04.09.2024_20240904_220000.WAV,515.9059,1.6371650179505757,127277.82585458725,42494.74838021861,9.52266568656377e-06,0.7273181503381724,0.0015545639,4126,-1667.718427127908,-220.0571646275308,-148.83837148638557,310.4804831168255,-191.42340109448344,-2.3690116270137547,106.24809644040188,-115.02501494982027,77.27521439987846,-23.863704004846074,-22.273293514424953,44.5979037742509,-43.95456436918926
FF_04.09.2024_20240904_220100.WAV,518.9659,1.9459101490553132,126598.74960471454,42495.09959072049,9.265963790197437e-06,0.7272211748890913,0.0015461529,4109,-1646.1273923537797,-213.55003328866917,-138.62833357844562,301.14863663660367,-191.04137422304777,-1.2994100906726478,106.68655679535499,-113.3019090755587,74.22815274067887,-22.679988846273076,-22.119439776586628,44.29988657315986,-43.05302615982247
FF_04.09.2024_20240904_220200.WAV,516.61786,1.3306398576371683,127404.81710386665,42494.503561301746,8.705681289751897e-06,0.7273504496999524,0.0015564654,4135,-1657.2200411262613,-217.0749064116665,-144.04410081314668,306.23009265635153,-191.30242414240837,-1.9516301011518096,106.4790002321252,-114.17946757129302,75.89818636419658,-23.34608514393174,-22.28363575693772,44.49545513696185,-43.46645916137528
FF_04.09.2024_20240904_220300.WAV,515.9636,1.7732094103250369,127157.89204899213,42497.261906038984,8.615296923701178e-06,0.7273909883001267,0.0015527561,4136,-1693.177239916642,-227.27961410838438,-161.03563386573435,320.6892436561174,-191.46145210462686,-3.090289051421133,105.64326967097831,-117.46940723260205,80.59279901339727,-24.816436819268766,-22.166245648180436,44.67663245181343,-45.274454566757505
FF_04.09.2024_20240904_220400.WAV,517.7544,1.7423702363500948,126685.98580894817,42494.39958507816,8.976814846993574e-06,0.727340624504872,0.0015470447,4107,-1694.1760040646066,-227.4027627835276,-161.37577268326172,320.8628302430721,-191.35168791883902,-3.1059616270487256,105.55811150437715,-117.50627450965796,80.68576980799749,-24.828581763370195,-22.193875762543048,44.699945315954075,-45.281532172325555
FF_04.09.2024_20240904_220500.WAV,519.5718,1.9459101490553132,127428.52579697696,42496.038672482675,9.086174091185164e-06,0.7273403150499089,0.0015567144,4119,-1684.8471445641956,-225.03236844544136,-157.13909921061105,317.51400535645485,-191.48207232789537,-2.878852142719937,105.78065686452832,-116.65177993431188,79.62886670568585,-24.590006439395687,-22.244121242188648,44.70640682393572,-44.85666849292862
FF_04.09.2024_20240904_220700.WAV,517.80786,1.277599160885071,127377.6760627063,42493.93548893628,8.701717437494464e-06,0.7273690169977423,0.0015554718,4104,-1682.1611955997423,-224.26198587220415,-156.2882071524404,316.34100400959437,-191.34452049744493,-2.60665647711709,105.97531655634978,-116.64489020395135,79.05164135074642,-24.306113041252566,-22.057260152254894,44.64087527495283,-44.81761127078416
FF_04.09.2024_20240904_220600.WAV,518.99994,1.9459101490553132,127518.13307065645,42496.00173826429,8.415206983526711e-06,0.7273885900241622,0.0015579199,4109,-1667.208069452016,-219.93652454819383,-148.73861010043436,310.260192579446,-191.42311639362907,-2.2128461337173433,106.27900752016308,-115.13456069036945,77.20310103291317,-23.77317934613668,-22.220634185561618,44.56831645768438,-44.012836049429254
FF_04.09.2024_20240904_220900.WAV,523.78796,1.9459101490553132,126873.67276319613,42496.99395285265,8.667149764986142e-06,0.7274058421383586,0.0015498265,4116,-1687.3543099371138,-225.47040717737278,-157.99776199944168,318.0770730895005,-191.44163305509946,-2.8257792618136577,105.75052608469731,-116.9168422072979,79.82757492816046,-24.595038125960528,-22.223655928615692,44.723053163572864,-44.970591275625075
FF_04.09.2024_20240904_220800.WAV,571.721,1.9459101490553132,126846.32308076219,42494.548654474245,9.03563192074416e-06,0.7273004340415313,0.0015499174,4116,-1510.8755841676336,-175.83669876806965,-91.70669179670843,244.5149145567599,-180.68027065111053,11.266108645908764,102.91988887114167,-110.03122695464921,60.40480605908355,-10.60556634818057,-21.93701543392727,38.208496715593654,-38.02273578702629
FF_04.09.2024_20240904_221000.WAV,522.1926,1.9459101490553132,127403.02014214196,42497.38460221728,8.383775570364061e-06,0.727336601590351,0.0015569286,4098,-1563.5221239756916,-190.44951088998275,-107.8492989443665,266.70727850279144,-186.35817860539606,5.769055287617715,105.85592705325581,-110.62287441419541,64.66439726720941,-15.962030594696495,-21.3420501287409,41.33696950619824,-40.49014311733326
FF_04.09.2024_20240904_221100.WAV,516.3727,1.721819482005594,127262.36891975689,42496.31133892073,8.449001713533564e-06,0.7274168277895509,0.001555058,4124,-1693.841369374928,-227.56204127799313,-161.59694727719454,321.0602983194043,-191.39203205380727,-3.0992929988054008,105.57306910385329,-117.54277162970304,80.71430080738537,-24.89737455268581,-22.120799600373758,44.73462932085364,-45.36410672954089
FF_04.09.2024_20240904_221200.WAV,515.1576,1.709310747752868,126718.88900874622,42496.37230784012,8.902035760208417e-06,0.7272778825110908,0.0015479599,4136,-1657.5911855104669,-216.84892919690876,-143.7264944938626,305.88735320394363,-191.2917057972386,-1.8452785521997683,106.481316118018,-114.1671623614404,75.79400101838961,-23.316026053180867,-22.212067676560245,44.49728521890923,-43.53352214069888
FF_04.09.2024_20240904_221300.WAV,516.2534,1.7634194132454233,127895.0977071953,42497.08362340064,8.547739359200955e-06,0.7274553549324646,0.0015623943,4119,-1645.291257045574,-213.7921305179341,-138.89074517115205,301.47757980077495,-191.16279341351654,-1.2888419544452268,106.73823232605714,-113.44255628934077,74.35037931445896,-22.689175391252927,-22.16214972596502,44.33043435562356,-43.080643579083464
FF_04.09.2024_20240904_221500.WAV,515.15967,1.7727281408366942,127005.50075845543,42496.484346855796,9.030932061301014e-06,0.727339154593797,0.0015514325,4089,-1693.3198427527757,-227.3018987187181,-161.1036639121737,320.68104997112454,-191.43372199515744,-3.018669812538877,105.55931031124321,-117.46594898626176,80.63971502157503,-24.886089009200404,-22.129993474746115,44.730652213907014,-45.305252867584926
FF_04.09.2024_20240904_221400.WAV,518.1549,1.9459101490553132,127316.57278366422,42495.68234035644,9.084124185645965e-06,0.727415667333439,0.0015554464,4116,-1666.8258435127848,-219.80781795625384,-148.39094012256538,310.1512499629044,-191.4432530431463,-2.3829006229713943,106.2927583393439,-114.90110190707169,77.12625267772451,-23.84799329815498,-22.23613663913978,44.57981973097889,-43.948615752413524
FF_04.09.2024_20240904_221700.WAV,516.2854,1.727307537277369,127126.50387573964,42497.11154280457,8.877023144381546e-06,0.7273725370479482,0.001552947,4091,-1652.6658520728802,-215.60331235178265,-141.70909306073074,304.10680728749503,-191.22662018460846,-1.6952599575801517,106.56509637280328,-113.76354728527338,75.19052679530999,-23.12666862463775,-22.16392090436022,44.428987386473366,-43.34393452828276
FF_04.09.2024_20240904_221600.WAV,515.8878,1.7351729192660883,127264.04638193626,42498.445433770416,8.399962764394233e-06,0.7274929150286183,0.0015547355,4094,-1690.047783953493,-226.4657227753672,-159.6138195465952,319.5141128893873,-191.45573169284182,-3.0078631982072754,105.66698197667188,-117.13997589010054,80.25277109074094,-24.798437906630546,-22.158428821210084,44.73505493075384,-45.187299276352825
FF_04.09.2024_20240904_221800.WAV,517.8104,1.7047357299879151,127233.71125880085,42495.739579444555,8.997896186424411e-06,0.7273077062331657,0.0015547624,4125,-1685.7337056520894,-225.14011402360666,-157.1795336119978,317.695829256931,-191.56904069322454,-2.9652986976527034,105.84566722833362,-116.63673179487529,79.64769594603801,-24.627099057707397,-22.259143604014227,44.733290313943264,-44.86922303891257
FF_04.09.2024_20240904_221900.WAV,516.6045,1.9459101490553132,127474.6193637829,42494.84923066676,8.873146231647162e-06,0.7273466975585241,0.0015570377,4109,-1622.8934926143922,-207.25475434556878,-129.34304571795633,291.89649937908075,-190.38563067235816,0.26342492497215136,106.9343748034788,-112.18416072992275,71.3456314624368,-21.16069231434932,-21.875855446248778,43.78577981676064,-42.29503785239273
FF_04.09.2024_20240904_222000.WAV,517.42896,1.7057073214992162,127238.71923420273,42494.152482163954,9.053577165907948e-06,0.7272328568139508,0.0015546803,4125,-1680.850786197452,-223.7520329336271,-154.93926881894959,315.78381769067863,-191.50748074654487,-2.891786451323977,105.97908581762745,-116.15677034927083,79.0001020732862,-24.425656669834368,-22.318428119769486,44.743308243190526,-44.60277109855137
FF_04.09.2024_20240904_222100.WAV,518.6222,1.7345189231454854,127136.71507024085,42495.71281859791,8.4444037164303e-06,0.7273230242538422,0.0015537497,4110,-1643.605507962088,-212.99581064218728,-137.71434328102114,300.3003645709885,-191.02247820423563,-1.132886662604745,106.67043292224545,-113.19223870153041,74.06545609499527,-22.631167915939557,-22.16751566734159,44.38416306307718,-42.9948891305648
FF_04.09.2024_20240904_222200.WAV,516.4436,1.7333095945935295,127279.00295760413,42495.57423654266,8.751643025206501e-06,0.7273331589038857,0.0015550015,4123,-1659.8143222309698,-217.73228623626315,-144.93643862715714,307.18678938169654,-191.42267186901972,-2.0769668098058682,106.42526983729807,-114.28509161010669,76.22559017060063,-23.538569776025085,-22.281608311148183,44.524201726141655,-43.55902294852462
FF_04.09.2024_20240904_222300.WAV,518.5021,1.7145527447337727,127540.44693238022,42498.379442564685,8.620606982246466e-06,0.7275719807717064,0.0015584244,4087,-1691.8808606710268,-227.0901884143337,-160.482222438989,320.424302081928,-191.54806017828048,-3.1199463113015913,105.5994363109474,-117.27685394170697,80.59882016956843,-24.918975341898577,-22.237609246199423,44.72520370855691,-45.179744451597486
FF_04.09.2024_20240904_222400.WAV,516.15393,1.754841126474481,127257.153699829,42496.345440334044,8.468553926153933e-06,0.7274272718945576,0.0015547043,4074,-1681.7858380438693,-224.10639868441234,-155.4337877858862,316.2336822382993,-191.5307582647154,-2.9183836954033895,105.93223395290903,-116.23509734495195,79.13366840271394,-24.46476410436136,-22.276660110789006,44.652429792355704,-44.60691784204785
FF_04.09.2024_20240904_222500.WAV,517.2594,1.7663116678628483,126854.73335714628,42496.619131675405,8.45514906566206e-06,0.7273673149954448,0.0015497738,4104,-1692.7503413446477,-227.00521215489704,-160.48605302282547,320.3160178734545,-191.47749846155403,-3.1074747129464617,105.6458846317178,-117.33935652924409,80.50096046074624,-24.77601747152903,-22.207271591233802,44.63449804519734,-45.21209582361308
FF_04.09.2024_20240904_222700.WAV,516.9752,1.749797223073345,126375.20358839633,42496.50199289481,8.536332795257376e-06,0.7275747271845044,0.0015446085,4129,-1676.9355894592666,-222.20840771505397,-152.3710225992734,313.5973409760649,-191.46887618600644,-2.731371219407023,106.09811963095525,-115.64963559989599,78.27537963173314,-24.188265351400393,-22.297380717294217,44.64395737059466,-44.33535797325981
FF_04.09.2024_20240904_222600.WAV,519.1948,1.9459101490553132,127146.27371962222,42495.12489723887,8.519133152960674e-06,0.7274081243687118,0.0015532731,4116,-1663.3219599874362,-218.7425737824785,-146.65429274685087,308.6615619977288,-191.37269494502286,-2.327420640901849,106.37071412528131,-114.5278134496007,76.63850266524389,-23.677753193916462,-22.281500281574495,44.5423700727347,-43.73309232304513
FF_04.09.2024_20240904_222900.WAV,515.8684,1.7689466823141575,127470.97243624023,42497.09368889519,8.780296621367124e-06,0.72755275588212,0.0015571886,4128,-1688.4090084893764,-226.06644354882005,-158.83278314014748,318.9754376500312,-191.5151606064472,-3.0118332715359233,105.73507325476986,-116.97744995095344,80.05614923954646,-24.725999214803053,-22.193150927094656,44.69566271712779,-45.05853763208146
FF_04.09.2024_20240904_222800.WAV,515.9063,1.7902638751758397,127169.64080899124,42494.121323414925,8.991032769362039e-06,0.7273311474466252,0.0015531505,4095,-1685.8102575249354,-225.18239077569652,-157.36291865699621,317.770797004173,-191.50142872117672,-2.9744374002107694,105.83259795159675,-116.70026652703017,79.66723826315956,-24.542492263800842,-22.295896324786092,44.6725511762565,-44.836629411467754
FF_04.09.2024_20240904_223100.WAV,520.1529,1.9459101490553132,127154.26096876447,42495.30068632829,9.28260292632846e-06,0.7274116057370474,0.0015535798,4112,-1688.3356016802086,-225.90705177547198,-158.7373149095522,318.78212992770864,-191.3985899580181,-3.038886124991016,105.71821667862767,-116.9249548044669,79.99310359644448,-24.680160948270455,-22.240477488342602,44.726569661982964,-44.99951867742828
FF_04.09.2024_20240904_223000.WAV,515.36804,1.7041236622750788,127290.13869122251,42497.074821643364,8.82048137976723e-06,0.7273947791234255,0.0015546429,4126,-1692.832947494185,-227.27991676481082,-160.9945931955474,320.65634895204283,-191.48387778986051,-3.026613175004403,105.58639561636079,-117.45209535512181,80.63216460574,-24.8914974074819,-22.140729289006156,44.7348972833678,-45.30283799687377
FF_04.09.2024_20240904_223200.WAV,517.7785,1.9459101490553132,126863.47918606512,42493.54954912119,8.648449740101478e-06,0.7272924268943595,0.0015499411,4103,-1665.4771366665884,-219.1925608806957,-147.38754043567042,309.28878630777456,-191.4280418073468,-2.3325958192337763,106.38214255399764,-114.73045721494667,76.81454348367164,-23.70041239859896,-22.264406238064943,44.535542529296414,-43.803019976260614
FF_04.09.2024_20240904_223300.WAV,518.0321,1.4476127194789277,126028.07234035977,42495.935953923436,8.698858391349414e-06,0.7274135011486969,0.0015399032,4117,-1692.739769362465,-226.6808782236983,-160.13304889936245,319.8331642317555,-191.3710184308938,-3.01857212352635,105.62684480462227,-117.25014389731636,80.33407030880451,-24.772405446194004,-22.13932471638594,44.6991133448776,-45.218870728384125
FF_04.09.2024_20240904_223400.WAV,517.06775,1.7243835303949158,127541.22422293546,42495.98397451506,1.0225684228525299e-05,0.727463129988414,0.0015577266,4129,-1680.5021741161997,-223.79301073083212,-154.87057659586898,315.81727147418195,-191.59185141941072,-2.8711168564728897,105.99613004342423,-116.16725833774156,79.01787646174301,-24.43383099214352,-22.31882295597676,44.70346386027314,-44.55809327840291
FF_04.09.2024_20240904_223500.WAV,516.4857,1.7509549050850253,127605.58615900969,42497.08315778335,8.518736737943276e-06,0.7273755155519687,0.0015587978,4089,-1660.8657556271023,-218.17528360156922,-145.6857405285581,307.8230615508135,-191.41686811338374,-2.1449737378882867,106.40111679124092,-114.45982081282543,76.46773355399688,-23.58621162517978,-22.33810630342555,44.57550632014787,-43.655393792653285
FF_04.09.2024_20240904_223700.WAV,518.3785,1.4883974293717948,126825.30792831842,42496.30306255589,8.869603914403053e-06,0.7274007748133368,0.0015491628,4114,-1665.5806195629336,-219.23008506961597,-147.35129330950235,309.33330920914995,-191.4660591079215,-2.3305385337650844,106.32381450758034,-114.68051152892912,76.89295161145529,-23.805597325236903,-22.26716172902984,44.59814816030035,-43.83836472911223
FF_04.09.2024_20240904_223600.WAV,516.2451,1.7677506751030618,127059.47267872663,42497.94929612764,9.368455657353546e-06,0.7274488176963677,0.001551428,4115,-1693.6024736693812,-227.41635173879394,-161.22523327462264,320.87034047099894,-191.45906997017477,-3.087369257399418,105.54570218507398,-117.45325018328136,80.72337372612887,-24.935757146729856,-22.15591522772804,44.727235243521555,-45.330694629637826
FF_04.09.2024_20240904_223800.WAV,516.97095,1.6772658268222393,127301.1182589307,42496.23120749611,8.418786966772892e-06,0.7273883192510695,0.001554882,4117,-1690.4733689732757,-226.57718227687104,-159.7500666705789,319.72044530407084,-191.49499821285661,-3.0887663742683436,105.710211295997,-117.15773174482831,80.2876634705208,-24.794133479927147,-22.19814969355775,44.7455285817658,-45.17911949319443
FF_04.09.2024_20240904_223900.WAV,524.7777,1.9459101490553132,127499.00826083403,42496.59525145816,8.463446898564155e-06,0.7273777977823219,0.0015581535,4103,-1680.5752214206414,-223.8032046756792,-155.03734655264716,315.8015531510385,-191.4914126904641,-2.83423760071487,105.96341848576887,-116.20079167322251,78.98210845747194,-24.420233108665656,-22.21629834544838,44.68840119994502,-44.682890873558186
FF_04.09.2024_20240904_224100.WAV,515.8373,1.721062452488333,127427.55759497397,42496.72816787025,8.496919837505824e-06,0.7273581473921611,0.0015562105,4104,-1691.748294179815,-227.0238594051595,-160.5061119873917,320.35125056516637,-191.48223988132108,-3.135057688246626,105.6440800418514,-117.29576542401942,80.50475060525967,-24.839573131965018,-22.20856373895191,44.71209648840858,-45.219427332053264
FF_04.09.2024_20240904_224000.WAV,520.27234,1.9459101490553132,127423.57285971387,42498.20322487679,1.0434751462585351e-05,0.7274255312103898,0.0015566911,4105,-1667.1717506741886,-219.89199970091187,-148.43757669313754,310.2372539457774,-191.508759816296,-2.3160169483039277,106.25783656434236,-114.97843727675381,77.25504609590992,-23.875370160231874,-22.29164278235077,44.58856986072415,-43.942145396483255
FF_04.09.2024_20240904_224300.WAV,520.7274,1.9459101490553132,127293.68951758271,42497.00894852014,8.524795209292156e-06,0.7273743550958568,0.0015547522,4090,-1693.7116971901298,-227.4915564664142,-161.29786158094913,320.9685263764031,-191.51436318951716,-3.123751787204762,105.65525541392614,-117.51857328180421,80.68274196667406,-24.87631590269517,-22.17332778497941,44.731382266920356,-45.32882361171587
FF_04.09.2024_20240904_224200.WAV,517.1818,1.7477157802628205,127511.36904560383,42497.310246128436,8.876163674094636e-06,0.7273928450299058,0.0015580925,4109,-1688.6003250500726,-226.10896489955235,-158.94001567298412,319.08275462993566,-191.48705667333107,-3.0711341669077057,105.70539719916687,-116.97246229900955,80.15055343590468,-24.749090370579825,-22.301160391840803,44.74164578830802,-44.99721850419732
FF_04.09.2024_20240904_224400.WAV,521.3812,1.9459101490553132,127063.92252637635,42495.22046387814,8.682561596768024e-06,0.727425260437297,0.0015518792,4111,-1685.7918049756722,-225.15532243011893,-157.35646500813968,317.7238696482886,-191.48158052750796,-2.9812882143400588,105.84342935989143,-116.65062563619469,79.60838217598598,-24.581014591592083,-22.232741244860215,44.67598029974815,-44.85018379146835
FF_04.09.2024_20240904_224500.WAV,515.1909,1.7530699354666,126996.15908042152,42496.543294077754,8.843937682156212e-06,0.7273879711142359,0.0015515103,4111,-1685.407633550492,-225.02816831978046,-157.049765717449,317.5513318581896,-191.49456145741019,-3.008463502219387,105.80275661097566,-116.51346057696138,79.58377108680622,-24.66016679399474,-22.212028164608828,44.70393346652733,-44.866981273955275
FF_04.09.2024_20240904_224700.WAV,517.5792,1.9459101490553132,127342.44913133477,42497.91767165699,8.81835728685758e-06,0.7274651801275449,0.0015557271,4108,-1687.7366013224453,-225.82698892991817,-158.5685963395193,318.62147852819703,-191.42920239113172,-2.940597414393323,105.68094460940928,-116.89963132268058,79.9799393019211,-24.746085575070968,-22.171760104434746,44.74426255435424,-45.036031033438015
FF_04.09.2024_20240904_224600.WAV,515.8327,1.7477053610342805,127203.8551003611,42495.47947633337,8.775381066932612e-06,0.7274253764829082,0.0015541665,4119,-1654.8821472692537,-216.251954040927,-142.8094073610282,305.0659587541437,-191.23383743152104,-1.81201390497024,106.53277089026535,-113.98972767586841,75.5311627172752,-23.201214877747677,-22.261680389654277,44.501841410048726,-43.42439288314807
FF_04.09.2024_20240904_224900.WAV,517.6736,1.9459101490553132,127152.24829044324,42499.95250138831,8.397861159093936e-06,0.7274469996484592,0.0015532868,4096,-1665.3355880311885,-219.29380241356156,-147.47549895336203,309.37767832231503,-191.4491255239183,-2.2729366992461357,106.2851223029266,-114.72459513693555,76.93268071613332,-23.850178980027845,-22.19030453830856,44.601072769751404,-43.948818938834044
FF_04.09.2024_20240904_224800.WAV,516.0036,1.7230697408645628,127355.09565861367,42493.9567272876,8.84935524137774e-06,0.7273513007011012,0.0015557989,4106,-1682.0352216046808,-224.18931637664582,-155.70566140493847,316.3595322243132,-191.5092374932403,-2.8799988584881935,105.96756090037198,-116.32500224540576,79.11042661974739,-24.45933230940526,-22.20313077607451,44.70381086000061,-44.71584731943763
FF_04.09.2024_20240904_225000.WAV,519.33514,1.6639310154893983,127671.48216050916,42494.600579637976,8.732636173982958e-06,0.7273255385754179,0.0015599434,4103,-1678.4528886265591,-223.25819370659553,-154.06443899388108,315.08508715024914,-191.53151013828875,-2.8325006486864965,106.02013776596138,-116.00884053238612,78.79774214645349,-24.324757051672233,-22.370268930229383,44.67643215921303,-44.4314232335782
FF_04.09.2024_20240904_225100.WAV,518.2268,0.6365141682948128,127483.25790964118,42495.364067328424,8.492097581021133e-06,0.7273660384937217,0.0015568903,4135,-1664.796454237513,-219.22327326089615,-147.40889412378024,309.3282490011963,-191.46034503100785,-2.285095245728503,106.34305507732691,-114.7843329010875,76.94346094898418,-23.75624632824304,-22.34853271257583,44.653365412795345,-43.830564101334815
FF_04.09.2024_20240904_225200.WAV,514.86945,1.7215829601249888,127285.82912796263,42493.956495578605,8.73453477715917e-06,0.7273102592366117,0.0015550232,4098,-1667.3038683961493,-219.88562054391087,-148.40479936539825,310.2812786826304,-191.48667945990033,-2.459544202157339,106.3059607307245,-114.89499389919331,77.21388921226819,-23.87204538373616,-22.354558899796366,44.64729611112033,-43.90291233712569
FF_04.09.2024_20240904_225300.WAV,515.38055,1.7493844126679228,127301.17209899539,42495.90888606972,8.52087430330726e-06,0.7273533508402321,0.0015552402,4103,-1689.9996483872715,-226.42961412642427,-159.44963114775177,319.50802963253295,-191.52095538969488,-3.0832873096461353,105.72185201502668,-117.0655638290205,80.21933700539833,-24.825839106050516,-22.20070291691263,44.78593832089727,-45.13236944238283
FF_04.09.2024_20240904_225400.WAV,516.76904,1.9459101490553132,127460.74909661902,42495.71587326477,8.474608233209753e-06,0.7273600428038105,0.0015573287,4129,-1666.1815868884585,-219.6275833016266,-148.04574716776523,309.8914502715022,-191.4756698553076,-2.335285903222312,106.30496138569514,-114.89409779669585,77.12563839474022,-23.820261782265415,-22.342272183829166,44.64025705758014,-43.875513556621954
FF_04.09.2024_20240904_225500.WAV,516.32227,1.7711516919846426,127548.17318382794,42495.73440658504,8.359789353042554e-06,0.7273844897459003,0.0015579564,4121,-1642.4987837032752,-212.8905010592517,-137.53918222653448,300.18269372300693,-191.03283479462067,-1.1747240776903065,106.7511745790656,-113.14735774736201,73.92299696340088,-22.557662399099286,-22.12018573685044,44.29757204701685,-42.961582944718664
FF_04.09.2024_20240904_225600.WAV,515.87177,1.7546792499489223,127202.39072875108,42495.23580151066,8.746621904170374e-06,0.7273762505075061,0.0015541497,4106,-1676.7564173530272,-222.57152901935117,-152.95675989446437,314.1278422719441,-191.46478906968937,-2.8032002499560735,106.04550661086363,-115.76434316001553,78.51642997219881,-24.239503510992947,-22.408426223404174,44.69287194722238,-44.33549150335331
FF_04.09.2024_20240904_225700.WAV,515.12805,1.7553094560901998,127389.92877290476,42495.731299880885,8.664716346262372e-06,0.7272612493068209,0.0015563535,4101,-1676.4654221080614,-222.55429134277162,-152.8209897355573,314.021660608289,-191.53179979727176,-2.6894867474951547,106.02107692272483,-115.80946894369085,78.54824264548239,-24.24448562211659,-22.417405291889747,44.69770310508768,-44.3173460484946
FF_04.09.2024_20240904_225800.WAV,530.40344,1.9459101490553132,127649.22102272615,42494.414203113505,9.03704900633897e-06,0.7274087432786382,0.0015590586,4101,-1676.3374487416606,-222.57927525613468,-154.9709836929115,313.60016594847167,-190.79664136531204,-1.4545573975936152,106.04073611601729,-116.99430666270331,78.07049885192056,-23.773550058395806,-21.497817757201783,44.69396477567555,-45.10636432593664
FF_04.09.2024_20240904_225900.WAV,556.828,0.5623351446188083,127581.31205472365,42481.42481622545,9.674761064580947e-06,0.7272131677419195,0.0015596653,4098,-1515.1986687569922,-177.41737046962913,-94.43429140219642,246.92383791286233,-180.69542483536907,10.703296144954832,103.10028210661609,-110.28996272556496,60.84590931255397,-11.015565988686278,-21.897463208741655,38.651773534163425,-38.32083011476577
FF_04.09.2024_20240904_230000.WAV,573.025,1.9459101490553132,130466.83842683342,42465.11299983645,1.0132952420555892e-05,0.7269010050478294,0.0015969428,4100,-1629.836617073218,-209.97378593974656,-144.377060264898,293.83011716781505,-186.9306600352106,5.117562129955063,107.40502769828133,-118.17598114810994,70.25791096089839,-19.71399210352972,-18.575519554916184,44.65096707605416,-45.44060044607653
FF_04.09.2024_20240904_230100.WAV,574.0912,1.9459101490553132,132092.5211801583,42449.860579334716,1.11587151916803e-05,0.7266152620712192,0.001615861,4093,-1639.5385951976639,-213.28189616125928,-153.22569064810153,297.926349773408,-186.40058363242093,6.2452476116969295,108.19286795205515,-120.54405578342512,70.38256467337895,-20.022998895431673,-17.4079654245194,45.33185215648574,-46.45247121159552
FF_04.09.2024_20240904_230200.WAV,577.40906,1.9459101490553132,136610.9890710228,42428.74919939918,1.0624258283988757e-05,0.7262168388061475,0.0016727591,4125,-1624.3618853617986,-210.52630391915733,-152.7594735847185,293.46913228258285,-184.97194260875597,8.075948068657363,108.83459961472218,-121.29308353046362,68.20058574987533,-18.88079917136777,-16.579813841575927,45.337704308088405,-46.490676709057055
FF_04.09.2024_20240904_230300.WAV,574.3642,1.9459101490553132,148362.9491213569,42407.54834798185,1.0763519563281965e-05,0.7256710376148697,0.0018219318,4102,-1601.750147959229,-207.82500475393547,-156.20596043509397,287.86361727835225,-182.57381400082534,13.143604402186947,109.52458416723275,-125.21292476980462,65.7946864797743,-16.552628303790648,-14.934358251185493,45.55868244032107,-47.36702657923025
FF_04.09.2024_20240904_230500.WAV,565.59766,1.9459101490553132,132764.15838721485,42484.9359719689,1.0350255900876074e-05,0.7272216777534065,0.0016262882,4145,-1642.7074339497426,-214.71027645542375,-152.69688249818023,300.1505625791451,-186.56902439233102,5.431728324819722,106.0928215789346,-120.18578726137942,73.31914076323446,-20.467328092580164,-18.731798349999945,44.714127426591276,-46.32695954011391
FF_04.09.2024_20240904_230400.WAV,567.9612,1.9459101490553132,148997.8056420655,42434.92895535164,1.0820082642292632e-05,0.7262837584419314,0.0018316616,4118,-1612.7571543747324,-210.68495748438912,-163.27126043411022,290.72675010434455,-182.09781464226654,15.684184091072767,108.76235666355385,-128.31158110211928,67.55073515134588,-16.76235343152154,-14.289155744467221,46.05886111974647,-48.64289495449485
FF_04.09.2024_20240904_230700.WAV,537.77075,1.9459101490553132,128780.11632150557,42489.43838405492,9.6489087728682e-06,0.7272629513091182,0.0015750254,4132,-1654.0732183537516,-216.61552714304483,-151.25035751402493,303.8641076668561,-187.96556625506764,2.559580563480554,105.70665218778458,-118.35854757455532,74.94257144215932,-21.470420276171904,-19.917437109597508,44.468807695203694,-45.74786594076793
FF_04.09.2024_20240904_230600.WAV,558.14606,1.9459101490553132,129514.43404369027,42473.14273328308,9.955517890717741e-06,0.7271139487443555,0.0015844546,4117,-1659.0232243388791,-217.7793422618229,-157.1513470879556,304.6500214716726,-187.86954558389036,4.595379757820203,107.66572335345742,-120.54096386368239,73.08521316572272,-21.56029295833305,-17.94730027735888,45.514114727702854,-46.822497001120475
FF_04.09.2024_20240904_230800.WAV,526.01514,1.9459101490553132,127947.85056425397,42481.419245732606,1.1276571495672793e-05,0.7272308453566901,0.0015635006,4119,-1647.8897952630869,-214.21249153992923,-151.06679986638093,299.70709700183784,-186.69848204579984,4.914601313440247,106.1112829008616,-119.67998875427025,73.1112376015357,-20.34666167736706,-18.86812358110514,44.70980855771388,-46.16299190769965
FF_04.09.2024_20240904_230900.WAV,530.7583,1.9459101490553132,132506.6663993793,42471.40474470847,1.0574619414306397e-05,0.726977981969916,0.0016213335,4110,-1656.0801293064915,-217.962838395995,-166.08561867175285,303.0155390041616,-184.23921148374745,9.53294474506918,106.56660217334189,-125.3771850884123,72.86712438576228,-19.775350370855094,-16.102414366061737,45.80257413469983,-48.63423448237074
FF_04.09.2024_20240904_231000.WAV,529.08154,9.457406114017602e-305,129285.8002900079,42485.692132462886,1.0217489872558942e-05,0.7273257706666403,0.0015801771,4103,-1667.5275359549728,-220.54442129877788,-162.3608472646532,308.3833628208106,-186.76068131121605,4.781765673884912,105.86371564668757,-121.94571914496764,75.53836112279035,-21.54228590212881,-18.21402256407764,45.202670300778045,-47.480311157802014
FF_04.09.2024_20240904_231100.WAV,515.87524,1.7166750500938273,126379.47553220153,42491.03521534868,9.64991986922127e-06,0.727386501203161,0.0015431283,4088,-1685.3443820700759,-224.5820028946479,-161.99561357943705,315.6761277833214,-189.43732141324466,0.2950301414296177,105.8047395743695,-119.47723446694323,78.31464691692926,-23.457219148100002,-20.21939060507081,45.022944995752006,-46.42804464153281
FF_04.09.2024_20240904_231200.WAV,516.39716,0.9707692627777186,126912.59760249576,42495.83643385163,8.99225788440216e-06,0.7273971387175197,0.001550637,4102,-1664.5688771411385,-218.9877476975689,-147.50419061564187,308.898215770319,-191.16004737204375,-2.081440106222792,106.23173445250865,-114.84687083787962,76.77120055321467,-23.630037286978506,-22.16230486677729,44.55335239746792,-43.90506411987428
FF_04.09.2024_20240904_231300.WAV,515.9696,1.37510963509306,126679.48093151012,42493.62070904816,8.915356543116561e-06,0.727347471195932,0.0015473652,4124,-1688.2813507947403,-225.71320606983386,-158.6768939665558,318.4537294994782,-191.30570512667245,-2.881327189064742,105.74969215771137,-116.97928402834292,79.81524002172468,-24.620713915846164,-22.100784010201526,44.73476475063543,-45.06877601225426
FF_04.09.2024_20240904_231400.WAV,515.17834,1.7427905689277425,126976.18764432553,42496.15017460313,8.646203457769348e-06,0.7273842189728076,0.0015508033,4099,-1688.2960083870996,-225.83409267117435,-158.68234956886067,318.6108438975992,-191.41538845075212,-2.906008285213932,105.77074335500335,-117.00483156131634,79.90226293580756,-24.65472215004802,-22.154459691912184,44.75253014760478,-45.05453089764104
FF_04.09.2024_20240904_231500.WAV,515.31433,1.6975977697240308,127035.2702204504,42495.288411352165,8.65694777799774e-06,0.7274287031237622,0.0015517769,4125,-1686.8097432259858,-225.39885934308708,-157.95289177309436,318.02242815413365,-191.41825061123689,-2.854047170281834,105.77786482952246,-116.86873453101475,79.76271070778712,-24.61644799280369,-22.201826900752746,44.79716035841977,-45.003993907129
FF_04.09.2024_20240904_231600.WAV,515.26917,1.7550031677962612,127263.96901507933,42496.047350827,9.27779570267072e-06,0.727391800619405,0.0015537732,4111,-1658.6278596555542,-217.4185999158102,-144.64187743766513,306.701438670173,-191.331381256503,-1.9460027649073812,106.50096752394884,-114.32529541957102,75.9837284529441,-23.40394126830175,-22.164493961522027,44.51792375357658,-43.641182024805104
FF_04.09.2024_20240904_231700.WAV,515.5413,1.7632217808815567,126468.53657047059,42495.3165508732,9.224954224271637e-06,0.7274179882456627,0.001544611,4113,-1694.4435503288796,-227.3490878369047,-161.46382673791592,320.7388992424047,-191.32739533564262,-2.955868198055701,105.60082273658267,-117.62852448201795,80.63066946397143,-24.82863113611955,-22.12730470082362,44.83505477319604,-45.385379499905625
FF_04.09.2024_20240904_231800.WAV,514.8579,1.7425413573026278,127021.32276900052,42496.63374582896,8.830059960162788e-06,0.7274570569347619,0.0015517557,4125,-1693.5117702016842,-227.37709953564678,-161.4527678496558,320.774484267266,-191.3338339179413,-2.990561219123646,105.58336176179583,-117.55707180790445,80.58690237749613,-24.855708809316067,-22.021431730275093,44.73180084988857,-45.422549507797875
FF_04.09.2024_20240904_231900.WAV,515.9464,1.9459101490553132,126089.03758599203,42495.220416274686,8.615243159128884e-06,0.7273675857685376,0.0015406037,4093,-1686.339885166386,-224.8684877758487,-157.12211883882094,317.2379737273149,-191.35286722970272,-2.7867492342508724,105.80359671948082,-116.71027352007667,79.50168200729868,-24.501692243907208,-22.202717344892818,44.74101955321123,-44.86513014706975
FF_04.09.2024_20240904_232100.WAV,518.1046,1.7183376567967004,126688.79207941412,42496.473906828345,8.544170825932364e-06,0.7273823622430285,0.001548399,4104,-1658.5705656764092,-217.11175579500065,-144.18034570223807,306.2723472533058,-191.29522361576375,-1.892512465489385,106.46622949143946,-114.21939121089368,75.89897166757129,-23.39491667656147,-22.183472491587867,44.52899491484506,-43.60291315407155
FF_04.09.2024_20240904_232000.WAV,517.59607,1.0366931942499311,126884.67109408512,42495.49028719391,8.55510725770207e-06,0.7273721889111147,0.0015509037,4103,-1488.4639679591064,-169.9428950878505,-85.81051704018108,235.56874708631833,-177.78446471827124,13.454345912238306,101.18080276133676,-109.74905662607438,59.158446193254804,-8.475480710803078,-22.57202878271331,36.957874324953515,-36.68923588433904
FF_04.09.2024_20240904_232200.WAV,516.3757,1.9459101490553132,126334.95128998817,42495.794134868855,8.690608837030992e-06,0.727440036911788,0.0015440092,4140,-1664.7451318202018,-218.75173871836995,-146.886308382212,308.5954125412341,-191.29889303563036,-2.1103736134439086,106.30588289988025,-114.71699419177247,76.6849059564607,-23.627824189461563,-22.238718168521718,44.55313856390984,-43.77299236032085
FF_04.09.2024_20240904_232300.WAV,516.464,1.585951740691265,126820.14886583808,42495.59908428535,8.522836747393518e-06,0.7272988480848451,0.0015494747,4109,-1693.3786838566664,-227.1956752331876,-161.14868182039925,320.51625815341316,-191.34822428783806,-2.9610252731902977,105.61260313479883,-117.51274424406924,80.53660262240685,-24.863513259037838,-22.094815081033108,44.850506477965354,-45.36465076082859
FF_04.09.2024_20240904_232500.WAV,517.47766,1.9459101490553132,127181.75595211674,42496.18710272003,8.948116288631417e-06,0.7273839095178444,0.0015538374,4118,-1674.015943857217,-221.77137081816713,-151.6992735650918,312.9478505290823,-191.46059951167817,-2.6165681743207365,106.15489747641878,-115.56863464307715,78.0569514450921,-24.11837491012113,-22.288699743565633,44.68806763689936,-44.27792426346033
FF_04.09.2024_20240904_232400.WAV,516.03253,1.6953303397155048,126756.86951710726,42494.88685785365,8.590876324833692e-06,0.7273710671368732,0.0015478128,4085,-1694.6326046121126,-227.5267801741149,-161.6822532975566,320.99500175388806,-191.3454350389823,-3.0068949202798145,105.57392395251559,-117.6683576349231,80.73062269807919,-24.803263312255673,-22.174576174272065,44.73161274893865,-45.31969222557954
FF_04.09.2024_20240904_232600.WAV,517.47125,1.6428420289914811,126957.51801273513,42495.7201459713,8.532779776110145e-06,0.7273889381609958,0.0015513165,4123,-1682.9613623329565,-224.23314821256426,-155.95800103788756,316.3905616196495,-191.42489533153605,-2.7948433981104133,105.92126088044945,-116.43895304312952,79.19648032709723,-24.480132546092012,-22.214761426120432,44.792512048078734,-44.80014087299839
FF_04.09.2024_20240904_232700.WAV,516.31177,1.7650553176237749,127235.7529707253,42497.05350035614,8.639230852862566e-06,0.7274085111874158,0.0015544506,4140,-1695.2845703818637,-227.919506035434,-162.3416110446796,321.52006962562376,-191.38964286809633,-2.97712086173222,105.54956977650838,-117.78934267058526,80.87511441663155,-24.95778047870221,-22.052486680493004,44.825263589222025,-45.508775866908664
FF_04.09.2024_20240904_232900.WAV,515.0134,1.7559948639688778,126971.69250153039,42496.71985747072,8.571940118975321e-06,0.7274449495093283,0.0015513834,4108,-1696.424263053105,-228.11327938652224,-162.66265096068915,321.8234396744848,-191.37424856997066,-3.0557401062957097,105.52631806950488,-117.816326294346,80.96978723692091,-24.97609895853077,-22.0741924403456,44.807579898148965,-45.54315324260428
FF_04.09.2024_20240904_232800.WAV,514.528,1.769980293344081,127134.46127786882,42498.08528515633,8.705149535974392e-06,0.7274199997029233,0.0015529816,4102,-1680.1712976545837,-223.55265773414004,-154.6771018276819,315.41362500144055,-191.50328957946186,-2.7032596690308113,105.98512576509684,-116.19206344375579,78.87346166972306,-24.382980769127894,-22.21605943315573,44.70349785002233,-44.58114910516357
FF_04.09.2024_20240904_233000.WAV,519.093,1.9459101490553132,126741.1433577477,42495.67732749236,8.838456578146842e-06,0.7273340872687752,0.0015483025,4095,-1669.2895067377524,-220.22909725830277,-149.217156713127,310.72996311032944,-191.37163923296055,-2.384061413153521,106.21636818849257,-115.10311784718391,77.36005750303731,-23.86748483321933,-22.262782873396738,44.57639501790839,-44.00292042876621
FF_04.09.2024_20240904_233100.WAV,515.43024,1.7502969406425726,127020.10424331011,42497.63141426226,8.73323553464631e-06,0.7274078535956191,0.0015519058,4083,-1693.1848136728552,-227.20906959218522,-161.32787954656743,320.502135048535,-191.291144301274,-2.8667210339569693,105.60848785392102,-117.61517860860488,80.51100832496752,-24.82901809473542,-21.998700879621044,44.83062575241948,-45.4746042758143
FF_04.09.2024_20240904_233300.WAV,538.1625,1.9459101490553132,126327.74126120118,42497.18633594234,8.635407491482414e-06,0.727463516807118,0.0015426739,4089,-1694.5567188333348,-227.36750094949437,-161.63281731657258,320.7397976404977,-191.2361600579076,-2.930922770216182,105.55209888882563,-117.63048508567368,80.62784147860337,-24.839026581664008,-22.07994993974424,44.78998451634588,-45.381185664392206
FF_04.09.2024_20240904_233200.WAV,516.5708,1.7615411790881657,126789.20398343742,42496.72698587186,8.592237242091117e-06,0.7273583794833836,0.0015486904,4097,-1674.8193640594022,-221.88350405732885,-152.04278517094212,313.0382745975602,-191.37543548933158,-2.504135869031588,106.0773815219217,-115.66651876696922,78.10456442245624,-24.154543630599843,-22.184012702428713,44.70401561684738,-44.37725710055772
FF_04.09.2024_20240904_233500.WAV,513.3152,1.7416399390312285,127126.97499525503,42496.40733949258,8.534407777872795e-06,0.7274742703670879,0.0015528044,4099,-1632.6381327628842,-209.95190402366126,-133.40680366512808,295.84335635001446,-190.56216338674886,-0.4204012551120562,106.7284168105523,-112.58505350831621,72.60924084556473,-21.887327942266694,-21.962629869667474,44.02236627663439,-42.57284461120518
FF_04.09.2024_20240904_233400.WAV,514.46216,1.6953231814878869,126890.58533614392,42497.75117227886,8.557859609108326e-06,0.7273676631322784,0.001550173,4100,-1693.809350606914,-227.39883057421207,-161.61346482292805,320.74655895946745,-191.25371659315132,-2.8839706382251284,105.50686964200332,-117.65885372095816,80.66749355541394,-24.828735187913985,-22.050548312736712,44.73265822905749,-45.42739285766569
FF_04.09.2024_20240904_233600.WAV,524.19696,1.9459101490553132,126961.46820824237,42495.739132371695,8.47935978953943e-06,0.72737075768191,0.0015509949,4101,-1683.561204817849,-224.4807294848784,-156.42526691097254,316.7309441931275,-191.39484544356262,-2.820481190916149,105.90462873375259,-116.50100915595752,79.22920999007309,-24.48145939018893,-22.11489421274385,44.69108095564622,-44.854602967134745
FF_04.09.2024_20240904_233700.WAV,512.00684,1.453200856865264,127345.69796494127,42497.26901569502,8.65113584373128e-06,0.7275267229833439,0.0015559349,4103,-1682.2350143080257,-224.25432899227152,-155.9448743348627,316.3705142391061,-191.44445822937928,-2.72333772060959,105.8695669005731,-116.45036352001341,79.22916208053212,-24.498426812858757,-22.18261312422597,44.73088297154225,-44.77479544355164
FF_04.09.2024_20240904_233900.WAV,516.8108,9.457406114017602e-305,127295.83554883511,42495.64883523955,8.95799212570337e-06,0.727365574311277,0.0015552064,4104,-1680.7335014556284,-223.7322526040487,-155.0842108003434,315.6678520559305,-191.45999409028263,-2.6776835215582335,105.94664969884339,-116.32151958852849,78.99696028491873,-24.38291715250243,-22.239083830307717,44.75438411663111,-44.67860751563992
FF_04.09.2024_20240904_233800.WAV,517.31116,1.9459101490553132,126944.70825027711,42496.233950643415,8.99610604256215e-06,0.7273748966420424,0.0015509904,4119,-1685.6118196910022,-225.0313593117252,-157.48418752122913,317.47668057836984,-191.32257030202024,-2.7793338737056557,105.77808963760876,-116.77965745025058,79.5810811477449,-24.548868665038558,-22.170848896868122,44.76929732605067,-44.94028731950381
FF_04.09.2024_20240904_234100.WAV,514.8985,1.7414953015746908,126980.91100756104,42495.943544476526,9.243283018371455e-06,0.7273820914699358,0.0015512195,4133,-1688.0069037767337,-225.68666891132378,-158.4982963691645,318.4105064774456,-191.40890114835233,-2.8352908444720257,105.76254742020893,-117.0100727127233,79.88217049991553,-24.627828776065208,-22.20230628421101,44.78244199317823,-44.99779948979881
FF_04.09.2024_20240904_234000.WAV,517.4477,1.9459101490553132,127090.42568414139,42496.295034441966,8.889570729223744e-06,0.7274340412218767,0.0015517484,4107,-1692.1336893697148,-227.0133707711825,-160.8467074535134,320.2260002901473,-191.35816661554267,-2.870954508788777,105.63678333704975,-117.53291339954434,80.42499742574024,-24.737713667563217,-22.058099981545222,44.70509249553362,-45.30496991418749
FF_04.09.2024_20240904_234300.WAV,514.8496,1.7575834687927234,126760.96481871391,42496.40330708101,8.561235780043276e-06,0.7273885900241622,0.0015482552,4112,-1660.4167563317524,-217.74296510936753,-145.22016862470568,307.1365199248905,-191.26809915120938,-1.9350008710395403,106.32644397793254,-114.41205164141421,76.26972176775486,-23.49782788427971,-22.243935393431556,44.52930116541363,-43.6108376357742
FF_04.09.2024_20240904_234200.WAV,515.43994,1.6716366929718238,127225.489639058,42497.45865991893,8.86508772372861e-06,0.7274307145810227,0.0015542207,4102,-1680.8554889253114,-223.7907760334718,-155.2235570753658,315.72222035332,-191.42061078638181,-2.6560104328810183,105.90814131297799,-116.32024341027854,78.97679510332274,-24.39250281318534,-22.136646371558673,44.670887912506416,-44.70023882312098
FF_04.09.2024_20240904_234400.WAV,521.6093,1.6298254995326535,126376.16910962823,42497.33019934957,8.709494756804855e-06,0.7275122946456865,0.0015435163,4130,-1663.7186764819305,-218.4962771613013,-146.67694874153906,308.1670737746509,-191.20704558418632,-1.9373510534763079,106.29993485311246,-114.74520708455793,76.53006705208897,-23.562645856784567,-22.128482563442052,44.53367682389055,-43.81259530500893
FF_04.09.2024_20240904_234500.WAV,552.4553,1.9459101490553132,126728.55730138397,42491.72494327428,9.947281894328513e-06,0.7274002332671512,0.0015486378,4135,-1672.2353859856432,-220.90914271005914,-153.35824185760322,311.0781471488129,-190.4177645627453,-0.8339611431191204,106.32186248358835,-116.85301820228268,77.03099719036261,-23.483013135040075,-21.2477554852183,44.84878758939168,-44.95351320207866
FF_04.09.2024_20240904_234600.WAV,572.4175,1.9459101490553132,127263.95701100459,42482.289011181434,1.05193143304371e-05,0.7272422178265864,0.0015560423,4098,-1639.8887598000968,-211.8271749280201,-141.35938023339875,297.6500579019855,-189.04964426815638,1.6850633835183908,106.98160753639075,-115.47395693552039,72.36203853700161,-21.37426737451975,-20.464069222760795,44.445438161847974,-44.090091001318946
FF_04.09.2024_20240904_234700.WAV,567.148,1.9459101490553132,142589.15494010688,42399.947331111856,1.088509428760004e-05,0.7255113975357482,0.0017476693,4119,-1607.8440914863288,-207.73197247801681,-152.43933671335273,288.83840804125265,-183.6838578717632,10.304173726358359,109.73234863279782,-122.576493557685,66.00380969639336,-17.435561808740392,-16.074632846049123,45.515314936912716,-46.18495525695332
FF_04.09.2024_20240904_234800.WAV,569.33307,1.9459101490553132,151245.4229228708,42384.76521329216,1.0804504470807118e-05,0.7252131603150004,0.0018547517,4127,-1609.7596528590404,-210.94380286447037,-166.09851132024917,291.68495437815153,-182.04123830172242,14.342535421575471,111.07862685368448,-127.36693785439307,65.37157956776754,-17.389552799622212,-13.96277256060641,46.826738666125244,-47.79706392062019
FF_04.09.2024_20240904_234900.WAV,713.4492,1.9459101490553132,175555.57859551595,42438.137980934436,0.0015845493456778173,0.7264405360626436,0.002286816,4062,-1205.3741479791224,-107.01199340272774,-39.80409871867848,142.50696855608535,-128.1692821038492,27.807836294969082,67.62549239093445,-92.96415514249969,52.96198532518444,2.6441970681058162,-32.67265648098972,32.05193015583199,-19.02509471824141
FF_04.09.2024_20240904_235000.WAV,721.30853,1.9459101490553132,11546.155367663163,42461.55256926937,1.8227518571189113e-05,0.725969991661833,0.0021836052,272,-1318.2914121085491,-132.80025243857426,-56.83190547986996,179.8178740535163,-150.51422295153947,23.880257391081177,82.53386211172757,-101.84511515943176,54.917932654333924,-0.19790246208306495,-28.094224608132684,32.09429576813217,-25.84820828739779
