filename,ACI,ADI,Bio_Energy,Spectral_Centroid_Mean,Spectral_Flatness_Mean,ZCR_Mean,RMS_Mean,Event_Count,MFCC_1,MFCC_2,MFCC_3,MFCC_4,MFCC_5,MFCC_6,MFCC_7,MFCC_8,MFCC_9,MFCC_10,MFCC_11,MFCC_12,MFCC_13
OSP_1_26_08_24_20240826_203400.WAV,649.88153,1.5518286996232016,237260.81628636026,10604.670002676157,0.003425452287254104,0.6123766310671542,0.005661674,8255,-853.1417199223418,-101.74100357005302,-201.04419520726623,93.9275535667417,-13.490589574428835,56.24698511569365,-9.651198247839393,-35.51546092749399,13.099633289329686,-16.968884830242445,25.444935884064353,-5.985097705929532,-0.19415800381008613
OSP_1_26_08_24_20240826_203500.WAV,633.34503,1.7327480550334218,273603.1275823545,10590.114234283228,0.0033391373668447055,0.6112574800531915,0.0062835733,8223,-862.0816369033973,-113.31469280440201,-227.7639799295925,97.06381746105848,-18.962407290968233,68.08122942089942,-12.031082034979447,-33.94599419733312,11.40464891736905,-19.48224039339008,26.920405016232554,-8.520680777272611,3.7068444396223543
OSP_1_26_08_24_20240826_203700.WAV,715.7162,1.5204774395980172,241095.73426981675,10516.892350605403,0.0038995127372569924,0.60513916015625,0.005883378,8224,-825.0130537121627,-95.64333785930197,-195.88657436532884,87.66334136304398,-11.051847113728899,55.063655628868936,-10.182220799468675,-35.47060005963344,14.025117650503725,-15.01776753031046,23.803152591372587,-6.833066431752572,-0.5492209581367107
OSP_1_26_08_24_20240826_203600.WAV,652.02277,9.457406114017602e-305,155830.5183574628,10620.872353203293,0.0032628201110193127,0.6129169869930187,0.0035548592,8247,-916.2367401262305,-135.29669023822737,-270.382035661889,105.8016280984952,-27.90045260510176,86.06877891150965,-11.184307956261975,-27.951045036666958,8.790390457703555,-24.76657589814134,25.91913796903759,-13.163016194023733,9.382534438596629
OSP_1_26_08_24_20240826_203900.WAV,668.6246,1.8513984821147158,94138.62429757722,10512.180778314381,0.0037128990680925437,0.6052188954454787,0.0020346364,8254,-1001.9220222350754,-145.28783068367167,-308.8187356413382,105.33199601643791,-34.17177601275771,96.63723271035535,-6.67095455746046,-19.285394535701762,7.5305593817703915,-29.495234954868945,23.450839444258435,-15.960900630426005,8.465974486313613
OSP_1_26_08_24_20240826_203800.WAV,551.1498,1.9459101490553132,93135.58486495711,10480.796019333764,0.003951080597906788,0.6022702480884309,0.0019872556,8225,-1125.307082082769,-201.3828615622321,-456.5190164438488,86.8009896488585,-117.40525565100872,124.11194771643488,-34.612736382913226,24.61951181693233,4.201695036572262,0.6986921322002967,21.7554324221499,-9.91532385970741,4.889194405817694
OSP_1_26_08_24_20240826_204100.WAV,533.6273,1.9459101490553132,92369.5775965827,10510.09794811845,0.0036389457068443038,0.6046865909657579,0.0019720609,8208,-1162.607753735266,-223.46981282833093,-498.1821865207261,79.73035828926801,-143.34891027332574,129.14245649507825,-46.66580542502854,36.15670813896904,-1.8938893928574447,10.994210832201672,18.48366104124133,-2.0595837360724043,3.476443765638247
OSP_1_26_08_24_20240826_204000.WAV,536.6672,1.9459101490553132,92373.5041509197,10511.253219749804,0.00365114196540954,0.6047746374251994,0.0019727077,8208,-1161.0823509791173,-222.56016829289266,-496.2373266604804,80.24249533686196,-142.2579950912464,128.83191843775276,-46.376653707598585,35.56918090954867,-1.7400298184677547,10.651511903941289,18.4973475403059,-2.41604525747056,3.526774463708899
OSP_1_26_08_24_20240826_204300.WAV,532.4783,1.9459101490553132,92303.46843196085,10511.713040773555,0.0036160732533004314,0.6047028237200798,0.0019707247,8228,-1157.2812791319243,-221.0257344346535,-490.77815244119756,81.57433504752949,-137.32923874449722,129.84422922279424,-42.4271895342743,35.19108045087314,0.4284013711038887,9.13485253087525,18.742567425974322,-4.583005410961856,2.8718895779516798
OSP_1_26_08_24_20240826_204200.WAV,526.939,1.9459101490553132,92399.47629294824,10512.448346271149,0.0036157275069306585,0.6046671116605719,0.00197269,8220,-1162.7412930667886,-223.79946309184936,-498.0341895886262,80.04827852895805,-142.81241491297732,129.66678720899816,-45.91637860865898,36.292311515519394,-1.2322322637373115,11.018615843832487,18.36619603416637,-2.477089331254381,3.286536711944815
OSP_1_26_08_24_20240826_204500.WAV,561.7145,0.6365141682948128,92908.23410803199,10508.206929464817,0.0036600434745524906,0.6049121613198138,0.0019909134,8197,-1068.7410543869225,-176.00676107643739,-383.7713262655854,100.48467031663891,-69.98718888233506,117.00829090913192,-13.101928297685065,4.8362662519858635,8.246406203764954,-19.62625812902512,20.88798371603773,-20.477605210727198,6.282097146637348
OSP_1_26_08_24_20240826_204400.WAV,535.568,1.9459101490553132,92547.44891093885,10505.95348148336,0.003625211683666581,0.6043425864361702,0.0019755608,8221,-1158.0302087423536,-221.17710138473637,-493.1631334430551,80.644156091442,-139.59596132423118,128.8836482069726,-43.71792716285204,35.83211571431864,0.5350415657989854,10.51456866152017,19.099101499823348,-3.549330092373656,3.2723187910976033
OSP_1_26_08_24_20240826_204600.WAV,576.7193,0.9813624386790428,93670.43019176244,10501.68367783185,0.0037130446820295604,0.6041875311668883,0.0020135818,8219,-1065.906875417871,-173.78767245041942,-382.68552567426457,99.77028468593923,-71.10508686819202,114.86051520226518,-14.284152415190642,4.116227449919608,9.220518391696118,-18.489322228467156,22.680799444436218,-19.322334110892747,6.545336742333392
OSP_1_26_08_24_20240826_204700.WAV,533.41064,1.9459101490553132,92634.04662613929,10502.65997400376,0.0037405075911473708,0.6039755963264628,0.001976279,8229,-1158.593849854416,-219.94643434084688,-496.4439531968757,77.93374651763364,-146.21262123042834,125.09941382051066,-48.8712421106629,35.92222438099475,0.9798391414411103,15.05518112977738,22.913312967972594,0.21116863887487092,3.695555787767312
OSP_1_26_08_24_20240826_204900.WAV,523.95337,1.9459101490553132,92372.62754516632,10513.077111864484,0.003612720391102098,0.6047502233626995,0.0019727626,8224,-1146.143177858061,-215.56624320113193,-476.8352219300496,84.76367234459359,-127.40561794853754,129.30246128655293,-36.74955465881699,32.724607608071445,3.1575837505679156,5.8030930552952285,20.003478747754563,-7.580324472199291,3.1087692107317975
OSP_1_26_08_24_20240826_204800.WAV,533.17633,1.9459101490553132,92315.04419336289,10512.397956772198,0.003629867063021328,0.6048337246509309,0.0019715657,8187,-1136.9322165633268,-210.40899087593706,-465.172362539416,87.25118626603823,-119.61443596491341,128.61179957991027,-32.7637978115673,29.666933605947392,4.707193543124675,2.3285553622991997,20.455762163409002,-10.209088589793739,3.389526177468222
OSP_1_26_08_24_20240826_205000.WAV,527.22986,1.9459101490553132,92376.67648537224,10509.708232306806,0.0035856272131024325,0.604620361328125,0.0019730902,8239,-1144.6989155089368,-214.85999665097583,-474.5855863273731,85.66537457159365,-124.62661094012422,130.07192946145813,-34.988592999140494,32.03964486703202,3.3313913245269653,4.257955531457049,19.221260158890217,-9.017301275591334,2.863518974021904
OSP_1_26_08_24_20240826_205100.WAV,553.1129,1.9459101490553132,92594.038900084,10511.868473960527,0.003587931931949278,0.6044759547456782,0.0019817837,8216,-1103.8951355960671,-194.1270251573695,-424.2228251975041,95.54436901625519,-91.65480580026751,125.76149936943563,-19.704670819119695,18.120475295919277,7.2407310107370755,-10.791718745588136,19.734670441068577,-18.245912251115,3.9331150404738078
OSP_1_26_08_24_20240826_205300.WAV,527.5295,1.9459101490553132,92229.67482811208,10514.255240359735,0.003581927732964532,0.6049544963430851,0.0019698087,8246,-1150.9056344228054,-218.0169374001008,-481.99576011790293,83.98552097814321,-130.34305877170533,130.1909601364383,-37.86568712544965,33.89344756113341,2.2748614574301387,6.4826560096404355,19.27298623826573,-7.010060678619416,2.9308538571008866
OSP_1_26_08_24_20240826_205200.WAV,524.20325,1.9459101490553132,92283.938380208,10514.476262558213,0.003580630475099197,0.6050850076878325,0.001970873,8200,-1158.8590437299895,-222.090789223112,-492.44178987999965,81.35346195289922,-138.26296817642654,129.94985306114253,-42.77338932077896,36.16949315189829,0.6929845906319042,9.732959560211434,19.32000515357865,-4.031804792620383,2.746672696395811
OSP_1_26_08_24_20240826_205500.WAV,515.5642,1.4095199290602043,92271.55553236081,10513.660176281279,0.0035700092262944483,0.6049116418716756,0.0019709186,8245,-1164.3589774930201,-224.8877413129019,-499.3272105237197,79.73429484968507,-143.1679228042763,129.93874427958536,-45.54485808867865,37.168362344679124,-0.6454264088086553,11.85513013960436,18.83944143603426,-2.3445612816309906,2.970459657320571
OSP_1_26_08_24_20240826_205400.WAV,597.93524,1.7115317582161984,93027.74756673446,10510.213396323104,0.003587276937382643,0.604761651221742,0.0020010753,8166,-1035.3911504052253,-160.35584865355082,-344.08318953681686,104.82146898045352,-48.48303333817994,107.7610020849225,-7.673358266625474,-8.4648427619828,7.034139558704686,-27.385504865244584,21.42806990110844,-19.689132288334733,8.031568780118887
OSP_1_26_08_24_20240826_205600.WAV,521.63354,1.9459101490553132,92121.47256528313,10512.618367755971,0.0035790047797585644,0.6047094466838431,0.00196695,8199,-1161.6274012738531,-223.36829756779713,-495.5179336358955,80.83160461708209,-140.04297679441422,130.16607244119848,-43.38663947063826,36.55846034378554,-0.1791171875577294,10.36417148134672,18.636879897172005,-3.625788797496543,2.992081526146107
OSP_1_26_08_24_20240826_205700.WAV,542.8436,1.7685407811881704,93200.40778993203,10513.109006980878,0.003582015780763741,0.6048909938081782,0.0020086076,8211,-1008.3234530085997,-147.72253024003876,-314.1865101489417,105.70651441270702,-35.98337525481509,98.36509462693103,-6.629548964135228,-17.749979999224806,7.224244423146544,-29.66178086315325,23.237285244973176,-16.513086366843062,8.462870631916092
OSP_1_26_08_24_20240826_205800.WAV,581.615,0.7122618291423529,93657.5473514848,10509.815845163943,0.0035837393619916162,0.6049211218001994,0.0020190927,8245,-1041.437984094922,-163.5111838809031,-352.03371873013566,104.02284550750443,-52.50843648314516,110.23349210782574,-8.89807331165388,-6.126353204591248,7.583026699573631,-26.380024179799022,21.447886750336462,-19.94160708192952,7.615836171523724
OSP_1_26_08_24_20240826_205900.WAV,518.0525,9.457406114017602e-305,92183.45259793344,10516.962819155595,0.0035829787886904178,0.6052774632230719,0.0019691575,8228,-1156.6981039994425,-221.06289734611514,-489.2492603473922,82.10358086754835,-135.9959862650538,130.07481893539787,-41.227480993407916,35.49475828891536,1.209077173248386,8.822397201776633,19.190152197190603,-4.767322586958642,2.849347033839572
OSP_1_26_08_24_20240826_210000.WAV,530.77893,1.9459101490553132,92149.72241565296,10508.612221801748,0.003625454659199553,0.604669189453125,0.0019666976,8276,-1159.6888940362085,-221.88854823012755,-494.2892292060225,79.98938967922957,-140.80567152529858,128.82169071377353,-44.21682663986681,36.59338096820055,0.6265173653577171,11.35672444270765,19.973804360958457,-2.7368143743963422,3.014862857898056
OSP_1_26_08_24_20240826_210100.WAV,523.0861,9.457406114017602e-305,92093.93213647592,10514.80221452531,0.0036185149053558755,0.6051985071060505,0.00196612,8229,-1161.022732333459,-222.4682675273009,-495.43605255413763,80.13656517811837,-141.92368213698433,128.8360261702722,-44.736687034068744,36.359590257632,0.4634955416596134,11.698479569259426,20.144693296110745,-2.3849288541879976,3.253036750940392
OSP_1_26_08_24_20240826_210200.WAV,538.69934,1.9459101490553132,92206.7854566129,10510.851081136372,0.0036268447724411624,0.6046897076545877,0.0019681847,8220,-1163.8101790364594,-223.8559353063248,-499.72003367176916,78.85306820574755,-145.29407157863844,128.28986596745554,-47.17086035252684,37.23620527584985,-0.09577813991600764,13.405443166107382,20.141985471247654,-1.2115008011445774,3.1531941977627818
OSP_1_26_08_24_20240826_210300.WAV,517.5298,0.2945739435880427,92142.86107254033,10514.793314656707,0.0036019790230581144,0.6050469581117022,0.0019678962,8220,-1160.8165444007059,-222.6760736696484,-495.02403039432977,80.33609647929546,-141.20734569219917,129.19247947859864,-44.37184038339331,36.471257104110045,0.4670985150974922,11.380164599408866,20.04689053925501,-2.718379431752631,3.341198723055417
OSP_1_26_08_24_20240826_210400.WAV,524.93353,1.9459101490553132,91971.08387765233,10511.737175244614,0.0035986896867249802,0.6047980125914229,0.0019641782,8227,-1141.7935335208335,-212.72591624509366,-470.0495794616033,86.48396289832986,-122.00424142305958,129.4713780264528,-33.73719338366606,31.27732649025615,4.246938422235716,3.056254194733411,20.137507312208857,-9.627633186333206,3.067175160365915
OSP_1_26_08_24_20240826_210500.WAV,539.6899,1.9459101490553132,92203.84172910283,10507.560119806087,0.003624030180919788,0.6046112709857048,0.001969842,8220,-1125.475636835723,-204.44655721555904,-450.6821173761658,89.98508401115632,-109.46599676795564,127.80785949442746,-27.740275245895877,26.192725435812747,6.07920217662508,-1.9884980047005325,20.61191909651059,-13.497073019076884,3.2482976893052116
OSP_1_26_08_24_20240826_210700.WAV,559.7478,9.457406114017602e-305,92964.72871044617,10513.010683045502,0.0036113731260898007,0.6052275962017952,0.0020003675,8235,-1004.4148743941303,-145.6852349895059,-310.2051351238144,105.38184919424295,-35.196003868550356,96.67012095378546,-6.870959024218604,-18.827101089938335,7.540426703137724,-29.15536875430509,23.85564638436789,-16.080674751652044,8.512927549733385
OSP_1_26_08_24_20240826_210600.WAV,524.7794,0.6414718463809645,92002.77414399652,10510.66772982672,0.0036123850772927096,0.6047239912317154,0.0019648399,8239,-1159.3866635150323,-221.62518268351957,-492.99652964420113,80.78412730161554,-139.5145575420178,128.75030001301815,-43.70658886526091,36.15915678203672,0.5433921347258635,10.954607112235728,20.115439578103388,-3.118036672499037,3.055276585978086
OSP_1_26_08_24_20240826_210900.WAV,527.89484,0.9069991970409008,92523.54582820491,10510.614755706925,0.0036248695951481592,0.6048111286569149,0.001980645,8195,-1099.5015163497321,-190.93886749428196,-419.2725454161338,95.86504623814068,-90.15887506326833,123.59929184577052,-19.596069919351663,16.526406988692926,8.008216345772615,-10.963960748281007,21.070534898740444,-18.426869684307125,4.291461670658782
OSP_1_26_08_24_20240826_210800.WAV,523.3685,9.457406114017602e-305,91980.06394426832,10509.697074206066,0.0036173533798827956,0.604598674368351,0.0019635938,8225,-1161.465967317752,-222.44991672373274,-495.8258266934628,79.87574179207144,-141.8801843787207,128.92500491769493,-44.80647428084408,36.25563457035499,0.22026958746051314,11.91138872600806,20.065721857502695,-2.3655279205335975,3.1287403929966504
OSP_1_26_08_24_20240826_211100.WAV,561.95935,1.9241827637654498,92749.75609899874,10507.841173057182,0.00363491819797864,0.604825413480718,0.0019942878,8224,-1019.3090489116241,-152.25957075016285,-326.7940248818776,104.86886998959288,-42.16782270388643,101.5607841010542,-7.822011144155095,-13.946332293039879,7.568318270634602,-27.922359100422145,23.301930374161074,-17.36209945414039,8.390245620632834
OSP_1_26_08_24_20240826_211000.WAV,620.231,1.9207765059664272,92932.7273974116,10513.29368397561,0.0036088034236320364,0.6047367177111037,0.0019965318,8204,-1039.7765307388167,-162.14814085288307,-348.8889435716837,104.21717316228163,-51.66435392301378,108.86081777372686,-9.06819161825469,-6.9546499292769575,7.846035399096657,-26.26610494206567,21.721290742562037,-19.706347795780125,7.81449456797012
OSP_1_26_08_24_20240826_211200.WAV,522.27014,1.9459101490553132,91966.56464531836,10509.427408130843,0.003603276717895647,0.6041728567569814,0.0019636666,8241,-1160.6260366734564,-222.29564980566494,-494.45648234315905,80.37298745105248,-140.32319370403903,129.1953902323623,-44.127246268889174,36.33865572685926,0.6025225837631615,11.167671821599466,19.690872873376755,-3.0140992283723205,3.099676015583506
OSP_1_26_08_24_20240826_211300.WAV,520.66724,1.9459101490553132,91913.18799119582,10511.948356598989,0.0035709813600696937,0.6046828249667553,0.001962395,8192,-1164.9048758637882,-224.9031794397142,-499.11347198305356,79.7841228206359,-142.77602250772568,130.26215521738044,-45.20948607322951,37.27477458136362,-0.46594054329964674,11.575327530862475,18.774054731601485,-2.4002342266419525,2.880983683116782
OSP_1_26_08_24_20240826_211400.WAV,521.70935,1.694509730581684,92091.09544821394,10513.314858160957,0.0036240798694671178,0.6048978764960107,0.001966691,8166,-1133.7800814993986,-208.4839263583408,-460.82676935658895,87.95572237711878,-117.02689691334876,128.36084098036994,-31.217020849508575,28.73841481416601,5.502794862653238,1.219404234919432,20.912427964845843,-11.06048846230704,3.339751544724803
OSP_1_26_08_24_20240826_211500.WAV,525.45984,1.9459101490553132,92048.2910656344,10512.772433733187,0.0036225663048566237,0.6048284003075133,0.0019666788,8230,-1134.2980008249779,-208.31538012748368,-461.4872389162295,87.72318716273932,-117.85494021015589,127.63976257105588,-31.80408156872545,28.868681389652007,5.620365403371558,1.812354228389924,21.572164498234955,-10.651265658662556,3.284900665221824
OSP_1_26_08_24_20240826_211700.WAV,531.53516,1.9459101490553132,91997.90269425737,10502.309351570877,0.003714617477924337,0.6041938944065824,0.0019620154,8171,-1158.6683081696435,-219.8481259409139,-494.4656318963965,78.47389018544563,-143.8482603468321,126.39601629393425,-45.94154391944979,36.51665978739223,1.7766830774280054,13.557328053230862,21.70887274751024,-1.66427619418627,3.244464955026577
OSP_1_26_08_24_20240826_211600.WAV,526.4329,0.7687898264603714,92398.47049791366,10504.635732201668,0.003696365042209401,0.6045880256815159,0.0019719726,8208,-1147.4810778309163,-214.79463738276303,-480.55024609397054,82.24586183126037,-133.0765670411237,126.64169943826425,-40.028460811807015,33.53495935156326,3.7362991835983146,9.125669183601865,22.124084954093703,-5.023381930058265,3.196898772259992
OSP_1_26_08_24_20240826_211800.WAV,536.574,1.9459101490553132,92071.27182748893,10503.087154966946,0.0037101427858322006,0.604438164893617,0.0019645381,8244,-1162.6181838376358,-221.9307364608529,-499.5153988390861,77.56889712001953,-147.54742861362746,125.88443619669368,-48.76349526490862,36.96721469651829,0.28984768499365055,15.044193517080531,21.854773621447244,0.4144208908903985,3.6799020849697635
OSP_1_26_08_24_20240826_211900.WAV,524.6324,1.1769040566800786,91947.4681756476,10511.031625052849,0.003650980794541478,0.6049252773853059,0.0019640734,8211,-1138.1444098200445,-210.10036788660975,-466.6230696530152,86.07221505826976,-121.97012489343236,127.44922691347048,-33.883194925085505,30.451639069716443,5.345065092679401,3.802889750281475,21.170555457953178,-9.452596293204847,3.1441097921568355
OSP_1_26_08_24_20240826_212000.WAV,521.9837,1.8150511410154402,92027.12133559346,10506.650612033602,0.0036554096096297183,0.6042942777593086,0.0019641856,8198,-1155.7875946891138,-218.84141647475016,-489.6026537408673,80.85126687177367,-138.56739062914986,127.50409381778476,-43.419492156407074,34.991107900097354,1.8048481356892088,10.81739712267753,21.47185620859614,-3.087626434438434,3.9129203518571973
OSP_1_26_08_24_20240826_212100.WAV,531.8801,1.9459101490553132,91966.54626258017,10510.796744569165,0.0036518839023869853,0.6049620283410905,0.0019639647,8206,-1154.47301465392,-218.40363366475336,-487.49191720646775,81.44448226751132,-136.93629499355828,127.64218241504202,-42.22491209719224,34.89531136426003,2.3403045324994736,10.310512579011462,20.981448332618196,-3.937907309015026,3.5554119950612777
OSP_1_26_08_24_20240826_212200.WAV,532.2611,1.9459101490553132,91949.41050561528,10509.943764895419,0.0036406398019786174,0.6044872527426862,0.0019634285,8260,-1160.0357625674978,-221.28784643018125,-494.5266770014573,79.73754484308428,-141.9055181566725,128.03322151100394,-44.82704902756747,36.34933500024521,0.979864802265159,12.100391801350685,20.601436125470318,-2.532050695953454,3.5104496600904103
OSP_1_26_08_24_20240826_212300.WAV,530.2748,1.9459101490553132,92023.47524423564,10510.616005515658,0.003665974029836062,0.6049769624750665,0.0019641216,8224,-1162.1152057763209,-222.3352987034058,-497.64845772576876,78.58119679358205,-145.18720304179695,127.27342747592438,-47.344156232442,36.65810472530127,0.38791170676326,13.70129470672115,21.499959296531806,-0.3582165791585326,3.4886168678967437
OSP_1_26_08_24_20240826_212400.WAV,521.932,0.9744100047202693,92080.06959394175,10511.919750951256,0.003593360187837316,0.6047380163314494,0.0019661852,8258,-1163.6190460199552,-224.03841990385186,-498.39652946048153,79.48905167068439,-143.29309315914307,129.33121084817796,-45.72889127309783,37.14143517251489,-0.23197173111891115,12.130611445233326,19.619297770383692,-1.7786638065198965,3.2106602385816654
OSP_1_26_08_24_20240826_212500.WAV,525.94946,1.448456138733225,92022.46992485685,10507.843617988061,0.0036306619862928303,0.6045338732130984,0.0019645246,8221,-1140.671887099146,-211.5209503296382,-469.7669859535007,85.70332374491848,-123.35001630537135,128.3555949191082,-34.48951690477515,31.08124394607652,4.87641869093586,4.2139372985527315,21.31506671124147,-9.214936217035003,3.214320314846942
OSP_1_26_08_24_20240826_212600.WAV,528.68567,1.9459101490553132,91839.40900710716,10512.728122368562,0.003602291030425978,0.6047310037815824,0.001960094,8234,-1151.877447795502,-217.9295724606421,-482.7411422991429,83.40420643984045,-131.51827152024887,129.68230426289387,-38.63917324803888,34.26578105288509,2.5152853421187644,7.331340358697961,20.05352776687646,-6.4285494186510075,2.9299617486943013
OSP_1_26_08_24_20240826_212700.WAV,527.6504,1.7225224968934534,92868.25449300017,10515.903837560818,0.0035509177207596935,0.6051105905086436,0.0019927574,8205,-1049.282170833315,-167.13209383527823,-359.0169024969144,104.22873698022077,-55.348643720893605,112.3681959041561,-8.821384579128793,-3.5835776203534477,7.225364180661735,-25.74198254009246,20.519354400689746,-20.95581171287229,7.350658370570964
OSP_1_26_08_24_20240826_212800.WAV,517.15735,0.4765578161613351,92117.84253872499,10514.646265755267,0.0035571512481187935,0.6050934487200798,0.001967971,8242,-1163.2231335206218,-224.56713369445637,-497.17715150683756,80.28257090990779,-141.10626084542406,130.51191630398995,-44.10216082300566,37.425372053520064,-0.2244884133982311,10.977898448035079,18.788618265711712,-3.307115362799381,2.847341562135603
OSP_1_26_08_24_20240826_212900.WAV,514.97174,1.5817002436512766,91832.16663643933,10512.228796135225,0.0035618852648775954,0.6045362107297207,0.0019606757,8214,-1164.3232865633438,-224.77993863464562,-497.7943715588999,80.33471346884097,-141.1706907765191,130.80824558621487,-44.00037723168679,37.1054021306877,-0.5321039165210836,10.77141794671879,18.56012518249403,-3.013589969681708,2.838118250113825
OSP_1_26_08_24_20240826_213000.WAV,520.8258,1.9459101490553132,91734.3980450495,10515.019833769613,0.003567185959611278,0.6047417823304522,0.0019584897,8227,-1166.655753839792,-225.89813962966437,-500.61202175456583,79.41932385727569,-143.9474858315058,130.56328759379124,-45.49656183763371,37.79304612193934,-0.9141190709134757,11.965355316138044,18.5985240218351,-2.1858326019942336,2.704982016784829
OSP_1_26_08_24_20240826_213100.WAV,513.56775,1.943703054788919,91840.50530323472,10512.328333101168,0.00355673338054631,0.6049568338597074,0.0019609835,8217,-1164.7519958838768,-224.93000150477638,-498.4763391568126,79.95828795613419,-142.04128848807986,130.70853332075868,-44.50212026188253,37.372543968047225,-0.4964763499248012,11.294644497242277,18.789415852800822,-3.026154981252389,2.7625615081659913
OSP_1_26_08_24_20240826_213200.WAV,513.7571,1.9389199715124175,92002.37674226261,10515.77689779226,0.0035585811577980206,0.6048708651928192,0.0019650783,8181,-1161.6881101447866,-223.64911522838526,-494.82581930853644,80.86020659920547,-139.47999525369028,130.6459480046721,-43.148160416682444,36.630049568454616,0.3161986501077901,10.268756831904833,18.811466632040155,-3.633327805743592,2.7925795183788553
OSP_1_26_08_24_20240826_213300.WAV,521.17816,1.9459101490553132,92050.80147374765,10516.198360601174,0.0035615811703066822,0.6046763318650266,0.0019663,8226,-1153.1448199575727,-219.25099046401115,-484.0759308828773,83.61757877809004,-131.52719107368804,130.59522650908406,-38.45390203953829,34.80080234359904,2.224404792161635,6.979451384273423,19.31176262311972,-6.862651792919295,2.748468968627327
OSP_1_26_08_24_20240826_213400.WAV,514.31604,1.917521494219261,91749.01281369675,10513.16177442929,0.003564059715071967,0.6049261864195479,0.0019594152,8225,-1164.6066314009684,-224.7308026442419,-498.0552690314898,80.08602934524741,-141.67250691559877,130.63178437119572,-44.364843063292504,37.29382848342633,-0.31261953248023167,11.201929776308626,18.77870835392817,-3.0632591703953476,2.74180280653429
OSP_1_26_08_24_20240826_213500.WAV,513.2451,1.9148547431333902,91800.61722546145,10514.334236702976,0.0035528147595888476,0.6047336010222739,0.0019606105,8242,-1164.0192018843127,-224.62653133364913,-497.1662825703429,80.6017333844958,-140.82248489946855,130.70260350986808,-43.89372170479051,37.152029605305366,-0.30183726619932266,10.825596458250986,18.64058139233404,-3.4533627389104784,3.041569559990101
OSP_1_26_08_24_20240826_213600.WAV,512.8103,1.9374812978451392,91770.95830361627,10515.161367218148,0.00355778939049795,0.6046693193151595,0.0019598603,8208,-1165.6119590929407,-225.31446843178466,-499.2014965908031,80.0175772538311,-142.52556510423997,130.6071208971068,-44.80578050440866,37.62116136179393,-0.4888303240687598,11.195212428042813,18.731634022889487,-2.848168165254227,2.6336358279691114
OSP_1_26_08_24_20240826_213700.WAV,512.98096,1.9115330315937116,91778.3445939562,10512.627134851493,0.0035691737868117825,0.6048290496176861,0.001959837,8181,-1164.5989745817924,-224.74755559176532,-498.3451997015635,79.87778178042825,-142.09758858184028,130.27817702732668,-44.62143154977311,37.44613645065537,-0.2103680886996734,11.56248224482678,18.70274819620806,-2.9264888438742154,2.738557225831581
OSP_1_26_08_24_20240826_213800.WAV,530.5898,1.9459101490553132,91622.49495253673,10511.533793341554,0.003573221972185907,0.6042325932928856,0.001956777,8253,-1166.5274798363187,-225.27934717164766,-500.3752151357879,79.51285201230668,-143.56093225772838,130.08732138218537,-45.52556062386267,37.59598559231675,-0.7057642588962973,11.857146324353808,18.922326123613637,-2.2137985435395837,2.854074509906001
OSP_1_26_08_24_20240826_213900.WAV,519.0983,1.9459101490553132,91842.12233699048,10515.652310125117,0.0035588190931815176,0.6049526782746011,0.001962307,8212,-1151.4840416109878,-218.08373049187446,-481.36891397713964,84.21172451645637,-129.64988960882297,130.43110764334776,-37.28639213035675,33.96948678584758,2.6548276309257792,6.230583985405457,19.340187432644026,-7.4254494575177326,2.591971375558774
OSP_1_26_08_24_20240826_214000.WAV,519.81775,1.74029955086472,91879.37744345998,10513.817728293581,0.0036158123301494867,0.6048773582945479,0.0019622073,8215,-1156.6583355692007,-220.21191396821217,-489.0720395933505,81.47994455859158,-137.01195476383296,129.0477752079828,-42.41044424527668,35.32525445054827,1.4453787927557584,9.82654482387388,20.631091047146512,-3.794167402912666,3.350622911463058
OSP_1_26_08_24_20240826_214100.WAV,543.3252,1.9459101490553132,94175.19103127782,10490.33409773909,0.0037253529220340298,0.6036783421293218,0.002017399,8217,-1127.4007436372722,-206.0988725329403,-459.09373075195697,85.85376116669046,-118.40847048593326,124.65722530942962,-34.71675235385255,27.5761786847692,4.47102650888154,4.022910928953559,23.012766834022866,-7.9294898126168905,4.364467056806806
OSP_1_26_08_24_20240826_214200.WAV,550.22736,1.9459101490553132,93046.25407727782,10490.817001395328,0.0037456823310490885,0.6035773094664229,0.0019880172,8224,-1123.2985032080485,-202.53916402251218,-452.27672398489085,87.49203819157177,-113.57216749395911,124.61920526626956,-30.627292455450167,26.549054112384646,6.3990780655810555,0.7639334760115747,22.25522523788204,-11.086892756568169,3.8313197475888514
OSP_1_26_08_24_20240826_214300.WAV,545.09644,9.457406114017602e-305,92070.2435908057,10508.02975348675,0.003596038711143699,0.6048756700880984,0.0019666275,8205,-1114.018226981713,-198.45375411858433,-435.6626238082512,93.29428936035325,-98.90108242917563,127.29775313986713,-22.223259600466307,21.83854637026209,6.749663794121217,-7.797905952710476,19.872607443845844,-17.076785676325713,3.554568465233654
OSP_1_26_08_24_20240826_214400.WAV,520.47314,1.8946858112023084,92011.59518388384,10513.166176443534,0.0035638570344613207,0.6047586643949469,0.0019655256,8226,-1152.4300169535866,-218.57940053109567,-483.19862053724506,83.7218253706045,-130.98618782732723,130.47570614487174,-37.96356618135177,34.39628091431168,2.37139310335506,6.850380070260339,19.35777664451481,-7.125041011209812,2.922773628679541
OSP_1_26_08_24_20240826_214500.WAV,517.19617,1.4159743491353194,91886.62101798419,10513.816411238373,0.0035872346578000617,0.6047523011552527,0.0019620752,8194,-1158.0475968472485,-221.02403295106313,-490.74705674065154,81.43923508865264,-137.29814539690219,129.83637192246658,-41.56377207075564,36.08130856032935,1.5968289229715802,9.535330680976697,19.70382870965396,-4.614803283787729,2.938032119641182
OSP_1_26_08_24_20240826_214600.WAV,515.7798,1.9417159217567153,91973.75734337294,10515.796712601492,0.0035687373572023152,0.6049698200631649,0.0019642557,8223,-1155.3210722223291,-219.99413573788547,-486.93498100723957,82.81793727367452,-133.96001846391957,130.2984219209703,-39.59043105356191,35.342047435975935,2.041179656704607,7.976919573940672,19.468395919600393,-6.090831242091443,2.682171542863067
OSP_1_26_08_24_20240826_214700.WAV,513.73065,1.943441188685134,91902.82623746696,10513.212750015475,0.0035582725740340927,0.6048511261635638,0.0019628177,8194,-1154.9074598851682,-220.02425613501552,-485.9154021470254,83.14549023112504,-132.53616333395627,130.7990468522181,-38.97147754772943,35.01754363670555,1.901608398135132,7.448722718298444,18.89651075026771,-6.3697946203997935,2.765368310498793
OSP_1_26_08_24_20240826_214800.WAV,515.3728,1.9260793735442165,91724.88036731476,10515.0097729081,0.0035571608212034817,0.6046851624833777,0.0019591285,8251,-1158.3679278320676,-221.61663093840647,-489.73114876172923,82.20991299108056,-135.55611042466853,130.99200205439695,-40.75246829254638,35.65927993952312,1.2402976792855347,8.651664410237382,18.974629014272423,-5.383182404129253,2.7770765954972725
OSP_1_26_08_24_20240826_214900.WAV,514.3697,1.9426694929158541,91916.80434818639,10518.093253085202,0.0035514803885394516,0.6051225378158245,0.0019637218,8235,-1146.0922190064507,-215.5683243081514,-474.4436347030113,85.87308414873247,-124.49440248315085,130.877066615556,-34.35324731891781,32.53656207361028,3.75446174550377,3.6928596349632303,19.08932958260352,-9.336207854172578,2.504144027852593
OSP_1_26_08_24_20240826_215000.WAV,513.8274,1.911614203430688,92009.72452440954,10512.79369764208,0.0035537777221336707,0.6048926820146276,0.0019655107,8208,-1166.4545172476303,-225.93095275475582,-501.1466856101954,79.37195907771907,-143.9576704137833,130.370841335773,-45.74131902528323,37.97003952500112,-0.6135367084621598,11.986446935622723,18.58104985623135,-2.1863494123878007,2.738230445094156
OSP_1_26_08_24_20240826_215100.WAV,552.69794,1.9459101490553132,93289.42311818342,10483.484187765409,0.0038957207447022513,0.6039230022024601,0.0019923635,8263,-1126.4331975026494,-200.8973472254499,-457.9834666466236,85.8819259479851,-121.84404732137389,121.24503583268078,-37.587190663331356,25.196146709055167,5.864170477120058,3.5933336656534527,24.962291940870017,-7.1459662957839605,5.944139504879133
OSP_1_26_08_24_20240826_215200.WAV,517.97797,1.7055483569450878,91796.22204838344,10513.331627865417,0.0035795568002472723,0.6047329517121011,0.0019615456,8261,-1125.2427301106816,-204.21480896952997,-448.6006773975808,90.9854490996756,-107.41359828670377,128.44015579191176,-26.325470483841777,25.792382943513523,6.346308193119305,-3.483333031293224,19.94587074770405,-14.673174344780298,3.179720428104619
OSP_1_26_08_24_20240826_215300.WAV,527.1884,1.9459101490553132,91714.62730018033,10517.195153895967,0.003563350973969799,0.6052643471575798,0.0019596247,8222,-1166.7744708819655,-225.85377065530375,-500.69668339343553,79.50390430085957,-144.2358899181056,130.02841655176232,-45.82310549003329,37.82719623916995,-0.8233861121427292,12.203375847511913,18.84511939082156,-1.7808416176251367,2.862314180866309
OSP_1_26_08_24_20240826_215400.WAV,513.2306,1.9416970382942131,91782.41494250472,10511.239642333168,0.00356041489828519,0.6051017598902926,0.0019600298,8225,-1130.512818714846,-207.13237057537847,-454.8560395266266,90.01604043303092,-110.6463900182453,129.76662831624336,-27.23392613789224,27.456141461927945,5.546258184016472,-2.3497859837680712,19.33058532614049,-14.086754586434491,2.751730966213218
OSP_1_26_08_24_20240826_215500.WAV,513.38696,1.9445324640438264,91634.57320914787,10515.83083864344,0.0035594802023780235,0.6048564505069813,0.0019576733,8183,-1167.6674758905995,-226.32711392795503,-501.5411181531859,79.19062406416263,-144.50526339258056,130.57113675022208,-45.940267048040766,38.11659020695986,-1.0418176529568421,12.11626637030715,18.462865643669318,-1.8804661751965632,2.7509763515378536
OSP_1_26_08_24_20240826_215600.WAV,514.5576,1.940577314536915,91852.47225056893,10516.479479362128,0.003559571104244896,0.6048730728474069,0.0019617255,8174,-1161.447265634533,-223.48268509256076,-494.0962784216313,81.15690049681514,-138.76232006100628,130.8230435770194,-42.65704617279223,36.828707498675186,0.43974406288963713,9.783723077926922,18.941021241643295,-3.9894201069233253,2.7975178964489276
OSP_1_26_08_24_20240826_215700.WAV,513.25793,1.748076757918633,91719.37728725602,10514.936701179215,0.0035502335140403262,0.6048716443650266,0.0019600005,8209,-1158.5581696931868,-221.61461878757422,-489.95205181034675,82.15513152775499,-135.61941727229276,130.83061380979316,-40.647125084517214,35.750093614280985,1.2481112967360797,8.601289946028826,18.996436626305233,-5.014949581371832,2.697274905160438
OSP_1_26_08_24_20240826_215800.WAV,513.8528,1.9435958582324562,91779.69392499879,10513.878943019521,0.0035538911357581643,0.604697888962766,0.001960562,8216,-1164.0779107564024,-224.57499202847112,-497.2260495777912,80.3731527430367,-140.99060691833532,130.70856483795177,-43.739419893376905,37.28825648915686,-0.1321284063382596,10.808860352651088,18.81567698739005,-3.260167602827675,2.804973704858922
OSP_1_26_08_24_20240826_215900.WAV,512.71436,1.9399111886480138,91757.72949927575,10515.257272909543,0.0035612384479354817,0.6048273614112367,0.001958747,8202,-1166.343637858569,-225.81087192113182,-500.28912219657633,79.59515291385736,-143.40728529634728,130.75560421868158,-45.2508893120954,37.88625914916616,-0.7415740484248269,11.592864217228422,18.66176928020799,-2.361107480538648,2.7838329035007607
OSP_1_26_08_24_20240826_220000.WAV,512.6865,1.943412404273671,91672.54244453371,10510.603012496726,0.0035630368768734106,0.604635295462101,0.0019564633,8193,-1165.5975166673188,-225.37442315007124,-499.2690548030319,79.66855812249476,-142.31461333868316,130.84729845819098,-44.849933378995054,37.778140285921744,-0.6037810264890087,11.249596614043154,18.662268592722505,-2.5880704567906,2.786725891690666
OSP_1_26_08_24_20240826_220100.WAV,529.2727,1.9459101490553132,91945.19969079812,10514.27731067335,0.0035614858393177165,0.6050665672789228,0.0019675328,8187,-1098.9098492147778,-191.09254306823968,-415.9372874605976,97.38156476450636,-85.96037159034319,124.96124326900664,-17.179383718710845,15.629927877623238,7.292447378088203,-13.777286199050904,19.429981257111674,-19.85396014924183,4.01428169919796
OSP_1_26_08_24_20240826_220200.WAV,519.1546,1.93397486726399,91889.25185926868,10511.707697669313,0.003605673344468178,0.6046110112616356,0.0019614967,8242,-1155.009208785955,-219.2690925319158,-487.12553914746155,82.09211020617016,-135.30854518962707,129.28601101293341,-40.89344767244975,34.9600693054648,2.06015581354913,9.147876968033493,20.34965868823766,-4.945302431226441,3.2714538154625123
OSP_1_26_08_24_20240826_220300.WAV,519.80396,1.9370886662144615,91834.63062284212,10510.607452211327,0.003628664094767287,0.6049204724900266,0.0019609823,8261,-1155.4317697228876,-219.0461751640977,-487.9478103067114,81.53140474374209,-136.55326493734836,128.5629146582508,-41.60363682249238,35.02535879607011,2.2849320507985578,9.929440957840246,20.759624172352552,-4.353944982414872,3.2273832393982005
OSP_1_26_08_24_20240826_220400.WAV,521.1246,1.8188630144499633,91705.89290525117,10511.184856323081,0.003610898516298353,0.6044595921293218,0.0019586529,8215,-1137.2866621540225,-209.8147958257182,-464.2004774801594,87.3116316367377,-118.89693560131775,128.63879410491404,-31.861746711679128,29.90105280243332,5.340768459462299,2.1115404777610554,20.614611807661696,-10.977256076018689,2.994032651396463
OSP_1_26_08_24_20240826_220500.WAV,517.3713,1.9167113491986423,91750.14371834414,10510.059833095016,0.0036082989019704964,0.6044419308926197,0.0019590945,8223,-1160.872138154843,-222.03417474820478,-494.4672851565133,79.99993055402842,-140.65218416751915,129.26425311587744,-43.85589141673729,36.63720129109337,1.050214995881746,11.270819980333503,20.00397644722229,-2.9976997797704845,2.96352918909875
OSP_1_26_08_24_20240826_220600.WAV,517.9449,1.9417209327670015,91786.61761070529,10508.892824230954,0.0036103047326607506,0.6046080244348404,0.0019595195,8208,-1163.2653883778287,-223.32087866811645,-497.69340052005197,79.308205943578,-143.10649966194427,128.9767141997975,-45.40349200125779,37.17943826601548,0.48051747464721767,12.525718037957006,19.923010960394542,-2.115939533472635,2.9591079220276244
OSP_1_26_08_24_20240826_220700.WAV,521.64215,1.9459101490553132,91875.1153814437,10508.252407772903,0.003640335485943754,0.6045701047207447,0.0019608256,8222,-1161.5214132844997,-222.27150207303202,-496.07058846013535,79.61291533261644,-142.55591967821383,128.01250125667138,-45.62659379117966,36.65099526983572,0.5037510022398829,12.498060551861233,20.830456644648667,-1.7047133895179907,3.4894049917984464
OSP_1_26_08_24_20240826_220800.WAV,520.247,1.2823202129371307,91837.71085054136,10512.337017815547,0.0035944054709256858,0.6047346399185506,0.0019606722,8238,-1159.2074795459898,-221.88755361074266,-491.89844323346205,81.10479071777591,-138.15624079962305,129.85668460259996,-42.74721426341896,36.00932926222138,0.5704693228797681,10.084759279169008,19.786517826778322,-3.6579913746122994,3.40282284407613
OSP_1_26_08_24_20240826_220900.WAV,528.92163,1.9459101490553132,92003.21485540889,10510.06760684794,0.0036198434389035786,0.6046724360039893,0.0019648462,8212,-1135.0294120048213,-208.9938675332827,-461.87018559610954,87.77025694916225,-117.07485879059098,128.93307708006733,-31.075954848650383,29.10830395497942,5.443733106297863,0.9171471131300645,20.088117481964424,-11.507613068387876,3.1957831321396335
OSP_1_26_08_24_20240826_221000.WAV,522.5599,1.9459101490553132,91983.72425553828,10508.439459425354,0.003634936469889826,0.6044672539893617,0.0019635549,8215,-1158.5777725548762,-220.6170967992221,-492.6023609404304,80.24872453218903,-140.1371234702448,128.48823808446033,-43.728877624169954,35.938081808213255,1.6522776035973763,11.2030936819051,20.461718918165563,-3.210022006589493,3.273215118362169
OSP_1_26_08_24_20240826_221100.WAV,518.26953,1.8962505683121953,91708.01206617261,10509.330756555837,0.0036197813620843845,0.6047581449468085,0.001957184,8226,-1161.760186521185,-222.40793835127837,-495.45321098956475,79.90355672681204,-141.35234683654866,129.22052943393285,-44.544530551589034,36.64939093912314,0.611749334127507,11.272276378580818,19.84663206493365,-2.780722684646785,3.423761676350197
OSP_1_26_08_24_20240826_221200.WAV,546.52936,1.9459101490553132,91918.90581550244,10507.142251259602,0.0035959249208907525,0.6046772408992687,0.0019634333,8224,-1158.1165085208927,-220.84556012646493,-490.8261785741579,81.07386436161639,-137.38114375784323,129.88799615677644,-41.76000454220699,35.767621018910354,1.271876725544782,9.64614435329813,19.67636052423844,-4.285719550970678,3.0874971861496694
OSP_1_26_08_24_20240826_221300.WAV,520.23474,1.9227668713468153,91728.06319196329,10513.186002601245,0.003578090919953711,0.6048178814827128,0.0019588638,8196,-1162.9987324095582,-223.79259059113969,-496.1969994890777,80.38109177972288,-140.8104450286846,130.06709070182558,-43.97209689333065,37.045486952069226,0.26789229096856976,11.03472843869549,19.034390387085683,-3.227402127545326,2.988211964894335
OSP_1_26_08_24_20240826_221400.WAV,529.5878,1.7900878418895487,91886.90131454535,10508.75652450202,0.0036202442095739904,0.6045784158909574,0.0019617958,8188,-1151.4218845917417,-217.11763138994436,-482.7423009193531,82.88069046570963,-132.29786755430365,128.8344289661172,-39.35809243829161,34.21406219624851,2.964436209696275,7.950125090878071,20.916817089677615,-6.224326602538525,2.899989252334828
OSP_1_26_08_24_20240826_221500.WAV,524.2427,1.9459101490553132,91758.37005936401,10513.864997591518,0.003558752563065054,0.6045640012051197,0.0019602175,8227,-1160.835054344561,-222.79102394229452,-492.96023242169207,81.41886154406635,-137.81205028061552,130.86472806082025,-42.057604435522144,36.50205167145397,0.7398646332542648,9.367738715021819,19.12139170586104,-4.669071342667965,2.7588424631457404
OSP_1_26_08_24_20240826_221600.WAV,524.83813,1.507699503630505,91967.33537345027,10512.875865516598,0.0035691796064479336,0.6047376267453457,0.0019642978,8217,-1151.2262766817669,-217.85598241679483,-481.72525107322605,83.96204831463528,-130.0032762686963,130.18611224399433,-37.44088265740598,34.09479050475076,2.670833936285508,6.454713331213186,19.471710373989712,-7.310608272556647,2.9343187144043568
OSP_1_26_08_24_20240826_221700.WAV,516.9581,1.927835758131588,91618.29652388267,10508.441249570516,0.003580297474556216,0.6041984395777925,0.0019559225,8223,-1156.9420498236707,-220.244869055543,-488.3974314190751,82.21253569670475,-134.88169988022506,130.07463336940907,-40.476192664940804,35.278924785999486,1.6330456204693493,8.736354594716385,19.626695539795904,-5.31097404047898,3.0439288473279493
OSP_1_26_08_24_20240826_221800.WAV,515.51404,1.916708445544264,91709.74427900946,10514.47936211555,0.0035585494668922933,0.6049678721326462,0.0019586193,8221,-1164.4626617391386,-224.77432548551414,-497.56137095645204,80.29604942189879,-141.30500982383953,130.72933365478306,-44.138529736465685,37.306834162734994,-0.09330225052862623,11.034407473450772,18.72795748855684,-3.246232480540586,2.81505320369155
OSP_1_26_08_24_20240826_221900.WAV,514.77075,1.936927490804849,91869.56292273503,10512.922772950806,0.003549224065157998,0.6048202189993351,0.0019617674,8192,-1133.095388590676,-208.78064103822368,-458.11224983141267,89.59404143363847,-112.57192700181369,130.2543261164459,-28.15596851038222,28.285262033682265,5.087164348949872,-1.5453839675097432,19.130984803013117,-13.351901816929573,2.8215011182519536
OSP_1_26_08_24_20240826_222000.WAV,513.4811,1.8563138076242078,91775.02648070337,10516.721601039668,0.0035461347622897568,0.6049939744015957,0.0019604145,8211,-1164.5925244101718,-225.01435627269794,-497.72833350104804,80.4480838816319,-141.13094329054542,131.04254937369086,-43.76598390087143,37.444242188241425,-0.3018420733267943,10.516019302756343,18.508427905123963,-3.1880437090109917,2.719073572344236
OSP_1_26_08_24_20240826_222100.WAV,521.64703,1.9459101490553132,91915.74888465308,10512.681325198992,0.0035848412969364685,0.6046500997340426,0.0019625993,8190,-1166.1787130369394,-225.41880033620993,-501.17013589877206,78.89355623750099,-145.03119906638804,129.62883876452446,-46.80341342983221,37.83303069257887,-0.7415614332359163,12.8285445306369,19.399472012986784,-1.2744734242499123,3.1055599540159795
OSP_1_26_08_24_20240826_222200.WAV,513.3517,1.9379588827824847,91666.33863375762,10515.43605870928,0.0035495623912995145,0.6047178877160905,0.001958008,8237,-1166.1299078354452,-225.572352856726,-499.46397944746354,80.00112580119863,-142.57205913465407,130.7900791446402,-44.760797625517675,37.570963900905156,-0.4997845828700071,11.461041449163874,18.401452601292373,-2.914564332586811,2.808474218949831
OSP_1_26_08_24_20240826_222300.WAV,517.0614,1.9459101490553132,91757.19040834933,10512.77267377526,0.0035559349365627143,0.6045677672041223,0.0019591313,8217,-1164.7963057730226,-225.0414747508981,-498.18169587914053,80.26860314398465,-141.4221203400961,130.67671846721143,-44.20056320954545,37.57061642805954,-0.40652453152006757,11.078570962237075,18.696104923858048,-3.2351334694256115,2.6972472557879428
OSP_1_26_08_24_20240826_222400.WAV,519.0681,0.9169719130318097,91876.01839967127,10512.986912615777,0.003602989185633723,0.6051151356798538,0.0019616252,8206,-1159.9807799101734,-221.80578791988725,-493.43075154705275,80.53270031846031,-140.0285184842115,129.09901577576403,-43.70810054614511,36.245234844964635,1.0300906258554183,11.090981989754914,20.336048251060255,-2.8881064108523797,3.1023443789282186
OSP_1_26_08_24_20240826_222500.WAV,544.311,1.5370752273989177,92113.26396623494,10511.750467284082,0.0035862075389059204,0.6047928181100399,0.0019708592,8262,-1097.9881417980455,-190.34975727520006,-415.8570535190053,96.82641218806027,-86.72698253942605,124.39856244422404,-17.662244257175406,15.563054041018512,7.683652210896863,-13.307582861932676,19.858138826414077,-19.28986106983719,4.241426515363438
OSP_1_26_08_24_20240826_222600.WAV,516.17456,1.7958651492822741,91808.2812339498,10513.99355638231,0.003541126659115502,0.6049320302111038,0.0019621665,8227,-1151.9146774649566,-218.18533484887905,-481.5796213911202,84.40851600728986,-129.17040871755876,130.80881022796498,-37.01000619464095,34.00275523996482,2.6070397791861115,5.951220964234491,19.159814203590546,-7.796857713429443,2.485202400418031
OSP_1_26_08_24_20240826_222700.WAV,513.42694,1.9440237976142836,91718.84798299987,10514.379761616818,0.0035505501981835867,0.6048200891373006,0.0019587504,8221,-1162.2355111641632,-223.43702660546325,-494.83759296293175,81.13362002153278,-139.07683169473214,130.70024473355,-42.63916315763439,36.73363442166793,0.5858832828420578,9.968012495183869,18.964737383950975,-4.007896425624922,2.702015899261601
OSP_1_26_08_24_20240826_222800.WAV,514.7558,1.940103450891793,91820.52944484327,10514.289522877381,0.003551558598271004,0.6048206085854388,0.0019612657,8225,-1166.6676076537465,-226.00398197969815,-500.75015895535716,79.51563129207389,-143.66343273544402,130.5786758606797,-45.46575376970115,37.862780014191976,-0.8567192493075364,11.931162833895348,18.650063607466777,-2.294898487136263,2.959601475729959
OSP_1_26_08_24_20240826_222900.WAV,514.57794,1.9383928070357104,91602.19358258453,10512.872154664508,0.0035652452051849223,0.6044185557263962,0.0019557832,8203,-1165.9550608224565,-225.38589956023614,-499.4771902842659,79.66683042196529,-142.7030418727033,130.63806245083984,-44.82839036141033,37.89300225577988,-0.5645108307757085,11.396112869437427,18.494142702252105,-2.7219442485960093,2.818284586142466
OSP_1_26_08_24_20240826_223000.WAV,527.4597,9.457406114017602e-305,92031.58258491466,10511.566252165028,0.0035610034382477676,0.6046739943484043,0.0019670422,8220,-1134.2938561532264,-209.2150320934742,-460.07993672877325,89.02483499274634,-114.40883806968316,129.78793851693086,-29.382204000689846,28.94591488464806,5.163700654846809,-0.4886946762483047,19.456342378585596,-12.855663513413106,2.779218445480296
OSP_1_26_08_24_20240826_223100.WAV,513.1868,1.8714706221508834,91765.62785560601,10514.446177853752,0.00354919698635825,0.6049425490359043,0.0019599318,8244,-1164.7013399294146,-224.97540588571562,-497.92877267963064,80.49057335546463,-141.211193217717,130.7200871839983,-44.00430016263394,37.296045714859616,-0.34039323774910807,10.921709845639464,18.523084643949566,-3.1883476831080895,2.8484791239916527
OSP_1_26_08_24_20240826_223200.WAV,515.61206,1.9459101490553132,91732.60582720069,10516.889793216813,0.003549579441625253,0.6050899424451462,0.0019597744,8171,-1163.3823587633342,-224.2919305032542,-496.0418491911962,80.75430093712957,-140.03296885126264,130.8839158792458,-43.349347789133134,37.07054003959338,0.2055013998938667,10.24071755512575,18.93668058385404,-3.578781263810286,2.5880363836338782
OSP_1_26_08_24_20240826_223300.WAV,514.6896,1.4239787091190639,91571.08464531208,10513.76182270553,0.0035638326586831903,0.6047672352892287,0.0019551208,8214,-1161.3867941869225,-222.85389153872683,-493.3868731641115,81.2473549917283,-138.2653245183918,130.86698348853994,-42.15937476892753,36.506725025208475,0.6219298522894867,9.53015771653069,19.1559475259741,-4.294978095158791,2.655634721747929
OSP_1_26_08_24_20240826_223400.WAV,531.36053,1.9459101490553132,91635.30815552818,10514.127802224377,0.003552882739501738,0.6047708714261968,0.0019569898,8226,-1164.7465666506691,-224.92683054028058,-497.7510902298376,80.12239584701004,-141.25609799451047,131.08620107962187,-44.039740532403634,37.42130502048151,-0.22680561045565054,10.727580630710655,18.74106540060822,-3.275501041492335,2.7315421710288756
OSP_1_26_08_24_20240826_223500.WAV,536.1825,0.8324649595082914,91864.77601136497,10509.221794299357,0.003590698754042347,0.6047523011552527,0.001963473,8199,-1105.3425433136551,-193.98075589133728,-424.433501034703,95.58017045784919,-91.78875960298653,125.38981125581826,-19.609867345646204,18.308226890998295,7.245275259081251,-10.589421436163049,19.84284751176073,-18.44284744645798,3.9537945536460772
OSP_1_26_08_24_20240826_223600.WAV,523.3252,1.9459101490553132,91682.97736939591,10511.784517548336,0.003578429216031209,0.6045459503823138,0.0019576799,8237,-1166.0872687640147,-225.3722463736971,-499.9871580732951,79.11662263522652,-143.7076544813061,130.3125713357946,-45.9182614215172,37.65251734915147,-0.4987215649153298,12.103185206031087,19.047710274421817,-1.8988656405857793,2.897948527504171
OSP_1_26_08_24_20240826_223700.WAV,513.87494,9.457406114017602e-305,91653.93929798168,10513.49920153292,0.0035520469776358404,0.6048474900265958,0.0019569385,8225,-1165.0977091188865,-225.0205412066295,-498.2373235680254,80.08509971680607,-141.54120070149798,131.1745586933575,-44.066585032498054,37.379902425477844,-0.41994636358997395,10.844143901006127,18.73744322490183,-3.2639307917468106,2.587150909089345
OSP_1_26_08_24_20240826_223800.WAV,585.974,0.6922017029622767,92306.95457939141,10514.601265459638,0.0035636042487129944,0.6047059404089096,0.001979309,8212,-1062.452543675507,-173.2010820820406,-373.4626089791561,102.67895108776739,-62.634374860810205,116.40456533324411,-10.473969384331086,1.34343940223834,7.376352988547673,-23.326917526234364,20.234727794163785,-21.554914605614616,6.385253258226211
OSP_1_26_08_24_20240826_223900.WAV,519.10913,1.5303574151004657,91883.07423044267,10515.561396128407,0.0035622834299432003,0.6048759298121675,0.0019630487,8217,-1159.688768424733,-222.26311677018214,-492.07507680380763,81.48873434370604,-137.65691655975328,130.55385431127,-41.83651094362872,36.40285229477787,1.1496464211105504,9.456623018673255,19.122002642010674,-4.619484854020701,2.628264112109084
OSP_1_26_08_24_20240826_224000.WAV,519.763,1.2338978881786753,91753.04187966531,10511.430529204454,0.003576188581334057,0.6049016424950133,0.0019605148,8192,-1122.5176633955655,-202.7385171208548,-445.0028891422879,91.71544743809964,-104.7067717197688,128.53275019248846,-24.894123034143774,24.6953498637722,6.48837657510314,-4.905067790253372,19.695306982193006,-15.738228801301766,3.239981980455173
OSP_1_26_08_24_20240826_224100.WAV,513.3949,1.943329141536208,91643.952481369,10513.315797162819,0.003554271021436697,0.6050300760472075,0.0019572077,8218,-1166.8937794627755,-225.7867299671131,-500.59717634780634,79.61599832767868,-143.4034699511653,130.6258381920435,-45.47091447964888,37.81574460138541,-0.7451688576394515,11.800830823336392,18.738183068263083,-2.4760238957048646,2.8714538610505884
OSP_1_26_08_24_20240826_224200.WAV,513.771,1.9409320310047036,91726.30373024197,10513.237521879926,0.003558134220356154,0.604604777883976,0.0019589483,8202,-1163.0957987546567,-223.96326927575245,-495.9263273707467,80.63099362489076,-139.93230303993644,130.91496584646694,-43.32913463763147,37.004221348321416,0.3311429852734356,10.258989197312886,18.68580212693489,-3.7554225049039336,2.8161651582033884
OSP_1_26_08_24_20240826_224300.WAV,524.5395,1.678250083060068,91876.27335775211,10513.072574172355,0.0035581047596072893,0.6044608907496676,0.00196404,8197,-1099.734717829521,-191.4886715282719,-417.10213715022223,97.07543273039364,-86.73976115388082,125.25756831370757,-17.362676479142703,16.070324560955918,7.4755597558474465,-13.438470880719233,19.282256282230403,-20.011907247592802,4.001184450690673
OSP_1_26_08_24_20240826_224400.WAV,516.7112,1.9331981244113083,91695.48539036339,10514.955398044784,0.003559874675609824,0.6050747485871011,0.0019584717,8216,-1163.6791505413248,-224.3906131156302,-496.54029936810133,80.51367903101476,-140.57317954420606,130.73841771072986,-43.64622478495029,37.22156116631482,0.014799351515626297,10.541214897580913,18.749842807915968,-3.4514762235098666,2.8528153750223395
OSP_1_26_08_24_20240826_224500.WAV,524.1656,1.5813087937572659,91825.01338284802,10513.491496766243,0.0035833133670014373,0.6048300885139628,0.0019619842,8225,-1115.9323609041448,-199.34850821683668,-437.1331599131779,93.2699521423983,-99.96791618799031,127.19224872686749,-23.191515210241267,22.109860998194875,6.9577273096459455,-6.984182160759354,20.188646282346678,-16.4101470653514,3.5493584894103827
OSP_1_26_08_24_20240826_224600.WAV,515.5199,1.9365410915070775,91744.51511204714,10517.36443335372,0.0035646211983027328,0.6051729242852394,0.001960054,8218,-1164.8376115374886,-224.71202040953744,-498.3325919076931,79.9877689963237,-142.68667023939204,130.16910141650231,-45.07333044409232,37.22499560703804,-0.22772269768887993,11.405684259179466,19.351219569956395,-2.337257261202212,3.110650452212161
OSP_1_26_08_24_20240826_224700.WAV,601.9428,1.9459101490553132,92520.10614453169,10503.850368176389,0.003700168643868329,0.6042446704621011,0.001978313,8225,-1096.5304164192403,-188.3628134973125,-416.72268579214244,95.76020961743576,-90.14506456542183,121.39428347311264,-21.26294177503168,14.36744818821267,7.681258442245963,-10.74930511461586,22.312602187411763,-16.537052996964313,6.223424467098552
OSP_1_26_08_24_20240826_224800.WAV,524.09814,1.4384574653336728,91789.54903028392,10513.708278066586,0.0035700909611192694,0.6048182710688165,0.0019619274,8218,-1127.003254344031,-205.30832082249609,-450.4524754505415,90.85220081149066,-108.15991679336615,128.8663046413636,-26.643803774566546,26.438058658119733,6.025464766356937,-3.299988706848602,19.619908221267035,-14.597546221177273,3.091285877809083
OSP_1_26_08_24_20240826_224900.WAV,514.58936,1.9423813424899228,91741.6035688969,10513.778403444128,0.0035556915899660458,0.6050890334109043,0.0019589672,8213,-1159.6557535589452,-222.2026420001278,-491.5619553393257,81.8593916908394,-136.7124042265966,130.814452505916,-41.4364815297157,36.14282791988713,1.0786687340591061,9.154528732164506,19.054623954400775,-5.089115564035173,2.965389013207154
OSP_1_26_08_24_20240826_225000.WAV,523.44556,1.239374038957936,91740.74181163858,10515.920615412957,0.003565679389247411,0.6050752680352394,0.0019602822,8228,-1111.5988252820184,-197.53653848671945,-431.198657783256,94.81300692915418,-95.418002798981,127.11472599370151,-20.94025745291621,20.69621037665252,6.862615511786033,-9.433958030499213,19.51012655919008,-18.0289311366508,3.616409391903716
OSP_1_26_08_24_20240826_225100.WAV,517.0969,1.9459101490553132,91676.19159467104,10514.914321199713,0.0035538769292393782,0.6050648790724734,0.0019584387,8239,-1164.0166874366278,-224.4077060632373,-496.85200878912684,80.3706249438617,-140.84743648546115,130.76064197798044,-43.759633128008,37.22867818183476,0.1442325798067254,10.730570156571027,18.60271587174688,-3.4584097620264607,2.8283568333675015
OSP_1_26_08_24_20240826_225200.WAV,600.38654,9.457406114017602e-305,92358.92731612104,10509.346134416679,0.003559260745508756,0.6041214313912899,0.00198417,8222,-1054.2148724826275,-168.98637418912915,-364.0364116160379,103.51709950425182,-57.75658149219539,113.75823188831446,-9.41816634628689,-1.9806156719964945,7.081622623304969,-24.901602396659598,20.575638155338453,-20.937101469071948,7.315975252907542
OSP_1_26_08_24_20240826_225300.WAV,529.26373,1.8020559985029405,91813.70286225996,10510.479171810555,0.0035967454705045985,0.6046012716090425,0.00196032,8186,-1140.1249981104409,-211.85229616510668,-467.6471430629208,86.70711799525635,-120.41226729678199,129.73209681286778,-32.48169416529019,30.892207803520602,4.60010556953985,2.4767932101568766,20.019652480382,-10.619063888737331,2.876449985142869
OSP_1_26_08_24_20240826_225400.WAV,513.1826,1.9437412422678202,91763.88822585861,10515.384533148734,0.0035615997283244207,0.6046263349817155,0.0019594363,8205,-1167.0266056527435,-226.09402113105207,-501.0662601579181,79.55590498983496,-144.0376139308243,130.5314774009664,-45.746668985371336,37.62769334320212,-0.9702755389364527,12.243458338309578,18.664921692300002,-2.108609627219789,2.981702902446232
OSP_1_26_08_24_20240826_225500.WAV,517.41876,1.6993617454109906,91751.0752273934,10510.31443859342,0.003558640269438138,0.6046710075216091,0.0019598752,8207,-1142.9709807303814,-213.50579047414035,-470.3002859272989,86.9065757015394,-121.0774743897234,130.34693215219545,-32.69975784127389,31.243835025173976,4.0302966645878175,2.649731557799503,19.014631292188223,-10.531278747799316,2.753255280981075
OSP_1_26_08_24_20240826_225600.WAV,517.16907,1.9459101490553132,91877.8562632453,10511.401149265033,0.003561746684480717,0.6047158099235372,0.001962071,8224,-1160.777332361749,-222.73724463965536,-493.5438944881331,81.25161989403064,-138.33416902907615,130.39446675103594,-42.35887384685246,36.520625982411694,0.6280276079505537,9.83937900108234,19.07276207090909,-4.206856118619067,2.9228751176664414
OSP_1_26_08_24_20240826_225700.WAV,529.4031,1.6118220430975723,92269.2963287624,10507.548926917787,0.0035823376596705887,0.6044111535904255,0.001974949,8204,-1097.6837813171478,-189.93970807780923,-415.99311873790975,96.69571628720342,-86.85573232498461,124.14879994202747,-17.795070546305944,15.364763350605694,8.011928390803272,-12.970855001881404,20.071813769420206,-19.465696034782628,4.2113109975768115
OSP_1_26_08_24_20240826_225800.WAV,550.33484,1.8647755512620616,92044.62535993155,10512.378832963128,0.0035631571369629496,0.6043537545711436,0.001971242,8213,-1083.3026657274022,-183.136426701995,-397.4695421893685,99.97202717803906,-75.45986889587034,121.52972653945137,-13.901425838481183,9.461657350338708,7.5312837904713374,-18.301796608203883,19.641950109393715,-21.26992170179813,5.329021063718311
OSP_1_26_08_24_20240826_225900.WAV,588.046,1.3272135642944467,93291.32464029244,10507.125822703418,0.0035742087295046283,0.6049056682180851,0.0020190459,8232,-1030.1802258312632,-157.55537944572433,-338.3427840149429,104.6628469369872,-46.384131862857664,105.9301532890842,-7.882942264558214,-10.272912150660332,7.514792140413207,-27.876903767367278,21.90952081394556,-19.125745562406486,8.17708788402007
OSP_1_26_08_24_20240826_230000.WAV,563.43713,1.9459101490553132,92007.3015333702,10511.243618659817,0.0036001546842847187,0.6048735922955452,0.0019672383,8250,-1108.6455773671053,-195.61361428075494,-428.73194563082353,94.66784377025999,-95.00840489618193,125.80166152178225,-21.395112432465183,19.32341098654424,7.063329757845202,-9.027547036510645,20.472530564976587,-17.254854130782842,4.1280603164602105
OSP_1_26_08_24_20240826_230100.WAV,531.3961,1.9459101490553132,91794.01598289776,10509.619750281987,0.0036017315383543042,0.6043928430435506,0.0019598042,8239,-1141.0581460146043,-211.96347536357248,-468.750722973173,86.75740616020798,-121.46213940242977,129.0682669294517,-33.549250730316565,30.647428861118534,4.329865457456707,3.0322211698047807,20.80101435060306,-9.628244004033633,3.249159982103694
OSP_1_26_08_24_20240826_230200.WAV,531.0855,0.6365141682948128,92010.15784548235,10515.313436683144,0.0035374930639414477,0.6053122662483378,0.0019675738,8213,-1110.2328853500342,-196.9742676657272,-429.82583833748566,95.19533319550877,-94.2546969137567,127.32471868218198,-20.227782590263505,19.931116787971693,7.102736241253104,-10.141458173440961,19.174321515078354,-18.39965500587188,3.4975530596619437
OSP_1_26_08_24_20240826_230300.WAV,514.31714,9.457406114017602e-305,91602.11057323008,10516.17705472553,0.0035440450088977493,0.6050447504571144,0.0019574317,8243,-1165.0946610547464,-225.03782253953966,-497.8684021833075,80.47310984358461,-141.32699057173798,130.7580851723493,-43.992306755536404,37.36663381653471,-0.20603102797263548,10.946237645959329,18.36213051607497,-3.3055196157505673,2.7973893600609014
OSP_1_26_08_24_20240826_230500.WAV,529.67883,0.5123846676364552,91941.86007859076,10512.660858999112,0.0035618757180932736,0.6047315232297208,0.0019695389,8207,-1069.0223896923692,-176.13392423579415,-380.5215061318137,102.07279989305916,-66.10654820499748,117.95857247887982,-11.386283983876575,3.7416314118473295,7.476694532242794,-22.058320805430597,19.938057239510762,-21.472689082712925,6.171968349070247
OSP_1_26_08_24_20240826_230400.WAV,513.03864,0.21096024520674167,91673.06152712606,10516.030054061897,0.0035531863485213796,0.6050176092918883,0.001957196,8254,-1166.7046819111115,-225.9132438132255,-500.34650178500465,79.83043064734254,-143.16585812141693,130.91846195832824,-44.93055670456518,37.81374704658331,-0.6644100667969493,11.429433171178193,18.408143977158407,-2.7670023566354285,2.87947816387038
OSP_1_26_08_24_20240826_230600.WAV,539.9492,1.1752662633816509,91936.3106177191,10506.988287327325,0.00356591535202142,0.6041179251163564,0.001967897,8255,-1102.8746838369789,-192.72798959129977,-421.1926254796273,96.13255519351483,-89.32817531189711,125.37580306094101,-18.862997782974197,17.192190169268937,7.575819544870435,-11.679869507667219,19.458290292177495,-19.14770569945028,4.14509523836364
OSP_1_26_08_24_20240826_230700.WAV,513.23035,9.457406114017602e-305,91704.07359321996,10511.200621810072,0.003555147183046734,0.6043732338763298,0.0019581022,8208,-1160.6783767478857,-222.82792173273486,-492.74710586733767,81.43706916534451,-137.35245036776885,131.1096154551649,-41.80356655464988,36.47105102686414,0.6461654862682774,9.338918830873077,18.832940378841712,-4.746733360127714,2.6950198081171712
OSP_1_26_08_24_20240826_230800.WAV,702.07043,1.9459101490553132,94979.30906232234,10509.923307645948,0.003557782863694156,0.6044511510970745,0.002082665,8235,-1017.2060470116455,-151.96811966116212,-324.3462204475296,105.50905147450865,-39.98386463267867,101.68626699252027,-7.184114016552262,-14.926326448539102,7.364713683091187,-28.938811762560057,22.509679738166145,-17.769711104671078,8.607099670646116
OSP_1_26_08_24_20240826_230900.WAV,652.2702,1.9459101490553132,93689.84158830119,10511.03321395415,0.00355351188096401,0.6046085438829787,0.0020344288,8253,-1054.1129523132981,-169.149862816258,-364.33545157554823,103.43493377991798,-57.89009423696399,114.02973207891506,-9.50900174716344,-1.9244930351851852,7.495904881485576,-24.97598145108367,20.217608181839964,-21.095062897472165,7.178742061418563
OSP_1_26_08_24_20240826_231000.WAV,597.3351,1.9459101490553132,92169.37736629634,10511.76768753525,0.0035585053283662097,0.6049435879321808,0.0019765033,8192,-1053.7740526906985,-168.786265920822,-363.21333781992536,103.7752082664363,-57.02989762485751,113.67040858929776,-9.140304489925649,-2.2046965655592574,7.0936392558439465,-25.443022788853604,20.358527686793526,-21.142185025837524,7.084542015801013
OSP_1_26_08_24_20240826_231100.WAV,576.8495,0.15407610367102945,92709.52955658305,10505.955579436593,0.0035618111898045395,0.6042396058427527,0.0019969991,8234,-1045.328317318869,-164.7822513676693,-354.4525845517724,104.01253028288441,-53.00086206037564,111.27982940801279,-8.615208131155097,-5.263510107190911,7.374810247974466,-26.26653724131971,20.65565929802151,-20.569458040314412,7.582230106267912
OSP_1_26_08_24_20240826_231200.WAV,778.2771,1.8609398702097815,98545.08392763101,10502.259857520086,0.0035336655530211554,0.6044932263962766,0.002237948,8229,-938.7423141204782,-117.22148209566922,-245.32753957185835,100.95753648071151,-14.223879861460105,71.85493438755346,-7.1425552031333135,-33.37927311566307,9.554344864007723,-24.939441196505506,26.567794697486917,-8.179986687072041,4.408039229206209
OSP_1_26_08_24_20240826_231300.WAV,833.4072,1.8719623623293067,99667.58134357068,10511.428374906302,0.0035523199656224557,0.6045064723238032,0.0022446637,8219,-989.8600110368693,-139.99831597328765,-296.0932246159533,105.4115976622607,-29.4027209594388,91.802181746619,-6.587685385923595,-22.707866486580105,7.463940575550262,-29.301091008635687,24.21330471461277,-14.215094115391727,8.310290264467138
OSP_1_26_08_24_20240826_231400.WAV,556.53235,1.6376085043438318,91929.6596555284,10514.46382894716,0.003550544378466337,0.6045716630651595,0.0019674604,8209,-1087.1248533618793,-185.3243413177454,-401.418839934199,99.62815443391915,-77.36113383376852,122.82256174099143,-14.495203687077264,10.80309680317915,7.4769180788668885,-17.52101794953342,19.22374751674521,-21.086035202051395,4.863602264212311
OSP_1_26_08_24_20240826_231500.WAV,773.99585,1.8138130842051745,97038.32203062375,10508.086595606133,0.003550475163723796,0.6046391913231383,0.002155211,8199,-1002.2337943868417,-145.38104227698747,-309.3369509032883,105.50649270339848,-34.118627614095644,96.56374607783825,-6.824489469363488,-19.510918572339282,7.407980989032016,-29.28690845970418,23.70331615680488,-15.89821259013258,8.540969553807145
OSP_1_26_08_24_20240826_231600.WAV,543.9666,1.7938831641511672,92545.7419722901,10511.15372188364,0.0035443038694139887,0.6048256732047872,0.0019932778,8227,-1062.9552059003986,-173.31000499676682,-373.8665466956556,102.83372636410485,-62.29870489228544,116.48792809085013,-10.491606560333357,1.389596654725835,7.617562528245731,-23.562559226128936,19.884245059368496,-21.644869608413067,6.589047294562557
OSP_1_26_08_24_20240826_231700.WAV,664.58356,1.8313804249308698,94440.85196977254,10508.408341193346,0.0035569257408273,0.6042898624501329,0.002056317,8197,-992.0497059562402,-140.17775158834888,-297.00129535514566,105.28657380942941,-29.6332550472315,92.11380275387974,-6.331727052135742,-22.477965786259077,7.441153366002282,-29.3265982400911,23.93337438505117,-14.544032166170416,8.522682575688695
OSP_1_26_08_24_20240826_231900.WAV,512.9396,1.8808475461706973,91437.68321814224,10511.994885477745,0.003553045902022863,0.6044901097074468,0.0019526273,8216,-1148.8362938393016,-216.33589942121327,-476.9025732886985,85.45013326738781,-125.64802257150632,130.7084082893013,-34.99395358432236,33.06009480090564,3.162732074513223,4.398532074624694,19.16223465027526,-8.87489487771619,2.7078586726182263
OSP_1_26_08_24_20240826_231800.WAV,515.1856,1.490841236580788,91672.28726682242,10512.89366742716,0.003556549958509032,0.6046920451712101,0.0019578768,8209,-1159.9923603838404,-222.36274178553285,-491.84237722155154,81.66272455781485,-136.8627771776429,130.68659875968822,-41.646125899888254,35.94722923358592,0.9924103541538591,9.455673060355405,18.92649725345269,-4.518001093669012,2.8494921312469024
OSP_1_26_08_24_20240826_232000.WAV,705.34094,1.9121757410925952,97605.37299761255,10508.695349061032,0.0035481278019859216,0.6043554427775931,0.0021833142,8180,-956.0204082847108,-124.61777529378999,-261.24562630906235,103.16555812298459,-18.355925071409064,78.19449226421507,-7.000732296540065,-30.48102877492056,8.9100200873553,-27.03221659549206,25.876719093430214,-9.905839525527814,6.101866824645361
OSP_1_26_08_24_20240826_232100.WAV,619.8584,1.9319096374087121,93443.0121727835,10509.85752577855,0.0035639655352822652,0.6045110174950133,0.002032196,8223,-1012.0715429420766,-149.04144966635698,-317.45612096061,105.5633260687729,-37.149036653202984,99.45954165469631,-6.752895962271962,-16.698224222036526,7.134717457403752,-29.371606843126887,23.053648469087914,-17.16005727500153,8.438947781237955
OSP_1_26_08_24_20240826_232200.WAV,782.92395,1.690975363697319,101400.46558691551,10504.34392226252,0.003575104252871583,0.6042718116273271,0.0023379799,8232,-941.412710591907,-118.52443952964788,-248.0576942001816,101.28753661174474,-14.912598941010424,73.07316407091436,-7.1772798224639915,-32.81349896493801,9.482285856203061,-25.70710470845387,26.404640533850127,-8.09090728369761,4.7530497558092595
OSP_1_26_08_24_20240826_232300.WAV,727.164,1.615262903060357,95714.1671826728,10500.133257632517,0.0035685282010380123,0.6042802526595744,0.002111318,8237,-965.4320440113966,-128.26186974938653,-270.9011756588055,103.49892927573846,-20.984685735921722,82.01175962897845,-6.743501359688002,-28.826822958309503,8.46879560202147,-27.80480918368067,25.6157775872106,-11.102542177201544,6.972714366579312
OSP_1_26_08_24_20240826_232400.WAV,644.64386,1.8440861601887932,94636.50480169123,10504.541992904122,0.0035599747405810488,0.6041877908909574,0.0020681608,8236,-1052.867735474718,-168.89916887635002,-364.4029679260981,103.22284871343848,-57.71744641781454,113.80917553165959,-9.494860912489921,-2.0338055094758554,7.277016461712101,-24.748420140367916,20.32429229677634,-20.91398963312007,7.22348459032018
OSP_1_26_08_24_20240826_232500.WAV,519.4872,1.9459101490553132,91653.39915747744,10514.2033755221,0.003552153090421817,0.6047864548703458,0.0019570037,8183,-1164.7537879835422,-224.90700409197004,-497.8280168589056,80.37274404091076,-141.15833731532064,130.88724750611664,-43.81626740005385,37.301944914680966,-0.25742354816152074,10.789086631017666,18.53293438678827,-3.2762252853045446,2.6962498806023363
OSP_1_26_08_24_20240826_232600.WAV,516.27295,0.6291771943424127,91659.25397673988,10516.582090209897,0.0035618809380625234,0.6048585282995346,0.0019600892,8256,-1100.0048461738747,-191.51495028012425,-416.7602709444173,97.16543789963437,-86.81733525483592,125.11437174651704,-17.78347987258223,15.778977250283129,7.673013371084909,-13.180567331145296,19.248956046468436,-19.55215150691006,4.18365115984314
OSP_1_26_08_24_20240826_232700.WAV,626.3889,1.8070753300895197,94936.25946351087,10510.772267180362,0.003553082112612471,0.604323107130984,0.0020808391,8233,-1013.8894355182333,-150.28989688220125,-320.50366287145545,105.45597505489286,-38.52838433164533,100.59361086448101,-6.996779465495526,-15.95564338164853,7.442139121639752,-29.293303928499192,22.74980302474715,-17.42749533864735,8.681802339056118
OSP_1_26_08_24_20240826_232800.WAV,782.71454,1.8922282186557056,98142.04601925217,10510.541330316937,0.0035422172026669412,0.604918524559508,0.0022090066,8237,-973.7525693593715,-132.46320715841324,-279.21987917802676,104.41665162136862,-23.921348512812944,85.50637013859838,-6.803611399633895,-26.89461798901807,8.226783490117914,-28.671094763956198,25.15287250075224,-11.969827232881203,7.459516176277834
OSP_1_26_08_24_20240826_232900.WAV,546.2583,1.728223862235431,91829.88109161389,10512.60371388623,0.0035546117410640244,0.6044638775764628,0.0019660187,8251,-1080.4533714887925,-181.6551532713759,-393.5323472714828,100.69899583612509,-72.85660803458373,120.73968888559834,-12.968866487011454,8.177982685696424,7.495918970113198,-19.42795782992469,19.27838645097739,-21.419442444065112,5.585602977300533
OSP_1_26_08_24_20240826_233000.WAV,514.65967,1.9177167723287871,91390.90293467647,10512.349341652844,0.0035833915748571775,0.6043529753989362,0.0019516113,8219,-1166.2175929851758,-224.77658879244808,-499.4842910649863,79.49529141876711,-143.3811655383257,129.95399493296952,-45.83767070652274,37.333711380288726,-0.5045773561025809,11.867066871611664,19.64485938141509,-1.9166958591809151,3.1820731585990876
OSP_1_26_08_24_20240826_233100.WAV,514.4704,1.8429020198748285,91319.5548954646,10511.407122433831,0.0035591674526813306,0.6044958236369681,0.0019500718,8229,-1164.8733066116213,-224.69877556295876,-497.09622517546904,80.34905623671462,-140.53552838337762,130.9671028768268,-43.806352538690795,37.37577202860858,-0.28003933836214123,10.631302728194417,18.373239162991744,-3.449676133606383,2.9519159606122924
OSP_1_26_08_24_20240826_233300.WAV,578.52246,0.7529768986130518,92444.76322027514,10505.121850610185,0.0035655882381560528,0.6041937645445479,0.0019886068,8223,-1086.757274159453,-184.57879405734414,-402.2826050441145,98.92061389141239,-78.12980629765649,122.31449812495198,-14.863341583872964,10.795551391563107,7.680392317034568,-17.051327073812192,19.64184748767136,-20.88182039361151,4.997457639502051
OSP_1_26_08_24_20240826_233200.WAV,554.007,1.8920243756847894,92341.73890233843,10515.294531149331,0.0035518912316869957,0.6050381274933511,0.001985673,8200,-1061.7388901775078,-172.61508997071346,-371.86499446114095,103.07101172862997,-61.573180056154804,116.09034072660911,-9.958653027095133,0.7592887924638286,7.396077250502667,-24.007317679011706,19.79762137744271,-21.556551821373656,6.761665170478244
OSP_1_26_08_24_20240826_233400.WAV,513.02094,1.9438443569854713,91430.86445712818,10513.062693898399,0.0035517866104375676,0.6049161870428856,0.0019525348,8227,-1164.712567032021,-224.70210124733322,-496.98764748633226,80.59034150839896,-140.3471779454316,130.94929277474336,-43.725075431933575,37.22150968697329,-0.025255256459107648,10.609529833851305,18.598026516312977,-3.476984393253498,2.727922439398154
OSP_1_26_08_24_20240826_233500.WAV,512.7435,1.9391963450321805,91453.89693761388,10514.950389528723,0.003570626111808601,0.6048265822390293,0.0019524782,8206,-1154.9906498902,-219.65737241901064,-484.79226304553623,83.41021111628166,-131.82577024600243,131.09010603829972,-38.33669018616455,34.752832757666454,2.041070642261019,6.865803019125473,18.996038307884533,-6.764580760430462,2.70565274269354
OSP_1_26_08_24_20240826_233600.WAV,515.0585,1.8938316498041363,91422.90808873269,10514.874871831278,0.0035551818364376363,0.6049489122755984,0.0019530662,8173,-1156.8991091497876,-220.5690243311625,-486.9735291050767,82.9470823691494,-133.30037090076934,130.93937289797185,-39.295152415747985,35.1100079069656,1.7261261524778648,7.6335275096796735,18.768618793880353,-6.122710262709254,2.8094102174909774
OSP_1_26_08_24_20240826_233700.WAV,513.9684,1.8035292464807984,91326.25515515894,10511.329761691875,0.003560649776743094,0.6042816811419548,0.0019503423,8200,-1162.804758144113,-223.39947188239998,-494.4644508278057,81.09009672760517,-138.63694895503437,130.92238430691415,-42.617512332726335,36.759338323478616,0.386804694482629,9.84576317294494,18.667954829871565,-4.411142773287573,2.9596144022232322
OSP_1_26_08_24_20240826_233900.WAV,513.23364,1.9353147012953658,91608.7871883495,10518.706660283864,0.0035387366301928296,0.6050011168134973,0.0019575735,8199,-1165.5473494246908,-225.35640093033194,-498.20032580456115,80.57281127196187,-141.37021364945164,130.88387222023172,-43.96079620205359,37.31085956881753,-0.2403600737982801,10.91752578234047,18.451747061839843,-3.2573899067501157,2.5499736615044557
OSP_1_26_08_24_20240826_233800.WAV,643.9989,1.9094376679584164,93189.04552231145,10509.539129404373,0.003545225917669027,0.6044405024102394,0.0020204233,8206,-1029.23586087403,-156.8908678308037,-335.6964686319392,105.27478486361076,-44.32800980143373,105.66953679244557,-7.177076992535032,-11.43913734525566,7.069975508528646,-28.682869354212016,21.760057309812698,-18.87786321298177,8.119247610167541
OSP_1_26_08_24_20240826_234100.WAV,527.09094,1.9459101490553132,91643.14577271244,10511.124567507033,0.0035759264558474567,0.6045599754820479,0.0019570915,8244,-1138.8485657850747,-211.15737100717405,-465.147939192523,87.64549196229578,-118.2145511457962,129.9885834292133,-31.445765044982615,29.86584267539006,4.5855054705848834,1.5593252456146125,19.833590531718905,-11.310822034669355,2.9281583753388944
OSP_1_26_08_24_20240826_234000.WAV,513.23145,1.9217531067686127,91328.30856120352,10512.339673770764,0.003553042836599614,0.6044099848321144,0.0019505103,8202,-1146.090776007353,-214.9580444938005,-472.9637222012143,86.3933966229195,-122.74678368043087,130.71892675078297,-33.694611860965495,32.19718399207688,3.6758476873735857,3.272048481936992,19.18729076411819,-10.031387411294,2.49337922595152
OSP_1_26_08_24_20240826_234300.WAV,520.1107,1.5950681012829442,91431.27382764513,10510.336664330023,0.0035876450559447484,0.6044197244847075,0.0019519206,8228,-1161.5283977585075,-222.52649826999019,-493.7639118946652,80.88593432322645,-138.98412054571756,129.9424702204301,-43.1128883350041,36.39624983031703,0.6817085721563069,10.401814252050674,19.676911991117784,-3.4903175234064747,3.0894089401752245
OSP_1_26_08_24_20240826_234200.WAV,516.6564,1.8254094813249444,91387.18638581524,10510.816853669441,0.0035980268704733534,0.60457763671875,0.0019516057,8236,-1149.0716943111204,-215.89026150764693,-477.73661810255294,84.73157239870265,-127.59630860694458,129.6789799521398,-36.57640108336559,32.949363480937066,3.266183955222136,5.724941293769795,20.06695124246351,-7.612788808476933,3.3355668715945437
OSP_1_26_08_24_20240826_234400.WAV,516.6061,1.7858053794994575,91382.08227731632,10515.473244147553,0.0035727336779863682,0.605080592378657,0.0019524962,8254,-1160.672628552178,-222.22301626412244,-492.02028589594175,81.45083326624655,-137.73721570584374,130.38873057328658,-42.029106395475075,36.270864873486644,1.2132270540086192,9.785297048544438,19.211766649409515,-4.595314040609003,2.68822765228068
OSP_1_26_08_24_20240826_234500.WAV,520.2742,0.1669663044660539,91404.32943628312,10510.753498327125,0.003581625055204276,0.6045546511386303,0.0019519037,8226,-1167.9760818502348,-225.9377028177179,-501.7766838179301,78.90175055477339,-145.0389004463512,129.7878369009359,-46.72833879965233,38.09798296467159,-1.031634554062287,12.89851684364103,19.192801453588466,-1.2832295625628263,3.0600567048545058
OSP_1_26_08_24_20240826_234600.WAV,516.6433,1.8766753905158784,91300.38152771344,10515.458920848318,0.0035703291261339294,0.6049844944730718,0.0019499117,8229,-1165.5273499584127,-224.6607167955102,-498.0425762162583,80.11676171824439,-142.38079106984594,130.04407486042945,-44.834301937132054,37.25648750617468,-0.281499815126491,11.70314033059144,19.30132968289019,-2.5157903510933357,3.1366532019331705
OSP_1_26_08_24_20240826_234700.WAV,516.9821,1.9197092576661325,91473.59200572611,10510.659748152339,0.0035724900089550453,0.6050491657662899,0.0019538004,8207,-1164.074741460953,-223.84273084448418,-496.8271453240209,80.33809674154173,-141.06864188219146,130.00597996670007,-44.068927722289665,36.918043454242046,-0.03167426140057983,11.241840298741538,19.327454885073443,-2.900326878055286,3.0805691949818335
OSP_1_26_08_24_20240826_234800.WAV,518.8661,1.9120415156894293,91479.14314325775,10511.658425611642,0.0035896396652667023,0.6045806235455452,0.0019535508,8242,-1163.2116490470355,-223.32808370332188,-495.88466501721797,80.42943658012727,-140.83880651985217,129.61390188666618,-44.34322870049006,36.69254925724238,0.3381592679400465,11.301535104839678,19.908909299600666,-2.680327632852505,3.184748598012852
OSP_1_26_08_24_20240826_234900.WAV,518.92554,0.9293140014509741,91397.03845423862,10508.276295532076,0.00360339208327761,0.6041538968999335,0.0019515257,8206,-1163.1859878340726,-222.79522721641072,-496.07320831496867,79.99614720710399,-141.57537196736112,128.94778176178508,-44.99403935603211,36.56272847638192,0.4284655950651192,11.914729542947091,20.360084228234893,-2.23953711126993,3.2269861011417906
OSP_1_26_08_24_20240826_235000.WAV,519.6943,1.8269965082885014,91428.07215931384,10517.867496627654,0.003575419488494699,0.6051253947805851,0.0019535057,8208,-1159.5313865884707,-221.8081049785843,-490.6102779472187,81.90527477311814,-136.9133141047836,130.17332318204777,-41.576575049264314,36.022940586046396,1.4042879555231758,9.403735775817902,19.430991182598273,-4.6057999308449356,2.811046205135047
OSP_1_26_08_24_20240826_235100.WAV,523.3789,1.1200237720469786,91489.50412375928,10511.924940152712,0.0036324578312542737,0.6048674887799202,0.0019537297,8216,-1153.434923893198,-217.73287273218673,-484.2452381192943,82.47283389405305,-133.97686847940912,128.38063882560292,-40.51824512622149,34.42039449621697,3.0984441049920095,9.117755229319638,21.22771777293828,-5.0347931366523255,3.0357012232513374
OSP_1_26_08_24_20240826_235200.WAV,590.6256,1.8551154395172915,94277.3662960935,10507.382912389647,0.003573431542397256,0.6042094778507314,0.0020530263,8209,-1052.013381468657,-168.39811338575402,-362.93912637831926,103.43711422619337,-57.30384678447418,113.2441240546214,-9.564648487179642,-2.425223875158717,7.243051694374064,-24.864312361635506,20.86353872143627,-20.52532520949323,7.094225763046268
OSP_1_26_08_24_20240826_235300.WAV,513.58997,1.943905190263167,91365.26135658883,10512.326950002818,0.003563381055885118,0.6046206210521942,0.00195063,8240,-1165.9992490593154,-225.33428494962095,-498.65596502923466,80.01324730099901,-141.79987399741395,130.92105367147568,-44.23723687292572,37.5579843054461,-0.6461235350236596,11.161154306957902,18.48080521371227,-2.9527070332394167,2.749937535800164
OSP_1_26_08_24_20240826_235400.WAV,513.29254,1.9439402686835923,91427.91461300802,10516.661471502963,0.0035495224881625575,0.6050881243766623,0.0019527563,8222,-1155.3575823665806,-219.9324282639238,-484.8419075085378,83.72926591183099,-131.5423823728675,131.12683100534585,-38.417761563373666,34.898599185987045,1.97197740903878,6.661170982594971,18.84787114342449,-6.8110520375440995,2.8618845819426517
OSP_1_26_08_24_20240826_235500.WAV,512.9283,1.943775145331901,91356.72725070416,10510.665348468754,0.0035549501958882087,0.6046789291057181,0.0019509211,8194,-1164.936146580305,-224.5155014421265,-497.233237501345,80.3812198090176,-140.58510993294144,130.98561057356613,-43.57557613379113,37.0521995828979,-0.05943683840270214,10.61093269280201,18.572666516178884,-3.33540774006144,2.7202039430201577
OSP_1_26_08_24_20240826_235600.WAV,513.58887,1.9416306237440413,91457.69505969007,10516.64928780749,0.003546476443382466,0.6049083953208112,0.0019539804,8213,-1165.2734795757706,-225.04634669967945,-497.6570306095307,80.37407463040466,-141.09289830468796,131.1494300648541,-43.89578371579684,37.431611214881315,-0.11601805997039144,10.565818944418913,18.52376890067802,-3.3614853341642146,2.7513135019845496
OSP_1_26_08_24_20240826_235700.WAV,539.15704,9.457406114017602e-305,91741.92656300002,10514.134933595173,0.003545517331511802,0.6047516518450798,0.001964997,8215,-1061.3828136260122,-172.29848142804528,-370.93410915565676,103.23100636887987,-60.803502863894686,115.96814126878999,-10.044963993910855,0.3610422505127215,7.429012123212164,-24.205895546252655,19.775623957820983,-21.482489524601263,6.834356950074492
OSP_1_26_08_24_20240826_235800.WAV,512.72217,1.9429963668731864,91324.5574542137,10514.19492275732,0.003563675058085615,0.6049056682180851,0.0019499621,8216,-1167.9318324445446,-226.23902890865904,-501.0077367643504,79.37205295416116,-143.6782160455979,130.89102905794252,-45.40447723920847,38.00839807957204,-1.0330841433593692,11.636382665060102,18.266755909912778,-2.2444181463207964,2.945531412597082
OSP_1_26_08_24_20240826_235900.WAV,514.3313,1.9200503257541996,91285.89092306665,10513.737005914923,0.0035721902231638696,0.6046173745013298,0.0019492222,8236,-1163.1264129726053,-223.61672416652684,-494.8540573664604,80.94055973374579,-139.32074447606453,130.6665827666294,-43.02841701472214,36.71728805021407,0.23989678234623218,10.277983562040893,18.914163236264457,-3.7817173093550758,2.805732079081011
OSP_1_26_08_24_20240827_000000.WAV,514.72156,1.8692924711355776,91415.54953497437,10514.334744470958,0.0035632826118439332,0.6050539706615692,0.001952516,8188,-1122.3971375581177,-202.72063721513692,-443.6731985251497,92.33672555366914,-103.38289890092601,128.8990073386522,-24.117911984505902,24.27241639097114,6.50859204535824,-5.706446546591405,19.215487332447555,-16.127485526416635,2.9304728263340865
OSP_1_26_08_24_20240827_000100.WAV,514.8236,1.873699552997821,91530.03438064698,10510.51418377191,0.0035478882921234967,0.6043501184341755,0.00195513,8206,-1166.4588097203614,-225.49164649250235,-499.52747670175864,79.91710616088129,-142.19478013180296,130.90287517559597,-44.52717770837738,37.51222632198046,-0.7257346021405587,11.350137773236376,18.532688536245367,-2.9236919500038505,2.837904360948202
OSP_1_26_08_24_20240827_000200.WAV,513.27356,1.9434906446670046,91554.72263140955,10515.716709666442,0.0035476797360089562,0.6047545088098404,0.0019557932,8213,-1166.3813850362517,-225.63491782573232,-499.44705509517723,80.03308401742467,-142.4097044113557,130.7289162450286,-44.68492560266457,37.6219170364119,-0.6890405735648466,11.225082841974377,18.616061351788066,-2.6575654465935403,2.6458080681944507
OSP_1_26_08_24_20240827_000300.WAV,519.7297,1.2037628993357319,91560.0489462843,10511.915923000357,0.003555103111760766,0.6046554240774601,0.001955369,8225,-1154.7134360441216,-219.5096670860731,-484.65098004248296,83.58630441745014,-131.29933217760743,130.9393863946995,-38.25598547213276,34.70755431461491,2.135366573921483,6.87412308579429,18.937518426079375,-6.8925641522310706,2.836953072019051
OSP_1_26_08_24_20240827_000400.WAV,517.3878,1.8920171322395802,91439.56720529853,10513.860011990599,0.0035798621338358552,0.6049933250914229,0.0019532593,8220,-1159.0299939908073,-221.31205755210465,-490.1999582226879,81.91882025329953,-136.34070801097786,130.22245525008972,-41.29472470671276,35.78731896087607,1.2890805748237246,9.200487696585785,19.381881412090838,-4.970935361433815,3.0236187792595213
OSP_1_26_08_24_20240827_000500.WAV,512.9745,1.005399365646783,91358.16860070986,10512.117521934506,0.0035525075584809883,0.6048095703125,0.0019513336,8208,-1161.8827769777588,-223.10531148342992,-493.22651546902796,81.57814876413065,-137.5047544427038,130.772641817806,-41.8381486945341,36.5898250232835,0.43082068057379524,9.451083537121203,18.776692185623496,-4.484830384007631,2.7715129745823477
OSP_1_26_08_24_20240827_000600.WAV,513.32825,1.9361963441393182,91590.07667332237,10511.817547381424,0.0035484729356118853,0.6045798443733378,0.0019569544,8200,-1131.3106008592038,-207.35156604580794,-454.9584974582939,90.29000559990429,-110.32608915379818,129.9185185590336,-27.18199894815883,27.348889610523123,5.64833005864272,-2.4648104823125534,19.16732734528452,-14.294456579666827,2.7371168639285575
OSP_1_26_08_24_20240827_000700.WAV,625.06665,1.642907355206239,93100.71167831557,10511.638017821711,0.00355412272959855,0.6047328218500665,0.0020118318,8227,-1066.9057635678384,-175.37062179603242,-378.71564740489345,102.25125864077357,-64.96146093197339,117.59425472720467,-10.91332869958266,3.0513786142812958,7.352082893704845,-22.485470568564317,19.66111909616187,-21.459674332705415,6.453027078090059
OSP_1_26_08_24_20240827_000800.WAV,513.7825,0.9561446151225639,91514.30031808451,10513.64142138274,0.0035471126084162205,0.6049215113863032,0.0019549867,8238,-1151.0361857235878,-217.68945109449461,-479.59010217631237,84.78480266795411,-127.64051913906158,131.04448951882887,-36.21135642115798,33.543396448890135,2.804324879257959,5.4253543069034,19.052335430263657,-8.267120621811745,2.6156348639097833
OSP_1_26_08_24_20240827_000900.WAV,680.564,1.752566863206866,388916.33109459997,10680.733569363596,0.003374584690690699,0.621710205078125,0.009552914,8243,-758.617509679281,-89.35791242459301,-167.2063286520075,84.05495221244134,-13.928059234273688,47.27047623070802,-12.688650651861701,-31.86603625268258,17.58511849697825,-12.33030853437113,21.82714439074182,-8.550988227444943,-2.4371456110871312
OSP_1_26_08_24_20240827_001100.WAV,742.6848,1.8279304626189243,596524.5872544255,10537.254130116735,0.00924335526342241,0.6077833196346258,0.031573173,3910,-659.4219266217018,-133.92455586745612,-287.9256404749216,90.19155151277769,-48.6717130765208,83.42886977464329,-13.893385019539569,-11.575548006665054,4.128705941883598,-14.63696281919265,26.591660969426375,-17.050708148745823,9.859721180928215
OSP_1_26_08_24_20240827_001000.WAV,740.5788,1.4389417175624133,336892.61712627154,10516.955915174663,0.0037290105965048503,0.609136053856383,0.008356138,8160,-800.0541215856265,-96.01312866989852,-200.53720309079125,85.91266310354422,-14.81959891686679,56.06043786984617,-10.99596350050262,-32.75889419013309,14.46982633051182,-14.977758335952503,24.682035459233344,-8.619233436320068,0.36119779082633463
