filename,ACI,ADI,Bio_Energy,Spectral_Centroid_Mean,Spectral_Flatness_Mean,ZCR_Mean,RMS_Mean,Event_Count,MFCC_1,MFCC_2,MFCC_3,MFCC_4,MFCC_5,MFCC_6,MFCC_7,MFCC_8,MFCC_9,MFCC_10,MFCC_11,MFCC_12,MFCC_13
OSP_2_25.08.2025_20250825_204600.WAV,623.0285,1.1413146706904498,1522086.5409265324,23292.408090916753,0.00026513488949332344,0.6195972106941169,0.021066524,4128,-754.7259484519763,-125.49557875647345,-195.74262254925804,168.76989320336116,-2.3609549597724055,-24.755915004994744,-10.862315863424424,-0.8501483045394285,27.461682175659767,-28.102122233221092,11.626666315726577,0.34322852685040384,-3.4560848530867254
OSP_2_25.08.2025_20250825_204500.WAV,603.91046,1.3051941893171368,1127226.4299522797,23385.132769231466,0.0002453052251604594,0.6157073842039531,0.015795743,4117,-782.2474440708803,-120.13968495783189,-183.91049257311792,168.15157360386218,-3.550093549896204,-31.876441529561045,-7.168593006415036,-0.7813507992836828,28.45615172207213,-26.726303513633205,8.973541493351686,0.6346672107062348,-3.1357460734928835
OSP_2_25.08.2025_20250825_204700.WAV,656.84375,1.3533265007997504,862057.513968755,23522.77418684061,0.0003689273715769206,0.621863655051508,0.012310853,4120,-790.272481254687,-115.89193719697091,-167.519217984637,162.47355503541567,-9.296958685527272,-31.760749779770222,-5.138214864136946,1.620627530388039,27.23556052756269,-28.507060707437695,9.353139327007943,1.7736976033575482,-3.290984143683653
OSP_2_25.08.2025_20250825_204800.WAV,800.5642,1.210394086403395,366750.966584999,23889.347182809826,0.0002697633074374213,0.6308339215899218,0.0054596853,4091,-853.5977314177039,-120.72591237666185,-153.51067993626694,171.97904482056717,-20.92415700766233,-37.24154708423575,-1.562318282266159,3.770644630845634,29.49780112276789,-30.53875580844169,8.853479820256704,0.3446441955969284,-2.8290669101639585
OSP_2_25.08.2025_20250825_204900.WAV,589.3055,1.2204057249316251,276472.4630807515,23947.885162373022,0.000287551971420085,0.6288361319155703,0.0035166803,4128,-982.383516905394,-166.00226046294313,-212.50310217472375,215.56802800306042,-23.3923509271709,-21.40916691702245,-19.650398014847827,-3.0058987675498248,37.55180163895881,-30.915536964395653,18.695587286137755,-10.92192206099433,-1.4374348887680732
OSP_2_25.08.2025_20250825_205000.WAV,557.9754,1.1065680061584147,276393.6018030782,23929.981881877145,0.0002823792872949249,0.6280847108880476,0.003489643,4122,-1077.3809796199073,-212.1537264806737,-279.47770586387225,248.27619657411427,-24.986191712687116,5.645712153699473,-34.70379640664418,-7.99641458844521,31.900582975033902,-30.64474930090471,30.446614479190906,-15.176322283538354,2.847077876031968
OSP_2_25.08.2025_20250825_205200.WAV,544.9026,1.5022729708629325,268766.40272225894,23950.973767606738,0.00028813724690882113,0.6290024275280812,0.0033345586,4081,-1125.143081546299,-236.37376148610412,-314.972804076813,259.9088298780129,-27.93211777413293,23.528698085472172,-40.12081864021569,-7.757942226306995,24.85562716226567,-31.576473461941642,33.99489143435324,-14.69878831633203,6.715890619046273
OSP_2_25.08.2025_20250825_205100.WAV,553.1858,1.639546640421613,277195.89076211967,23945.46894515498,0.00028751260392005624,0.6287085012450354,0.0035378085,4104,-1001.565955582725,-174.50483848353247,-224.16478300619883,222.8036125698166,-23.59221837503558,-17.741338410135963,-22.712286029088265,-3.8628948604069153,37.361096750840545,-30.903345393333822,21.169389762780963,-12.24521869151007,-1.3085892727946915
OSP_2_25.08.2025_20250825_205300.WAV,532.3503,1.2834423366037058,270365.73830041615,23954.924007261878,0.00028739015957209355,0.6288786148690579,0.0033852747,4122,-1049.310629763229,-197.0642746836299,-256.3906227023261,238.8235113925975,-24.52495348242691,-4.150960862639864,-30.188656233294495,-6.969504370668439,34.5609075678532,-30.253538728938924,27.500175028465183,-14.682057875720252,0.33096299846847527
OSP_2_25.08.2025_20250825_205400.WAV,525.0177,1.3648999092948757,266207.5650952124,23960.854282971988,0.00029292128833990693,0.6292969598447002,0.0032818965,4105,-1126.5147313812295,-236.863156203119,-315.54827092333034,259.81315506770505,-28.19825514579989,24.475777945199958,-40.295072760371326,-7.961946375576915,24.723149847160627,-31.771074096671793,34.288026047833135,-14.511749942829775,6.5960597815300765
OSP_2_25.08.2025_20250825_205500.WAV,553.21783,1.447369167977757,266200.29282932583,23953.547198233453,0.00029598015027889826,0.6292045397247735,0.00327769,4102,-1060.82345174411,-202.31189966451473,-264.81592010804684,241.6066559476389,-24.52950861038089,0.2959308800607249,-32.218918113659406,-7.93782003644024,33.88717659552369,-30.293094904117336,28.65051852562641,-14.751485284367591,1.0739366383698274
OSP_2_25.08.2025_20250825_205600.WAV,561.47095,2.099182123007944,271147.7944962326,23959.32035320386,0.0002923649733326724,0.6293196861036986,0.0033718569,4085,-971.2787825900992,-159.87501750700184,-204.0762295932378,209.9224258259428,-23.383227437274275,-23.66114446854361,-17.20816006233108,-2.1709551400046667,36.855392440821376,-31.080991691973797,17.59922857928842,-9.763449225081386,-1.852552149922354
OSP_2_25.08.2025_20250825_205700.WAV,551.4743,1.840563302908062,264999.8572809073,23961.799375492934,0.00029385793278029735,0.6294671340720802,0.0032555626,4088,-1131.8031224433976,-239.48657626451532,-319.6226279860301,260.7488349979363,-28.627737534228558,26.549956074388408,-40.672327298598404,-7.690573158183557,23.76308362984617,-31.870874759276667,34.25967138240526,-14.395588340552928,7.32844258361908
OSP_2_25.08.2025_20250825_205800.WAV,548.2396,1.858631069805297,264546.1858815173,23961.045478735028,0.0002979797334198419,0.6292312658053556,0.0032433865,4103,-1144.8002846068914,-246.61839230701383,-331.1116937250907,262.9872484240692,-29.810775245406234,32.67830557955586,-41.774618971310794,-7.148009687826035,21.332889998917423,-32.33103926339948,34.46965474802255,-14.081548728919595,8.711767182021017
OSP_2_25.08.2025_20250825_205900.WAV,562.526,1.899914101985017,267483.47055703116,23954.005502105403,0.00029463222720546524,0.6292261145199827,0.0032993231,4116,-1060.3043656132534,-202.20117462296764,-264.74676924929116,241.4512656843303,-24.377769269663204,0.3241345844156558,-32.34275910479439,-8.057188783941456,33.92048587007191,-29.95302174531259,28.64930890263571,-15.11470867445307,0.956812638216182
OSP_2_25.08.2025_20250825_210000.WAV,541.4435,1.7010763336361645,278652.4432203359,23921.961432059255,0.00028923778871236524,0.6283114280478156,0.0034445827,4122,-1111.7389645435312,-230.8440927260817,-310.1073716462963,256.6081881261017,-26.118045845472174,21.116404667865023,-39.076016978905855,-9.143037654237704,26.14808474953343,-30.96814600890864,33.759968622528255,-14.825462438712986,5.678833417420285
OSP_2_25.08.2025_20250825_210100.WAV,672.81525,1.7070424788447467,272059.89209485933,23937.718153410402,0.0002947863246975989,0.6290672125170659,0.0033922112,4098,-964.265762752085,-156.90698345437178,-201.23767916602333,207.05322954238352,-22.438136958700145,-24.484280679732425,-16.842240752135382,-1.9724340623229388,37.15442399892078,-30.979915865574693,16.66563730255587,-9.382342831553071,-2.036471453887142
OSP_2_25.08.2025_20250825_210200.WAV,671.96704,1.6181673166881139,271340.719662454,23929.09946706085,0.0002957627424646769,0.6286057179510053,0.003358147,4112,-1105.6108292429526,-226.26538827451998,-302.7351847098702,253.9976568110779,-26.001923283073726,18.132927512827607,-38.16494802161697,-8.88520117020049,27.323512033523112,-31.122924878567353,33.32953642421462,-14.672407459615927,4.853955015041195
OSP_2_25.08.2025_20250825_210400.WAV,658.60535,1.6163001210349466,269685.7579974298,23947.151960653566,0.00029598894957417413,0.6290358805813268,0.0033432504,4110,-1075.8797104621717,-210.2424258094462,-277.1250081566796,246.20367956940703,-24.823339736564506,5.8052394623135175,-34.51385168618386,-8.49892381074769,32.071916547559404,-30.247775901566673,30.517056180722307,-15.198403115264025,2.0042370416954864
OSP_2_25.08.2025_20250825_210300.WAV,566.5094,1.6047267125922395,289716.95606014685,23910.132653701563,0.0002897431032986425,0.6278393278942224,0.0036123674,4106,-1051.063584147964,-199.82694571139876,-263.97609900497923,239.71912615471845,-23.105700690506154,-0.8976399562331402,-31.772766968488742,-7.887501100158433,34.21286999348676,-30.121918909543645,28.089288719436254,-14.834951043257606,0.7290788080150363
OSP_2_25.08.2025_20250825_210600.WAV,604.49603,1.2672347705036815,276129.3069545614,23905.872060395966,0.0002916800362281293,0.6277885422807807,0.0034183494,4113,-1109.4420504520604,-229.38923876684473,-308.6311063788777,255.48780444439302,-25.51712291274863,20.478491756708724,-39.07661762511417,-9.031016616139148,26.250929896346708,-30.9826613321853,33.98036313572834,-14.760640050576926,5.111925286507478
OSP_2_25.08.2025_20250825_210500.WAV,660.9906,1.6470607077085153,270821.1082230162,23953.08458174613,0.0002945929189308982,0.6295542816999193,0.003351553,4080,-1056.8073374178284,-201.17098593932903,-263.84071392626953,240.577658659445,-24.316125775247244,0.12957029632401162,-31.93874657551458,-8.34649785479803,34.15618949120575,-29.889442330241028,28.397536603582147,-14.99380579646047,0.6915553257450691
OSP_2_25.08.2025_20250825_210700.WAV,541.1812,0.5623351446188083,271483.85845656984,23957.949383060994,0.00029046863826943107,0.6295397974975177,0.0033518963,4105,-1106.9736225691668,-228.03692218343684,-303.4948009535178,255.28043322960693,-26.756109435115334,18.950921412185142,-38.72443598353406,-8.914396041619227,27.39739375257216,-31.083479348614862,33.502228650315864,-14.980709822231114,4.779358316200274
OSP_2_25.08.2025_20250825_210800.WAV,677.4334,1.703834985617491,268498.0451920887,23947.47733559829,0.00029498681693582347,0.6290770302609532,0.0033193983,4110,-1064.4356061421797,-204.41946878411247,-268.5989338893297,242.66993635617683,-24.443552604330225,2.018772853631953,-32.97426651614443,-8.244702866752206,33.53770531073963,-30.14080101187695,29.15037978141988,-15.097757384578534,1.1538895803968943
OSP_2_25.08.2025_20250825_210900.WAV,558.6649,1.4186109171026404e-304,264829.7532224539,23960.163613659337,0.00029655215578810215,0.6292248418494787,0.0032543556,4084,-1152.4877916188223,-250.81256231745107,-337.11166728108293,264.529895665143,-31.02007462331588,35.29058831502176,-42.17952869405663,-5.6422937811384655,20.09962530251025,-33.081416844517044,33.97931010675075,-13.970182181512472,9.69574657171968
OSP_2_25.08.2025_20250825_211000.WAV,708.8115,1.803259061300295,269380.56330718746,23956.640543836533,0.00029656076612679055,0.6295301615637023,0.0033405854,4099,-1075.555523238993,-209.93740721599136,-276.1139887737707,245.97931770896074,-25.30649778233015,5.533354085230581,-34.28366399886909,-8.252690566152905,32.29019611774899,-30.336920148904305,30.15460621463288,-15.247677878904245,2.068340250960436
OSP_2_25.08.2025_20250825_211200.WAV,578.69165,1.4429020727271724,274811.58889882505,23928.392721202254,0.0002938668569257479,0.6286033544200695,0.0034064632,4124,-1059.7772542586888,-203.1928368888825,-268.28007203438335,241.66727977262985,-23.751250385162205,1.6235406316669294,-32.40982707953026,-8.44632849376628,33.1178229665512,-29.92889581102682,29.186717808209295,-14.988478633017252,1.0584923651666602
OSP_2_25.08.2025_20250825_211100.WAV,595.08813,1.2499222174177196,275392.3807209857,23940.16479549589,0.0002916422385938925,0.6288327987309172,0.0034236247,4090,-1113.1418709457175,-230.80633767454594,-308.66690857291064,256.68296523997947,-27.07390904457403,20.514285858235855,-38.71580892436496,-8.324852058909578,26.353849448975964,-31.4599553274432,33.33595130363843,-14.740685348959506,5.668320338551555
OSP_2_25.08.2025_20250825_211300.WAV,632.041,0.6931471805599453,269846.1486065398,23938.49512685859,0.00029632189993940067,0.628893341484889,0.0033352158,4105,-1073.428168995371,-209.18287811539767,-276.09631882211204,245.30388173587684,-24.7125157661034,5.388803741580836,-34.14391741365406,-8.336891987487858,32.12007290271292,-30.33476958446628,30.233379638008717,-15.137823123826946,2.083836908345462
OSP_2_25.08.2025_20250825_211400.WAV,606.84674,1.5911799180638833,263937.2628769849,23967.6736199903,0.00029546506957824114,0.629540585341163,0.003249611,4112,-1049.258531405605,-196.01295039690456,-254.67638408719995,237.54607147360767,-24.66809757427335,-3.8863176301870257,-30.271128097052724,-7.143194479853468,35.067763574234455,-30.32130951536864,27.16843109439731,-14.567417101231339,0.10278133283359031
OSP_2_25.08.2025_20250825_211600.WAV,578.57635,0.6467238528694028,265933.04617716884,23970.76373082236,0.0002949868621792299,0.6296583376644532,0.0032827873,4108,-1108.0988747743293,-226.72030346861283,-300.0306208133573,254.95897564749637,-27.41464144406134,17.164959491108846,-38.06786599702118,-8.228909284662269,27.855422396150004,-31.30371679026154,32.890927251752004,-14.835798631379753,4.81113087083371
OSP_2_25.08.2025_20250825_211500.WAV,654.4122,1.6705766933693411,266863.4724286697,23964.56761494064,0.0002945227810200365,0.6295748868414112,0.0032949725,4089,-1103.2081271025452,-224.31913384577365,-296.7028045708426,253.73079281488725,-27.033787931614455,15.433571575419151,-37.588586939698274,-8.157768036502445,28.490312999877712,-31.22777759984352,32.512708811819124,-14.815459812313808,4.497746859439701
OSP_2_25.08.2025_20250825_211700.WAV,636.33795,1.2623888953642894,265314.38649943087,23966.714261781035,0.000297078562461515,0.6297778474851061,0.0032700866,4110,-1104.5969704042382,-224.77066081884027,-297.16948333918015,253.90255197605538,-27.123617126961193,15.769083919369605,-37.72047289571568,-8.067147332159317,28.22421670952763,-31.19866501766083,32.722899384882595,-14.953340260357475,4.5853801752385985
OSP_2_25.08.2025_20250825_211800.WAV,676.5591,1.5412712277613212,272315.8308998764,23937.81499214576,0.00029307262557073846,0.6287201976929999,0.0033988005,4091,-990.3332503338047,-168.83473050301947,-217.62924076230024,217.34225227115897,-22.899190661840073,-19.20672336601745,-21.078404837397997,-3.644354630931125,37.26450131749001,-30.701916333001908,19.967456923866013,-11.619732286784679,-1.6772867694117957
OSP_2_25.08.2025_20250825_211900.WAV,587.6595,1.4801314907299898,265134.20110869536,23965.870159906728,0.0002942408982689627,0.6295424034418828,0.003265392,4093,-1144.3928977108624,-246.34586424175902,-329.64378109059794,263.24396607368203,-30.310245536096936,31.5706008376498,-41.50392013148695,-6.327113628395065,21.49133847040929,-32.591717520900026,34.163247629878626,-14.209764846757635,8.745626634277281
OSP_2_25.08.2025_20250825_212000.WAV,559.53687,1.2427860363893035,262147.84146181145,23981.272114979034,0.0002961515211242744,0.6299806263187291,0.003218531,4119,-1148.9962200198431,-248.34778361298612,-331.73826735287577,264.0235301856595,-30.98275647510399,33.007906149899284,-41.893402994582004,-6.020708685367368,21.072359254679043,-32.8153429119916,34.10749943648116,-14.132691870342287,9.024452702170091
OSP_2_25.08.2025_20250825_212100.WAV,574.85583,1.1180843228589936,264680.1332357039,23975.596970455426,0.00029551498765358893,0.6297415460740661,0.0032601154,4073,-1086.2370478698865,-214.98893109715354,-281.84983853083645,249.15943467993674,-26.364439470588376,8.413611270284239,-35.427299789346584,-8.013433630750935,31.12587867231004,-30.802225001270415,31.141647588194257,-15.12827975774139,2.7253425980217645
OSP_2_25.08.2025_20250825_212200.WAV,653.3545,1.3529254642307595,266084.8195885423,23966.248218713947,0.00029476038239551134,0.6295278586361238,0.0032876988,4096,-1043.0588232723187,-193.25735538790283,-250.6566096127409,235.72923073560617,-24.708206602071428,-5.780246084165047,-29.200207813074034,-6.608954505650769,35.370203171568306,-30.408153456783428,26.33259488402227,-14.407601750608162,0.10760515205792094
OSP_2_25.08.2025_20250825_212300.WAV,670.8487,1.4530279282511855,268762.2487303288,23966.28045259993,0.00029648324851935755,0.6297092444846096,0.0033450935,4120,-1014.6327952996102,-179.58769823387516,-231.1406029953135,225.97566274350345,-24.181309685755217,-13.902387047861136,-24.561957897780083,-4.862008255259095,36.884821098737426,-30.653006089338625,22.671099212774287,-13.09231696656182,-0.9280955648972443
OSP_2_25.08.2025_20250825_212400.WAV,664.71875,1.978060991123664,266352.0090191237,23970.401125512155,0.00029388866972967164,0.6296688220452712,0.0032929683,4072,-1034.1316438174579,-188.7713563980139,-243.83406282702714,232.65296716920997,-24.613437217192804,-8.599763580003529,-27.82147879481928,-5.957144902773366,36.067049219620564,-30.585316521223444,25.188480806965,-14.027906036209032,-0.3639847477677353
OSP_2_25.08.2025_20250825_212600.WAV,609.79126,1.9349029284467185,266851.99120932544,23972.997089227145,0.0002937739105022698,0.629925356056845,0.0033036447,4103,-1075.0003164879752,-209.32891078099513,-273.79541680022106,245.89950669467757,-25.81098693284845,4.5830204631570135,-33.936053729334986,-7.784219724564112,32.436844486572554,-30.705320198882067,30.00833994693039,-15.019343862515072,2.029930043851729
OSP_2_25.08.2025_20250825_212500.WAV,636.7234,1.8149799120855161,266304.8350276739,23972.072514625823,0.00029340863253634773,0.6297671812942162,0.0032890195,4075,-1057.8036590285967,-200.81913680343027,-261.20280943997176,240.83649673672895,-25.206560456630744,-1.261472724611678,-31.54741321664457,-7.152492334690448,34.23560796880688,-30.602853081572206,28.208974357754077,-14.757247693565821,0.7469369808700594
OSP_2_25.08.2025_20250825_212800.WAV,715.2257,1.374114318185996,270388.22160326754,23963.510463263738,0.00029408921310387546,0.6297274254918084,0.0033543832,4122,-1077.6263752367888,-211.36036288186583,-277.7111807566244,246.82355235050935,-25.883068275802927,6.287807960180512,-34.303625815729454,-7.876333381328379,31.690890613567433,-30.81412139057639,30.572797850332392,-15.026107503840947,2.3370631094729393
OSP_2_25.08.2025_20250825_212700.WAV,671.912,1.6655461787872372,266569.2463315909,23967.10996762255,0.0002933769539608871,0.62955403928649,0.003295687,4108,-1034.1040812618724,-188.91302294688265,-244.31304428803372,232.82593618389743,-24.500043369052076,-8.56146877111617,-27.790365189535688,-6.046613268903457,35.94089283887804,-30.508674479503046,25.339936394037082,-14.139573264396958,-0.37273057287044736
OSP_2_25.08.2025_20250825_212900.WAV,733.4192,1.8702877045733965,268193.76202834834,23970.903432411487,0.0002972782116487998,0.6296392476068946,0.0033326885,4085,-1007.3245537993467,-176.12496160071385,-226.0257896098438,223.25451479779244,-24.246310415083414,-15.67525941081382,-23.362849853845443,-4.348523002056258,37.19822045526196,-30.961180111453263,21.78635591038972,-12.42396856127919,-1.3139758628893154
OSP_2_25.08.2025_20250825_213000.WAV,614.43066,1.3699846416538364,264455.670973989,23974.465438494673,0.0002944243150761647,0.6299022661777026,0.0032607887,4118,-1079.4206225580692,-211.43273600428608,-276.5482095669075,247.07526054536117,-26.035198316671572,6.009785675165758,-34.53460957142968,-7.815906574448211,31.844412721823687,-30.70073834760181,30.489033842879525,-15.056959623941877,2.346254162216655
OSP_2_25.08.2025_20250825_213100.WAV,668.47986,1.5661464743752869,270206.5583365616,23972.16093350071,0.00029417953346602796,0.629803240291827,0.0033565965,4098,-991.6197969925408,-168.79311263813852,-215.5541873069518,217.42500648042648,-24.131555834683013,-19.57259177878644,-20.549203783134605,-3.1743317756252267,37.19288752921911,-31.12183355347483,19.848208005711395,-11.284792784805878,-1.600805469346118
OSP_2_25.08.2025_20250825_213200.WAV,532.8684,1.9889706706388668,264280.19773708755,23994.815574841592,0.0002931617063982466,0.6304007893950913,0.0032560865,4097,-1127.918020881445,-237.4103075111403,-314.14869675710577,260.2773740298833,-29.52728302594829,24.275922699932966,-39.99350197839841,-7.3389421127618935,24.827462460828457,-32.06253925941146,33.68769553604777,-14.395415805810844,6.9420281840244025
OSP_2_25.08.2025_20250825_213300.WAV,667.1511,1.8988915799622683,267416.15987620724,23971.921732779596,0.0002973208834390626,0.6298645102860866,0.0033098876,4128,-1024.609229097396,-184.36863062712848,-237.6653879009281,229.59424944682397,-24.43196933983706,-11.217475272425668,-26.238201669235615,-5.606189803387834,36.58428628205832,-30.50163096481582,23.989664478034257,-13.668408580643897,-0.7461665995098247
OSP_2_25.08.2025_20250825_213400.WAV,614.74194,1.3394061647041309,267715.18554811226,23978.81230628831,0.00029204936997021967,0.63005298672738,0.0033106236,4089,-1060.5197864673232,-202.64364637290902,-263.6078980199477,241.94564135541063,-25.490387068360103,0.10295308934673854,-32.12100334101489,-7.460317118030013,34.00739811917998,-30.589660336745478,28.666067494969063,-14.873354762364928,0.8540424938797531
OSP_2_25.08.2025_20250825_213500.WAV,622.01483,0.6931471805599453,265615.15288096224,23974.845732882266,0.0002948492955912954,0.6297729992165197,0.0032723516,4104,-1126.8268880904088,-236.98751675134028,-315.05700617369996,259.69481626288064,-28.931982871285417,24.512010406241966,-39.97212979993335,-7.597418404976019,24.716256529003854,-31.73652267634754,33.714330298112955,-14.733726001699722,6.897354656640252
OSP_2_25.08.2025_20250825_213600.WAV,664.0486,1.683097194775888,266692.45943263354,23971.692531443838,0.00029324128738346313,0.6297466367560817,0.00329366,4117,-1090.9141365838902,-217.78024806714004,-286.227892740092,250.65981296471742,-26.54634401221153,10.320381273873856,-36.04789916102643,-7.991090507894611,30.309942048027718,-30.966398773272417,31.673840602712662,-15.081951455063134,3.2052560342747425
OSP_2_25.08.2025_20250825_213700.WAV,595.3773,1.8249984827521197,266274.20861512475,23965.751608486426,0.00029410673345344515,0.6293973796077945,0.00329552,4086,-999.5718024005739,-172.471179230734,-220.87343963478034,220.53072802844554,-23.93962106915746,-17.874860058915683,-22.023803506502585,-3.7729690591280574,37.143803328093966,-30.88344286776263,20.94682159841631,-12.03396281131027,-1.5503092862958068
OSP_2_25.08.2025_20250825_213800.WAV,612.85406,2.302585092994046,263852.5819343951,23976.424562781544,0.00029443362968453306,0.6299339011302284,0.0032504422,4095,-1114.5551420234249,-229.80617649214898,-303.82221294439313,256.6000773319431,-27.895344884396586,19.004826962823763,-38.78234326204368,-7.886053352029225,26.849018574152286,-31.31515401757794,33.407601011193,-15.0215519809057,5.2700170500627745
OSP_2_25.08.2025_20250825_213900.WAV,542.76984,0.9295766671680803,263433.37049485854,23972.252433807433,0.0002942725155538831,0.6297756051608849,0.0032383192,4119,-1205.0857377872344,-281.0791689658524,-383.1056714723503,271.8778431166976,-39.31113834959635,58.13625514170461,-44.888372618611506,2.3388633865388404,10.232401144474457,-34.904628176801396,30.501463875359896,-13.523290251788023,14.477365983019688
OSP_2_25.08.2025_20250825_214000.WAV,637.42664,2.1453851305068894,264093.67363444925,23973.87395916998,0.00029586834948336084,0.6296451867359129,0.0032549766,4089,-1029.106871007451,-186.2784600526824,-239.9258804858071,230.95253117228182,-24.49074947046787,-10.16318549870848,-27.13318183617482,-5.726040572661158,36.39761785299963,-30.336698115878683,24.62846059217434,-14.164354134640078,-0.6854557714315389
OSP_2_25.08.2025_20250825_214100.WAV,569.0796,1.3515904575383,266560.483185644,23963.279187527995,0.00029397389808564437,0.6294827091349138,0.0032851154,4101,-1119.758118902534,-233.43011346598342,-309.8482007312816,258.20958127264254,-27.904995854056548,21.770678603224514,-39.92269178078666,-7.741595609803134,26.032563115497872,-31.469421942088605,33.6236594455434,-15.036878302380144,6.037350397415405
OSP_2_25.08.2025_20250825_214200.WAV,679.9072,1.9548120554760613,269702.20056522754,23964.867228500716,0.00029428663529321977,0.6295250708816867,0.0033668492,4113,-946.5709949094381,-148.7092531693245,-188.0874406819424,199.79258746006326,-23.35731289357361,-28.396973119722627,-12.994738586784115,-0.024825339758061536,35.97793723044785,-31.58043863137178,14.719062310128724,-7.219229632647738,-2.2423271360238135
OSP_2_25.08.2025_20250825_214300.WAV,596.3685,1.9354174448827763,265213.8795386208,23966.68558106289,0.0002919690847936039,0.6295291919099851,0.0032696999,4122,-1116.0328291716517,-230.93476295267672,-305.8584122558231,257.18434567978073,-27.79195550287312,19.68949702128803,-39.1179295530709,-7.716577952740779,26.579499827198745,-31.382658363783033,33.42644599421814,-15.082136509471184,5.524564187294616
OSP_2_25.08.2025_20250825_214400.WAV,767.09424,1.6418790039249704,274568.98619110044,23961.09991259561,0.00029555791227406716,0.6298514199609035,0.0034387805,4097,-991.6693374946983,-169.45233581794758,-217.41125180891004,217.88632735547392,-23.791438498548388,-19.013682713748025,-20.83045881876557,-3.5895101245134984,37.23208318451293,-30.819685782023903,19.917223225405657,-11.587829387081715,-1.5083166192583148
OSP_2_25.08.2025_20250825_214500.WAV,680.45074,1.830777735792644,268982.0403322996,23964.67574284899,0.0002935191189847163,0.6296507622447871,0.0033354412,4103,-1024.928388815288,-184.8695413907095,-238.66378324593074,229.87962937664278,-24.295726578160462,-10.862756056767862,-26.560263491971508,-5.633116184336093,36.64256944290758,-30.430444764291995,23.996106935369752,-13.92485615705119,-0.6105351522942094
OSP_2_25.08.2025_20250825_214600.WAV,647.1093,1.782664314751061,269432.2036523706,23962.02004687623,0.00029158207765211925,0.6294288933536055,0.0033407323,4112,-1005.9630194037244,-175.71932185909998,-225.49473674690407,223.17234316180867,-23.940846751838485,-16.34344972921658,-23.367541390250004,-4.092648070083662,37.326560897005024,-30.82544384733087,21.441405643980588,-12.609537217741074,-1.0919280966748042
OSP_2_25.08.2025_20250825_214700.WAV,630.64514,1.4238910257682715,268877.35465583124,23967.075030857748,0.00028969858246934377,0.6294928298955876,0.003338041,4105,-1105.430848060834,-225.76912361645526,-298.154494675823,254.9419093792256,-27.473356749964037,15.626602947808427,-37.73102885612997,-7.6603525009422695,28.133575865116864,-31.3701416457458,32.6533101758734,-15.09586383646682,4.8763180408982105
OSP_2_25.08.2025_20250825_214800.WAV,688.84375,2.0048687566425802,270281.2263938884,23972.2110243638,0.0002943050908195853,0.6296314903771565,0.0033591771,4099,-1056.1224489729425,-200.40440326879843,-260.4276425371281,240.56865232928027,-25.358605441524666,-1.6346618382810716,-31.39397880880239,-6.926190642881031,34.32190779986515,-30.488354131707364,27.96905375594167,-15.117600703301443,0.9357113045830726
OSP_2_25.08.2025_20250825_215000.WAV,576.4391,1.1949164121676408,264379.49414255365,23976.256140930793,0.00029491832003876906,0.6297267588548777,0.0032617187,4110,-1064.1882036520308,-203.7044800596124,-264.90015306674934,242.72485467695847,-25.57443250298211,0.43539338907946834,-32.30985179569814,-7.239856397289584,33.585114643110714,-30.546702457277192,28.823727149378175,-15.036486920979042,1.2562281106918465
OSP_2_25.08.2025_20250825_214900.WAV,654.305,1.4248481096011123,268125.29721815453,23967.279411665815,0.0002927982611251902,0.6295481001574718,0.0033332182,4099,-1012.9836880879095,-178.8890581585503,-229.6657547946866,225.6398746999355,-24.342029376677086,-14.703706055056514,-24.23072014398964,-4.401850205712439,36.96321896526868,-30.925537363291383,22.43817315984179,-12.935145432041883,-0.9473568197867722
OSP_2_25.08.2025_20250825_215100.WAV,544.8479,1.4186109171026404e-304,264436.4345680384,23972.87199258647,0.000290773858762713,0.6294094396759029,0.0032584497,4092,-1153.519042246319,-251.35993138738448,-336.482441523349,265.2292372505383,-31.55458509005247,34.902553156006974,-42.02940277882767,-5.248584518148369,19.782964118569826,-33.18608015967905,34.12189271295128,-13.93083819655014,9.790918976484317
OSP_2_25.08.2025_20250825_215200.WAV,686.128,1.396120605855637,270748.64921691315,23971.941322517185,0.00029369387239826835,0.6295802805402135,0.0033634438,4096,-1068.9710124227083,-206.8654122089127,-269.98322041281415,244.53487411376457,-25.720322524499206,2.677543510844629,-33.317460158767695,-7.401446977082834,33.04964210441249,-30.700759084735314,29.53482629171721,-15.162187523754858,1.665918649416938
OSP_2_25.08.2025_20250825_215300.WAV,667.07715,1.767166847134721,269630.3098722543,23958.601052715,0.00029429082459688454,0.6294528922831079,0.0033484611,4101,-1079.8380330041516,-212.25159410833047,-278.9120436069246,247.4513155362447,-25.856364665021218,6.568453533384661,-34.571203916786,-7.674428639496031,31.490248944591002,-30.772000627160846,30.613937049929294,-15.23756474069,2.5626948042134403
OSP_2_25.08.2025_20250825_215400.WAV,578.4868,2.0162090978162137,269820.1516137151,24000.171669534044,0.0002896029965674425,0.6304872097826424,0.0033491591,4095,-988.6436251924276,-168.79169928239713,-213.84881322453407,217.56650826536432,-24.9919269248187,-19.82389060015,-20.431470512204722,-2.8723207618315403,37.50920698429817,-31.555874826813405,19.671842697238358,-11.026848801411631,-1.677499313357533
OSP_2_25.08.2025_20250825_215600.WAV,728.0393,1.957970949726041,273942.50438791374,23965.108989230757,0.0002930201324002217,0.6298276634448305,0.00342339,4083,-1023.6068339026166,-184.78013231323854,-238.79502575278045,229.7246688232366,-24.417543026829907,-10.814439747881506,-26.258346145343236,-5.479756404181631,36.30842197282957,-30.751185974456668,24.268788571759934,-13.628086082068137,-0.6637544233016898
OSP_2_25.08.2025_20250825_215500.WAV,740.5043,1.8808378569111488,282898.7716749578,23970.258442254602,0.0002948381879894683,0.6301140749115676,0.0035844324,4105,-990.5649732039356,-170.23875676970624,-218.0367206808728,218.4317483123295,-24.182760171518385,-18.54820970603139,-21.064945835575728,-3.39536510460384,37.19212295438377,-31.31708789701895,20.347640019243023,-11.502875595660838,-1.5747256328968904
OSP_2_25.08.2025_20250825_215700.WAV,623.6475,1.4641534768489253,267191.9046915609,23966.36480171611,0.0002937691358802147,0.6296497925910699,0.0033070769,4105,-1054.5482142822125,-199.15320579861626,-259.0838502263842,239.7455219430152,-25.05280116195729,-2.348415957843415,-30.910998944513505,-6.959375250777489,34.325866942323316,-30.46248683562202,27.771626106410086,-14.86415296948941,0.7574405144125798
OSP_2_25.08.2025_20250825_215800.WAV,711.2071,2.0065150613405622,271127.32676715986,23969.472340396926,0.0002938915724394625,0.6298155427733648,0.0033746054,4122,-1032.7053970992972,-188.8220833909453,-244.12490677400035,232.71660867863457,-24.66331876711431,-8.640026436460653,-27.71276800947924,-5.898479353137815,36.02758883924857,-30.56710040830989,25.161254165649794,-14.146418279252376,-0.3143179312965834
OSP_2_25.08.2025_20250825_215900.WAV,616.1687,2.0465627307182976,266883.34382589214,23967.77953251722,0.00029278378965145476,0.6293621690571863,0.0032936756,4102,-1125.9715160764292,-236.54330343238203,-314.5897792344912,259.59387995645517,-28.859147985992582,23.937596057060077,-39.80278683914759,-7.297022086816649,24.793724599828046,-32.04066114798479,33.72247784944801,-14.529954475787854,6.778668310367467
OSP_2_25.08.2025_20250825_220000.WAV,636.47815,1.556101025391047,266605.1317102366,23965.495352671092,0.0002914834184571616,0.6295954919829031,0.0032951948,4099,-1103.4050602799489,-224.1677764966577,-295.94218394656053,254.0024678180891,-27.14031973723575,14.73370300003407,-37.50833180867008,-7.850263312480504,28.610684095664517,-31.33424890082745,32.53323675928409,-14.916823020559288,4.38916602599148
OSP_2_25.08.2025_20250825_220200.WAV,654.27765,1.69289207776318,269538.4477229877,23962.595365272537,0.0002914767766175216,0.629417560525785,0.0033468255,4073,-1082.793249961348,-213.8740489989053,-281.0563581504921,248.6301157639498,-26.079920130320907,7.441820474142797,-34.829063350637135,-7.861844921028004,31.13576263008385,-30.838549865831368,30.94690478690922,-15.071610708386604,2.7320072300772202
OSP_2_25.08.2025_20250825_220100.WAV,644.2438,1.7187721105454679,268598.00431924773,23966.814494246926,0.00029333633726576317,0.6296708825594204,0.0033298277,4101,-1075.1618971823684,-210.00733410794356,-275.10073580235706,246.28636067064633,-25.754732581267955,5.08114911653835,-34.16015618946344,-7.782470559249143,32.273955077764036,-30.779065232530467,30.259389177099543,-15.15421262312643,2.102507395875674
OSP_2_25.08.2025_20250825_220300.WAV,679.3036,1.0478091056828414,270053.38733399747,23968.27062142362,0.00029237444362541405,0.6295034960864776,0.0033572314,4092,-1045.7592287942425,-195.0997463763529,-253.14796476817358,237.04650610680847,-24.997810698900395,-4.875017065075189,-29.607513953178085,-6.497838043771188,35.009226984534486,-30.591953277513568,26.835191732585635,-14.617136762046911,0.31197911469021944
OSP_2_25.08.2025_20250825_220400.WAV,671.1118,1.5875570640586312,271302.7517541829,23960.67257148307,0.00029324361046351453,0.6293986522782984,0.0033848437,4092,-1043.3186319210618,-193.95275607636472,-251.72594248463702,236.35797965400633,-24.65538210720896,-5.77282576458891,-29.374864958195587,-6.303581174718477,35.20550747387406,-30.51712967360044,26.482938593584095,-14.547300597187128,0.1515860496476683
OSP_2_25.08.2025_20250825_220600.WAV,596.0778,1.578219216900549,267191.3470680898,23971.637787733107,0.00029417988989211366,0.6296942754553494,0.0032976896,4093,-1079.564352029615,-211.85377444119584,-277.22207944470705,247.48376764042376,-26.11534910446926,5.9487976481614036,-34.43510548411846,-7.654398994320996,31.66818325399256,-30.69892038219154,30.469869234589513,-15.118146125159234,2.4682411352560885
OSP_2_25.08.2025_20250825_220500.WAV,579.9671,1.7852485841284291,265756.5697891594,23970.464493665415,0.0002924685762496914,0.6296382173498201,0.0032803228,4121,-1109.4032478531044,-227.42999043209304,-300.43085250034966,255.68994196368274,-27.59171906296657,16.96436320285973,-38.14993990090343,-7.806979339620285,27.673569641231825,-31.419620921220485,32.85716708647756,-14.897810575845368,5.104426366516072
OSP_2_25.08.2025_20250825_220700.WAV,695.448,1.0217278604945914,271282.43751889205,23967.927348110134,0.0002904043730632706,0.6298185729412312,0.0033884821,4102,-1049.5515329323282,-197.23661706558775,-256.46913332841433,238.57094592276877,-25.116981611442494,-3.604322009615028,-30.11358910105204,-6.824096598776577,34.65294121408975,-30.54649838246756,27.344950102094383,-14.652907633494351,0.48931388309000384
OSP_2_25.08.2025_20250825_220800.WAV,545.41504,0.9335998010573177,265669.6902830678,23984.066170239606,0.00029051047588824744,0.6298771763877684,0.003276162,4104,-1135.0359180552525,-241.66501278542876,-320.9478764405342,262.0227499245758,-29.94207321560228,27.321713108317482,-40.69939338553865,-6.825915418262188,23.303501033889933,-32.33069007287385,33.9879599243918,-14.28121839089769,7.7739189728186835
OSP_2_25.08.2025_20250825_220900.WAV,665.635,1.7939040159802349,269526.86189614574,23961.925861156014,0.0002916728791459437,0.6292339929564355,0.0033525762,4103,-1044.397453164112,-194.27498914127798,-251.92945245744656,236.75342693222657,-24.760719183264214,-5.798662026554381,-29.43685624875327,-6.251161529882471,35.29675232329641,-30.719331144170393,26.511471197179993,-14.417093891907212,0.22629926169151893
OSP_2_25.08.2025_20250825_221000.WAV,572.6265,1.5082108166732184,264847.575112631,23977.562182004287,0.0002928328832210015,0.6298096642477039,0.0032670305,4097,-1125.3573498544731,-235.88822293430638,-312.63228480857225,259.53106223583325,-28.97111141569436,23.15261398618093,-39.68938909132952,-7.302201366976418,25.021415597790977,-31.992367771127455,33.713570364015915,-14.51031127447317,6.732785879584952
OSP_2_25.08.2025_20250825_221100.WAV,526.4874,1.881133571082334,268307.6259502589,24004.64414565522,0.00028579323265223255,0.6308508905299739,0.0033403458,4116,-1021.964414910822,-183.9696924643994,-234.88083705386583,229.83524669786286,-25.681088557291282,-12.366198494614247,-25.32208814136359,-5.088631414100035,36.57033053641035,-30.754348957999238,23.58326954974265,-13.398573466168196,-0.6658573641202735
OSP_2_25.08.2025_20250825_221200.WAV,584.4451,1.9271964025835944,267588.8875467327,24014.985101271854,0.00028790034360315597,0.6313975328130818,0.0033143652,4075,-1104.3095368614702,-225.699097732385,-295.5783902659596,255.42639706941253,-28.491824037194657,15.247070488556654,-37.42790504790236,-8.295889764310887,28.726913235746068,-31.043408359284363,32.271109247442105,-14.898966890520976,4.689366412494264
OSP_2_25.08.2025_20250825_221400.WAV,524.0372,2.122676961230808,265378.85391228617,23997.397872338715,0.00029210337751934244,0.6306649594296885,0.0032723662,4108,-1154.3835790265887,-252.48721588937934,-337.1083059334575,265.8914492086202,-32.170731815018065,35.75752644404829,-42.164292496968685,-5.605448510592075,19.741515708599803,-33.086822183476286,34.140007233178956,-13.799061027468152,9.79190979027793
OSP_2_25.08.2025_20250825_221300.WAV,519.4862,1.5608743336178181,264177.2572229567,23992.154747046712,0.00029192651895385555,0.630305884537514,0.0032513456,4105,-1172.1963956206578,-262.19963246707925,-352.19252518444443,268.7346565719196,-34.35126147816056,43.05865993770871,-43.059987308199865,-3.4509471920228516,16.334157242598906,-33.855516143453016,33.332312440014114,-13.36720117469095,11.807190640539524
OSP_2_25.08.2025_20250825_221500.WAV,529.60077,1.9238021410382027,264622.0745917631,23993.05687963702,0.00029061636737740757,0.6301508611494663,0.003265001,4117,-1106.6545740320864,-225.95950359972719,-296.86764487768704,255.28479388342234,-27.91488945893844,15.58298988170503,-37.74640499707297,-7.970180683274481,28.243232058385498,-31.18762982980658,32.75360023759114,-15.016292562547388,4.553272972282734
OSP_2_25.08.2025_20250825_221600.WAV,523.35144,0.43517107613846684,264135.88021240913,23979.649402216084,0.0002904556619877788,0.6299220834755492,0.0032543628,4098,-1175.1569699463316,-263.7356488408492,-355.2031823025032,268.879824369621,-34.435144412555395,44.36449350040779,-43.29323239105471,-2.854377820352435,15.598094333425793,-33.98978977346184,33.26611754076363,-13.501024247296224,12.152964944538713
OSP_2_25.08.2025_20250825_221800.WAV,527.88794,1.2889553573928467,266280.6333205781,23986.362547620345,0.0002908649237755803,0.6301019542401017,0.0032801856,4115,-1168.541715585276,-260.73177749822423,-350.28210890712813,268.37544754436345,-33.78258049939089,42.080009945235446,-43.194803532575776,-3.948846309914791,17.14606344821975,-33.863534879645485,33.55043037612482,-13.3776957254751,11.281621708949965
OSP_2_25.08.2025_20250825_221700.WAV,520.2533,2.171666102088248,263476.57273846166,23984.6923971622,0.000291949049259784,0.6301087418161226,0.003241088,4095,-1171.1224821760868,-261.32362685707363,-351.2018118914328,268.3064583577935,-33.85715448163513,42.594509980709354,-43.312577854156245,-3.5843862808516738,16.75134539357891,-33.83931091633355,33.43711864739195,-13.522768056743947,11.671867385007362
OSP_2_25.08.2025_20250825_221900.WAV,576.15546,1.9775329599671865,267602.41336255334,23996.15034315449,0.0002901639402192189,0.6306598081443155,0.0033014028,4120,-1161.06513957454,-256.76857460809595,-344.4309976966154,267.1192066440605,-33.195015779055275,39.336760287987204,-42.43375067080028,-5.035050592251525,18.45819261571802,-33.49544283245676,33.63761490334038,-13.471373955358374,10.743411958941001
OSP_2_25.08.2025_20250825_222000.WAV,519.1872,1.7761695958359456,263820.7616011498,23988.085088971435,0.0002913973242711339,0.6302843097423049,0.0032453816,4113,-1210.3262388601656,-284.38070782774713,-387.46929183477346,272.7508002180567,-40.971378891544,60.25020399272833,-44.55785281886938,3.5255938553753485,9.145762305790255,-35.32825048737996,29.788082399046534,-13.203660713143195,15.060601907747472
OSP_2_25.08.2025_20250825_222100.WAV,523.2034,1.769534941094082,264656.0504598264,23986.1870400285,0.000290908454861056,0.6300853489201936,0.003261777,4071,-1138.9260053536093,-243.38037948002156,-323.71577669626504,262.7108728421684,-30.339747896650756,28.621763039010535,-40.65223354838825,-6.717076867279983,22.534476226489137,-32.41343559912683,34.02818595653469,-14.123957614571985,8.128219274621925
OSP_2_25.08.2025_20250825_222200.WAV,536.18005,1.9421555156260342,268089.3965251179,24012.55891598533,0.0002872391072356668,0.6311662097981569,0.0033134462,4111,-1131.9189313698103,-240.95871306572664,-318.7480967029313,261.9140319056453,-30.473694913971766,26.93522002448342,-40.57230311091908,-7.332612906274479,24.147315980615108,-32.473715212501816,33.85045372206716,-13.94762489141197,7.257782689589256
OSP_2_25.08.2025_20250825_222300.WAV,523.1717,1.8830266111803469,266800.2079562022,23982.4614203888,0.0002899652560539681,0.6299514155004965,0.003291703,4100,-1165.2450400302214,-258.88103810448746,-347.82615050184154,267.62800391132885,-33.28591355791008,40.81608608940109,-42.79389670455162,-4.258794330562211,17.396235546488747,-33.774935464993604,33.695746953407124,-13.230431388803323,11.092283808613045
OSP_2_25.08.2025_20250825_222400.WAV,546.15283,1.6599730258915777,264435.4043289812,23972.997311778083,0.0002905860067420523,0.6295762201152725,0.0032579873,4093,-1123.553397317352,-234.82064605255792,-311.3532137116776,259.049632603242,-28.581394035492462,22.385900239032768,-39.49004049323441,-7.428666987534212,25.16226639026017,-31.840211352172712,33.778832443002024,-14.565574435641507,6.415980096604019
OSP_2_25.08.2025_20250825_222600.WAV,519.22034,2.264667102383743,263558.9937150742,23980.759611250094,0.00029246693533677175,0.6298165730304394,0.0032424917,4096,-1190.3503862698985,-272.4766772293856,-368.78700557762465,270.7705540939719,-36.8081996726096,51.212728758466255,-44.11206549637174,-0.49647451663796943,12.795349029313977,-34.67194218631396,32.162325553642816,-13.277002159892305,13.562215181045895
OSP_2_25.08.2025_20250825_222500.WAV,524.0741,1.7600969660314658,263897.497800204,23977.379067794707,0.00029248774918118835,0.6295873105296637,0.0032502338,4092,-1157.2889681596814,-253.50377133109723,-339.29024748408295,266.0047889903697,-32.01743936431903,36.462209647455644,-42.35908951780843,-4.91886032914692,19.036095305644935,-33.336948350168385,34.169854396010926,-13.78422940510447,10.141778078304961
OSP_2_25.08.2025_20250825_222700.WAV,529.01355,1.924255704459476,267564.0351052415,24016.46197025283,0.0002866191890157972,0.6313532923622316,0.003306318,4094,-1130.3796091159857,-239.85984913592833,-316.9899039745857,261.7301619084663,-30.445249036475353,25.791504824125425,-40.056121852225466,-7.5073036374550455,24.34565610490566,-32.10442430751961,33.754169486577595,-14.301035233903834,7.18459628460017
OSP_2_25.08.2025_20250825_222800.WAV,526.3777,1.7401268599288355,266305.1651452411,23982.230456444893,0.0002893038696477998,0.6299426886170411,0.0032844497,4084,-1152.5328931602,-251.4112284012982,-336.42345208598664,265.3566371471924,-31.63633549082925,35.09795121522038,-41.97044123329285,-5.646276094382057,19.84994217892335,-33.138930095518596,34.231596251041736,-13.879211440921901,9.803624984621083
OSP_2_25.08.2025_20250825_222900.WAV,522.6046,1.7799879370810292,264505.624144047,23979.721678691352,0.0002902193835554487,0.6297706962889413,0.0032552588,4119,-1192.2689909898174,-273.85617417516943,-370.8454658234152,271.28416064433617,-37.295853068188485,51.941013226640024,-44.091287330047365,0.11558247957738209,12.32556968571291,-34.91769117541342,32.00687817187082,-13.220442246529263,13.781888013031004
OSP_2_25.08.2025_20250825_223000.WAV,521.07996,1.8675861218585648,264614.44982632773,23973.701453137888,0.0002893322917476939,0.6295651297008812,0.0032626407,4099,-1135.8458771889293,-241.53322663213442,-321.415769421594,261.8986907496088,-29.674477377282905,27.28931463158269,-40.54169397403996,-6.792229095127612,22.992325371977024,-32.32320022061383,34.154262261047855,-14.35765053107859,7.855709087738211
OSP_2_25.08.2025_20250825_223100.WAV,530.5974,1.9297777164520902,287537.8563228418,23916.462756817644,0.0002799461538772933,0.6281767067844731,0.003590492,4095,-1107.5753563531953,-230.3755929902635,-309.38196169239177,256.871931212522,-26.327616844098447,19.870976749102148,-38.286956054258226,-8.528517331450214,26.028185722572545,-31.57085332020338,33.59274209858681,-14.217645302838585,5.580619347777131
OSP_2_25.08.2025_20250825_223200.WAV,518.4014,1.7035652756320279,264669.822926685,23978.607724157173,0.0002916009764510244,0.6297155472337719,0.003260219,4112,-1188.74217311391,-271.80291509204665,-367.7669078629118,270.7839204640761,-36.590837899257366,50.50672654701948,-43.96774969204024,-0.6524331239685323,12.933523510090167,-34.60713828309069,32.28023527379313,-13.24972715051933,13.442372628082481
OSP_2_25.08.2025_20250825_223300.WAV,520.9696,1.881213626404859,266129.11026601447,23962.951770686395,0.0002885228473207237,0.6293375640941107,0.003280804,4115,-1113.7514004823317,-229.9882845070455,-304.57543637193254,256.91544450479796,-27.60867202103961,18.85289140059847,-38.7519013884648,-7.729686190550054,26.72240602037288,-31.619024306883027,33.42873352738038,-14.776153325637413,5.513864946797122
OSP_2_25.08.2025_20250825_223400.WAV,534.98096,1.8293745006019404,278444.32657899434,23891.6482324564,0.0002854872590339442,0.6272092347880724,0.0034610373,4088,-1069.3292112149459,-209.14199435458218,-279.0395986668304,245.16370584034786,-23.226571058958132,5.873049151418451,-34.17106054358612,-8.885858828168795,31.58030810252018,-30.480732898091755,30.855206963357396,-14.61743320209642,1.8492761589506377
OSP_2_25.08.2025_20250825_223500.WAV,598.8376,1.3908526802815404,269242.91517419124,23993.327648635604,0.0002931530890459568,0.630408486021472,0.003326527,4114,-1117.5549896557236,-233.23905085478765,-308.5297924861491,258.38208277229984,-28.88254208680408,21.552311909988315,-39.129734966335505,-7.993767078278526,26.12603493925933,-31.881068895768895,33.640172326217076,-14.38217244454073,5.752827499954355
OSP_2_25.08.2025_20250825_223600.WAV,540.9263,1.9453674324794017,267902.4087281661,24006.481229302262,0.00028882515818895275,0.6309084637194365,0.003312358,4097,-1056.3915794659865,-200.97142465903096,-259.7562635312154,241.22208797156043,-26.16559801040357,-1.3880637706284995,-31.203241710999038,-7.380555121014018,34.52250443230804,-30.58343526947292,27.953899876950008,-14.67598601711125,0.7711113983000827
OSP_2_25.08.2025_20250825_223700.WAV,537.0816,1.5983707143338544,265374.83006231865,23970.123686504634,0.0002902890432003885,0.6293458061507075,0.003271888,4083,-1132.6711398029947,-240.07884202586789,-319.48970534860575,261.15838910472,-29.320712717616868,26.421294365074186,-40.356747703588276,-7.006719425602019,23.355364201330357,-32.25110853981364,34.20820553952409,-14.24694643889092,7.46249206350979
OSP_2_25.08.2025_20250825_223800.WAV,519.39746,2.026578788235324,264520.27852977556,23975.571108005413,0.00029086716488133384,0.6297738476635224,0.0032547498,4075,-1173.7436076798574,-263.0827095017427,-354.3837311395615,268.7483578429939,-34.1166597891774,43.886644045655046,-43.28704870304212,-3.0706210666218934,15.769484878126,-34.0040056382788,33.470847540768325,-13.362493994445776,11.943131036210051
OSP_2_25.08.2025_20250825_223900.WAV,532.0544,1.8070026475042973,265919.3250827938,23986.89039440845,0.00028879844617200515,0.6301192868002978,0.003281533,4097,-1153.5451195505582,-251.9149041103023,-336.84592445736973,265.64837992975987,-32.00018713371945,35.2472295214349,-41.75469533028636,-5.514649939255128,19.608560912286457,-33.16088370983412,34.07798543935856,-13.68487202637384,9.914303599257014
OSP_2_25.08.2025_20250825_224000.WAV,522.10736,1.9285195538846154,266919.0724040496,23980.901356132224,0.00028937160197318676,0.630173648011822,0.0032908034,4121,-1129.834715727735,-239.24476630155604,-317.8549740855558,260.84709451052447,-29.356039727274013,25.937220117020622,-40.37142508469645,-7.296169791640734,24.016330997654887,-32.21896510317373,34.03703555267259,-14.29381792350315,7.216979538837918
OSP_2_25.08.2025_20250825_224200.WAV,533.99915,1.9157242285919462,266920.69014757284,23972.671259818573,0.00029061785952887674,0.6296197333258347,0.0032919697,4104,-1151.3094514718578,-251.00213320489917,-336.3958065267861,265.0099176558504,-31.35740529028679,35.034436399291984,-41.93193748814001,-5.788849580292337,19.856854657935738,-33.008233147249676,34.2578612673502,-13.895892196799197,9.681351359713283
OSP_2_25.08.2025_20250825_224100.WAV,550.60046,1.8716510519369702,266587.98755584465,23981.418956475427,0.0002902569486579835,0.6300641377451285,0.0032881915,4120,-1125.1493481349542,-236.57396669887615,-313.9256610827701,259.7160835834769,-28.920497681465626,23.95738101444484,-39.856325815958776,-7.590997222698334,24.773412821140912,-31.85610399397126,33.86430344117202,-14.532598944573103,6.745091892919087
OSP_2_25.08.2025_20250825_224300.WAV,543.2914,1.8801601804539816,265533.5465958849,23981.71049178719,0.00028997966528734035,0.6300112310141802,0.0032715276,4083,-1147.6567316214703,-248.68155187406518,-332.02877249472306,264.46475336865467,-31.066707067686647,32.88248709393212,-41.66221976432348,-6.031766779317836,20.70939675232229,-32.81912511497303,34.317375608571425,-13.998560037844834,9.171066351696446
OSP_2_25.08.2025_20250825_224400.WAV,524.5015,1.9632421031980514,269882.77962786175,23934.168812635227,0.0002896414706168514,0.6283237305293533,0.003333493,4108,-1141.7617158305557,-245.92802174181574,-331.6152003922712,262.58220903381556,-29.454411078142705,32.112110905178085,-41.06379307464303,-6.668810497387276,20.848312358474452,-32.937738423899766,34.57140416013866,-13.692148604320295,8.796587409312332
OSP_2_25.08.2025_20250825_224500.WAV,529.87634,2.0136710500541257,269655.2703615526,23997.31065523314,0.00028699527070006996,0.6306786557884448,0.003343905,4099,-1123.7374824270632,-236.61806053813524,-313.1817111261886,260.0956830502416,-29.376314834562898,23.776294365205167,-39.711821524360104,-7.832018701937698,25.10924966685876,-31.921449971236086,33.75787336313119,-14.306757998656616,6.618605384968239
OSP_2_25.08.2025_20250825_224600.WAV,522.1757,2.043883081106827,266666.7737875449,23971.045205749106,0.0002906334434013384,0.6295316766476357,0.0032857219,4106,-1159.887789985762,-255.78026690662676,-343.8238815377245,266.50580153869197,-32.158804556723034,38.72288076452715,-42.66444978604038,-4.908009963806426,18.240548275057982,-33.46341768205533,34.171198084532705,-13.592639494563533,10.509592043235221
OSP_2_25.08.2025_20250825_224700.WAV,552.8673,1.3737642616785732,274624.6500448451,23932.358671435635,0.0002854521665667741,0.6283308817255182,0.0033989744,4113,-1153.733509921196,-253.56557801085248,-342.92635321505384,265.5411645526239,-30.669869723053342,37.39433308100802,-42.436871743618944,-5.472582670070387,18.65562467129728,-33.13912668813804,34.384480925017236,-13.85004993494124,10.147098034143943
OSP_2_25.08.2025_20250825_224800.WAV,524.5365,1.9279153564599782,264698.73508016503,23979.23735122992,0.0002906276896179489,0.6297573029469716,0.00325897,4099,-1191.6361695265075,-273.60515993993323,-370.4654046536413,271.0976603291751,-37.12606045036831,51.930881813146286,-44.175232884527865,-0.12016717285298716,12.37444862707567,-34.730311565488115,32.141899115444964,-13.289083777394536,13.529971783452593
OSP_2_25.08.2025_20250825_224900.WAV,520.8552,1.8951696922920354,264159.3576169094,23980.52067592772,0.00029155302488518875,0.6297602725114807,0.0032547032,4108,-1124.2572081678516,-235.22389289429725,-311.27923321097046,259.40656399176277,-28.821662371680986,22.450558211126808,-39.67260223206555,-7.310112476744661,25.19096413532975,-31.83457739232946,33.85602595418309,-14.7737549241586,6.490551062359126
OSP_2_25.08.2025_20250825_225000.WAV,522.6699,2.160511780734251,266477.9421957747,24022.426586600774,0.0002901730674537385,0.6315103762644284,0.0032859705,4096,-1153.9377000361712,-252.8546908403696,-336.34705604687247,266.3145316530114,-32.83969186752148,35.79737980470456,-42.24274596836456,-5.589690434680405,20.17547402891989,-33.3925432267004,34.02222057212018,-13.61146411001135,9.623900851303652
OSP_2_25.08.2025_20250825_225100.WAV,521.80695,1.9227943841168127,265810.3486807368,23993.668498495274,0.0002896014089852707,0.6304450298459414,0.0032823666,4097,-1114.941244520358,-230.8229535282458,-304.27241089181535,257.5916609654588,-28.60880118042784,19.14292793137234,-38.52264362202894,-7.829562732242194,26.705333287809243,-31.520451531517278,33.255427347574766,-14.756182270653715,5.565076166259801
OSP_2_25.08.2025_20250825_225200.WAV,521.12115,1.8005711706619498,266910.52674031456,23990.31676831608,0.000287123624087875,0.6301580729489885,0.0032910914,4073,-1166.4823097843953,-259.8060344972703,-348.43491270083814,268.2796206153298,-33.6540882556132,41.04095070256532,-42.95434165768602,-3.9924872207399797,17.27025122720292,-33.80840165348743,33.765039095779706,-13.495178263633182,11.153361424303105
OSP_2_25.08.2025_20250825_225300.WAV,539.01685,1.953513058707462,265928.832231109,23976.94308382597,0.00029026892615585307,0.6297934225479397,0.003292835,4102,-1003.207516139114,-174.24638501954672,-222.566565081779,222.15023663779178,-24.421110645178587,-17.319783799156305,-22.44607505819578,-3.8279738225559443,37.16315171558645,-30.923200729303502,21.19056527916001,-12.288634633437526,-1.2627924815368812
OSP_2_25.08.2025_20250825_225400.WAV,527.34576,1.8608905649896406,268433.7434828455,23983.513611116134,0.00028729003530178075,0.6299449309412622,0.0033199773,4092,-1132.1746786612166,-240.81576039095398,-319.77293111580803,261.78528406330634,-29.745896734814185,26.651120442663963,-40.53410538435243,-6.971530615481172,23.53035479389863,-32.327285843981066,34.14037284531097,-14.317016723886777,7.505905287098542
OSP_2_25.08.2025_20250825_225500.WAV,525.4824,1.9584835490129193,267929.21646350133,24010.870120990934,0.00028605999007290226,0.6311895420907285,0.0033120813,4088,-1150.238634507822,-251.0391978827876,-334.1814101466697,265.69614189043665,-32.29521921275727,34.38426281127581,-41.73848416545965,-5.924823375346196,20.38358485606066,-33.01567839302387,34.030416690754706,-13.771186501871835,9.614127397082118
OSP_2_25.08.2025_20250825_225600.WAV,521.9143,1.8052927716437126,264229.38963217096,23977.326080474988,0.0002914070770672747,0.6296082792912995,0.0032527142,4085,-1215.457991501267,-287.45002235925045,-392.65645788633987,273.07626023419436,-41.7692658884752,62.440550125463055,-44.95600106177453,4.9125796902146455,8.18956300600286,-35.36876632569882,29.367390095925014,-13.463736194042742,15.093218555355545
OSP_2_25.08.2025_20250825_225700.WAV,523.5321,1.6844369113068838,268004.5955558049,23960.01775692001,0.00028895400011188675,0.6292385988115924,0.0033034787,4103,-1161.353518104494,-256.8405736794445,-345.9655191128852,266.9327372629747,-32.173603370116616,39.3603979006211,-42.71306303910086,-4.693784864474088,17.84525989719866,-33.42186644251209,34.0832294574736,-13.800977656911227,10.813286808914944
OSP_2_25.08.2025_20250825_225800.WAV,609.973,2.0521813521547227,274645.6048680421,23949.111721283673,0.0002874270614039779,0.6291876313880786,0.0034257823,4126,-950.1946313263941,-151.75949657443442,-193.1761765582297,202.84956879065322,-23.018678946577406,-27.38734733786386,-14.03687375157751,-0.7558294441184127,36.310428100827764,-31.450058407197652,15.463264599838169,-7.760084478879811,-2.376829514370198
OSP_2_25.08.2025_20250825_225900.WAV,538.2653,1.8066599050223928,277362.36435004603,23923.484533347422,0.00028362963390950684,0.6282684602674693,0.0034468188,4104,-1129.1337272358192,-240.74964218845122,-324.3871290577635,260.92017326724505,-28.113895902717015,27.96276346811351,-40.440383968217795,-7.5838833656829046,22.96870680124956,-32.37294011579389,34.172405993152296,-13.874136264317377,7.6599665712641745
OSP_2_25.08.2025_20250825_230000.WAV,523.87634,1.862291477948022,268505.2843381371,23971.90045853227,0.0002878042232714302,0.6296803366831637,0.00331947,4110,-1149.5769235472867,-250.27471900310576,-335.18318668078336,265.14511747336957,-31.101070346434433,33.99968179289986,-41.687141840184196,-5.974110521059585,20.097669913816464,-32.81576869164052,34.18642610907249,-13.807748950286491,9.532875004842595
OSP_2_25.08.2025_20250825_230100.WAV,534.00134,1.829448594473839,268415.09732001845,23972.856145920057,0.0002887635311067214,0.6296131881632432,0.0033240833,4120,-1107.9773732943663,-227.27867728959643,-300.0892893135126,255.83375823314756,-27.559648745056435,16.65150815175772,-37.94441628903158,-7.965848268428091,27.517142930309593,-31.156909349996862,32.98842305781809,-15.09116283487677,5.155900276747556
OSP_2_25.08.2025_20250825_230200.WAV,533.50244,1.7411816304264478,264144.9996293011,23980.74443007068,0.0002912863075409883,0.6299226289057652,0.0032521281,4100,-1165.1716730160344,-257.9942811171922,-346.11247982327495,267.5003764532099,-33.07450473825561,39.77056135099817,-42.86348057702665,-4.05131562564324,17.635643323341508,-33.6073449146692,33.87767911372608,-13.842343870836245,11.201758173434676
OSP_2_25.08.2025_20250825_230300.WAV,522.9998,1.726893389159686,264299.8492979486,23979.206160705122,0.00029222862226638453,0.6298072401134107,0.0032565678,4088,-1192.9241380601438,-274.15580887271426,-371.42863112011725,271.10366394952706,-37.38785561298307,52.36715752473935,-44.10237007750923,0.19885823017944002,12.111017544957578,-34.75721914359125,31.884618688214953,-13.300668584992392,13.81246993282821
OSP_2_25.08.2025_20250825_230400.WAV,528.2765,1.728541089451208,264121.1302480677,23990.04746872605,0.0002899244968338759,0.6302790978535745,0.0032561242,4081,-1175.4020747467362,-263.8902070886129,-354.80261530494397,269.23221299706614,-34.72963257617994,44.227004953632026,-43.245056940234626,-2.945928713988921,15.732682374507602,-33.96731526880443,33.20653864220738,-13.482692742696841,12.30095063073536
OSP_2_25.08.2025_20250825_230500.WAV,525.87787,1.9378757583747785,266858.0887638171,24008.845978692425,0.0002893580407710814,0.6310734260580861,0.0032944055,4103,-1136.5769956995896,-243.2056929868918,-321.99878552960416,262.834172413083,-30.786367402117037,28.336072037795127,-40.83576391646242,-6.7849129744054935,23.02421146001534,-32.46738754885549,33.98853244818097,-14.061236019119798,7.929153295341156
OSP_2_25.08.2025_20250825_230600.WAV,530.1675,1.9627174775369647,272333.72902537504,24010.511518302537,0.0002833896122226983,0.631164209887365,0.003372403,4074,-1102.0245287955158,-226.16004974335323,-296.4912379732189,255.56195573798075,-28.205260993605464,15.75054692666826,-38.06216791543413,-8.181643936475297,28.972652778131835,-31.498030045608267,32.52566515985419,-14.799033178510935,4.514028019323155
OSP_2_25.08.2025_20250825_230700.WAV,525.5654,2.0451798185629495,268055.1499761982,24016.46180825671,0.0002890864460456226,0.6312497212245562,0.003307455,4104,-1155.805140131241,-254.6151420675657,-339.17384274221934,266.6431688205881,-33.00382361867463,37.375016694412004,-42.76427187635187,-5.0908329286074165,19.439894796958882,-33.60444842343146,34.24526545099181,-13.82203237757651,10.129580759869727
OSP_2_25.08.2025_20250825_230800.WAV,534.9301,0.6869615765973233,268002.5813523618,23968.836596913836,0.00028869205122159316,0.6294262874092404,0.0033129624,4079,-1106.8819038045524,-226.75490720216123,-299.39030070380693,255.6010320649555,-27.453910592045737,16.219168612870302,-37.816113948554346,-7.855002620872041,27.637395580990322,-31.38904250028776,32.98804452321407,-14.802166060022945,4.901454784488116
OSP_2_25.08.2025_20250825_230900.WAV,523.3992,1.7216053641037474,267277.9945503427,23967.47314835128,0.00028803668706780063,0.6292171452230979,0.003298928,4097,-1106.0930138640847,-226.21044406352817,-298.49169658217056,255.40521222311438,-27.267253514441446,15.718173820193984,-37.87530947031329,-7.873607616771637,27.915643795084474,-31.27038645894808,32.986994348854246,-15.019647626261492,4.716742578944556
OSP_2_25.08.2025_20250825_231000.WAV,552.92737,1.9989115133633661,270270.6878703826,23996.32353219066,0.0002859982448739898,0.6308868283208701,0.003338666,4093,-1163.6415159387593,-259.2641797034333,-347.7502664786398,268.198382881736,-33.493557442754366,40.843300946103525,-42.96767681131889,-4.629231119064164,17.764701256934973,-33.5276242769094,33.659602046430805,-13.52742833261815,11.105791437469968
OSP_2_25.08.2025_20250825_231100.WAV,829.47375,1.8889719026873935,306858.37201670633,23879.20054665524,0.0002949254629416972,0.6283314877590914,0.004040268,4094,-892.3114772913616,-129.45490708466693,-167.43026136368638,180.43268979622664,-20.31683565385819,-33.63828957605858,-5.752472444666291,1.8399859669619372,31.9623969806409,-30.84051122048148,11.161672878788403,-2.4526020863335734,-3.3482443966721944
OSP_2_25.08.2025_20250825_231200.WAV,782.2294,1.946428551665246,292187.5731759158,23909.691435482317,0.0002915212885678854,0.6285263275529043,0.0037735985,4108,-852.5420274500177,-112.140386605289,-142.35007515626842,162.0703024605369,-20.43654151484517,-38.026376651539664,1.2130103756836916,4.761176188620572,26.834411391388223,-30.268675324342585,8.643266162417955,2.2801755998339894,-4.2723452902580386
OSP_2_25.08.2025_20250825_231300.WAV,736.789,1.704885202289802,286811.6833282341,23929.35132881481,0.000293713571073046,0.6294667098485789,0.0036288376,4094,-917.9498816099227,-139.18537965026428,-177.77534579097994,190.3892834863153,-21.981502642977507,-30.98299761426439,-9.464796246466452,0.6819291660543105,34.5137577038357,-31.418142569752025,12.7509025685327,-4.782060546732257,-2.8201593996905108
OSP_2_25.08.2025_20250825_231400.WAV,722.66174,1.8026561298855148,280469.55956181115,23917.756261865517,0.0002886675576353515,0.6281246485005275,0.0035336602,4105,-948.0758995646129,-150.8726386559354,-193.54480184659027,201.9671368487082,-22.153562667376825,-27.72574297065719,-13.80193910048467,-0.5959225077888737,35.85321681684054,-31.24411171702403,15.439611275185518,-7.745794336270502,-2.347305698355814
OSP_2_25.08.2025_20250825_231500.WAV,691.2306,1.6493499567276315,273819.92195864173,23944.260587668366,0.00029217721095133227,0.6291626022015018,0.0034150952,4112,-1028.8276432903024,-187.5537537408067,-243.9338853386427,231.7726300281254,-24.008789759805786,-9.257108755850608,-27.12692909367288,-5.889628755884029,35.86439799628789,-30.563379378098492,24.941247437415473,-14.000460961314163,-0.287604230294336
OSP_2_25.08.2025_20250825_231600.WAV,605.105,0.6365141682948128,272499.65520046506,23965.282956295698,0.00028752485819662194,0.6295555543704232,0.0034229648,4128,-1046.7267128561516,-196.13996892544532,-254.4672864240257,238.2272585031005,-24.987119609545758,-4.903711386533844,-29.688882444054922,-6.503423128745859,34.77331995415423,-30.5512472940838,27.058200902657262,-14.653052105963813,0.43979593170730985
OSP_2_25.08.2025_20250825_231700.WAV,647.4268,1.5430574609958454,267754.71255063306,23970.20473196769,0.0002910789485075257,0.6297286375589549,0.0033173661,4100,-1032.7811352665449,-188.6464961146947,-243.60093401062878,232.77311436983203,-24.722527126912144,-9.060428993116867,-27.421526847497937,-5.741910156334765,35.8264469733485,-30.68096484797992,25.1931735356816,-13.937453166475134,-0.2797709036752264
OSP_2_25.08.2025_20250825_231800.WAV,662.22974,1.8654596517884958,270128.49252868333,23972.001394546263,0.0002907054577725208,0.6297645147464938,0.0033553594,4114,-1038.2666234198534,-191.5617480071072,-247.77992370690853,234.7467763141612,-24.862141770022575,-7.16632416160912,-28.517502836575442,-6.139960441410675,35.621528935820265,-30.62785099113504,25.91176813537357,-14.328967128550286,0.03583404803099658
OSP_2_25.08.2025_20250825_231900.WAV,693.9381,1.3256175774660468,269578.13778513815,23963.47796348064,0.00029117299820954613,0.6295345856087874,0.0033433377,4127,-1071.8958888688303,-208.47172548863603,-272.8706443818604,245.49144813371012,-25.62513114640984,3.747472817280171,-33.4345790599515,-7.615026236504255,32.23461240944802,-30.52511874510452,29.96052068502591,-15.184440559184631,1.931212841472194
OSP_2_25.08.2025_20250825_232000.WAV,604.44775,1.7467969955339386,272450.25096539943,23947.820977272637,0.0002885157003156257,0.6288513433582599,0.00338773,4107,-1065.0781071710153,-205.58471292818356,-269.62736530506544,243.8166173412241,-24.895542407176944,1.8417122368762757,-32.724317708215025,-7.559256855627481,32.82052610033018,-30.448974526326634,29.424812364993603,-15.19996033038424,1.620838376098308
OSP_2_25.08.2025_20250825_232100.WAV,619.9549,1.5951855818426521,271347.9244599679,23964.43133185486,0.0002890983717140833,0.6296579740443093,0.003364456,4111,-1065.0714000565927,-205.7321236264061,-268.80286685443053,243.84525339065178,-25.301709992370707,1.9626104652282828,-33.01871192178035,-7.2996356589292555,33.036539927849084,-30.76114228480165,29.516248556524943,-15.18293343375161,1.640543877354032
OSP_2_25.08.2025_20250825_232200.WAV,675.23755,1.4324396078944792,270980.1786684322,23990.177505359818,0.0002917723474525541,0.6304949670123805,0.003363804,4092,-1060.8823612109718,-203.7151694608499,-264.7208419234049,242.52576902696606,-26.126249995110598,0.7397491618395236,-32.02427089041526,-7.254029450042373,33.55880341881093,-30.665959747887914,28.824848103234338,-15.115792094761936,1.3541766957361123
OSP_2_25.08.2025_20250825_232300.WAV,702.9917,2.124019136476602,271221.7053181832,23969.596357192626,0.00029003281598949485,0.6295587057450044,0.003370326,4117,-1059.91770329384,-202.50053134379561,-263.6956808418024,242.03262603364072,-25.404322509480913,-0.430604334230539,-31.832794809338743,-7.205103565896428,33.86011251677266,-30.4973680040647,28.45765046477243,-14.966463060373556,1.0628614117237856
OSP_2_25.08.2025_20250825_232400.WAV,591.71423,1.5840840388438535,266593.0578708787,23972.272326783695,0.00029315958898147923,0.629652398535435,0.0032909834,4092,-1087.5626797560556,-216.16964203774035,-283.46315918219125,249.96259795354862,-26.474210434065114,8.842655895498186,-35.50105648158064,-7.774690076275953,30.48509120918288,-30.797029708472834,31.440715167883674,-15.2339050343791,3.0924771383963625
OSP_2_25.08.2025_20250825_232500.WAV,582.35675,1.4671082414277146,271064.71006398037,23959.572412817193,0.00028904647018970715,0.6292727185017687,0.003352833,4094,-1120.458649597356,-234.97997602862145,-312.9255345262461,258.7390804740595,-28.24537884752761,23.12890842207778,-39.700603594487646,-7.579814739236218,25.19433086101866,-32.02506552434851,33.820949837563646,-14.46733257446721,6.517501981239629
OSP_2_25.08.2025_20250825_232600.WAV,616.0557,1.2025295241040141,268900.58269274054,23952.512466580327,0.00029035689278830273,0.6291005443635969,0.003318677,4104,-1145.8293653709961,-248.21047030662413,-333.3356393826321,263.8102813733195,-30.25990885381763,33.186906586255894,-41.834117060302916,-6.202968567546264,20.775752449490565,-32.80113841831757,34.31826339385537,-13.989099370386892,9.109683776138047
OSP_2_25.08.2025_20250825_232700.WAV,740.3928,1.8352035180028445,274094.47548502136,23955.233077900117,0.000292171789733037,0.6294482258245935,0.0034277264,4087,-1040.9155485732454,-193.3349279220485,-251.53182142962874,235.85265622369482,-24.594969244053754,-5.956732650153873,-28.864680364434086,-6.380976526705864,35.03549472229402,-30.550345446782586,26.456286845758576,-14.474798191720058,0.12204230395461577
OSP_2_25.08.2025_20250825_232800.WAV,587.4387,1.8221571357370197,268328.4940733882,23969.880005818883,0.0002884855882869723,0.6296282177958608,0.003321746,4079,-1076.4762615742775,-210.78619964588714,-275.45480267571645,247.158497800896,-25.938005717851784,4.815636835514959,-34.1458104208821,-7.558564319824415,31.97776060550622,-30.618359727353408,30.25362824548272,-15.14356833159025,2.220910645056011
OSP_2_25.08.2025_20250825_232900.WAV,728.5664,1.4736572920855593,274934.2370466603,23956.409750700812,0.0002912180999007191,0.6295355552625047,0.0034378008,4094,-1025.826384953231,-185.87901352519117,-240.80929193054467,230.6247110344715,-24.234395918004108,-10.333286456246725,-26.600864982839497,-5.675945886930121,36.21050358364275,-30.50424040145972,24.4327166193446,-13.929888604571984,-0.5639217309216481
OSP_2_25.08.2025_20250825_233000.WAV,583.72644,1.6983819956874608,270434.0251712983,23947.41774870825,0.0002893595507886523,0.6288022546388233,0.0033515648,4110,-1105.7614713811824,-226.45271657941575,-300.30716994847245,255.1596352664694,-26.821224325639044,16.334868752339325,-37.96800835483792,-7.906121264417881,27.640638556621138,-31.26596714772146,32.96232910973505,-14.906027814505059,4.833175820200802
OSP_2_25.08.2025_20250825_233100.WAV,631.67365,1.8085776784914376,267319.9023253839,23976.292256072113,0.00028905244428383556,0.6295853712222291,0.0033143265,4085,-1042.5724720849587,-193.24990261979053,-249.4473464065611,236.28285484711907,-25.15633676405366,-6.787267850567236,-28.865695485789214,-6.080374060955999,35.381044887054486,-30.550623048831678,26.158889440471697,-14.466084727242203,0.17789232713008168
OSP_2_25.08.2025_20250825_233200.WAV,701.7133,2.1175073501592143,273789.0812245713,23960.278906573993,0.00028823376437362417,0.6295007689353977,0.0034173953,4097,-991.6593706150626,-169.64866035994902,-217.22522968764216,218.45467718651332,-23.841091679105237,-19.661647439195452,-20.727328420478425,-3.2027909216032686,37.15511094266741,-30.99806488459063,19.94740113026781,-11.58610306656963,-1.4391419679133182
OSP_2_25.08.2025_20250825_233300.WAV,652.39075,1.8716029127989082,268174.1191031076,23981.77991775323,0.00028977265908195713,0.6301523156300421,0.0033318575,4102,-985.011096196272,-165.89313177751671,-210.5408279476997,215.30850888005543,-24.51841218789265,-21.586517312290166,-19.139961744819825,-2.331168551211961,37.04077080162746,-31.269186680443937,18.9888893743507,-10.983277992949983,-1.4663756193924267
OSP_2_25.08.2025_20250825_233400.WAV,628.19824,1.8438934995971852,268187.0000122745,23972.2588595154,0.00029162643516329046,0.6298677222640251,0.00332609,4128,-1067.4605300857863,-205.88226754015406,-268.5729809325692,244.09828217334695,-25.717746514464775,1.8439961988329794,-32.63991015746117,-7.441659850549498,32.95497142288448,-30.530302553987028,29.369435222784972,-15.187122153672354,1.496496990609591
OSP_2_25.08.2025_20250825_233500.WAV,594.06134,1.5095878974297086,269168.70426210505,23974.357593707875,0.0002890161182664112,0.6298277846515452,0.003345863,4087,-1085.886368636831,-215.6232003320594,-282.6951639958688,249.91150591915047,-26.503637783664992,8.191775904064743,-35.139262618241744,-7.930005105884913,30.827357580442403,-30.606218164267712,30.943537506238332,-15.217785486626328,3.118944698309676
OSP_2_25.08.2025_20250825_233600.WAV,602.07153,1.6997905171040457,268417.68736179016,23983.38505873696,0.0002865820558587683,0.6301427402995842,0.0033227652,4072,-1086.841254778911,-216.36883996310965,-283.0079493561002,250.5124328399002,-26.778420657651196,8.411243984366436,-35.37267024505882,-7.7882089846464995,30.719286017000268,-30.69662800685194,31.16904632511146,-15.312929029314917,3.188108238472977
OSP_2_25.08.2025_20250825_233700.WAV,529.1926,1.727994518291281,267311.0626230016,23971.8210636581,0.00028835805773222125,0.6297278497153097,0.0033058233,4106,-1075.0703140549192,-209.93926457971287,-274.09001296584546,246.7465314950978,-25.818644171817976,4.212275024444603,-34.008997062442646,-7.640488384795813,32.270584159569424,-30.488747124590617,30.10439931538186,-15.288973095655704,2.0528114381373124
OSP_2_25.08.2025_20250825_233800.WAV,529.2301,1.6445167559305256,266014.4208299451,23976.890337711095,0.000289106048153356,0.6297967557325928,0.0032867286,4122,-1149.9121568238575,-249.79621689987837,-333.6648735260354,265.0716300779411,-31.21723328866913,33.32404119525733,-41.73766580862801,-5.676228436261743,20.300958715437567,-32.80573226085384,34.153352985393894,-14.098543603256777,9.537507128410835
OSP_2_25.08.2025_20250825_233900.WAV,664.40796,1.7577817924807513,271476.9994926272,23960.749221262035,0.00028787518351739805,0.6293790773938811,0.0033894929,4104,-1051.1418503840155,-198.21683554344145,-257.5726920732647,239.52132949052154,-24.970015753735723,-3.617013930194474,-30.50339436489081,-6.533306548633199,34.43912693887699,-30.48044933594189,27.51284597144847,-14.970110226269709,0.775580167181154
OSP_2_25.08.2025_20250825_234000.WAV,711.5754,1.9962271054379888,273316.34640189784,23954.328933045876,0.0002862856697646254,0.6295425246485975,0.0034148972,4096,-1029.1539922746692,-187.56995529552321,-242.84642894592415,232.21154808834547,-24.279458957078933,-9.991139228246206,-27.04466462193053,-5.6052810251689,35.953836307811805,-30.4769589884695,24.790376301399387,-14.132901146015655,-0.2396107922406427
OSP_2_25.08.2025_20250825_234100.WAV,630.526,1.7465595269242462,269438.45892527356,23966.169463993407,0.00028981377279984775,0.6295697355560382,0.0033421493,4079,-1072.7811169663112,-208.94087761118993,-273.1528812580557,246.060304898687,-25.60888699251163,3.6786400277475324,-33.731672030679114,-7.6373507222104555,32.46895522591168,-30.42956596804564,29.85509656631607,-15.295421485482647,2.00303484376338
OSP_2_25.08.2025_20250825_234200.WAV,611.0344,1.3412296569825874,270626.1651396569,23948.918251267427,0.00028887117258819347,0.6289227947165508,0.0033597404,4092,-1042.05991361023,-193.71254711013233,-251.80816720859193,236.43485673647567,-24.237774787456658,-6.217727553667631,-29.351241364475154,-6.363303649373185,35.274112577070326,-30.414432578202405,26.433250039849057,-14.560272048119742,0.11060854551661731
OSP_2_25.08.2025_20250825_234300.WAV,616.1657,1.4710621040833889,267796.86405478365,23966.077912773548,0.00028869663540060395,0.629540585341163,0.0033110033,4083,-1135.7981457968845,-242.20994634927413,-322.96143827850074,262.0992758819378,-29.674107518971354,27.749664054817817,-40.607572707139695,-6.616711318831655,22.743027793177713,-32.2921037903056,34.07019593469019,-14.42421408464914,8.024267082991594
OSP_2_25.08.2025_20250825_234400.WAV,776.7056,1.5766191941253673,275794.78373467765,23953.905467183024,0.00028818960256778083,0.6291564812624115,0.0034562447,4111,-953.1951288566507,-152.40460393352987,-193.533437145575,203.43338679044186,-23.36486144305267,-27.406403669348226,-14.115799254212297,-0.29601561510619323,36.080799476645595,-31.664811204340044,15.73431576402297,-8.017695692224638,-2.1308163145306995
OSP_2_25.08.2025_20250825_234500.WAV,697.1349,1.8052081114441307,271514.72956906847,23972.631902410165,0.0002893713226830434,0.6299587485067333,0.003381659,4102,-1024.8341041448305,-185.4231257246923,-238.93510336822098,230.53833188003622,-24.704582376046314,-11.024204919129371,-26.305165108173583,-5.3718516348685625,36.410486587308455,-30.72727210263064,24.082664360518887,-13.682645553342775,-0.44077005559481836
OSP_2_25.08.2025_20250825_234600.WAV,708.43646,1.5175416901470484,272448.68219988357,23956.25074868667,0.0002890647652460576,0.6291197556278701,0.003388195,4074,-1032.6428638103496,-189.14426338693283,-245.0907764982168,233.1337117885338,-24.33246177186581,-8.741310945510353,-27.77370373103274,-5.902065518294249,35.910639069615016,-30.522255780278954,25.258624394031973,-14.179226601928796,-0.3046872285583717
OSP_2_25.08.2025_20250825_234700.WAV,801.4302,2.074527381305519,276391.8606618216,23946.263694071327,0.00028890419119179936,0.6291274522542509,0.0034650643,4094,-1006.2968850950209,-176.9393588067147,-228.2408323426341,224.09696359134585,-23.635944890030366,-15.617479947106734,-23.640069781724467,-4.374489114374175,37.00878012175446,-30.73554589129047,21.888929975738154,-12.744757960710839,-1.0332008128613694
OSP_2_25.08.2025_20250825_234800.WAV,610.7523,1.5298286003719082,268968.06329181633,23956.23171877417,0.0002884429750412022,0.629257507059079,0.00333148,4120,-1132.8148965779505,-240.75898738149223,-321.34230071760294,261.3837790200402,-29.126863616103808,26.95430223519474,-40.65732592125811,-6.815058518760986,23.354796969747497,-32.431998528790075,34.09798905231717,-14.276473260062936,7.644388148434901
OSP_2_25.08.2025_20250825_234900.WAV,529.6368,1.313624152148272,265250.30248149484,23976.792294003968,0.00028980141549719585,0.6296559741335175,0.0032800273,4122,-1089.437209428992,-216.80928907276467,-283.6614087634642,250.69600844152652,-26.66556667465743,8.693809604442025,-35.64482818701398,-7.595158012981005,30.581567545667752,-30.974633892798018,31.37086252054088,-15.03621597222342,3.1104599065804472
OSP_2_25.08.2025_20250825_235000.WAV,628.17615,1.0039673450600057,266200.0181282733,23976.67582847168,0.0002920055734011598,0.6296808215100224,0.0032844064,4097,-1137.0923059736879,-242.61497608116125,-322.87254773084993,262.3311407862861,-30.02896730794456,27.973162789678966,-40.69269064249253,-6.556656095784321,22.722620621446627,-32.36508763804711,34.13951405463045,-14.35773149912878,7.9980113351589734
OSP_2_25.08.2025_20250825_235100.WAV,576.83606,0.6108643020548934,267215.9308099525,23969.68442056088,0.00028965459411115413,0.6296030674025692,0.003309753,4096,-1032.4628751140108,-188.4085188686689,-242.8197360389629,232.79111854323037,-24.717377103011987,-9.570448845280122,-27.439501625790623,-5.559175442086482,35.9633139676178,-30.501939200869618,24.952653506001894,-14.121129185244602,-0.24365036122518094
OSP_2_25.08.2025_20250825_235200.WAV,669.9568,1.5046096516837344,272389.47782821866,23989.274359118765,0.0002867593060266069,0.6304162432512102,0.0033912787,4068,-999.8540253420997,-173.4253980796191,-220.92404811421395,221.61932361844302,-24.884616087999827,-17.943804565411448,-21.85675668162367,-3.5791413792966944,37.31034753571369,-31.115536192714288,20.74646448702109,-12.031596980273168,-1.2294806605149398
OSP_2_25.08.2025_20250825_235300.WAV,623.1565,1.8684538176015035,268022.7259341209,23976.784864470563,0.0002929015269211371,0.6298403901498697,0.0033191673,4109,-1061.8777414121328,-203.30389182780337,-264.4979293960157,242.59984589532968,-25.61101761934627,0.037569288762538455,-31.962150944329057,-7.261195492546594,33.61983549741911,-30.464984093322183,28.61665265313494,-15.018766034572694,1.2459697239276537
OSP_2_25.08.2025_20250825_235400.WAV,533.8008,1.6549011439490269,265147.16893869726,23978.18734708107,0.00029025074478425156,0.6295141016740102,0.0032707483,4085,-1152.786277428269,-251.27974115498375,-335.45080985684655,265.636047996967,-31.548010002635767,34.23336946012979,-42.12200103091988,-5.246419926673065,19.9913565706268,-32.98378769155762,34.04157405871898,-13.96162015750407,9.751658094898382
OSP_2_25.08.2025_20250825_235500.WAV,558.35693,1.5922264230785346,265622.0728429181,23978.025762694197,0.0002920422870584444,0.6298407537700137,0.0032767595,4102,-1136.9241245880805,-242.45879197626027,-322.6864003688721,262.2460133371868,-30.01117652632703,27.953205015734408,-40.65067979128062,-6.650060001306457,22.82828791811028,-32.35716304822829,34.04117566928338,-14.430954671593701,8.076072999658985
OSP_2_25.08.2025_20250825_235600.WAV,689.39374,1.824864679624504,269425.1210753056,23979.031032900053,0.00028861307966068664,0.6301473461547412,0.003353403,4093,-1026.1834014993751,-185.7771579590154,-239.0462477129448,230.81518802939527,-24.864902496745746,-10.824261843015003,-26.463958269891513,-5.433817542277424,36.45128528105042,-30.72100863304804,24.185601683935836,-13.710661324149699,-0.5008851206870953
OSP_2_25.08.2025_20250825_235700.WAV,581.34973,2.007881839153838,266257.4969770815,23986.811151369624,0.00029024185868899567,0.6301063176818295,0.0032930635,4087,-1041.5137964357198,-192.755752911545,-248.34445826557598,235.91008465728873,-25.368358221473308,-6.977806425406259,-28.745776986350414,-6.082111289542932,35.618923435142776,-30.649982832573368,26.074449909740995,-14.463225410144238,0.04870725063498241
OSP_2_25.08.2025_20250825_235800.WAV,572.22534,1.3443664510986992,264322.1364162191,23980.685935211986,0.0002911224449936739,0.629770635685584,0.0032549822,4079,-1164.738439215273,-257.79670223146877,-345.6810590530223,267.44976706066353,-33.135003488408564,39.512785817728826,-42.73782151891669,-4.005975518067414,17.720219447098128,-33.70872385117258,33.807439971784774,-13.585916057977796,10.994921028300327
OSP_2_25.08.2025_20250825_235900.WAV,617.3335,1.4278719991897622,289000.31521668046,23862.09978349611,0.00028219409168333214,0.6262252786784783,0.0036178036,4107,-1068.3122759655084,-209.7027970109729,-281.4816062238518,245.66508858367735,-22.580101156499097,5.750872163477057,-34.17440961451636,-8.474161247638545,31.226069489953826,-30.52950596190734,30.706382607475202,-14.791913393113765,2.25320790482155
OSP_2_25.08.2025_20250826_000000.WAV,613.70105,1.531297850848388,268439.9975512038,23969.51321383193,0.0002917144095430824,0.6296982146735758,0.0033311886,4090,-1018.0017270853153,-181.46602472226223,-233.42270847725644,227.63182218153923,-24.50019267539628,-13.316835545310736,-24.84826653912008,-4.805466952185248,36.49859343564484,-30.785037790792646,23.236601808077715,-13.29222291294511,-0.7055585603235984
OSP_2_25.08.2025_20250826_000100.WAV,689.1246,2.147469719512271,267725.9598547148,23988.87336613883,0.00029136937659396335,0.6302632197739543,0.0033181086,4092,-993.776565573751,-170.138358573915,-216.31750376226267,218.95398571810105,-24.825687574146627,-19.57259029595041,-20.535576373957582,-3.1528622776664714,37.22896210078621,-31.14941495235488,19.863119918555817,-11.467813813273612,-1.316897675041405
OSP_2_25.08.2025_20250826_000200.WAV,717.83203,2.0630585791386564,278409.03968474804,23962.961961305133,0.00029018419684834814,0.6298371175685739,0.00351265,4093,-974.934135995673,-162.43618165048466,-207.37283016755586,212.1606769446751,-23.856661544319763,-22.669131234115852,-17.98543394735304,-2.2296931839752463,37.134383428263064,-31.366714371315695,17.990418500538595,-10.107822880630067,-1.7158713830580907
OSP_2_25.08.2025_20250826_000300.WAV,604.8875,1.6090666379407912,266390.5229205469,23979.36626030819,0.00029111084849282794,0.6299275377777088,0.0033050172,4108,-985.3492198012636,-165.9495436071624,-210.75845956013558,215.37262566834607,-24.427508439061953,-21.578333098898476,-19.154827117972964,-2.3436348537941822,36.9852365652841,-31.282136362484092,19.063676374867182,-10.893858656056775,-1.6106385408095205
OSP_2_25.08.2025_20250826_000400.WAV,689.50385,0.6693919483382248,270191.37340299116,23963.01363556222,0.0002920214215227062,0.629700456997797,0.0033604158,4096,-1065.5493003183851,-205.282139825237,-268.2734360017971,243.55284427451386,-25.428695317176675,1.6519710389676157,-32.62998879114895,-7.361741127899731,33.04505350345574,-30.536957688007664,29.230225991189556,-15.155919168615439,1.5602050673099521
OSP_2_25.08.2025_20250826_000500.WAV,676.89966,1.941289588689413,268755.5320238932,23969.021368266964,0.00029166331821331643,0.6296744581575028,0.0033437242,4089,-1022.3520963855451,-183.5734304421535,-236.40435132549305,229.0799253731197,-24.50985365385691,-11.951821485671257,-25.809380774969092,-5.117577624960845,36.47634121988436,-30.738946197070412,23.787341780060938,-13.545328628837046,-0.6440823600383802
OSP_2_25.08.2025_20250826_000600.WAV,686.55316,2.024484496317436,269413.2749894994,23964.607010131418,0.00029161453940380915,0.6298098460577759,0.0033493675,4107,-1057.5963545587924,-201.02040011585137,-261.96496803329734,241.0272100704191,-25.257096838372718,-1.2751433237948258,-31.317501748388473,-7.08771791498987,34.047156941862156,-30.485373412818365,28.073264420341847,-14.960190155728261,1.1059526342284356
OSP_2_25.08.2025_20250826_000700.WAV,752.0305,1.8161878848687063,282498.9231678173,23962.36683580054,0.00028927100921756407,0.6295057384106988,0.003587858,4093,-993.2136635551693,-170.81905794138862,-218.9622397942366,219.20888285548202,-24.145519437727643,-18.860770386000887,-20.932655610098234,-3.233862955077766,36.91842230720815,-31.161959919919003,20.363389089097165,-11.683321252584806,-1.3624946084939276
OSP_2_25.08.2025_20250826_000800.WAV,664.2169,1.7592147960886741,267277.69264381233,23983.067725084897,0.0002909444244168697,0.6298892364558769,0.0033143926,4089,-1002.7378707580498,-174.11505908706002,-222.04892375302606,222.0540827005734,-24.759784957989012,-17.503780011630365,-22.152635502193615,-3.595694030265985,37.02171836406564,-31.02637334899167,21.126401936270153,-12.267445771094655,-1.1582546341977764
OSP_2_25.08.2025_20250826_000900.WAV,594.1346,1.1491803729219394,265123.927565067,23983.1140539758,0.0002917596810130006,0.6299906864760457,0.0032697287,4099,-1144.0101526240308,-246.2507645743451,-327.8254143458018,263.928830906339,-30.876117615427926,30.41837393074204,-41.2562221183155,-5.987907667472172,21.758214080709195,-32.691195997054685,34.003354791156895,-14.214446226536346,8.848714374248114
OSP_2_25.08.2025_20250826_001000.WAV,702.75525,2.0621136766895516,268835.14557097806,23976.654226946102,0.00029054007456395044,0.6300812278918952,0.0033414485,4105,-1036.5414578372618,-190.42868314604777,-245.87104072654074,234.12917217862676,-25.011411826954767,-8.117162530055113,-27.862052869663337,-6.017220540021175,35.66000210166944,-30.497613327237914,25.55234068740878,-14.2968355075698,-0.09544137925168679
OSP_2_25.08.2025_20250826_001100.WAV,688.22284,2.302585092994046,327521.5959486069,23801.88484060162,0.0002822710337214804,0.6250894505554176,0.0041964757,4122,-969.0946425348338,-167.0108604541846,-224.2025371613292,214.37486403279578,-18.39986024603467,-17.27998705405489,-21.825868978261386,-5.118485085434611,36.678583041019984,-30.3647676805428,20.287595710423236,-10.73888028057299,-1.842911472758658
OSP_2_25.08.2025_20250826_001200.WAV,713.72217,2.124071209743586,995912.1765005062,23250.992714930337,0.0017008893804124731,0.6113553117148242,0.023557384,2537,-709.1344637736198,-114.58769840127194,-184.95831200455174,156.90555344267577,1.1072525232373893,-24.804407909299204,-9.71161036120593,-2.330779615114394,26.52025877129634,-26.545626143179945,11.409103635619406,2.0185176862723044,-6.227372526002834
