filename,ACI,ADI,Bio_Energy,Spectral_Centroid_Mean,Spectral_Flatness_Mean,ZCR_Mean,RMS_Mean,Event_Count,MFCC_1,MFCC_2,MFCC_3,MFCC_4,MFCC_5,MFCC_6,MFCC_7,MFCC_8,MFCC_9,MFCC_10,MFCC_11,MFCC_12,MFCC_13
OSP_1_26_08_24_20240826_203500.WAV,611.00366,1.9784392302401523,651367.0357595243,15682.983008119347,0.002235765969670007,0.6455727106408228,0.0110921785,4106,-751.9794127466484,-118.03358106757872,-197.46738594810378,113.55211279195228,-24.314285145586968,54.02868291933142,-12.574041561404085,-32.75681825516938,17.533119982760965,-18.78310331533965,24.565002616818365,-6.721947616367292,0.7751001784020264
OSP_1_26_08_24_20240826_203400.WAV,628.4423,1.878479356507266,600702.5545220634,15680.8881082993,0.0023124996003322604,0.6456027055798585,0.010424379,4114,-712.3731602380165,-94.19189628264118,-147.9441735481762,98.18100928957078,-17.779870532509367,36.320668239734395,-12.473028400861093,-30.935293781117355,21.24009277385456,-12.585599664341308,19.474946143826834,-6.288217029080593,-4.5835862013081075
OSP_1_26_08_24_20240826_203600.WAV,653.2864,1.4949362076772272,386215.08732595947,15683.460176531806,0.002125636479767143,0.6450955184288906,0.006469306,4136,-812.5808082213744,-143.54288948844174,-246.55975076651015,125.56288704104901,-30.748303331785664,75.55193190535225,-12.678856428085995,-30.689673879062493,11.174129971301886,-24.809540497224347,26.22912429133685,-9.643468843454336,8.98237880430232
OSP_1_26_08_24_20240826_203700.WAV,707.9718,1.8560501285223112,542903.7021954012,15656.570192264357,0.002463839046715677,0.6448446516660462,0.009567295,4138,-763.0801120056983,-119.68995191090828,-203.40729794390023,113.56664531250298,-25.175297210183963,56.90994238601964,-10.985920913012128,-33.126290587761716,16.21091937074181,-19.400133759372313,24.332265166909373,-7.071038806441107,2.421398422740796
OSP_1_26_08_24_20240826_203900.WAV,561.73706,2.302585092994046,210605.71577918495,15619.035383018187,0.0026148178152778424,0.6433616291651154,0.0032538902,4115,-938.3510465781101,-174.61200835849272,-312.10296671751775,122.45228541394243,-49.43359349289609,108.95191486586727,-14.876508725977823,-13.585124098416607,3.866495630299787,-28.422207055274995,22.435010988927665,-16.727407740837794,11.95393770861512
OSP_1_26_08_24_20240826_203800.WAV,540.01404,2.302585092994046,208851.91976829543,15621.068305155384,0.0027000462833749904,0.6433592659274944,0.0032114156,4110,-1021.9046994267916,-218.11282005674084,-406.3345965021517,113.00151314010841,-95.23760109327074,135.0631462304113,-23.288775322524362,19.01476795633679,2.3856991115644317,-12.836634774562373,15.393404624577732,-18.790943702467846,5.441184543420492
OSP_1_26_08_24_20240826_204000.WAV,528.9513,2.302585092994046,207711.33429200607,15616.12924857207,0.0026046723405078213,0.6425803973438663,0.0031851735,4114,-1072.1888653167666,-246.12623559411006,-466.4584904530678,101.11404595211867,-132.00193040063084,142.04960049669427,-39.98843351658126,37.44322990840855,-1.5373197763952753,5.67265173860431,14.465054688912709,-8.35536369242389,1.8420373631942695
OSP_1_26_08_24_20240826_204100.WAV,527.71985,2.302585092994046,207695.89435379882,15615.15117490692,0.0026060335202763305,0.6427223733886355,0.0031849977,4104,-1062.9654743314131,-241.03000360351527,-454.9740690730664,103.75964124667753,-124.07892224064295,141.48558982336547,-35.91871330877204,34.48370231045643,-0.23154961668120203,2.0194899519659253,14.545835675907272,-11.159876055855602,2.1047178915566667
OSP_1_26_08_24_20240826_204200.WAV,523.3895,2.302585092994046,207477.11217112825,15615.338881521895,0.002608462122490416,0.6428121764182334,0.0031813574,4113,-1073.5104602089798,-246.87179722597043,-467.9297398489,100.51302347262795,-132.87281700495214,142.36434289378317,-40.668947911431424,38.13681578831527,-1.4478538557613205,6.031647385373953,14.388558559355412,-7.906076974024265,1.8660430039620974
OSP_1_26_08_24_20240826_204300.WAV,528.46216,2.302585092994046,207302.44647363524,15614.714044219983,0.0026056303763101235,0.6427297357827625,0.0031796333,4087,-1075.952881131884,-248.0383948859605,-470.87962149031574,99.8476307629909,-134.98821702441862,142.17250499855103,-41.678416230089574,38.73133309818362,-1.8587186450323063,7.096656360604112,14.289095912473789,-7.066922758915386,1.880053604519377
OSP_1_26_08_24_20240826_204500.WAV,555.19,1.4186109171026404e-304,208539.4565634765,15616.484793843736,0.0026294252537697915,0.6426232991960629,0.0032054186,4141,-1007.5584552683071,-210.77365934587866,-388.48882337832623,116.26154307284307,-84.18927044655335,131.73626916884294,-21.274687954062742,12.798717400385382,2.048879434101621,-17.312621065854838,16.10449662137225,-19.902663916365853,7.001454317613789
OSP_1_26_08_24_20240826_204400.WAV,533.5541,2.302585092994046,207232.46175484182,15607.671517831961,0.002623580184668291,0.6423543445760425,0.0031755941,4139,-1071.7061080254664,-245.34074330110073,-466.030976526533,100.6968754062133,-131.82365424355854,141.72499427680674,-40.317586823050945,37.10727215550704,-1.6888373029384542,5.690708150942665,14.477261455473995,-8.221710540085875,2.2779491182762297
OSP_1_26_08_24_20240826_204600.WAV,543.96204,2.302585092994046,209288.30272417289,15614.283586083999,0.002661664441438258,0.6428160848496836,0.0032174564,4135,-999.1602844672373,-206.28313712727757,-379.49074535527296,117.33873740867146,-79.60874781971663,129.65085784057882,-20.12763743094445,9.358352990255524,2.1628236070086495,-19.49026848658525,16.61129314147964,-20.100763927081243,7.9712125239466545
OSP_1_26_08_24_20240826_204700.WAV,530.55164,2.302585092994046,207965.3250374813,15615.012969676352,0.0026661872171154155,0.6428185389810592,0.0031886431,4117,-1071.7081366259335,-244.83529365709057,-467.0149213461205,100.82521310145258,-134.25878759285044,140.54317399141505,-42.99592964268418,35.82659644101436,-3.9094822457449503,5.207284810818537,14.164559532793627,-7.127809206510495,3.412757238124296
OSP_1_26_08_24_20240826_204900.WAV,523.4685,2.302585092994046,208132.45459027833,15617.983578335808,0.0026112638970493384,0.642696014199786,0.0031945026,4105,-1039.7354743846304,-228.6610972694498,-426.51654155094565,109.90328711047577,-105.7497296884886,138.8726794525266,-28.274137728413546,25.86009254975456,1.1564023956708824,-6.831625984863899,14.676160973226638,-16.417314798228205,3.7614904148563073
OSP_1_26_08_24_20240826_204800.WAV,526.77484,0.685929800252373,208022.1409660585,15619.634530964378,0.0026034433737005835,0.6428808012029971,0.0031955084,4139,-1018.1251288532076,-216.5175907014592,-400.32965080541146,114.66444513211408,-90.45670106692391,134.5202059901319,-22.855349428108465,16.95905225005557,2.0780365858306205,-14.425664193351485,15.502404219481434,-19.373280235138036,5.801143972812239
OSP_1_26_08_24_20240826_205000.WAV,527.2842,2.302585092994046,207322.7726404194,15610.586365792251,0.002605249768966255,0.6426222993647617,0.003181471,4084,-1004.9544208728458,-208.9933780214029,-384.66614500964863,116.59784686453507,-81.69902979169956,131.223914534014,-20.268480865963827,11.513587165829732,2.1649702981333587,-18.199828114190243,16.136026394204166,-20.234032508849864,7.25584725642292
OSP_1_26_08_24_20240826_205100.WAV,537.0353,2.302585092994046,207467.74856415926,15608.855006008089,0.00260883699763708,0.6421290189582558,0.0031819337,4131,-1050.3949934476343,-233.82277167456243,-439.27142990468707,107.10407737029057,-113.47453767784428,140.0824300801492,-31.330349691542985,29.887431966397582,0.8356416150064199,-3.0900718522497406,14.547344016285846,-14.329732006057029,2.8356567751608655
OSP_1_26_08_24_20240826_205300.WAV,526.9747,2.302585092994046,207171.0038197761,15612.421296959661,0.0025973629210729802,0.6425948494508563,0.003177057,4127,-1062.6649888864572,-240.65612283320402,-453.91537004749233,103.96143939000689,-123.12051094858342,141.56061166772838,-35.724579546386074,34.117863496899744,0.030536856247253646,1.678203015441384,14.431296174983135,-11.281206700512394,2.0457082021195925
OSP_1_26_08_24_20240826_205200.WAV,519.8171,2.302585092994046,207279.7279559582,15611.69282879644,0.0025996987430006585,0.6424026091597635,0.0031789301,4122,-1075.3230052178244,-247.52190856509245,-469.9914073909888,100.21235976457818,-134.15665950719517,142.1285448802643,-41.18735621972777,38.21025548696969,-1.8834305658416535,6.772055916493252,14.36769299714778,-7.266944405815936,1.714053969583184
OSP_1_26_08_24_20240826_205500.WAV,514.76306,1.424549101680006,206964.14465869506,15609.884317089858,0.0026072437272477923,0.642541131241856,0.003172675,4132,-1075.486965454318,-247.60784508596078,-469.97099052699656,100.05715876504794,-134.12297132094457,142.3090042506016,-41.27492415579315,38.430634631379434,-1.7445726499760608,6.825879279949112,14.201286773585483,-7.457805885698791,1.8956009175094977
OSP_1_26_08_24_20240826_205400.WAV,581.8823,2.2508351366259127,208068.05265497963,15611.437125166465,0.0026020646102151916,0.6426796533239483,0.003199495,4105,-968.5417620221972,-189.4729735893452,-343.38367183014014,120.98768642737367,-61.80920342662115,119.7645736995997,-16.26364930911189,-3.493082980551896,2.840758075669285,-25.45685060508931,19.305359914656886,-19.44275962825646,10.410297705734514
OSP_1_26_08_24_20240826_205600.WAV,519.7346,2.302585092994046,206555.27490926257,15609.65303338262,0.0026065051526245712,0.6423771589084606,0.0031647743,4117,-1076.7400962539753,-248.18334801420357,-471.1048307240366,99.62306262737212,-134.877176125653,142.42900494296228,-41.73140197632627,38.75189169982128,-1.7079257747884047,7.386488901733965,14.341528260373922,-7.234473557396501,1.7251242142756333
OSP_1_26_08_24_20240826_205700.WAV,583.91797,2.235540847630017,207953.99807064913,15609.384683762168,0.002599240311608257,0.6426158459081813,0.0032021916,4124,-936.4021525597275,-172.7835185369287,-308.38129525539887,122.17985915961802,-47.753642987948794,107.64355557091127,-14.952054937605444,-14.707530613377621,3.8635397269131615,-28.283122405961333,22.68953339389312,-16.149205291880307,11.75251615053421
OSP_1_26_08_24_20240826_205800.WAV,570.27515,2.0253999591064797,209510.42976863284,15614.072758336453,0.0026044635197338575,0.6426184818270663,0.0032312716,4120,-1001.263519144889,-207.31948476493451,-381.4246433036664,117.22809519731484,-80.14809582671451,130.16400787077157,-19.79088775541855,10.226166409988291,2.4564995712956383,-19.247173915548974,16.35586018180673,-20.082560281311423,7.4119861013567165
OSP_1_26_08_24_20240826_205900.WAV,519.7388,1.222376126304351,207304.93986882662,15611.120804887485,0.0025993575454254492,0.6422549977022058,0.0031805546,4113,-1053.3014257105535,-235.57984749632303,-442.34725157801995,106.62355588361383,-115.41278707865057,140.47226245411449,-32.27239618523505,30.85961884607907,0.5245115434634543,-1.8319854262740083,14.49003178434051,-13.62311646588587,2.7935315941806405
OSP_1_26_08_24_20240826_210000.WAV,526.97375,2.302585092994046,207608.6440123872,15618.2204099434,0.0026087180864782823,0.6430346843296258,0.003187215,4111,-1050.1062642573966,-233.71885614893247,-438.7455439836766,107.45126576607481,-113.84479555552876,139.84647462343432,-31.576198430387112,29.286075013507563,0.5489831459458006,-3.023697065712831,14.664736405006098,-14.081708596188102,3.0524167001181914
OSP_1_26_08_24_20240826_210100.WAV,523.8258,0.7861111707538367,206467.50281800432,15606.572754441422,0.0026309138306264738,0.6421143850637565,0.0031633207,4116,-1075.992120865207,-247.27081526561506,-470.3516750829814,100.00385609298154,-134.6681654761849,141.67971482668713,-42.10484730319179,37.88930870312182,-2.220710507306791,6.846874022915445,14.076271002441638,-7.017282387185657,2.0871972921393116
OSP_1_26_08_24_20240826_210200.WAV,530.39087,2.302585092994046,206597.0957036651,15606.189497733332,0.0026340951138019986,0.6422097326123883,0.003164735,4125,-1075.3267326769053,-246.91089500372394,-469.863816409857,100.07421042497123,-134.56364236296147,141.56830149547304,-42.20139864554344,37.616353330343124,-2.6624890695763272,6.658609246635734,14.16786455474177,-6.889927017444702,2.357449692658115
OSP_1_26_08_24_20240826_210300.WAV,517.8393,1.112545569787343,206895.679012364,15609.766837333194,0.0026165214203390593,0.6423994278783507,0.0031720593,4108,-1066.195235856716,-242.2060181024836,-458.1744306549576,103.02615033344486,-126.13551659127087,141.3924604691266,-37.571055463019135,34.97483390620947,-0.8830937694163139,2.987466201308847,14.31389759208762,-10.117490465162625,2.209765768258155
OSP_1_26_08_24_20240826_210400.WAV,523.0012,2.302585092994046,206298.5125748061,15610.313517110755,0.002610361247449644,0.6424605993752327,0.0031625773,4127,-1066.8935600803102,-242.52169519425678,-458.38088005663525,102.75637357426545,-126.27940149017833,141.7320108119547,-37.39856289925765,35.379517307501565,-0.8385202202379641,3.1084260300179873,14.424162628529725,-10.063614289404434,2.0262939339859014
OSP_1_26_08_24_20240826_210500.WAV,530.8722,2.302585092994046,207357.639874038,15613.642266531437,0.002614863265133393,0.6423329845436988,0.0031830887,4105,-1047.0450484413932,-231.83305173075195,-434.7584752347597,108.2391246381242,-111.11459639401109,139.39841557487864,-30.19634764003317,28.228586698098177,0.7581978772478518,-4.318855343452748,14.642361799899682,-15.073264682646197,3.214083363442871
OSP_1_26_08_24_20240826_210600.WAV,521.0238,0.9753916436877867,206551.8748305492,15609.128914599954,0.002617041769049368,0.6423178052866716,0.0031667664,4136,-1078.2206492327462,-248.66284088193734,-472.9971393087061,99.27661335929112,-136.60433178184235,142.01104523499703,-42.89913720209948,38.50072503234015,-2.826021119641559,7.864750132324189,14.230597012415748,-6.38062351361943,1.7884057692744724
OSP_1_26_08_24_20240826_210700.WAV,630.9562,2.0431060876788347,208264.69517357805,15613.488792119608,0.002616443939397456,0.6424622354628164,0.0032060752,4125,-933.2791710030571,-171.24688322947617,-305.31220288413084,122.37928646015192,-46.76065726850819,106.35351429982646,-14.868873984379116,-15.71848176559631,4.2093200888924365,-28.476237159347622,23.031298473245318,-15.889464341316584,11.773222433964483
OSP_1_26_08_24_20240826_210800.WAV,523.1836,1.0258154986726142,206724.13738969518,15615.832495864164,0.0026156932590156714,0.642860077426936,0.0031709536,4125,-1060.6811673686884,-239.07394565159356,-450.99601268352,104.62294794271756,-121.79018587020778,140.99593921424525,-35.332018158732275,33.03573715854944,-0.05258176453763074,0.6755847263216245,14.289470671469726,-11.777460120068215,2.4887647433476827
OSP_1_26_08_24_20240826_210900.WAV,533.76855,1.1575652609885185,206952.92995529177,15605.330819530682,0.002630414413883208,0.6420842992309661,0.0031762142,4149,-1024.340268213218,-218.94669221128748,-407.105015108347,113.23212286084679,-94.05603933485186,135.3365729126848,-24.178578529766085,19.033852651377078,1.8001529171681776,-12.64886289931148,15.201761559412983,-18.535461117274217,5.182399576189423
OSP_1_26_08_24_20240826_211000.WAV,560.81714,1.3784865973099831,208840.8066828025,15612.167490939322,0.002619233356342965,0.6422795390159624,0.003226718,4117,-915.9021516559259,-162.3992422326683,-286.9543585294781,121.960246524373,-40.47849451297924,99.22682113113571,-14.60505629891662,-20.77508152049485,5.0987041978179635,-28.517222587138903,24.75414571174048,-13.825830908695382,11.628600186495685
OSP_1_26_08_24_20240826_211100.WAV,535.9492,1.255647351903487,207495.3264702261,15609.991579284595,0.0026311605828783593,0.6423305304123231,0.0031839446,4126,-1024.3866180640057,-219.30410613815692,-407.6404831509924,113.30060551649319,-94.54356769434095,135.4400971304536,-24.28349401591868,19.174267586294544,1.6787618293571216,-12.505810190414346,15.215896586812642,-18.612964268901887,5.161781595002021
OSP_1_26_08_24_20240826_211300.WAV,519.1952,1.4186109171026404e-304,206023.27426684057,15608.213243513143,0.00260787021196541,0.6425654907681031,0.0031580068,4117,-1045.6613962591261,-230.70922171372064,-431.93707548459764,108.48434801706068,-108.70602868259787,139.44659130978647,-29.322655791390492,27.63800093752076,1.3462923770496116,-5.296182478913923,14.508493285475037,-15.38357511195571,3.1127090506991917
OSP_1_26_08_24_20240826_211200.WAV,524.578,2.302585092994046,206538.56221863034,15612.422562072568,0.0026155983756904685,0.6424936847019267,0.003167048,4105,-1055.0826417181559,-235.94119536382811,-443.9098666098426,106.12153334782472,-116.85414102700636,140.57066952128483,-32.949506586666324,30.99754571308408,0.21876924777901835,-1.6000839799732283,14.575301861456412,-13.200639948863712,2.873457478715291
OSP_1_26_08_24_20240826_211400.WAV,521.2124,1.7469863468496958,206652.42171072008,15610.275482521694,0.0026267087442664507,0.6421587412160276,0.00316862,4128,-1059.389412811507,-238.33747799830067,-449.5488051217803,104.85462401703998,-120.52446194905745,140.62020684077646,-35.00484161058112,32.79171101298704,-0.24694735910386437,0.12862739876073043,14.488711592791102,-11.977996634232595,2.5003645807352752
OSP_1_26_08_24_20240826_211500.WAV,526.67395,2.302585092994046,206737.54789198362,15610.627708800706,0.0026206743125254863,0.6424858678390264,0.0031721483,4140,-1066.7461492808898,-242.1737207798166,-458.6864694396068,102.90588736412668,-126.90127290942578,141.07665500358434,-38.130473168723405,34.61175656634876,-1.305488718178904,3.0739929873647327,14.172675913692183,-9.649866673762007,2.3390651263109623
OSP_1_26_08_24_20240826_211600.WAV,527.82166,1.0411817083380428,207571.54848925598,15611.385604336787,0.0026428830340782445,0.6423900658216214,0.0031856475,4135,-1034.9570459887614,-224.67939396370906,-420.69397989406247,111.04727111657428,-102.99526020141448,136.90714371654585,-27.844348366269276,22.862145182190552,0.815345516832119,-8.716694264667348,14.98539051625135,-16.749442559978824,4.6752275163252905
OSP_1_26_08_24_20240826_211700.WAV,532.20715,2.302585092994046,206170.84104249725,15608.488100032857,0.002673791952360274,0.6423466186068969,0.0031599174,4108,-1071.9344241437952,-244.11036423130534,-465.4515071566209,100.95450028350481,-132.8243759238228,140.31617350330941,-42.09571564335949,35.766731024824686,-2.9289947460304373,5.370481050231454,14.455783551338508,-7.448490244043378,3.152172265956046
OSP_1_26_08_24_20240826_211900.WAV,527.6813,1.5428011677418034,207352.5638997236,15614.91694624464,0.0026334595801258817,0.6424985929646779,0.0031881514,4133,-1036.5159899514815,-225.8199712197742,-421.4641043729599,110.87628325264353,-103.19041559438517,137.52542728607636,-27.690456746048078,23.771284390889367,0.9622590329068537,-8.16131336149502,14.894541276233559,-16.710138082624688,4.535684835267981
OSP_1_26_08_24_20240826_211800.WAV,529.06165,2.302585092994046,206485.53260481768,15608.632679079357,0.0026677718674957248,0.6422183675190805,0.0031655142,4118,-1074.6996713508252,-245.84163199401388,-469.12386333569833,100.19429363369514,-135.23282471360517,140.67386099179902,-43.234417644177604,36.464055074316,-3.6080846408120695,6.385404801046281,14.09794061917308,-6.700454958907226,2.9271995104260635
OSP_1_26_08_24_20240826_212000.WAV,522.051,1.995933424737286,206117.9521979486,15606.68132715589,0.0026488391037384875,0.6425898502943503,0.0031589016,4119,-1051.359894561377,-233.3091375671093,-439.3260161007465,106.95347428925712,-114.12182355948217,139.67147917446812,-32.09362072296093,29.259859930386998,0.3900728202360645,-3.0590543700849007,14.68744165695151,-13.887937510485148,3.138875283586953
OSP_1_26_08_24_20240826_212100.WAV,525.1012,2.302585092994046,206224.19262641275,15606.475821285521,0.0026412973840794617,0.6423466186068969,0.0031619673,4124,-1059.7120044699939,-237.9990312372275,-449.59510814549844,104.82161074695887,-120.81356499953878,140.4355120801807,-35.383267344008644,32.16420483827802,-0.666494399122816,0.3737220350302167,14.47025626728279,-11.709658399116872,2.9320236933637847
OSP_1_26_08_24_20240826_212200.WAV,525.60504,2.302585092994046,205851.91231725892,15603.427761908315,0.00265043386078188,0.6419288709105082,0.0031545444,4106,-1074.4732014570875,-245.8446719093896,-467.9733380262874,100.36769889347343,-133.5016276067098,141.20521489661095,-41.723145867853624,37.067803714546486,-2.4321535321599,6.198274901035427,14.239618517870706,-7.301734786324005,2.3564069492038735
OSP_1_26_08_24_20240826_212300.WAV,532.1839,2.302585092994046,206626.89581214395,15610.368356341585,0.002641918290917626,0.6423418012379002,0.003169463,4157,-1059.8833478622796,-238.12538989676312,-450.2074856217515,104.86750525900591,-121.52518259183867,140.24312903881366,-35.82232940683791,32.26098364180626,-0.9317931135116736,0.18906993005073833,14.384371308371106,-11.576758044420288,2.968013723323957
OSP_1_26_08_24_20240826_212400.WAV,525.2107,1.3339622122999306,206162.959879726,15602.776590454501,0.0026259721279613666,0.6418329779993485,0.0031592334,4111,-1079.8041127421443,-249.3030384718069,-474.9155024636581,98.67298602116905,-137.73535189655627,141.8605684674625,-43.45783269366053,39.30564324452775,-2.94690769200969,8.412831034600872,14.045481317834474,-5.886506604115943,1.8497778599342167
OSP_1_26_08_24_20240826_212500.WAV,523.7663,1.0648795314245965,206120.1195813554,15607.325742089126,0.0026443760457344756,0.642284083703695,0.0031637265,4141,-997.1870471224524,-204.00757520160633,-374.62880342130836,117.84375342314816,-76.67076174666612,128.40501634515255,-19.24912257891402,7.876851321609599,2.204075267969728,-20.513661576016926,16.785900860422974,-20.11157461441687,8.010259450211707
OSP_1_26_08_24_20240826_212600.WAV,523.38635,2.302585092994046,206197.90722825725,15610.992018847375,0.002610344490743829,0.6422147317688943,0.0031611205,4107,-1071.0792204323172,-244.60530563466784,-463.5732086380683,101.6486356479593,-129.91419728513344,141.64316605572537,-39.212248977845675,36.51032829973043,-1.2456854577564718,4.798087621392976,14.331086368409075,-8.815951685674868,1.8542422932120763
OSP_1_26_08_24_20240826_212700.WAV,556.4733,2.191848208405854,208293.76213907197,15606.111648920782,0.0025958419074615857,0.6424476924620719,0.0032052647,4127,-950.700086067562,-180.04277048141373,-323.5616541940277,121.93079149620134,-53.24900858334364,113.13157688411759,-15.48644189710351,-10.037217423000248,3.2198252549143405,-27.44612529033075,21.15837672494994,-17.69183302833549,11.485511222285005
OSP_1_26_08_24_20240826_212900.WAV,514.4233,1.5074156436225865,205888.5556905654,15607.996010825547,0.002604173857410506,0.642371796176936,0.0031556697,4120,-1060.725718920388,-238.99462683090968,-450.29343639674045,104.53835404594686,-120.479153764289,141.3383646694876,-34.39260111263282,33.415768188309016,0.3331940216635503,0.5844006504379874,14.433826931741198,-12.239049221532905,2.1220880330919663
OSP_1_26_08_24_20240826_212800.WAV,515.60443,1.3235015436443938,206588.68069635605,15604.83161231603,0.002597942406623256,0.6420861171060592,0.0031682563,4135,-1070.0430265599205,-244.42912988685543,-462.6422308696059,101.7908461771782,-128.83153409517445,141.86305700980697,-38.335086256682146,36.585716096763825,-1.0075081848346408,4.714191417822315,14.298344127962775,-9.136389547888747,1.6684568062669654
OSP_1_26_08_24_20240826_213100.WAV,513.3335,2.2710119201826067,205970.3465992152,15607.424311164257,0.002608343040965674,0.6421991889368485,0.0031597463,4137,-1010.1936562739048,-211.20093626300968,-389.4680903876898,115.99122713102011,-84.06367048836253,132.0908833363958,-20.979422728874013,13.27791215363541,2.2789186169454556,-17.117576452284613,15.79351529757104,-19.89165118303573,6.449739229147886
OSP_1_26_08_24_20240826_213000.WAV,515.0973,0.9548814424269603,205813.72525863536,15607.876542962293,0.0026136880656558495,0.6422509074832464,0.0031546631,4117,-1051.071503017018,-233.65512819298178,-438.2337822044413,107.31270879755257,-112.62018296466196,139.9955417458515,-31.11085537243477,29.760036177163162,1.042954450196543,-3.1801129048178227,14.539201081466933,-14.502031624746952,2.696619116714685
OSP_1_26_08_24_20240826_213200.WAV,514.6512,2.274307203030144,206221.96137926113,15604.191924100385,0.002611752904493857,0.6419808621381702,0.0031601912,4091,-1071.3266582994265,-245.0764773482797,-464.02296580719525,101.44070969789765,-129.606251105107,141.8666745823955,-38.86349180781665,37.1774743259843,-1.121368864653084,5.058581116914893,14.209301958588973,-8.87259476807919,1.8284937839697357
OSP_1_26_08_24_20240826_213300.WAV,518.8136,2.302585092994046,206323.37495336952,15604.43831193856,0.0026059780250057493,0.6421194751140171,0.003163282,4137,-1060.1431906836542,-238.69551430282863,-450.04320394809685,104.77034177575393,-120.16759757869274,141.07662029294735,-34.312304146899216,33.02724604335954,0.16020657344841327,0.4724146115499682,14.575102723083866,-12.039443047516345,2.0739998190015387
OSP_1_26_08_24_20240826_213400.WAV,513.7263,2.2402961557254795,205900.53116236613,15610.167932424016,0.0026026933504943333,0.6423356204625837,0.0031592557,4125,-1031.1279946415327,-222.5416068525351,-413.86135853015537,112.04929695502425,-97.88603257162289,136.88574760252234,-25.20934433342846,21.796728164364502,1.9068219048532027,-10.723226946762354,14.981482696101057,-18.086897615929452,4.45479692198964
OSP_1_26_08_24_20240826_213500.WAV,513.4595,2.2223672348487886,205406.338200985,15602.018028625582,0.0026154913070345807,0.6419499582615878,0.0031465164,4119,-1081.0849365149315,-250.03906428739143,-475.4407144334711,98.47314618091777,-137.50833437376141,142.43382572805092,-42.971251108305,39.93455499061418,-2.2961374260942384,8.683283198006396,14.156475176380717,-5.9560190046419805,1.3001388866132295
OSP_1_26_08_24_20240826_213600.WAV,512.8608,2.21156107506854,205453.5249721778,15603.016859806048,0.002611148254494956,0.642230819963468,0.0031476584,4125,-1079.3275789469799,-249.07600867484902,-473.228066299562,99.06470032686735,-136.0132896057907,142.2618674272867,-42.16168495991884,39.385015541078,-2.078324618269739,8.0909982809021,14.10817490826032,-6.352790167479244,1.4993949855506747
OSP_1_26_08_24_20240826_213700.WAV,513.71106,2.2758440713733035,205580.86012001766,15603.931635345367,0.0026190261781686036,0.6419445955300633,0.0031495527,4104,-1070.777455005926,-244.40343699135732,-462.7630477140477,101.55642427432885,-128.9166333551423,141.77971300302806,-38.54414016589236,36.68785870608511,-1.0876784239813386,4.7643262665593085,14.295100676266756,-9.038339077788304,1.8864346543638273
OSP_1_26_08_24_20240826_213900.WAV,518.47253,2.302585092994046,205957.99287496117,15606.03230830355,0.0026048202738933974,0.6423598890950764,0.0031568499,4116,-1079.3285697814672,-249.3110050071891,-473.65443402739874,99.09165317645578,-136.4686585550492,142.21703800078024,-42.399047923462675,39.24177484457358,-2.2027553521021024,8.259492099931323,14.049906089352335,-6.254127869895592,1.5411077457906157
OSP_1_26_08_24_20240826_213800.WAV,520.02576,1.4186109171026404e-304,205226.48784330854,15605.503015605245,0.0026237627100577595,0.6421440164277736,0.0031473355,4098,-1026.6716621303776,-219.72113404103968,-408.0533595714909,112.83224723842898,-94.38216463105434,135.99020338270333,-24.044599491583526,19.61831094664913,2.036694112836535,-12.231534387577215,15.077668316875664,-18.574235419565355,4.804568241688441
OSP_1_26_08_24_20240826_214100.WAV,560.8804,1.4753007397273314,215994.0221582971,15621.457573018954,0.00259331489642202,0.6422247300819062,0.0033972657,4149,-982.768315086054,-198.72683644514404,-363.43883871008666,120.31027248562769,-72.01125686493214,124.5605486574601,-16.85897425808436,2.7890207990360487,1.362233196430863,-22.178280891178915,17.35723791944738,-20.314738584123557,9.16009468145464
OSP_1_26_08_24_20240826_214000.WAV,521.7235,1.939443012700242,206623.86219346296,15610.855460895964,0.002616440634916219,0.6421125671886634,0.0031698423,4096,-1065.7564089955379,-241.86748437307526,-457.1975905133132,103.4175123650279,-125.7042942548012,141.0755541501722,-37.11110324906068,34.70664699575085,-1.2168960209311255,2.717443339605771,14.099888020783787,-10.258617908243721,2.3419771103647333
OSP_1_26_08_24_20240826_214200.WAV,557.3003,1.2454789261043575,210640.41213734716,15615.517671433772,0.0026357141279393114,0.6423661607641474,0.0032688668,4118,-997.7230817918427,-205.37839961885012,-378.1140058973851,117.88270917033671,-79.49813333338426,128.50720921176645,-19.32233322438856,8.180436779587342,1.3836507103218312,-18.96934537290139,16.541723260099474,-19.95774836754008,8.080229154885588
OSP_1_26_08_24_20240826_214300.WAV,533.20337,1.381068850786837,206004.13741137742,15605.558078584228,0.0026210480785749633,0.6421327456021966,0.0031592168,4111,-1053.2661070166184,-234.5828074667031,-441.3802630059863,106.41745531264822,-115.09035295097296,140.0626144497213,-32.11185357267378,30.542629862118137,0.8399035579810133,-2.1842150247476035,14.619342237109834,-13.705795557103324,2.430522620987023
OSP_1_26_08_24_20240826_214500.WAV,517.1808,1.8825697056138944,205661.51290939318,15603.123206830214,0.0026240202830409916,0.6422343648198995,0.0031521649,4105,-1049.0619275269598,-232.11990413401813,-435.90210450657355,107.58643814729285,-111.32606589984249,139.5368294562509,-30.812137005541164,28.73942189451605,1.0542581982199986,-3.870649767106216,14.67871200448265,-14.587574023166075,3.0452442389474244
OSP_1_26_08_24_20240826_214400.WAV,518.3116,1.9031725316158383,205730.122337694,15600.573327488355,0.002614699704707557,0.6417872584407577,0.0031515749,4111,-1079.350266313448,-249.0680039876127,-473.8204782049244,98.84210540419444,-136.47456434035035,142.09221089592444,-42.58533563450238,39.37502524333393,-2.20862306874261,8.231586308873737,14.142527164281214,-6.268465946933868,1.5170011880076526
OSP_1_26_08_24_20240826_214600.WAV,515.60297,2.2804553615996896,206142.53289249862,15605.130416276666,0.0026087274671037337,0.6421545601033135,0.0031609656,4100,-1052.9692953651213,-234.73492160204282,-441.02113480772084,106.64426312817127,-114.42378799067924,140.26345640317635,-32.03221310708281,30.34882640266662,0.7734121752472262,-2.30382489426631,14.499983200020822,-13.576819505455154,2.612654882499004
OSP_1_26_08_24_20240826_214700.WAV,514.4587,2.237268804261606,206066.06454933787,15605.705093275119,0.0026029382268038435,0.6420481235166139,0.0031602231,4131,-1028.4242971463207,-221.23624160779627,-411.0875906439821,112.47003887130636,-96.06641225370734,136.34902846595432,-24.62558965739539,20.77018189449655,1.884855170929551,-11.31351313690599,14.979341358384877,-18.25052765491229,4.603321624871146
OSP_1_26_08_24_20240826_214900.WAV,512.8756,2.2759735635884724,206034.1291803692,15605.199317019182,0.0026028895920750684,0.6420102208209233,0.0031588033,4110,-1049.3803212518192,-232.7237603782781,-436.36101459322754,107.74859472019904,-111.29413797991702,139.76524429121068,-30.522039171797072,29.14602769120279,1.1653899352409167,-3.916826776705529,14.510811367911785,-14.573204727197151,2.8620769112970303
OSP_1_26_08_24_20240826_214800.WAV,515.98315,1.9793907220847706,205598.9878170007,15606.444427243898,0.00260331025701914,0.6421195660077718,0.0031519511,4120,-1058.979084135066,-237.8492810241309,-447.74741045314755,105.24440232021271,-118.68803533650359,140.89190931584127,-33.60159457813408,32.582181591282335,0.5595647999167495,-0.39212146291087097,14.31687603578804,-12.433604113586721,2.1915364939917636
OSP_1_26_08_24_20240826_215000.WAV,513.611,2.2875821026014322,205712.2873448079,15600.378145161942,0.00261467707126558,0.6419211449413627,0.0031517579,4128,-1078.1268697995247,-248.38424746682492,-472.1852032271962,99.22271411608932,-135.33288670061296,142.1656380602877,-41.77582869437173,38.99555149945768,-2.0207724802421603,7.709906380293939,14.202047496302681,-6.617093083668983,1.6326635343859135
OSP_1_26_08_24_20240826_215100.WAV,559.7687,2.302585092994046,207805.1910216066,15604.945587727685,0.0027442907884361687,0.6418512476440339,0.0031937829,4104,-1038.5804517255701,-225.43734690706518,-425.7761027648621,109.76826795846927,-107.4884577376123,136.60127720193995,-30.845756085618294,23.361600932280147,-1.1012694229615914,-8.241204271815532,14.241189285003884,-15.138573904286824,5.286391440610008
OSP_1_26_08_24_20240826_215200.WAV,518.029,1.891644636632108,205567.29788901517,15601.888440289256,0.002619274111254545,0.6417232692374814,0.0031513206,4117,-1044.8929913217926,-229.89598464804652,-430.57077372854934,108.75811567664856,-107.86539767229748,138.92378800142893,-29.149320538682307,27.219650610115032,1.0309703969487847,-5.5954589540464355,14.601643080391668,-15.542863379399542,3.291634258483592
OSP_1_26_08_24_20240826_215300.WAV,522.95905,2.302585092994046,205421.49805092128,15601.422975218125,0.002612709152236092,0.641514668070551,0.003148177,4093,-1064.8730371794984,-240.87702031708974,-454.9360933616013,103.57600357591862,-123.33829418400985,141.3518365278681,-36.00854415793937,34.32069303133931,-0.30088169069113524,2.145769372083846,14.36015298090089,-10.963722825905402,2.015240368785115
OSP_1_26_08_24_20240826_215400.WAV,513.4537,2.287343781608711,205303.66164904047,15602.491725405656,0.002619636842507386,0.6423862482839259,0.0031463874,4127,-1059.997085349181,-238.2159106226381,-448.94737208812757,104.57236439367803,-119.59841891481348,140.9315027808991,-34.09608535403913,33.06033991066863,0.3631366074104672,0.310537735592682,14.487057176691264,-12.330322413166412,2.045308037427461
OSP_1_26_08_24_20240826_215500.WAV,513.5465,2.295719996443623,205100.24390756036,15600.782484089576,0.0026170515103823683,0.6417297226940618,0.003141573,4133,-1063.7978210444608,-240.31935108363996,-453.34278247073655,103.88524002536634,-122.33808119742409,141.20989258105075,-35.484427729517584,34.296660679491666,-0.1641898955013354,1.7295424862650173,14.460504313448368,-11.381830003263094,2.0993335047272685
OSP_1_26_08_24_20240826_215600.WAV,515.0701,2.0912586220504936,205605.7872316058,15600.13822057989,0.0026124913340462488,0.6419172365099125,0.0031504852,4133,-1066.0592352356696,-241.7093510833917,-456.7941196833337,103.1201510953226,-124.48219069062185,141.41081436733938,-36.339900882504935,35.19093502014268,-0.41736090756568806,2.7215856355458903,14.410301161802838,-10.595883532118288,1.8413679245255141
OSP_1_26_08_24_20240826_215700.WAV,512.9071,1.7759232449211082,205280.0705554466,15600.930622526499,0.002614684856807749,0.6415313925214073,0.0031462489,4122,-1055.8074384010656,-235.83792978398236,-443.58429109896036,106.01386803225041,-115.90091051892507,140.46892651388177,-32.37085961928734,31.36042342241901,0.6902656053376487,-1.4736624399347573,14.375733394743403,-13.398405607401392,2.4450312887873604
OSP_1_26_08_24_20240826_215800.WAV,513.5515,2.292961841787595,205518.904431614,15603.145022516344,0.0026136568501971586,0.6420383069911113,0.0031506254,4143,-1079.9554263493494,-249.48165449089564,-474.0432589255295,98.74056780072239,-136.6978375330122,142.28302668117763,-42.525170999348504,39.62538465462377,-2.2063192523917547,8.437274011991212,14.107847619983842,-6.206921741267453,1.3243124562928956
OSP_1_26_08_24_20240826_215900.WAV,513.38904,2.182546954673105,205355.854058789,15601.095634144747,0.0026177813712431604,0.6417926211722822,0.0031461744,4121,-1074.3867159006827,-246.41564629044223,-466.99042005575035,100.46090592535116,-131.64276559267614,141.97920628551998,-40.04970169952555,38.13283568332803,-1.46927447711755,6.157313201820954,14.245849647540245,-7.987514995723358,1.4537069394374185
OSP_1_26_08_24_20240826_220000.WAV,513.5099,2.282106284968933,204988.4863391523,15600.36295653173,0.002615498052521744,0.64189296787742,0.00313942,4123,-1068.8841565941439,-243.07982849230896,-459.8457333892771,102.1602294865181,-126.84863060170402,141.6474148644714,-37.287928879608465,36.18775446864325,-0.7716489053864416,3.7726668797045546,14.349653976962635,-9.83241636721022,1.6444392889646604
OSP_1_26_08_24_20240826_220100.WAV,538.62445,1.4520135382859964,205793.1984963712,15604.497394902928,0.002608825902017002,0.6424850497952346,0.003157289,4143,-1025.9973055703767,-219.6847029722032,-407.6904074135493,113.00333808791858,-94.05118319608293,135.79053299707084,-24.071169836177067,19.63133755632426,1.8399255359882132,-12.159559914131608,15.103909186789823,-18.67438107109987,4.833103829037208
OSP_1_26_08_24_20240826_220200.WAV,520.2875,2.202429887118236,205749.42729652795,15602.903857344201,0.0026303448941398,0.6422642688651806,0.0031546815,4138,-1022.3607179319905,-217.55902930602662,-403.7752194782221,113.71978042795546,-91.94163252082484,134.69658880467236,-23.422506733440393,18.114181091652913,1.9710636844720633,-13.430975460529032,15.236535038329713,-18.75937233249728,5.219154239870763
OSP_1_26_08_24_20240826_220300.WAV,519.6878,2.26094743464195,205410.94887675956,15600.419075137348,0.002645360832102069,0.6417833500093075,0.0031482123,4133,-1058.7030611008793,-237.13824833750616,-447.73607057872584,105.02217689150908,-119.2463527213294,140.286651815507,-34.52125038192463,31.99979301526785,-0.18157425223494325,-0.16907530322173667,14.340725535940631,-12.127955754878668,2.7898593455778906
OSP_1_26_08_24_20240826_220400.WAV,521.09595,1.6976274443094181,205390.09932040062,15603.328721010972,0.002637834076746006,0.641754354901573,0.0031491015,4126,-1036.3897953731755,-224.99828728687183,-420.0869349384439,110.80671506158576,-101.64472503419701,137.37717664712986,-26.87431159798279,23.60879039620914,1.4693948395290906,-8.644323689709019,14.868901038224635,-17.056331379484476,4.100355132304004
OSP_1_26_08_24_20240826_220500.WAV,518.1726,1.3138442689128944,205520.71235480107,15603.813618285085,0.0026401085579417817,0.6421841914673306,0.0031605263,4101,-942.0494717912852,-174.8010509864034,-312.96076902286705,122.02351828087058,-49.353802691887076,109.14319338067811,-14.943738230662762,-13.191567434897685,3.6044956185470807,-28.048646081111517,22.115973515131902,-16.63143128773101,11.732435351959495
OSP_1_26_08_24_20240826_220600.WAV,517.7501,2.286345966833513,205185.1342355131,15599.819169543855,0.002638978647302866,0.6419479585989855,0.0031435292,4120,-1079.1305378345073,-248.31779527714917,-473.2016855554227,98.85595643375088,-136.74004454750857,141.50528712546037,-43.09017384530039,38.77256324077321,-2.8018492532868007,7.916537149213227,14.16109979199912,-6.0548596478970005,2.020849761713078
OSP_1_26_08_24_20240826_220700.WAV,522.91223,1.0754578918557436,205579.4920615149,15600.038514239966,0.0026438673508955013,0.6419560481431497,0.0031506047,4104,-1047.633813862894,-230.94537750759895,-434.29149717983483,108.01924744831466,-110.45514463242833,139.10530886747642,-30.516153673005917,27.66030388135483,0.4144524073857474,-4.720273544308177,14.74751672662808,-14.949201596662924,3.2944129486732296
OSP_1_26_08_24_20240826_220900.WAV,530.59515,0.6866437253210345,206525.82357569286,15608.968708558923,0.002619005726809838,0.6420073122207743,0.003173559,4122,-1013.3829115463325,-212.92883062390862,-393.50753745764274,115.44348707576252,-86.54897273091778,132.63168604133304,-21.61901576773884,14.459456673966354,2.1895154731274955,-15.998366606549338,15.544956639316771,-19.316488330187095,6.273443633198759
OSP_1_26_08_24_20240826_220800.WAV,521.6046,1.4440044375574568,206195.49371286854,15605.971618483098,0.0026103801440590666,0.6422424543640637,0.0031646816,4129,-1060.8953263752906,-238.94501900706788,-450.69864606823194,104.65779735487504,-120.91894754360304,140.763177998026,-34.69965628339817,33.14803056625999,-0.29212369975983765,0.7613638697439096,14.217671082940196,-11.895259815539166,2.182165347084474
OSP_1_26_08_24_20240826_221100.WAV,519.01874,2.180723179745058,205300.19789005467,15602.894662926441,0.002632906075418901,0.6421294734270291,0.0031468498,4129,-1071.0095768768501,-243.90095243877482,-462.97214402088554,101.50158678851683,-129.5318321577518,141.2993523188209,-39.00711040255189,36.211450280112686,-1.357920678809661,4.61428346763358,14.15721073644209,-8.523486950611801,1.9611968118633583
OSP_1_26_08_24_20240826_221000.WAV,522.5751,1.0370551232571925,206026.88425677168,15605.680039692435,0.0026417287065453195,0.6421362904586281,0.0031596043,4136,-1071.3297177432719,-244.21953696377565,-464.2054814892044,101.33132866312279,-130.8347497455604,141.07448817807915,-39.99256262550988,36.16309966133545,-1.6765613882031958,4.923755713653524,14.093124454120577,-8.010410425427855,2.350746948066563
OSP_1_26_08_24_20240826_221200.WAV,535.49194,2.302585092994046,205867.3789486338,15604.449921266054,0.0026190948214183073,0.6421118400386262,0.0031606408,4117,-1049.0993323154767,-232.07143016936473,-435.9769969345028,107.64077912025974,-111.69438306946378,139.28493212153825,-30.600476313237493,28.62234951346011,0.9562777713663332,-3.8236075339887075,14.331350513936504,-14.48451879936475,3.004422218397494
OSP_1_26_08_24_20240826_221300.WAV,520.5293,2.201116380398041,205695.97342711926,15606.084359533836,0.0026139881190116983,0.6420095845646407,0.0031539313,4127,-1058.5414657982778,-237.5469557518476,-447.3647092167911,105.32209684324083,-118.66930370766197,140.81792872871466,-33.75272607986051,32.157040032812894,0.1338318817301696,-0.33880117957372236,14.417727869295662,-12.388534429128637,2.4138261652110766
OSP_1_26_08_24_20240826_221400.WAV,527.78,1.8191791859726094,205666.20178800388,15602.568059322726,0.0026300494560768726,0.6418396132434382,0.0031539234,4102,-1068.7631914564786,-242.63336103005534,-460.3757370756483,102.2015050733647,-127.904048327491,141.02255921828944,-38.37245626463592,35.250652823873715,-1.3574502516922595,3.664218127497469,14.332548823102114,-9.179946052260078,2.1498155369128944
OSP_1_26_08_24_20240826_221500.WAV,520.9682,1.4186109171026404e-304,205323.01284641025,15602.068993729801,0.0026099956432163586,0.6415902007806683,0.0031479567,4144,-1047.6980353035942,-231.41433983624646,-433.6468335378547,108.04588863185057,-109.68629605510266,139.50376348962774,-29.785153094696884,28.34143860017979,1.1193465242155713,-4.669899081449619,14.480651334775319,-15.046705489001,2.8983277902188602
OSP_1_26_08_24_20240826_221600.WAV,524.1967,1.2658411767321458,205913.20053378778,15600.775465997225,0.0026129036896846577,0.6415051242263123,0.0031566804,4100,-1066.5139140994745,-241.99020646797055,-457.75950004854644,102.74131270252771,-125.51851561658097,141.4513557990876,-36.92106193429393,35.02169420160903,-0.6116728063895196,3.1850513728596463,14.247616944294412,-10.151229110432833,1.9620385881416353
OSP_1_26_08_24_20240826_221700.WAV,517.56934,2.2243934526337963,205034.794187339,15603.612430452102,0.0026276472697948,0.6416988188174795,0.0031418484,4142,-1054.7302621460217,-235.27161395798123,-442.23900207202934,106.07813350604528,-115.4050302038977,140.39343368188574,-32.36158224655026,30.90830676345642,0.4446763894926346,-1.786871689119442,14.295564877636433,-13.523409183740762,2.606496513350631
OSP_1_26_08_24_20240826_221900.WAV,513.578,2.2249066156207764,205324.17549839645,15597.458876059767,0.0026118916547974483,0.6417828046467796,0.003146482,4126,-1034.628304959141,-224.2187377325106,-418.0959354798828,111.01837709928809,-99.90828602846575,137.27572702918272,-25.996654748399997,23.23572579466992,1.790115859229476,-9.25097123885478,14.675932643479138,-17.463019430536022,3.8279441769002087
OSP_1_26_08_24_20240826_221800.WAV,515.6533,2.207587013306692,205286.76452639065,15602.08704812058,0.0026186829022952006,0.6419195997475335,0.0031442954,4119,-1069.3013194965738,-243.57776595112503,-460.5372802799903,102.11982255000574,-127.19743368529232,141.7070579893095,-37.779710927524334,36.298348581982374,-0.8236770991219509,3.992964499954699,14.161067005909024,-9.599526708966652,1.8023977037682182
OSP_1_26_08_24_20240826_222000.WAV,513.72046,2.067706302297576,205197.94480907728,15597.260990588225,0.0026094940774916957,0.6416387380456534,0.0031436398,4124,-1056.5722488563088,-236.3574261390145,-444.62451269103445,105.69504359160649,-116.35891871338175,140.5531390865001,-32.67707516718649,31.768487371950258,0.5771491447488368,-1.0185705753836174,14.358991686310349,-13.125868096774001,2.2110127226459384
OSP_1_26_08_24_20240826_222100.WAV,520.802,0.7674965495985638,205647.498587671,15599.545973915428,0.002629668537210705,0.6415317560964259,0.003150553,4125,-1072.285447332694,-245.03654726320744,-464.94766002804624,101.05820392389425,-130.39767330390828,141.64742865868968,-39.57697030689901,37.070932531827346,-1.5487898222883065,5.20270295612129,14.222676555164846,-8.379858167227157,1.708535744856471
OSP_1_26_08_24_20240826_222200.WAV,513.6681,2.2313110967150553,204840.36533372258,15597.972720491935,0.0026142219013026427,0.6415240301272803,0.0031376493,4109,-1077.6684936039424,-247.9423553427465,-470.5577077155763,99.51512094661707,-133.87517087643923,142.16943032486995,-41.29821985266278,38.88132075902918,-1.7587649520861448,7.239631394888247,14.10030429057337,-7.038231864936014,1.4860590428921805
OSP_1_26_08_24_20240826_222300.WAV,517.2279,1.4186109171026404e-304,205666.60919740188,15605.338507380544,0.002607187295470112,0.6421135670199646,0.0031532606,4113,-1052.8419433034674,-234.56568634763815,-440.341029476007,106.7544949183639,-113.90548190547091,140.32430524397276,-31.397968941660086,30.272045075259115,0.7955868147192641,-2.4676182566445415,14.435143613397495,-13.976752083272967,2.411842090496041
OSP_1_26_08_24_20240826_222400.WAV,521.032,1.4582725850506113,205636.91844054975,15600.4418143998,0.002632580124516561,0.6416960011110853,0.0031508363,4116,-1060.0500477645462,-238.09396859328928,-449.5146430677513,104.76934414959334,-120.21346177360743,140.51995299125966,-34.69233487495149,32.478349435090436,-0.1770866101365007,0.3567167114141947,14.182974201419553,-11.760258794168585,2.4102617945596485
OSP_1_26_08_24_20240826_222500.WAV,541.4103,1.5710711170612266,206192.79136301513,15601.458027878953,0.0026228172446279207,0.6420139474648641,0.0031664064,4132,-991.9879381793719,-201.08637060406883,-368.49639273521524,118.59460101600214,-73.30946208304246,126.68646692472348,-18.31490148453688,5.5906883406566745,2.348751833939679,-21.469859555551494,17.023638332998598,-20.030833138679,8.477315598802164
OSP_1_26_08_24_20240826_222600.WAV,515.37646,1.741519097157985,205340.05787102724,15598.731104685468,0.002609980016545675,0.6411545470146128,0.003146746,4113,-1050.0595775526008,-232.80528795081892,-436.6398144349703,107.38400915286384,-111.43661011165972,139.8795307041371,-30.444489526778096,29.130529589786086,0.9447652602804594,-3.51852090407072,14.3116000311501,-14.54988846771643,2.847185793998164
OSP_1_26_08_24_20240826_222700.WAV,513.9377,2.2931153528118333,204747.16444087034,15597.03048073128,0.0026189306470459977,0.6418483390438849,0.0031367093,4107,-1074.7401769963533,-246.05512279665066,-466.918779947036,100.35221066367536,-131.42921336893136,142.02306398309332,-39.93630692008274,37.79096161829713,-1.2587434264836965,5.962004171699881,14.162632157244092,-7.918850423627104,1.50156584445551
OSP_1_26_08_24_20240826_222800.WAV,515.19543,2.1265579240087638,205594.25634897387,15602.152411987916,0.0026126046111401664,0.6417142707557707,0.003150254,4133,-1076.7630994940157,-247.69799478575806,-470.23024623795624,99.78803519698002,-133.9438865105507,142.14875533666716,-41.02987783616141,38.6256482733494,-1.757836760702877,7.099025702317203,14.116537296695503,-7.269720735967974,1.5530304110338777
OSP_1_26_08_24_20240826_222900.WAV,516.0311,1.9380794167737683,205304.81035294532,15603.58513217578,0.0026117684058900347,0.6421348361585536,0.0031490098,4126,-1042.6982193366011,-228.61889766154098,-427.51197823742103,109.34703182605736,-105.87564800571663,138.66687019118396,-28.18454997464551,26.23934865087897,1.3700706926328605,-6.4403053929939444,14.71126586289837,-16.07223360128617,3.253956467419464
OSP_1_26_08_24_20240826_223000.WAV,530.8561,1.9153168748404756,205450.7125928,15596.183594830227,0.002628733227345275,0.6415961997684755,0.0031484936,4117,-1032.8070468625692,-223.12806839435942,-416.0546594559889,111.28615240699708,-98.71755341551577,136.9296733671541,-25.728285867473883,22.475495522863927,1.635843322059562,-9.888436993562152,14.927487517541167,-17.57717339118474,4.0420552194669295
OSP_1_26_08_24_20240826_223100.WAV,512.7258,1.9992232323438548,205178.8297579533,15597.539975864649,0.002617072877067173,0.6415152134330789,0.0031419315,4113,-1069.4157240988059,-243.57282359142351,-460.6660704030884,101.96817475389632,-127.02197573217873,141.89008947441926,-37.54547739239636,36.1512754617718,-0.7313457493104083,4.114587940711244,14.082298152935012,-9.61060476085522,1.6729568705017628
OSP_1_26_08_24_20240826_223200.WAV,515.1779,0.6815625882571626,205155.68637647096,15598.789620065998,0.0026099948090778655,0.6415412999406646,0.003142981,4122,-1075.987231237196,-247.13343044682327,-468.71694883109166,100.14120697800976,-132.69721525977013,142.0472687322419,-40.46723645049015,38.42038530080724,-1.6722950995804933,6.698171195592573,14.110005450405362,-7.557335723150344,1.5465062569698993
OSP_1_26_08_24_20240826_223300.WAV,516.0641,1.7257575250518453,204954.12901825717,15601.482157669509,0.0026158363448800163,0.6419889516823343,0.0031405545,4152,-1076.5740992426317,-247.18022381826952,-469.2244387511136,100.01231288906007,-133.27762394349614,141.93944310258408,-40.685688661406,38.34837950752066,-1.5829976407323456,6.905698503032184,14.044087230637823,-7.38300467419333,1.4682855018558583
OSP_1_26_08_24_20240826_223400.WAV,520.71497,2.302585092994046,205086.09540591357,15602.035891806454,0.0026087876710518304,0.6416184687383656,0.0031438163,4168,-1070.533957193142,-244.06361257130663,-461.73890789846945,101.77604128699407,-128.0653749602703,141.6798398637657,-38.01080521964468,36.726885247701006,-0.7838912684538389,4.404404619529177,14.200060201986906,-9.305566354238973,1.6227955615192728
OSP_1_26_08_24_20240826_223500.WAV,527.4508,1.1026385907665452,205531.24743772479,15600.684956830934,0.0026253400737299075,0.641622831638589,0.0031504165,4121,-1073.3889812898453,-245.65775616551272,-465.9837877910151,100.7383599870957,-131.31238301069502,141.66981920329638,-39.93980285087499,37.23712808592946,-1.7905792466302213,6.010274437732724,14.005980127873029,-8.180215921906457,1.796387510319786
OSP_1_26_08_24_20240826_223600.WAV,523.56476,1.075760764678459,205397.59871765628,15604.136852034519,0.0026152125166815665,0.6420089483083582,0.0031493884,4100,-1041.331447413345,-227.77655573115584,-426.0552510283825,109.79883270754684,-105.15277151810625,138.21683574801574,-27.873830400401257,25.815362531194758,1.2986945323439936,-7.259455733898772,14.594161042051299,-16.265537401201655,3.602221683028758
OSP_1_26_08_24_20240826_223700.WAV,512.83954,1.0679521076468967,204992.98107002006,15600.57416820079,0.002614919813559553,0.6417246326438012,0.003140446,4094,-1061.3265326815047,-238.90406247259358,-450.281184295289,104.34177155630432,-120.32261543860008,141.03610677975135,-34.380227846847426,33.60806004808744,0.2433534681893647,0.6521975437018502,14.309091027529368,-11.978778986501165,1.9817244695434701
OSP_1_26_08_24_20240826_223800.WAV,530.4024,1.1854963459886434,206173.5028727347,15598.689861870567,0.002612135452817135,0.6416859119043187,0.0031703098,4095,-984.2326079225801,-196.95444297374578,-359.6474350275421,119.48185443542376,-68.74120295526711,124.17434671628662,-17.3947384825239,2.576585240041062,2.435005463455275,-23.148224516283,17.634413397816367,-19.872237905618395,9.049478020675556
OSP_1_26_08_24_20240826_223900.WAV,516.1433,2.231435505590604,205337.77827550285,15596.623008932469,0.0026188991401790386,0.6414840368752327,0.0031461162,4119,-1067.6469969224681,-242.32639992648717,-458.7017742952022,102.4850835106603,-125.87357684673869,141.35108149199263,-37.20617086340398,35.589564698396174,-0.6015197172774304,3.29376861795323,14.320193199131246,-9.899009417304107,1.888939176397168
OSP_1_26_08_24_20240826_224000.WAV,522.4409,1.7709600971920132,205005.3097451561,15599.4649804319,0.002624085973726472,0.6418171624860387,0.00314169,4137,-1055.777172448005,-235.47319326079713,-443.496488992753,105.95847935981116,-116.04116508760524,140.1596743384521,-32.47432434461632,31.271035421381455,0.49972404826402317,-1.582879304937891,14.525550093138639,-13.265847442025802,2.490743798925871
OSP_1_26_08_24_20240826_224100.WAV,513.9353,2.293781315654292,204838.0252447894,15598.59782802247,0.0026171389389999045,0.6418031648478221,0.0031384528,4133,-1061.1776593878126,-238.71282183834506,-449.99405696642293,104.38314256607465,-120.08348346322497,141.10986292319615,-34.3268251483634,33.31141444881713,0.11919791111226341,0.49587729408359615,14.335112129438095,-11.919660711999331,2.0361274830382685
OSP_1_26_08_24_20240826_224200.WAV,513.4385,2.2726128441472504,204963.00254534202,15598.647619786283,0.0026144353921540558,0.641716543099637,0.003140858,4106,-1079.214060684585,-248.74807073050496,-472.81248303175175,98.94362736568341,-135.72332120529026,142.05407329264278,-41.95164591172343,39.430724109692804,-2.0472068844255533,7.982320297388024,14.020956320996843,-6.305214240403703,1.366433267234274
OSP_1_26_08_24_20240826_224300.WAV,519.44574,1.844954461184333,205456.51753263173,15600.112430374798,0.00261510991575006,0.641760899251908,0.0031498363,4111,-1013.7891810042065,-212.76050200188226,-393.2988990818843,115.30167123476798,-85.94537432232703,132.73649350367728,-21.51266083569162,14.576395567797007,2.0693669630255234,-16.010765191047593,15.673871601450507,-19.67483716085908,6.226350853240323
OSP_1_26_08_24_20240826_224400.WAV,517.45026,1.9243058348528184,205247.6298496356,15599.73682792009,0.0026129196317052905,0.6420074031145291,0.0031447855,4113,-1067.7083205053896,-242.59851710960882,-458.4724711183743,102.63728414986596,-125.68430161210117,141.48031139935642,-36.95572979051199,35.622088763394295,-0.5776054326432205,3.374270895677813,14.265698676882021,-9.998102027042334,1.6779847123159406
OSP_1_26_08_24_20240826_224500.WAV,521.6145,1.4367882546123285,205410.13595588037,15600.007783986744,0.002627326773266096,0.6415817476614855,0.0031476961,4094,-1059.2828669777027,-237.80873794191749,-448.2432571508238,104.9200492432804,-119.13433328231606,140.66632883136572,-34.04946072672815,32.53335606053135,-0.12587426885298628,-0.022519693492535582,14.18812262333369,-12.209582454503346,2.3186820136172943
OSP_1_26_08_24_20240826_224700.WAV,580.0622,2.302585092994046,206441.57200069926,15599.481818096618,0.0026749614163730367,0.6420038582580976,0.0031640162,4117,-1062.4745009115907,-239.3611114767922,-453.8152219681844,103.73251685741337,-123.68698669434852,140.44489880000518,-36.865151458325705,33.10560734390025,-1.6284928555900542,1.185116206151473,13.700016955793476,-10.845638579349876,2.7342868080483718
OSP_1_26_08_24_20240826_224600.WAV,517.40796,2.2502100341348092,205835.08557178962,15607.122437134994,0.002611303420041336,0.6422642688651806,0.0031572382,4116,-1062.984774742936,-240.36779632015606,-452.81141842769136,104.00300793354602,-122.22749659873968,141.2766846878764,-35.62089692038666,34.12240103695066,-0.3178482941912936,1.4933641315006152,14.162429825868745,-11.159653040903192,2.006049349963053
OSP_1_26_08_24_20240826_224800.WAV,522.3053,1.4869450456319997,205614.45411681008,15601.508898253229,0.0026179051158171686,0.641758536014287,0.003154658,4100,-1042.3368404600365,-228.58312553379645,-427.3001503980526,109.36990985159873,-105.72171822662666,138.5867335513416,-28.292107579322177,26.22715744607615,1.0789323931160222,-6.529040856130101,14.684049646345205,-16.016636220889648,3.353278177711675
OSP_1_26_08_24_20240826_224900.WAV,513.7832,2.2886738013792973,204856.32233496683,15595.812304709905,0.002623362397741792,0.641357421875,0.0031364716,4107,-1073.7475370279017,-245.66445103290513,-465.8476399369113,100.61186011219074,-130.70160544247068,141.9362123453273,-39.53871868775514,37.64295520830431,-1.311845627583511,5.624778012347943,14.176654616066191,-8.178164910079508,1.5064546515063333
OSP_1_26_08_24_20240826_225000.WAV,518.72784,1.136010240754286,205122.98357999724,15595.718971567461,0.0026166209524172584,0.6416500088712305,0.0031429739,4137,-1035.5230241383695,-224.50660990273028,-418.91634351203436,111.03945350696083,-100.19325663700577,137.29183745071433,-26.107942424455207,23.409958784282026,1.4635128326716602,-9.09384632919236,14.91435705419574,-17.353865589127857,3.7694820619080915
OSP_1_26_08_24_20240826_225100.WAV,515.35706,1.2320264583488334,205030.15612684502,15598.557339335435,0.0026147936171115713,0.6416602798655063,0.0031420053,4151,-1070.1110042455828,-243.65145745141865,-461.2810545812987,101.9208917448621,-127.59643500107774,141.5980410810892,-37.82950308681898,36.338451538506725,-0.7347363259428851,4.226614031527248,14.18309240379145,-9.231022756430642,1.666141266648126
OSP_1_26_08_24_20240826_225200.WAV,574.59625,2.302585092994046,205706.98892303157,15599.166553203353,0.0026181235685391797,0.6418032557415767,0.003154852,4097,-1039.214486759909,-226.70236269492952,-423.75833631495067,109.96788896679524,-103.52856912672699,138.16582363872658,-27.257647338721206,24.993198732908276,1.6010381988771705,-7.716745832203167,14.593679056339793,-16.7604227875234,3.45969827355951
OSP_1_26_08_24_20240826_225300.WAV,524.3678,1.1934073839402122,205352.7712055502,15600.862243645955,0.0026316437843448134,0.6417274503501954,0.0031468447,4158,-1066.8127356130756,-241.89435466187066,-457.69325461476745,102.65011547098965,-125.68240099803565,141.08150971877527,-37.165913631662484,35.27745978489058,-0.8592268802972038,3.128061328363702,14.366527185331849,-10.143488833889057,1.9719048274196043
OSP_1_26_08_24_20240826_225400.WAV,513.5511,2.2913663909265973,205002.3158218734,15595.712876300622,0.002626064871698245,0.6415112141078742,0.0031385678,4098,-1076.6229671122244,-247.35853183119212,-469.6422137066075,99.81805082670058,-133.17885893133115,142.0697833481898,-40.946536513465375,38.615151755171304,-1.6897996713818184,6.828332170141913,14.035519097172049,-7.437913953900154,1.4586172319075053
OSP_1_26_08_24_20240826_225500.WAV,518.8164,1.8274104726383011,205162.04506671845,15599.57566015067,0.002616360308314213,0.6417521734514613,0.003143118,4131,-1038.9826093555364,-226.62396926907695,-423.14371586949005,110.02535882141399,-103.09014811115294,138.23000210023008,-27.111556179703506,24.77904932006767,1.4647977557550513,-7.664857079224623,14.495429732657525,-16.819087573107954,3.7771877480321847
OSP_1_26_08_24_20240826_225600.WAV,516.74005,2.302585092994046,205104.97666631467,15594.899030994347,0.0026298926622080002,0.6415046697575391,0.0031404605,4139,-1076.652800667949,-247.307581816591,-469.9586183337676,99.55361622466212,-133.70143045067408,142.02281835487224,-41.08416850983684,38.497749764775534,-1.890312316862992,7.164821801990363,14.177135250042616,-7.254524519352134,1.5717936662528822
OSP_1_26_08_24_20240826_225700.WAV,538.8342,2.1505403687676394,205399.2241173703,15596.169570461188,0.0026415707054679737,0.6418063461292349,0.003147544,4119,-1044.2592145849178,-229.2395342750509,-429.9956990308185,108.49025686950705,-107.67951216358635,138.70029460797156,-29.209327888374382,26.972425721324697,1.159602665287041,-5.76344694770695,14.504814579659332,-15.517411450482626,3.470869410574422
OSP_1_26_08_24_20240826_225800.WAV,532.32245,1.4126585439590158,205662.51301475862,15603.634251231311,0.00261430736986116,0.6419277801854524,0.0031535914,4107,-1026.5876401570708,-219.93116615205886,-408.3701170908959,112.89703382501732,-94.46477126762471,135.8233531464415,-24.304048804362537,19.902834628279695,1.85289068509145,-12.112730802564142,15.152430489731417,-18.622911004683253,4.862667479774207
OSP_1_26_08_24_20240826_225900.WAV,588.83325,1.8591043364585615,207550.99961135146,15605.945075412968,0.0026194121325511742,0.6421184752827159,0.0031982788,4129,-997.2568355874303,-204.4028071266723,-375.26883675007684,117.70048417469383,-76.9372753090357,128.59049893133613,-19.337654671907625,8.165347689198342,2.0197329760040827,-20.324001634063876,16.754641513866154,-19.927765338907413,7.9476497874768315
OSP_1_26_08_24_20240826_230000.WAV,538.83704,0.6732320103052686,205965.9783525176,15598.903293843658,0.002628628206767677,0.6416667333220868,0.0031641857,4142,-970.1603210578965,-189.46351589598976,-343.77598259868296,120.7073031508727,-61.64336760861227,119.57358569939238,-16.333697256057878,-3.104067318553863,2.510281775498116,-25.37231059973474,19.003293202678297,-19.167201216564813,10.282037604352166
OSP_1_26_08_24_20240826_230100.WAV,524.69037,2.302585092994046,205420.18159755247,15601.907214392051,0.002627317238414079,0.6420656660112621,0.003148543,4095,-1067.5225779896753,-242.2259872588032,-458.51425872442513,102.64681850556725,-126.31280597113081,141.3053156502367,-37.4320937532307,35.029907868020906,-1.1388348563498336,3.2661784697692635,13.97480704727922,-9.942948475018335,1.9706700472966636
OSP_1_26_08_24_20240826_230200.WAV,524.63574,1.0545929260048676,205383.88445246758,15596.343523516336,0.0026123817728519955,0.6412927055216865,0.0031481471,4108,-1023.6817474396901,-218.15868566902336,-404.9999429376712,113.31333489775066,-92.32073458203303,135.13105569953962,-23.509689809507233,18.76800846042982,2.0410387458638075,-13.120877984473285,15.067116471623569,-18.654441336625155,5.058541649720725
OSP_1_26_08_24_20240826_230300.WAV,513.433,1.144889073983974,204726.27872776947,15597.043075824968,0.002617806079944002,0.6414799466562733,0.003135939,4116,-1066.9221318877933,-241.95457885615625,-456.89335277583,102.85470907464924,-124.52009618492653,141.61841815045935,-36.50433551063531,35.22140501738314,-0.422765780810237,2.960387215814629,14.202888944938609,-10.38306669680912,1.835939744886168
OSP_1_26_08_24_20240826_230400.WAV,512.65875,1.2076973358356486,204836.33675335598,15596.967961198994,0.002617381664175896,0.6412319884935778,0.0031372632,4102,-1077.7756863852778,-247.9578930761606,-470.8961952665852,99.43175008140145,-134.13587957802042,142.17115098900658,-41.31791477659326,38.99466879283163,-1.704533631184599,7.393950488858838,14.112571047424995,-6.986842582814352,1.3445252315895215
OSP_1_26_08_24_20240826_230500.WAV,531.84406,1.4186109171026404e-304,204991.0805498916,15594.664216035731,0.002628370591495882,0.6415106687453462,0.0031415,4091,-1039.41093355908,-226.5692956788032,-423.45079666224325,109.99215132121215,-103.07620808176833,138.02183916293293,-27.19961156656868,25.085538846443004,1.276083270448104,-7.7426729260187726,14.69135997334837,-16.80390278746978,3.6722194365801037
OSP_1_26_08_24_20240826_230600.WAV,526.0979,1.2605738171274072,204949.07856376198,15595.333235630556,0.002636346657001998,0.6413498776933637,0.003142488,4143,-1026.8108571201797,-219.56572109550018,-408.3845365295349,112.55935711592066,-94.37420219473364,135.72357325507863,-24.089983297003943,19.96633026665778,1.729197461921091,-12.243318321890854,15.055711972308657,-18.48923386266465,4.9145087989193605
OSP_1_26_08_24_20240826_230700.WAV,513.94354,1.4870472694642147,204787.22755545963,15595.446816433889,0.002619306216210585,0.6417910759784531,0.003137497,4128,-1054.0168124218642,-234.6216356790737,-441.2336722636723,106.26505399120072,-114.27950869218247,140.16109909187176,-31.568075083508067,30.777665061761237,0.6983914738811469,-2.250062860546378,14.382112848023866,-13.698497680486033,2.3196926100916593
OSP_1_26_08_24_20240826_230800.WAV,649.94653,0.6669088796588937,211636.77429614036,15601.79246237219,0.0026161254840709356,0.6418521565815805,0.003312554,4140,-934.1193629751409,-171.41360606412897,-305.99192865491244,121.91691546381702,-46.80842953721911,106.61304174961907,-14.892592566443517,-15.35882553271712,3.7980550964845485,-28.24839289396386,22.75720261825136,-15.794926430241,12.006124597896402
OSP_1_26_08_24_20240826_230900.WAV,628.0863,2.302585092994046,207939.53273638472,15601.503574434488,0.002611657439963795,0.6417410844133935,0.0032170601,4102,-979.4257471004757,-194.52579869004217,-354.3426118754029,119.88376992684408,-66.49933713926846,122.82269318661453,-17.095902492718828,0.6829966377277943,2.4901265582836807,-24.05020111332994,18.030655136835815,-19.525564905954475,9.66908498554149
OSP_1_26_08_24_20240826_231000.WAV,561.92065,2.302585092994046,205993.9120754557,15603.239265441809,0.002611344447660352,0.6418253429239575,0.0031623074,4116,-1001.3897877840714,-206.36435619065233,-379.0659560478853,117.27337579080564,-78.56397405890976,129.66112209475793,-19.522598082793063,9.45082452510576,2.1583308606423866,-19.207488433321743,16.23101092709993,-20.03868027713425,7.342760227498042
OSP_1_26_08_24_20240826_231100.WAV,575.86487,1.4186109171026404e-304,206362.97974183285,15599.797329862407,0.002618500650673928,0.6416427373708582,0.0031729164,4088,-991.4627377760105,-200.75141498808742,-367.9329982891729,118.42927792001336,-73.00403250655158,126.58255342999341,-18.130820603723436,5.55376471627336,2.3039528119639847,-21.75379005046759,17.009823616526887,-20.05336897051881,8.581442484747228
OSP_1_26_08_24_20240826_231200.WAV,735.1307,2.151082497399262,215036.81603501702,15596.593611405966,0.002614778053433747,0.6418503387064873,0.0033865755,4116,-845.1447934829032,-128.29302358266824,-219.33899864181743,114.05661581606645,-23.45316622780655,69.90597702597687,-14.380693716700485,-33.302670699046665,11.572434329148278,-22.56811057061862,28.182262940714494,-8.148065906892759,4.845935009155379
OSP_1_26_08_24_20240826_231300.WAV,808.2246,2.2563067667026724,218423.9249215761,15601.585115143776,0.002602172463766928,0.6418912408960815,0.0034756053,4119,-891.0385126207843,-150.26084788795598,-263.0280929199743,120.19350867205983,-33.327800960593606,89.0091876746445,-14.455996133270157,-26.70636792940948,6.990643433899816,-26.91352804131061,26.62023017847399,-11.385102983150727,9.993405097143217
OSP_1_26_08_24_20240826_231400.WAV,549.9381,1.9086122591792298,205758.04638217957,15600.695603915705,0.00260702952628672,0.641613378688105,0.0031604436,4105,-976.2297528875898,-192.5617910952679,-350.034439965984,120.3418024734154,-64.29108110265769,121.45849170929428,-16.681395152554895,-0.7934451309302032,2.4219734669287,-24.70388966043445,18.4528265689482,-19.355485819015605,9.840385720429483
OSP_1_26_08_24_20240826_231500.WAV,732.0201,2.2839624695623524,212469.4001630155,15598.440686826249,0.002611400841204335,0.6417489921700484,0.003321473,4127,-919.3185971605106,-164.00525428045768,-291.3595725376372,121.61065399518304,-41.795334330119275,100.71894456226572,-14.47747586720675,-19.614341619932006,4.818031475755029,-28.355862855600986,24.108876436039793,-14.26804427492002,11.691894596876683
OSP_1_26_08_24_20240826_231600.WAV,533.5447,1.7338444978212721,205864.26615540023,15597.229701082311,0.002613273031494434,0.6417602629956255,0.0031650583,4106,-995.201963295564,-202.57920599375996,-371.6344183973646,118.01600714065083,-74.60666519687638,127.66670398796286,-18.49057981252774,6.779587680948503,2.1867480473949117,-21.0356069119215,16.69810687397627,-19.81620839440889,8.087948631586057
OSP_1_26_08_24_20240826_231700.WAV,677.5417,2.1365009913070905,211497.99550759472,15603.773093951115,0.0026100945279170654,0.6418573375255957,0.0033058706,4100,-891.2348566323739,-149.98087969814745,-262.14351278656335,120.13236064991663,-33.14991074084177,88.84911608974257,-14.432446267612251,-26.85419955798969,6.985535003180855,-26.872128882964798,26.663850146965082,-11.457644707545947,10.147040083166855
OSP_1_26_08_24_20240826_231800.WAV,515.54175,1.499537396962865,205289.91879802127,15602.762016054401,0.0026211549213916744,0.6417759876151806,0.0031453976,4139,-1041.263252863966,-228.1612194014877,-425.8973327352702,109.60222305819383,-104.84170057442067,138.6324215757261,-27.772884848882736,25.95524059084324,1.2640414647586968,-6.917702260730325,14.311330590555047,-16.371561379847588,3.6292938076367793
OSP_1_26_08_24_20240826_231900.WAV,513.4573,2.04464550278409,204640.87022604092,15602.2478573007,0.002611944287148595,0.6420405793349777,0.0031351426,4119,-1070.7870743552735,-244.09936116568215,-461.57413591388524,101.75135494590664,-127.97285262129972,141.98406218526452,-37.96146644068725,36.52258702528334,-0.9112456879727554,4.505180987549426,14.227225746661185,-9.44857708227061,1.6771312292169724
OSP_1_26_08_24_20240826_232000.WAV,701.5312,2.185215943890703,214274.35893883518,15603.966475495077,0.0026028205417348723,0.6420232186278388,0.003369391,4117,-884.9810139756125,-147.3204631846537,-256.87142526751256,119.64260884592876,-31.825032089496883,86.57089534636205,-14.298087999338168,-27.973218209762972,7.370679005884249,-26.561901578555844,27.20652805813853,-10.92322674030754,9.587795524838148
OSP_1_26_08_24_20240826_232100.WAV,595.2864,2.27941933427702,206692.0608640193,15601.332836525911,0.00261863810886655,0.6422085509935778,0.00318207,4120,-977.7576250131762,-193.48802082880454,-352.1869669003396,120.01240992483385,-65.55125991732599,122.29864128204872,-16.78560078900467,-0.15436243385649764,2.4566421245491363,-24.321598277662265,18.307128820884156,-19.502672949079763,9.63527003884167
OSP_1_26_08_24_20240826_232200.WAV,753.43396,2.240670266317023,215799.6160902131,15594.518997899915,0.00261842026838709,0.6412354424562546,0.0034247325,4134,-886.123043883437,-147.66311871054094,-258.4617035203602,119.59297050446797,-32.18990987445234,86.81842928480852,-14.102681500063158,-27.574750336580646,7.388804549851483,-26.55434597839507,26.780271344096484,-10.92617759152138,9.698212023417396
OSP_1_26_08_24_20240826_232300.WAV,637.48987,1.097297663617765,210186.3803073613,15601.23233413588,0.0026225018971540635,0.6419052385342983,0.0032628214,4126,-929.2222795412939,-168.81402218639883,-301.15569059648027,121.75921391398697,-45.37902397614474,104.63967839041291,-14.435565701793077,-16.81801134044525,4.114862893896642,-28.259698756879462,23.177779631860115,-15.480681413778338,11.964642585354818
OSP_1_26_08_24_20240826_232400.WAV,647.00397,2.140719590821077,210530.0869038789,15602.090805448774,0.0026069207980899995,0.6419412324611411,0.0032907634,4130,-929.6856851323632,-168.96095920330907,-301.3480556338032,121.91092618060516,-45.295239350720834,104.65116125867618,-14.53240282414856,-16.85149391746543,4.218207412758062,-28.198266358850727,23.136745792427178,-15.40899584063549,11.806312680371612
OSP_1_26_08_24_20240826_232500.WAV,516.7549,2.302585092994046,204677.27980866245,15594.982484762664,0.0026217326203927076,0.6414776743124069,0.0031342295,4122,-1076.724950836648,-247.36990945869118,-469.35509970329633,99.7460390703331,-133.05379160816113,142.05766744858886,-40.684459662421375,38.599214901769,-1.6823952037600922,7.008167567031317,14.105693430717483,-7.424655710831897,1.3638184423123851
OSP_1_26_08_24_20240826_232600.WAV,515.74194,1.4755923119171865,205268.1325083098,15599.804210868726,0.002624017510857987,0.6419900424073902,0.0031483988,4094,-1033.357911801393,-223.4987412946615,-416.098373249366,111.68227507320027,-98.75354751875159,136.88600568413307,-25.519022245132646,22.535638871145103,1.5414968748834188,-9.909122677633583,14.594522257264945,-17.531432768781965,4.360414024428427
OSP_1_26_08_24_20240826_232700.WAV,623.2389,2.224159154763963,208113.20645860568,15595.129849989415,0.002620359516823983,0.6416250130887007,0.0032124426,4140,-955.8115815998863,-182.1431878517753,-328.79633564556417,121.3877980859502,-55.30657157792618,114.51195268674526,-15.469130780977249,-8.065401198566166,2.910767911629572,-27.055119160487592,20.462073572114644,-17.862575825572115,11.264720099290916
OSP_1_26_08_24_20240826_232900.WAV,523.3103,1.1484190303806827,204885.57014570068,15597.858504902748,0.0026182826419966702,0.6412576205323902,0.0031407904,4130,-1035.3259753658788,-224.27484064202517,-418.2268451203123,110.95348426256508,-100.0169229587773,137.51087082398098,-26.116517580698495,23.132235698930142,1.6465509641550795,-9.308239307204078,14.835118930814305,-17.377139773297195,3.8746810039245014
OSP_1_26_08_24_20240826_232800.WAV,773.7555,2.250136699059066,214696.0230758093,15595.755943124,0.0026078605519362003,0.6414587684114389,0.0033930987,4133,-903.9164835955634,-156.04077084334656,-275.3052241900434,120.95666894991784,-36.573869598718375,93.98382432951585,-14.38976828745279,-23.753818165315696,5.95136920067887,-27.938423313887863,25.686320057541057,-12.497907736218554,10.97221038997492
OSP_1_26_08_24_20240826_233000.WAV,515.0329,2.2334687480994218,204128.85162630415,15598.480893424608,0.002630354419135893,0.6417408117321296,0.0031269663,4132,-1072.4047264727953,-244.4459315081766,-463.2531765672246,101.31817975860976,-129.1722901736711,141.68469606830325,-38.750668636486374,36.893296609309814,-1.2373215840202916,4.769114802832741,14.113627397049793,-8.76728131611603,1.580432408643679
OSP_1_26_08_24_20240826_233100.WAV,521.1345,1.2772076986098915,204230.45263774117,15597.906089286224,0.0026184894875285352,0.6417339038067759,0.003128856,4127,-1062.6252655297349,-239.14109462514034,-451.09252974176485,104.25287669073195,-120.70217656973432,140.99360772454747,-34.32527405881107,33.62406236149934,-0.011733437200149313,0.975842262023646,14.391430991774378,-11.827446101151468,1.9635320576179807
OSP_1_26_08_24_20240826_233200.WAV,561.23517,2.207380060136986,205318.0930601041,15593.558813623864,0.0026207454740061744,0.6415309380526341,0.0031526922,4102,-983.0852493929748,-195.9029718168281,-357.4911502751291,119.49158979691317,-67.55816362974876,123.64461073001503,-17.38277604544735,1.817415463627716,2.365971405915742,-23.40759780556469,17.83181188699252,-19.728296410393956,9.324183761723832
OSP_1_26_08_24_20240826_233300.WAV,559.1669,1.451395702336287,205388.39637325384,15596.61610402232,0.002630261000787499,0.6414226835908414,0.0031503292,4115,-1044.9545035883896,-229.65473780280476,-430.51560694425933,108.4425486849793,-107.94407739076897,138.8565019369244,-28.98629791939627,27.218962511623804,1.0275085560566941,-5.513760336543593,14.324900592714283,-15.530168824923773,3.3511950108729365
OSP_1_26_08_24_20240826_233400.WAV,513.354,2.295038800246569,204474.35372702178,15599.361925883226,0.0026171865183563926,0.6415504802098846,0.003131964,4126,-1079.1845946816777,-248.67505258919255,-472.04886661593366,99.2287563037296,-135.05207740181928,142.2442591484332,-41.52956280501278,39.326932444377896,-2.079240509685532,7.789217633952398,13.985144379126456,-6.756030196026673,1.4642293861529758
OSP_1_26_08_24_20240826_233500.WAV,512.99133,2.2893393143873775,204578.65921946,15598.567955771667,0.0026172811333420244,0.6418994213340004,0.0031346083,4096,-1062.436125835432,-239.25636751903053,-451.25435190747777,104.28615732170441,-120.8020099764343,140.96441583293648,-34.6604029168412,33.710219069507694,0.17379263258547717,1.0800406538678429,14.196681422487886,-11.667001517177571,2.0185370235075197
OSP_1_26_08_24_20240826_233600.WAV,520.5311,1.4154629126540796,204493.08549669074,15598.408538515374,0.0026159884218217764,0.6415851107304077,0.0031352395,4115,-1038.6881250264871,-225.99622792251668,-421.9045451277178,110.38371153420306,-102.16149061340792,137.87770127624688,-26.926379867862885,24.487611795294868,1.6145398535669513,-8.184241942470221,14.561083126659708,-16.89106043589329,3.7852762874920134
OSP_1_26_08_24_20240826_233700.WAV,513.6454,1.6973991265366937,204023.84456164556,15597.35731425212,0.002623177036959047,0.6420468510040488,0.003125186,4125,-1076.3045565233929,-246.62522004185462,-468.0594713337481,100.10907675071898,-132.31287744911103,141.98312074969428,-40.07979280241119,38.216781298444594,-1.5286044386246878,6.430048213864655,14.14219435654872,-7.589137668983758,1.4296645478365846
OSP_1_26_08_24_20240826_233800.WAV,643.5465,2.2914770398441995,206123.08356333018,15594.911763970134,0.0026209472033289403,0.6414984889822226,0.0031757313,4116,-955.3889406863007,-181.19150755973592,-326.91416750081623,121.36558873330874,-54.57656263579312,113.99822162602747,-15.298856743229088,-8.811949561517709,3.0780067132686604,-27.102676286873894,20.508928839047794,-17.75420473859132,11.256375426209324
OSP_1_26_08_24_20240826_233900.WAV,513.67285,2.2699064479608433,204500.4382491838,15592.033190360507,0.0026172528276313996,0.6412807075460722,0.0031319708,4105,-1074.4041013914332,-245.89448937880925,-466.1851070530888,100.65978835521098,-130.4491631556852,142.02833848886092,-39.517151085451985,37.69086458628114,-1.232164988785226,5.851482546564309,14.088009508720859,-8.333651040750896,1.5947621354134882
OSP_1_26_08_24_20240826_234100.WAV,529.6427,1.052264570615544,204576.4151134435,15595.015415264465,0.0026328413274084163,0.6414430437918839,0.003133188,4137,-1064.1713315642467,-240.13107691805394,-453.670114332538,103.503445419333,-122.55818202708356,141.01978764086434,-35.52991273669563,34.31256155781825,-0.29400682156225877,1.833634702268019,14.069226239794583,-11.215365258963615,1.9303894981370446
OSP_1_26_08_24_20240826_234000.WAV,514.06177,1.379276466523066,204031.61379363202,15595.73865387518,0.0026202476362294793,0.6416349205079579,0.003124694,4113,-1076.1936226833125,-246.65633396267447,-467.9028119202031,100.15914077867086,-132.05368176997777,142.15390945777355,-40.04360910007795,38.126652788692496,-1.5701242291475723,6.484811409060063,14.171127137368627,-7.801126534775757,1.3973939912982196
OSP_1_26_08_24_20240826_234200.WAV,518.25665,1.4519867218511082,204160.30719402275,15596.18791575458,0.0026436705876951615,0.6415361189966493,0.0031269898,4128,-1046.0006834165436,-229.81960704975847,-430.6895558344066,108.50616513858118,-107.75314208417008,138.93847306707113,-29.099267587513395,27.22911112492608,1.039931792717788,-5.460112638639509,14.437301811524893,-15.593733337551164,3.166204350045218
OSP_1_26_08_24_20240826_234300.WAV,519.9166,1.4094812575299973,204649.8538309423,15601.108709422879,0.0026277993741495504,0.6419463225114017,0.003136899,4113,-1062.1184630480889,-239.09671372465024,-450.8191021915822,104.22838944307333,-120.90145993743373,141.01251036524707,-34.73723526362157,33.26474163900038,-0.31531170335988934,0.847874729179895,14.175971027566458,-11.653526287993062,2.1027063386555587
OSP_1_26_08_24_20240826_234400.WAV,517.84375,2.0824213696500764,204831.83990218255,15604.12159951518,0.00261675795647111,0.6420099481396594,0.0031422414,4119,-1055.6077138962844,-235.63563300455968,-442.6493248445471,106.22941080560865,-115.53261832288554,140.30513109365992,-32.39967524788366,31.019056545134436,0.38032509137851767,-1.6915458870369222,14.221555822194965,-13.17901495216551,2.6258405008789483
OSP_1_26_08_24_20240826_234500.WAV,521.67224,1.4854305809474282,204657.63177318036,15599.364368711755,0.002621894492840665,0.6416516449588142,0.0031390805,4119,-1037.1841770688425,-225.1174774630006,-420.1802690575862,110.78446973082413,-101.38723171567453,137.51875750849698,-26.531734908145378,23.618388559408473,1.2573284150097264,-8.687572321047485,14.64136360928406,-17.05516407130969,3.808041459292926
OSP_1_26_08_24_20240826_234600.WAV,516.749,2.109142147981814,203953.0740473933,15592.428924455686,0.0026304182427763887,0.6411220979442014,0.003123451,4136,-1050.4513467252825,-232.1060250178796,-435.8685137915789,107.61120302299396,-110.62402952839037,139.50482195149112,-30.451151470131485,28.742894564623626,0.8579050083779911,-3.9803957389173137,14.394171453134263,-14.756175192314016,2.7560857871082565
OSP_1_26_08_24_20240826_234700.WAV,518.39984,2.0418889922375296,203991.3259634692,15592.16088984841,0.0026395618044965895,0.6414780378874255,0.0031231726,4125,-1078.899456627996,-247.91585336945676,-471.56189963043744,99.09016275626712,-134.86835831367569,141.95243697670472,-41.756527587149556,38.74037518488361,-2.2514691907767515,7.606018985650754,13.891414683456532,-6.708980203815364,1.4336467440265594
OSP_1_26_08_24_20240826_234800.WAV,519.6998,2.121684130733592,204452.79645582216,15597.550126408896,0.0026367017873066435,0.6418352503432149,0.003133151,4122,-1046.613495148224,-230.2782395890792,-431.6020420132354,108.36918160032687,-108.3182883121766,139.23692278234998,-29.452577178125534,27.446593877794253,0.799022189063513,-5.368995358988425,14.447332205972828,-15.422405232209924,3.1210385368882005
OSP_1_26_08_24_20240826_234900.WAV,519.5403,1.169065122383876,204058.3733442292,15596.712103710537,0.002650441921386758,0.6414396807229616,0.003124992,4129,-1072.8629536452968,-244.44775596030544,-463.9333168172965,101.05172699108576,-130.00514646884267,141.51280112468544,-39.653926258784416,36.52778735293153,-1.9741363353284733,4.8194180779974864,13.990074372048563,-8.479554264959486,1.9983956811108397
OSP_1_26_08_24_20240826_235000.WAV,519.4463,1.7073998079544324,204621.52286731286,15597.673054196785,0.0026215168943817704,0.6415136682392498,0.0031353368,4120,-1068.3268004426966,-242.4190094277918,-458.50010735575563,102.79286656501925,-125.72819458576735,141.33255125153028,-37.216502857843025,35.24527568247369,-0.8877438202948627,3.344423004261032,14.099277556263063,-9.852840852942586,2.0182409045656944
OSP_1_26_08_24_20240826_235100.WAV,524.03723,1.3296829189465642,204456.74490427112,15596.583094745547,0.0026499299767599343,0.6416071979127885,0.003133168,4112,-1069.0586697459112,-242.2520331548054,-459.5857727765783,102.25724131116952,-127.12781910007504,140.90418893946648,-38.554761295319175,35.13640960186389,-1.7712389480044566,3.299220976890347,14.175010324522626,-9.284580205452789,2.4036066039638246
OSP_1_26_08_24_20240826_235200.WAV,618.40295,2.2462726731137868,210588.4814403657,15594.051209949808,0.0026307213396885307,0.6412293525746928,0.003302458,4116,-910.0327564557974,-158.80836132220156,-280.7316978847515,121.16753958071334,-38.23746764587444,96.35452875850095,-14.311677771494224,-22.406750867611372,5.3544819026549595,-27.848066316477667,25.197506365244507,-13.232777717961783,11.127133764518886
OSP_1_26_08_24_20240826_235300.WAV,513.6514,2.159691232379388,204141.3798169787,15594.876211616123,0.0026169715992629744,0.6411773613470308,0.0031273637,4118,-1071.9127830706923,-244.27143412183784,-462.67502497744664,101.40020940206132,-128.38479865521722,141.65149368569658,-38.17995687009283,36.88416190980316,-0.8907723446673653,4.901406199919211,14.150627992545337,-9.219099598440925,1.4309372989573357
OSP_1_26_08_24_20240826_235400.WAV,513.1613,2.296212995566802,204068.8235196646,15592.309946696976,0.0026212238758751547,0.641179451903388,0.0031246056,4114,-1067.8193756741994,-242.0762468509884,-457.5553132155314,102.61296994646811,-124.70372004071997,141.51461367252062,-36.559344124292544,35.58674602004293,-0.5155227032476056,3.0407425217413984,14.250692307470995,-10.237130580644454,1.637928337363656
OSP_1_26_08_24_20240826_235500.WAV,512.8051,2.2969467367448937,203876.50392751477,15595.58092271692,0.0026257421336604164,0.6415729309672841,0.0031227053,4096,-1076.0578092655142,-246.55209696226672,-467.6263249958142,100.04022291628269,-132.02980708401563,141.91914873379426,-39.88326289515642,38.22593065198211,-1.465803259654035,6.535046495768791,13.893711983042385,-7.791563681873425,1.4598093369328444
OSP_1_26_08_24_20240826_235600.WAV,512.76135,2.2588487988563037,204274.9465976277,15595.247295197476,0.0026208702965766625,0.6415295746463142,0.0031279502,4092,-1078.1231932874825,-247.94690938762378,-470.6307025101923,99.53226185051894,-133.87558060802584,142.03804954431763,-41.094574683213494,39.084852918655464,-1.8430744655273856,7.306110960103542,14.137829626814332,-7.065064370333106,1.409228938170197
OSP_1_26_08_24_20240826_235700.WAV,547.53436,0.3867240153351611,204977.06781048307,15598.002126648718,0.002613354880792659,0.6415183947144918,0.0031458528,4100,-1017.0036912595199,-214.20422381657684,-396.36441362769375,114.77507293524151,-87.41984315411497,133.40997244180247,-21.815746190465152,15.652419829311349,2.0118022288511868,-15.45207676371341,15.369626232308434,-19.273583530095564,5.833633123808895
OSP_1_26_08_24_20240826_235800.WAV,512.68677,2.2926678665574443,204389.1452186551,15599.301233404305,0.0026245019623516268,0.6415094871265358,0.0031300492,4120,-1079.4339441972113,-248.85572566240214,-472.3338051290715,99.13109473753343,-135.37895684476135,142.0393344272509,-41.75251153708226,39.46008373207867,-2.0442266981294153,8.203247414014884,13.976835007125313,-6.652923718492694,1.3716219038782365
OSP_1_26_08_24_20240826_235900.WAV,516.5799,1.846372308825191,203900.09280831725,15594.458861919224,0.0026285733262692646,0.641369238063105,0.0031224976,4119,-1077.8682531195916,-247.44962249954582,-469.9716761338033,99.63788753651214,-133.4760385817348,141.91496609022948,-40.912194185842054,38.72346239735463,-1.8793857457274956,7.11949763135693,14.042500824067847,-7.283144897212121,1.4225884521327428
OSP_1_26_08_24_20240827_000000.WAV,516.1935,2.1144847350660676,204237.92788232325,15596.21224488026,0.0026275023988702813,0.6418159808672282,0.003129638,4128,-1037.1453046055235,-225.0647584742226,-419.9674668405394,110.61742646670714,-101.04550796558628,137.440207797875,-26.506503968961912,23.986732906672874,1.586974685666814,-8.72792563587831,14.62718726307422,-17.09545563602545,3.8209457824644737
OSP_1_26_08_24_20240827_000100.WAV,513.3894,2.247939853921793,204197.68564792923,15593.842276706977,0.002628266608384483,0.6415714766672096,0.003128149,4128,-1067.355366296166,-241.78946284929785,-457.1259516702912,102.51648343314571,-124.69695968085306,141.52119758361232,-36.33049825599808,35.43030165617499,-0.37862029097019173,3.034371417666002,14.077986237268675,-10.506446042680869,1.6791898138469508
OSP_1_26_08_24_20240827_000200.WAV,513.72144,2.2957108815102574,204425.81792978168,15593.627580877768,0.002618896397411548,0.6415084872952346,0.0031314709,4126,-1078.795988014898,-248.3415833539616,-471.68410794191476,99.17912949353723,-134.53806556527874,142.17441674323186,-41.483053834862986,39.142559042267415,-1.977603378315288,7.7877571787093025,13.989816174829077,-6.749507060533524,1.2090713305792815
OSP_1_26_08_24_20240827_000300.WAV,520.03076,1.2829631636781227,204226.4345230753,15592.818316858562,0.002634717446440776,0.6413046126035462,0.003125957,4098,-1073.4829216127346,-245.2553484622951,-464.96928292776454,100.78061259963366,-129.98924392373365,141.84884240487978,-39.056008812502306,37.49873167781679,-1.2178620551841,5.572819359777236,14.116740422397243,-8.621871384839054,1.6155066057565286
OSP_1_26_08_24_20240827_000400.WAV,518.31287,2.029376397470322,203914.0855385977,15589.811661389956,0.0026387765994489412,0.640800879415255,0.0031226904,4124,-1054.7114276069183,-234.45683345167257,-441.22759697930303,106.23443746691707,-114.09442487302904,139.96254967895408,-31.931547575610725,30.630835554508614,0.5090770908122514,-2.2065010294573377,14.425391641137729,-13.702618470405355,2.5394780185136447
OSP_1_26_08_24_20240827_000500.WAV,513.0279,1.582795527414988,203787.67550797414,15589.914680791431,0.0026257589482741395,0.6409174961024758,0.0031192293,4142,-1080.8769523936467,-249.10182881754307,-473.79354090520246,98.5932197350856,-135.97121651440347,142.18082005613218,-42.12158332101576,39.54232459400156,-2.2895441802660064,8.527360137241343,14.090537566822498,-6.3861766328806695,1.2842676604945555
OSP_1_26_08_24_20240827_000600.WAV,514.07135,2.2328314344419744,204193.33613534455,15591.872994422169,0.0026268110390094395,0.6412049930484457,0.003126582,4112,-1059.533001897221,-237.4736023811752,-447.51077889431474,104.73488743194139,-118.26088942469096,140.82537460095372,-33.46363622189664,32.67628733223278,0.2937214368065421,-0.06968800067776043,14.24844466655025,-12.549951777418393,2.247356948099234
OSP_1_26_08_24_20240827_000700.WAV,594.49207,2.0446377954097037,207069.2951502749,15597.86167684216,0.0026128748358376906,0.64163437514543,0.003198838,4121,-954.3801879991804,-181.1851409310236,-326.54266204757124,121.52794290555228,-54.36941625711689,113.91815447205765,-15.424613293202494,-8.91114512736608,2.9827741528650553,-27.116254322212438,20.76804897718202,-17.880230939121557,11.357385843357822
OSP_1_26_08_24_20240827_000800.WAV,513.9075,1.1484477591261153,204290.0689596439,15594.51029415701,0.0026232489108699943,0.641359512431357,0.003129167,4112,-1055.6583432941263,-235.40565803173067,-442.6864257411641,105.9657522695887,-115.1031814525496,140.37121472731366,-32.04194843109349,31.3065111576647,0.5842923931459746,-1.7761895338634799,14.257578258694354,-13.498083965308247,2.3471307714816922
OSP_1_26_08_24_20240827_000900.WAV,658.5,2.057760698151017,990529.3137208613,15837.454549448606,0.0018912570700082532,0.6541628976056404,0.017982827,4146,-667.1897536905155,-106.87424195758618,-165.68501012561583,110.66765648275064,-25.41902512535398,39.791995628241274,-9.406825612230762,-31.630642046609818,21.991521102151637,-15.929453177525202,19.406721732769977,-5.1807105316451,-3.1072777059320464
OSP_1_26_08_24_20240827_001000.WAV,735.82336,2.15260421930292,662994.4109029628,15671.892441629592,0.002329249718971588,0.6461925151538068,0.011658384,4109,-743.8738111475973,-123.21937824860112,-211.60312764404588,114.96297888779908,-29.054513041914518,59.00475651503358,-10.550813681513295,-31.867654343330862,16.294795766812786,-19.890241538051395,24.61968501410141,-7.223637937654493,2.148153650782254
OSP_1_26_08_24_20240827_001100.WAV,715.5312,2.153376767237604,1278986.9728983126,15766.398268411032,0.008984564205222052,0.6455754748600038,0.048043113,1997,-579.8214213494143,-157.20038075101388,-275.17242823537663,124.12177353181586,-52.430003495708355,83.68290261271264,-12.923247775128393,-20.462933055877485,9.643852877703031,-17.5559638538362,25.307375200018036,-16.21917902439915,6.4942211067524385
