filename,ACI,ADI,Bio_Energy,Spectral_Centroid_Mean,Spectral_Flatness_Mean,ZCR_Mean,RMS_Mean,Event_Count,MFCC_1,MFCC_2,MFCC_3,MFCC_4,MFCC_5,MFCC_6,MFCC_7,MFCC_8,MFCC_9,MFCC_10,MFCC_11,MFCC_12,MFCC_13
OSP_3_27.08.2025_20250827_203617.WAV,660.0042,9.457406114017602e-305,83660.5249091016,42342.69841600288,1.098745375409623e-05,0.7234528074296239,0.0015022531,2848,-1135.5010955791686,-84.46993550237764,-27.72892025757279,111.1824213222182,-105.99591601258588,27.772671424488397,54.60851601923569,-82.02321751543242,49.192946902198806,3.929692573082986,-35.148074576138015,32.998278104104365,-14.57782018313448
OSP_3_27.08.2025_20250827_203700.WAV,599.53076,1.6560557531181845,258150.34414240465,42322.15863995687,2.408443279701618e-05,0.7234132542036362,0.0034008822,4082,-1022.7476011661904,-72.03754353917533,-23.722804479715307,94.54131801512233,-90.32244534219794,24.687755187551105,45.36383973772991,-70.67883289215945,44.77604291034443,1.4356083424964379,-31.70218945364355,32.19770192447758,-14.60522171288579
OSP_3_27.08.2025_20250827_203800.WAV,674.48566,1.9459101490553132,118983.17663273368,42333.05354265394,2.553302799007507e-05,0.7233533359863938,0.0014711017,4110,-1201.8786869686194,-98.69444493660662,-35.062357321247745,131.44824690725403,-120.96116650898882,27.512853914951098,64.80197732684272,-90.6625873049631,51.054449770177555,5.4557703783224305,-35.427184762828794,32.26021770413233,-15.996392997016727
OSP_3_27.08.2025_20250827_203900.WAV,547.4756,1.9459101490553132,110383.21087667269,42331.233442446435,1.041723135449881e-05,0.7232786026127902,0.0013469025,4105,-1614.5369550280286,-197.52928034535336,-121.66797138606216,280.0029723735265,-184.6860372674834,-1.617845851017413,107.88454370568792,-109.945795052109,65.91772779018443,-16.338097802856698,-24.02739529534444,43.47113813098468,-39.57594016823535
OSP_3_27.08.2025_20250827_204000.WAV,573.75256,1.9459101490553132,110736.47591911766,42330.00943827336,1.0388609892642495e-05,0.7231413206547572,0.0013512548,4104,-1628.176866574307,-201.53659419745924,-127.33401585189917,285.87477798870736,-185.3367115315341,-2.6135292903968894,107.928590016325,-110.64910521857794,67.6684797832205,-17.353423047295145,-24.228918038366714,43.88516225440424,-39.93317307173334
OSP_3_27.08.2025_20250827_204100.WAV,538.8717,1.9459101490553132,109895.90366597525,42331.005342859746,1.0195580092947063e-05,0.7231344739636972,0.0013400328,4123,-1711.3584259139816,-224.9877226203507,-163.36588451504338,319.93393472382337,-187.0635861863303,-7.37125111674656,106.61185183727655,-116.1417770760835,78.72350107744793,-21.98177669994279,-25.182373640857552,45.115444240446124,-43.01986743969472
OSP_3_27.08.2025_20250827_204200.WAV,630.4945,1.9459101490553132,109974.2868286967,42330.106630893715,1.0132762186082407e-05,0.7231910655400856,0.0013431478,4116,-1510.4061790543356,-168.79253279333327,-88.58059768393021,236.32001968128446,-174.5803284042173,9.096900289894698,102.92857129531305,-108.46177388860629,56.76816923771683,-6.158299657714404,-24.51470129784809,37.591624202713696,-35.148564704697606
OSP_3_27.08.2025_20250827_204300.WAV,530.5455,1.9459101490553132,110167.27009160006,42330.451532145,1.0179599659392758e-05,0.7232090526098194,0.0013436644,4103,-1695.8066026691902,-220.63390095186364,-155.89387128444247,313.8155488895009,-187.19576564986244,-6.975415911692888,107.15043404022404,-114.61493399342025,76.5343530926605,-21.44907406102687,-25.09068240293595,45.07803835589816,-42.26644413046736
OSP_3_27.08.2025_20250827_204400.WAV,536.16284,1.9459101490553132,110223.82067870739,42330.69002606017,1.0120491691221524e-05,0.723139734698071,0.0013442403,4110,-1715.783335271439,-226.4090688827875,-166.19501283402454,321.9048773419741,-186.88494473890017,-7.354322878714288,106.49175151061598,-116.8676036445369,79.31686814772905,-21.974881262702407,-25.066253202869852,45.038650282006316,-43.40915996782455
OSP_3_27.08.2025_20250827_204500.WAV,545.69946,1.9459101490553132,109854.88944777701,42330.29649318733,1.01648388922999e-05,0.7230849224877208,0.0013397931,4123,-1711.9143771223285,-225.10492315105282,-163.60053452883776,320.1519720075023,-187.02852820340894,-7.447525181692692,106.58633512934738,-116.15899221436388,78.8106418504545,-21.99769445665804,-25.240911343936318,45.14811042881416,-43.00653074041584
OSP_3_27.08.2025_20250827_204600.WAV,531.6781,1.9459101490553132,110042.83111905825,42331.714322289816,1.0177577419660479e-05,0.7231966357294225,0.0013427323,4122,-1673.6612212400391,-214.15471610240726,-145.36776377893608,304.53563544940624,-186.9567122986439,-6.00883465908316,107.61158516163991,-112.79278183705716,73.55535370010658,-20.386261361312094,-25.05318274098223,44.98445196752421,-41.286775504000914
OSP_3_27.08.2025_20250827_204700.WAV,529.8712,1.9459101490553132,110367.04451093425,42329.06448058301,1.037751249616427e-05,0.7231514166229304,0.0013461728,4130,-1696.572299872312,-220.983792109664,-157.18593833362644,314.21506760831824,-186.79865476812006,-6.739421352753609,106.90737861877881,-115.03244270033761,76.79569904594487,-21.326961989991545,-25.05577564608896,45.029317678505414,-42.4382882934435
OSP_3_27.08.2025_20250827_204800.WAV,572.4531,1.9459101490553132,109844.54163816302,42330.59733392533,1.045945749219736e-05,0.7231933477704389,0.0013401235,4133,-1658.2245057146783,-209.6880963574685,-138.54759558654692,298.03655885770104,-186.63102491259372,-5.07225069994467,107.88572765832726,-111.74378432529835,71.37604729437517,-19.511480512834265,-24.783014381137985,44.73758008306798,-40.720887211125294
OSP_3_27.08.2025_20250827_204900.WAV,582.1217,1.9459101490553132,109997.76835155771,42331.433081185554,1.0098749817209127e-05,0.7230995055528598,0.0013414838,4125,-1705.0264769908542,-223.2196223927265,-160.18383413524475,317.4258609806444,-187.16558204765423,-7.208833747660966,106.79729099631486,-115.4924937949965,77.88854731851718,-21.803289855621593,-25.187936555290204,45.139007957362026,-42.696635157758436
OSP_3_27.08.2025_20250827_205000.WAV,541.97,1.9459101490553132,110141.65281727116,42333.187923944366,1.0047586894856e-05,0.7232555095361641,0.001343461,4110,-1703.4460947716946,-222.84219822497948,-159.71551903129907,316.8995567824188,-187.0639641906588,-7.140022339448812,106.75801059094256,-115.37127076232308,77.73487807889325,-21.792683953570997,-25.122461310256565,45.143549133355485,-42.712712448242804
OSP_3_27.08.2025_20250827_205100.WAV,617.3314,1.9459101490553132,110823.42729044454,42330.01906858117,1.0351168153435947e-05,0.7230193567174008,0.001353359,4106,-1478.6283090158747,-160.8082116778931,-80.73209053894946,224.07239606436914,-170.46310971657846,12.262574229367834,100.18772058734872,-108.05872488768983,55.37137724831882,-3.3739207637063973,-25.515922654248353,35.86140736925384,-33.09103753943559
OSP_3_27.08.2025_20250827_205200.WAV,586.3444,1.9459101490553132,110346.68578880376,42335.96199308603,1.0133778186059892e-05,0.7233283088162481,0.0013470218,4113,-1631.5738801203902,-202.31115580141014,-128.01609331867238,287.0532915587901,-185.6440408414185,-2.9327724524890524,107.9070854229409,-110.55675693406546,68.06498919625054,-17.75206225910308,-24.260564868366092,44.02600328309088,-40.0181114021543
OSP_3_27.08.2025_20250827_210300.WAV,610.1926,1.9459101490553132,110223.17246659976,42333.84274893456,1.0098050322001248e-05,0.7232674235522459,0.0013447264,4128,-1657.1027433722056,-209.55485220728787,-138.4125430592343,297.7623320112785,-186.59726922594322,-4.887270933212167,107.81723279496738,-111.79596673131235,71.38076720661383,-19.514885868233858,-24.73367275455855,44.73027769201259,-40.78164739146617
OSP_3_27.08.2025_20250827_210400.WAV,666.81494,1.9459101490553132,110696.49190123285,42326.49983125005,1.0571319185220063e-05,0.7229609857749743,0.0013521414,4150,-1526.5174103825211,-173.38618695997357,-93.35519971611319,243.33131054643354,-176.73043776590185,7.364196070272677,104.25932660509703,-108.74690657495502,57.79290881975161,-7.70661690703908,-24.16842797336527,38.53122993518078,-36.0264608054623
OSP_3_27.08.2025_20250827_210500.WAV,672.0813,0.9983746157858616,111065.06739365007,42333.42825668699,1.009509709541185e-05,0.7232937659059852,0.0013582489,4123,-1356.6723471619043,-130.76238364426567,-55.562565982825376,178.53839970808153,-150.07449166181414,22.193165573283093,85.57887263418998,-103.46295459395583,52.923761995027725,4.168075272760857,-31.179498922862408,31.883756867948733,-23.75950872922621
OSP_3_27.08.2025_20250827_210600.WAV,679.7871,1.9459101490553132,110936.73353685538,42334.58223899436,1.0299459768827315e-05,0.7232475023889923,0.0013558327,4078,-1422.7317207498536,-146.68970121090388,-68.1270753320123,202.55399798313553,-161.74967119323688,17.3490845525132,94.06193573698108,-106.55677978485818,53.77547915142794,0.8202693249790906,-27.900027086631436,33.37667330940165,-28.892616863334617
OSP_3_27.08.2025_20250827_210700.WAV,689.47595,9.457406114017602e-305,111501.9946687629,42331.360438446485,1.0285905811684637e-05,0.7232052231046503,0.0013657929,4111,-1422.4876617299135,-146.68389490143863,-68.21495293642445,202.57769991270106,-161.69101778062452,17.304534890802604,94.07530533368836,-106.58012205814556,53.79031555708623,0.8614939787289378,-27.982243792336128,33.42819470236895,-28.86462399914654
OSP_3_27.08.2025_20250827_210800.WAV,715.21423,0.3546416734862479,111639.13511401386,42331.45079332512,1.1333377757234784e-05,0.7231171058038898,0.001368213,4104,-1308.8137499604118,-119.81258225544492,-47.946760392001416,162.27839585749152,-140.88716461082007,24.679601210921387,78.95401722623441,-100.1201777547834,52.464946835359854,5.427142077222445,-33.19879591698702,31.61665183841236,-20.546553301343707
OSP_3_27.08.2025_20250827_210900.WAV,657.9519,1.9459101490553132,110879.5045617489,42331.382971622574,1.0474871590404203e-05,0.7231835999390993,0.0013554884,4105,-1525.958184542415,-173.28593846886,-93.36879565621867,243.18008730111035,-176.5758483986519,7.385657922696976,104.12397458315179,-108.6583794800459,57.825881820485165,-7.821615952185041,-24.100152216541765,38.59550927754057,-36.15520551366639
OSP_3_27.08.2025_20250827_211000.WAV,648.13763,1.9459101490553132,111088.14022636696,42329.36571962982,1.029145570534414e-05,0.7231398894255525,0.0013568996,4116,-1516.617322544491,-170.88479361876603,-90.80315353381316,239.48525642752466,-175.54683336628608,8.393953799075435,103.49566185479108,-108.68267494360275,57.321783192839746,-6.852925936162864,-24.409411448887457,38.05887873760866,-35.57216856260701
OSP_3_27.08.2025_20250827_211100.WAV,647.14343,1.9459101490553132,110846.24750649965,42329.76096854268,1.0118342698319994e-05,0.7231431000207954,0.0013553418,4107,-1469.2012906294856,-158.37421603434606,-78.53524493242504,220.39940227759192,-169.02176575830586,13.095651868788904,99.26728488918822,-107.84027604617128,54.96822991406824,-2.546985215620319,-25.85821842061885,35.348469128989876,-32.435913084394926
OSP_3_27.08.2025_20250827_211200.WAV,744.6703,1.0476718930028937,112668.2347789659,42331.202541034705,1.0125294031582452e-05,0.7231239911768201,0.0013894662,4100,-1279.9418950925105,-113.42909735668393,-43.8034640068913,152.8747860910854,-135.15285637106084,25.82311443716953,74.82402901137135,-97.67844477529364,52.16793263204945,5.749253896612045,-34.16689811418909,31.69183369658435,-18.86946251721699
OSP_3_27.08.2025_20250827_211300.WAV,751.1926,1.9459101490553132,112119.46370563847,42329.65518133533,1.0981842879823695e-05,0.7232063061970213,0.0013767553,4112,-1375.5950357368135,-135.39800482557203,-59.18356429582274,185.54880761661138,-153.57026804930697,20.78893415766489,88.23255520702716,-104.51987596007524,53.07082005208829,3.4037324338476047,-30.25984497608781,32.211865647293756,-25.241881316438068
OSP_3_27.08.2025_20250827_211400.WAV,665.2722,1.9459101490553132,111037.74687615891,42327.79940595747,1.0546493811551317e-05,0.7231020198744356,0.0013577527,4106,-1552.6398991347835,-180.5076417960264,-101.17484410159756,254.16867757055033,-179.5790612335078,4.633707861167063,105.82117813745245,-109.01554863417796,59.80876784751348,-10.408567405728599,-23.83778919832832,40.244663337641384,-37.39837202122376
OSP_3_27.08.2025_20250827_211500.WAV,750.0952,1.9459101490553132,111812.67711254409,42330.274431388876,1.048191963858646e-05,0.7231868878980828,0.0013749661,4111,-1347.8238540414193,-128.65389317903995,-54.132835600982794,175.4370784736984,-148.3011550207195,22.629366479507734,84.37280458256845,-102.85901425292226,52.788943382791146,4.5033643484341095,-31.607574447435457,31.794397133354277,-23.099541467878037
OSP_3_27.08.2025_20250827_211600.WAV,718.73395,1.7353394262410409,112041.21663915206,42328.8548133649,1.0277824272828976e-05,0.7231422877015171,0.0013760453,4118,-1339.8905959639037,-127.02636467885743,-52.93988316276275,173.00383543951529,-146.99723974044926,23.04736127946548,83.42379247135497,-102.43469522272873,52.7369385741806,4.750145719639865,-31.96693165323207,31.73908762165165,-22.554283043353625
OSP_3_27.08.2025_20250827_211700.WAV,656.29395,1.9459101490553132,110904.82915051731,42330.793280556405,1.0109368117269822e-05,0.7232410038347659,0.0013554851,4092,-1508.7888579505081,-168.72950491065546,-88.56337345464695,236.1853809073451,-174.50488116764188,9.190495776643758,102.82583339700098,-108.48708889058642,56.83594153982348,-6.155191052970461,-24.561309379988643,37.596747384943875,-35.10097946543985
OSP_3_27.08.2025_20250827_211800.WAV,684.7472,1.200905854139168,111597.91166196931,42333.13713047348,1.0657275276401576e-05,0.7232904779470015,0.0013656489,4096,-1380.6704244169175,-136.59177937629622,-60.01711390483738,187.31595059352136,-154.5574106778391,20.534053802197356,88.88495079559515,-104.83473165198127,53.17889802469668,3.158881347700085,-30.02357185726297,32.32365569127161,-25.64311831049838
OSP_3_27.08.2025_20250827_211900.WAV,717.4954,0.6615632381579821,111614.37897779189,42333.13759077095,9.999354893659892e-06,0.7232214308083459,0.0013687293,4084,-1404.1023213572755,-142.1949591251209,-64.4566899265,195.76692297050522,-158.6349486933778,18.81205316004647,91.84523194401696,-105.8899780659652,53.473363742810584,1.9650834494630756,-28.85017131848624,32.826382348812,-27.431332808710497
OSP_3_27.08.2025_20250827_212000.WAV,694.07214,1.9459101490553132,112162.04941728905,42329.94693301536,1.0300631810603765e-05,0.7231512232135784,0.0013776786,4099,-1328.6842429757605,-124.48634389413095,-51.18058716648856,169.2190496100688,-144.8334349137634,23.618449163813125,81.83705621012048,-101.59886564239928,52.632290131354786,4.975619493008999,-32.38014938567184,31.68897069067152,-21.856569861831513
OSP_3_27.08.2025_20250827_212100.WAV,672.16833,1.3275994808672176,111290.92233785857,42329.1159609628,1.0464316134467815e-05,0.7232049136496871,0.0013618423,4079,-1398.9235220681835,-140.95871596218157,-63.55173950939338,193.9564178196012,-157.66214223900138,19.04332865423126,91.25171127031352,-105.56979958980108,53.27902571343116,2.283874613408427,-29.07678666653989,32.65251941577944,-26.988945141290618
OSP_3_27.08.2025_20250827_212200.WAV,667.9498,1.9459101490553132,111252.40314997146,42333.6417787011,1.0208778516861969e-05,0.7232186843955478,0.0013606177,4117,-1438.5749657387287,-150.72997444360414,-71.67203590186907,208.71054108879818,-164.34708414279524,15.934751111618105,95.93390094723905,-107.08780346839754,54.18174875568232,-0.31938465008422373,-27.183298483160154,34.09545051293297,-30.218032441997
OSP_3_27.08.2025_20250827_212300.WAV,683.25635,9.457406114017602e-305,112411.3314723104,42335.98670971207,1.0040564072973127e-05,0.7232666112329676,0.0013816081,4111,-1417.1835653217286,-145.6470660803235,-67.28941777250579,200.94648292332303,-161.01054693698723,17.745407820981384,93.48958686018145,-106.40871060841278,53.75269677873942,1.0446590638317503,-28.10848668233117,33.259959256500075,-28.566441757722927
OSP_3_27.08.2025_20250827_212400.WAV,693.9921,1.2011436851344013,111955.64566270252,42332.672762116505,1.072930550760931e-05,0.7232185296680662,0.0013728162,4122,-1372.6606657388343,-134.7248604566058,-58.62850408152845,184.51208701073156,-153.08188184259006,21.028909998010672,87.82939276140115,-104.37290555619586,53.064120903661546,3.5002750556104822,-30.37247177671187,32.137171772261986,-25.021796649116936
OSP_3_27.08.2025_20250827_212500.WAV,691.4044,9.457406114017602e-305,111966.56199183525,42340.489156871336,9.955343548529101e-06,0.7234309705002773,0.0013752776,4106,-1402.8189598091128,-141.9410601900977,-64.19955891030628,195.34077071113788,-158.49000975647385,18.980930419831342,91.66344886543006,-105.88223525969099,53.55179363069458,1.9479213496719074,-28.90218537735109,32.868152322293554,-27.436654539165126
OSP_3_27.08.2025_20250827_212600.WAV,728.4978,9.457406114017602e-305,112505.24718098424,42331.99108377633,1.0773403318805921e-05,0.72308581217074,0.0013835982,4103,-1399.4209365749393,-141.18290157303886,-63.707180980698276,194.23254027356342,-157.85562141429642,19.120949036411787,91.2938082890981,-105.70969735318967,53.44923557583961,2.176010077850723,-29.109247449884837,32.79540115134247,-27.112494901410024
OSP_3_27.08.2025_20250827_212700.WAV,724.7452,1.3119247337024005,112338.47086194817,42337.81820053051,1.0029566904246879e-05,0.7233500480274103,0.001382463,4113,-1335.8688596437216,-126.08381871919265,-52.17313017706578,171.50078037835294,-146.25934568267306,23.45110889799742,82.70339653133051,-102.16060277476149,52.835326015306464,4.713015352880931,-32.06997293374755,31.737806581338237,-22.36003299320886
OSP_3_27.08.2025_20250827_212800.WAV,712.4729,1.174991605807028,111640.73884957486,42330.848525863345,1.1122412369910582e-05,0.7231891314465658,0.001369502,4117,-1367.5170596118908,-133.37232540144856,-57.556823926240796,182.47818805748122,-152.09826072346362,21.443806483000156,87.1085058105566,-104.13080170205389,53.02974282486296,3.7884728023285024,-30.723071312884837,32.07465813363209,-24.554829646892866
OSP_3_27.08.2025_20250827_212900.WAV,683.12805,1.9459101490553132,111629.34144747585,42330.17593526435,1.0257958073059576e-05,0.7231683979640339,0.0013676272,4138,-1430.0649232215312,-148.6546424873169,-69.86787548186531,205.57169956906966,-163.01835068943785,16.618817428987143,95.04643534023494,-106.84829264810493,53.921081433634775,0.35705225518602385,-27.59010307140507,33.68547825068187,-29.485701698983398
OSP_3_27.08.2025_20250827_213000.WAV,644.5796,1.9459101490553132,110934.3516594315,42338.00706189517,1.0197440938431727e-05,0.7233830823447279,0.0013559903,4099,-1435.885186721902,-150.00008402777235,-70.8855584986928,207.51490736283412,-163.95393225765088,16.32098272265232,95.52183088775358,-106.98942227435278,54.14260299534493,-0.17116787833824496,-27.22544191191122,33.887370626228375,-29.980059294408257
OSP_3_27.08.2025_20250827_213100.WAV,666.04456,0.45056120886630463,111186.66740346969,42334.18394142337,1.1796141920760856e-05,0.72324336342886,0.001361999,4104,-1316.2904270036813,-121.43860117131517,-48.99842011653637,164.65736861541552,-142.31151553834465,24.37833717512634,79.93316499846205,-100.63957173893498,52.532213064969696,5.24153569957886,-32.8535842636019,31.591178256009492,-21.020204917842687
OSP_3_27.08.2025_20250827_213200.WAV,704.99445,1.9459101490553132,112532.13389363152,42335.35439154629,1.0196095563335867e-05,0.7233771640185575,0.0013822069,4133,-1475.7083368020392,-160.47164630823474,-80.58583771483548,223.5144865861097,-170.11781979869443,12.455029144201045,99.86959631692366,-107.99906226252007,55.439887304849925,-3.3737878417366054,-25.526426031447,35.807952905490275,-33.04865746937323
OSP_3_27.08.2025_20250827_213300.WAV,702.48755,1.9459101490553132,111781.3299409421,42333.319205155894,1.0038016376816777e-05,0.72330695642379,0.001370493,4112,-1324.7637471953822,-123.48245870678247,-50.442349465613866,167.70212280921623,-144.02644170893882,23.91094444108432,81.20325465803266,-101.3171616937327,52.62997487470867,5.061409811887617,-32.54632243394562,31.65832716811898,-21.58241298071932
OSP_3_27.08.2025_20250827_213400.WAV,709.8346,1.083172923813673,111531.24208117815,42332.25132715678,1.0350338891527714e-05,0.7231434868394994,0.0013682977,4114,-1411.5604365677955,-143.94190279368527,-65.91781562188451,198.41812799621766,-159.83315206746892,18.232712150637475,92.7221547983064,-106.18123555502608,53.61181214657605,1.5451084319304884,-28.542174939133343,33.09085461292401,-27.995733573218185
OSP_3_27.08.2025_20250827_213500.WAV,741.02527,9.457406114017602e-305,111972.31716919833,42335.21702903219,1.0419865863193883e-05,0.7233183675755566,0.0013782255,4117,-1410.0341999086163,-143.61826539663457,-65.6415457364174,197.89595312465536,-159.5901460006043,18.368989787631236,92.50069314881105,-106.08963438900268,53.606971566112,1.5510658620228022,-28.53842010361706,33.04848774695964,-27.94920878032475
OSP_3_27.08.2025_20250827_213600.WAV,719.11694,1.9459101490553132,113128.9700738429,42337.9032213079,1.0248756924416758e-05,0.723413524976729,0.0013947105,4119,-1372.9030751572643,-134.97837106565453,-58.803963195674115,184.8426605581215,-153.27991546915962,21.044366074867007,87.90221872426865,-104.43749738787554,53.1148098486089,3.416346462648989,-30.278703920171306,32.11478751321355,-25.093160248661707
OSP_3_27.08.2025_20250827_213700.WAV,699.1069,1.9459101490553132,111740.1267007204,42335.82986086327,1.0380408456399565e-05,0.7233488488894281,0.0013717117,4114,-1389.3021505662564,-138.57470182781617,-61.588881982980844,190.29770047845602,-156.0014478174953,19.932072235774676,89.94600310583108,-105.23538418818482,53.29764322492296,2.7358782023965817,-29.616432005148727,32.532271133444496,-26.32927887842253
OSP_3_27.08.2025_20250827_213800.WAV,720.55774,1.362786904382621,112475.0041413283,42330.52750396552,1.019706971877911e-05,0.7230980356417849,0.0013829557,4119,-1353.130328191456,-130.1590611177116,-55.233527183579874,177.69000441060936,-149.52793227545374,22.25499055418016,85.2840315171985,-103.3073008112518,52.85626803944875,4.317912623791295,-31.344242926944634,31.86986201688784,-23.558602195185813
OSP_3_27.08.2025_20250827_213900.WAV,744.8497,0.5779217946828968,112547.46389502694,42333.88339661412,1.0107080925133824e-05,0.7232769392923631,0.0013891311,4108,-1331.4362921452273,-124.99458791678192,-51.52083574223796,169.95564046009352,-145.26913303813205,23.5370810086325,82.13014519940312,-101.77241143584519,52.676761836914146,4.899347896585254,-32.26627814857782,31.700031027125522,-22.055160304725028
OSP_3_27.08.2025_20250827_214000.WAV,676.5122,0.8748608452408524,111588.50696998976,42333.841088476634,1.0110883512108104e-05,0.7232591843138517,0.0013694405,4101,-1296.3512949572169,-116.95255134788377,-46.021693789021896,158.02952597432133,-138.37123411121019,25.26390755601356,77.09696054713862,-99.07086654209452,52.361874386145125,5.573377357440448,-33.632261761244976,31.634231353089948,-19.794324870954853
OSP_3_27.08.2025_20250827_214100.WAV,720.68933,1.4250730931454996,112402.81178049519,42334.62107465744,1.0617457082756969e-05,0.7232023993281114,0.0013860466,4092,-1345.2848252902374,-128.21103444702712,-53.75739401127819,174.70764596297533,-147.9347894212045,22.828209314812426,83.98089903736198,-102.66882555294042,52.820073944906895,4.447621665506418,-31.59422453300366,31.738930093735448,-22.987356465137143
OSP_3_27.08.2025_20250827_214200.WAV,704.24744,1.0468115883842812,112275.04208488634,42339.34848003857,9.986466603780442e-06,0.7233714777836093,0.0013841264,4103,-1339.3540508978451,-126.8465077281993,-52.711904776492844,172.65706463627683,-146.89710312379816,23.228127425966875,83.20731302631127,-102.37689750469323,52.818872888073386,4.645229998962736,-31.905793301111125,31.733939981518695,-22.606006723577384
OSP_3_27.08.2025_20250827_214300.WAV,713.6367,1.9459101490553132,112776.60297546623,42339.27510003143,1.0599277133072841e-05,0.7235265534020241,0.0013874286,4101,-1383.1385434445178,-137.39548862609507,-60.60365905400375,188.4807514506898,-155.17070638629895,20.38143087454499,89.24121091605012,-105.00192153195508,53.2875296088968,2.9274998000315953,-29.818131264734134,32.38239542689428,-25.925345730651763
OSP_3_27.08.2025_20250827_214400.WAV,699.199,1.9459101490553132,111791.33717794993,42339.80475968578,1.0021298199433646e-05,0.7234029648261111,0.001370579,4129,-1424.1734824178918,-147.29044404020865,-68.6408188336168,203.41300173360827,-162.10926754883263,17.221336751770423,94.21619340999354,-106.59845864058826,53.9083974629855,0.543359225639834,-27.726886090081855,33.48601223197496,-29.13556488576265
OSP_3_27.08.2025_20250827_214500.WAV,737.1623,9.457406114017602e-305,112561.20578665123,42339.780827529685,1.005609772335363e-05,0.7234522068471243,0.0013875695,4124,-1346.5731893218694,-128.61052665854874,-53.96757317159065,175.2606463989822,-148.3368451878259,22.842851575251856,84.20965159208664,-102.87808209050579,52.916027927571136,4.39976778179147,-31.56418625063947,31.77376218277433,-23.09863439183371
OSP_3_27.08.2025_20250827_214600.WAV,657.6383,1.9459101490553132,111632.90744785222,42339.855594814624,1.0589686520385474e-05,0.7234826881609958,0.0013694818,4122,-1350.6753860691776,-129.402105471456,-54.54360492696805,176.46306218142743,-148.99373859161216,22.62936313689671,84.7030948801603,-103.11179043106831,52.96098548814215,4.280806929758806,-31.43439607180165,31.867909944226984,-23.389440718656186
OSP_3_27.08.2025_20250827_214700.WAV,706.2611,1.4831868479626809,112406.13456947914,42338.9173060775,1.0113588054201641e-05,0.7234246266735325,0.0013838233,4116,-1336.4163628745657,-126.22171695276202,-52.263808471183545,171.71064791812228,-146.3766975801712,23.408493794048315,82.79123140225427,-102.19375039449302,52.837561889430354,4.68718139878244,-32.03215101217048,31.741651070244696,-22.41969575941751
OSP_3_27.08.2025_20250827_214800.WAV,690.0693,1.040839837423239,112034.16711526553,42342.67293207671,1.0416284676948755e-05,0.7235045047358988,0.0013752477,4113,-1437.1017017234715,-150.5363868514432,-71.40132848326218,208.3288499910535,-164.2775027406649,16.164695394252195,95.73758662216242,-107.08642258054523,54.23685866974017,-0.3339388047122096,-27.12059629544786,33.9712021935258,-30.19182280779731
OSP_3_27.08.2025_20250827_214900.WAV,683.85754,1.9459101490553132,111473.18658881995,42337.40459905908,1.107401406435961e-05,0.7234139117954329,0.0013641281,4114,-1456.7988290577982,-155.44938820439856,-75.84731303297627,215.86553743332743,-167.2775348549618,14.302661458368226,97.9286694038422,-107.56479419736522,54.683668928960394,-1.7370610130276594,-26.253556455764354,34.773817280282834,-31.61846743516322
OSP_3_27.08.2025_20250827_215000.WAV,664.1471,1.9459101490553132,111059.21205111123,42337.12179543089,1.0978106408613627e-05,0.7233310939109165,0.0013596693,4105,-1469.345146143309,-158.47975614686416,-78.59457423773533,220.48746320501397,-169.06665398541043,13.172803683993038,99.13932787927979,-107.79328733194588,55.09575461948068,-2.747081137646467,-25.761349962087213,35.393772505355955,-32.526000530610844
OSP_3_27.08.2025_20250827_215100.WAV,706.3045,0.6615632381579821,112152.05207828742,42335.498105730476,1.0025059052822192e-05,0.7232889693540561,0.0013752237,4122,-1417.5115081621877,-145.75444996198692,-67.40313463761781,201.11266612369567,-161.0747458314173,17.719480198385376,93.53643672782812,-106.44097001352229,53.76589725394363,1.0333854905210509,-28.096892046784273,33.26874920456477,-28.584963930802658
OSP_3_27.08.2025_20250827_215200.WAV,712.0714,0.6931471805599453,112387.75378173971,42334.295343801066,1.0206419078971055e-05,0.7232293605917769,0.0013811635,4100,-1417.4221694629298,-145.69541739369186,-67.39031736864919,201.066407118323,-161.00709087330858,17.654400078342928,93.54287724557048,-106.39583837029082,53.72454713094466,1.0611424477119977,-28.120244940759935,33.27672444352911,-28.577452106807723
OSP_3_27.08.2025_20250827_215300.WAV,658.81775,0.6730116670092565,110840.26387043472,42332.10648339465,1.0650036342096987e-05,0.7231834065297473,0.0013561024,4118,-1408.1535760685326,-143.0187762589428,-65.11842992461722,197.0320701060056,-159.2255913168345,18.500569587749563,92.31431798901784,-106.00982730989733,53.473520286358195,1.7962664116128506,-28.686307556957022,32.92553397578565,-27.681902521846258
OSP_3_27.08.2025_20250827_215400.WAV,685.2257,1.9459101490553132,112196.81890154204,42332.574036947044,1.0382891987790159e-05,0.723216556892676,0.0013753753,4114,-1431.7236832957092,-149.24920830327213,-70.46744038065148,206.48700734414146,-163.344589364991,16.419330957625668,95.25318570728643,-106.90705525911036,54.0279177944061,0.13845708424810274,-27.47614381358753,33.8269267092047,-29.71338024901402
OSP_3_27.08.2025_20250827_215500.WAV,663.0723,1.9459101490553132,110606.47435063425,42328.20109804061,1.0254022221544563e-05,0.7231541243538581,0.0013526053,4105,-1385.981207323357,-137.54217135557704,-60.84711813704459,188.81828297447052,-155.18967759859933,20.090419866792722,89.46099038543824,-104.94131141394413,53.11805473699907,2.9955096817235676,-29.809346145790833,32.40553435260318,-25.948887157876094
OSP_3_27.08.2025_20250827_215600.WAV,651.3536,1.9459101490553132,110885.02549852696,42325.53582124568,1.0104079668005185e-05,0.7230104598872098,0.0013566711,4114,-1504.9160413762647,-167.63921687778256,-87.5518201112127,234.56076642580376,-173.93642327793634,9.543643160223741,102.56007462398502,-108.44987879989573,56.54764452014502,-5.683049837234171,-24.709245550210518,37.343487944217124,-34.81655766181627
OSP_3_27.08.2025_20250827_215700.WAV,704.1887,1.3377124868930668,111869.0365957122,42328.466002161695,1.0172373496980053e-05,0.7231820526642835,0.0013771045,4104,-1339.545317577562,-126.72296162817405,-52.784479647043725,172.58252721588536,-146.699657789493,23.05503732413915,83.2458471005992,-102.2951883634954,52.698884686989906,4.74991382107433,-31.98944066197212,31.77538054317662,-22.551641018237387
OSP_3_27.08.2025_20250827_215800.WAV,647.70593,1.9459101490553132,110766.47510969566,42330.01657053149,1.099046679799561e-05,0.7231662704611622,0.0013534563,4111,-1531.9192625215364,-174.86127408426026,-95.01449218559566,245.5906756139794,-177.26928978782385,6.753267072818158,104.52846755724626,-108.7023916648997,58.223895305263866,-8.410347755315257,-24.00940720159147,38.97573472894727,-36.46680328883807
OSP_3_27.08.2025_20250827_215900.WAV,624.1516,1.9459101490553132,110409.73985777542,42328.45550314154,1.003774030526964e-05,0.7231364854209578,0.0013479271,4109,-1577.1668399419054,-187.09987054322016,-108.7084178416562,264.2283977548998,-181.86986067451085,2.0730239651595896,106.9083718381522,-109.23746909392077,61.94817096211885,-12.831362755192,-23.774942039751352,41.661618029749896,-38.35823980828871
OSP_3_27.08.2025_20250827_220000.WAV,683.09625,0.6924073531233139,110843.53752120258,42326.8053846808,1.0897375639200302e-05,0.7230273251827022,0.0013574475,4135,-1373.9399827906725,-134.6896065345826,-58.602081890654524,184.50947640396527,-153.08208750153432,20.96187957473563,87.91126490053486,-104.3709974668985,52.984889499610915,3.5825901676419494,-30.417101684731627,32.14477142224881,-24.989346101579486
OSP_3_27.08.2025_20250827_220100.WAV,701.5287,1.9459101490553132,111246.47386430179,42330.039329039675,1.017254576060241e-05,0.7231316888690288,0.0013627379,4097,-1438.439930915274,-150.59496772881764,-71.57613214993793,208.53538333064049,-164.2575133964726,15.938330793406555,95.91953140907954,-107.08248822679882,54.12922035576404,-0.2213366599954904,-27.235744725050814,34.06147166376881,-30.15498103323324
OSP_3_27.08.2025_20250827_220200.WAV,691.6128,1.0480107837767272,111188.74642166817,42329.06832430287,1.062214965188615e-05,0.7230881717648341,0.0013611567,4118,-1454.0422084682687,-154.55282426130864,-75.0729244224406,214.56359250680234,-166.73688114471668,14.51282879610849,97.68649739776997,-107.51662737063066,54.52024478564001,-1.3538830335878782,-26.53571261928766,34.69518171738091,-31.310160153795575
OSP_3_27.08.2025_20250827_220300.WAV,731.0446,1.9459101490553132,112454.75324591769,42328.738702865136,1.031103842223553e-05,0.723119194624891,0.0013845303,4127,-1414.8615788139095,-144.9900764732028,-66.84386599681137,200.03849174627,-160.49619773547167,17.796100835562665,93.25399356442395,-106.25963125706464,53.60810275868846,1.277852324353066,-28.274632923106406,33.19510063187351,-28.352518310230845
OSP_3_27.08.2025_20250827_220400.WAV,641.93823,1.9459101490553132,110494.3162100149,42329.144099514546,1.0953533519721949e-05,0.7231494438475402,0.0013478751,4098,-1610.8945054840792,-196.58190671456356,-120.59472866023954,278.5212391752463,-184.40511338583306,-1.2020529582806925,107.80310621883685,-109.93614122411634,65.5458543672582,-16.001121729665854,-24.0117541570562,43.29730613092104,-39.40912548988207
OSP_3_27.08.2025_20250827_220500.WAV,681.34106,1.9459101490553132,111220.96948701482,42329.35174644839,1.0196146156284594e-05,0.7231301029123426,0.0013634057,4143,-1397.5592679809056,-140.50086058491013,-63.162242518393505,193.24719915831844,-157.347990857733,19.22698753373562,90.98040357226482,-105.49052741811407,53.29862410805033,2.3282260169948232,-29.161996917781693,32.67139992042235,-26.922385630838196
OSP_3_27.08.2025_20250827_220600.WAV,677.9694,1.2138051430933654,111359.46769195319,42332.77704483814,1.0004673831481162e-05,0.7232914449937614,0.0013634114,4102,-1321.8460159399986,-122.70853482008216,-49.90291109566889,166.5777985876387,-143.39437765314557,24.05100809345941,80.79755616874229,-101.10841816698107,52.5732239404888,5.1906379296293945,-32.71619765503915,31.667353767897005,-21.39433175947065
OSP_3_27.08.2025_20250827_220700.WAV,541.3312,1.9459101490553132,110004.62060571255,42329.25763448555,1.1719534508103149e-05,0.7231080542462173,0.0013417611,4113,-1720.3427250310385,-227.69271829013195,-168.10777584986184,323.74758988523934,-186.93761659773355,-7.627559726232756,106.24558892569898,-117.01507067651401,80.05692940565721,-22.373227629387454,-25.198272454257985,45.11341191048434,-43.446216555446554
OSP_3_27.08.2025_20250827_220800.WAV,544.5152,1.9459101490553132,110116.01402424808,42326.51040653679,1.0028500625919559e-05,0.7230510371692546,0.0013441289,4079,-1600.9907833335617,-193.5827900743268,-116.53769710183913,274.05848427067417,-183.78088526963018,-0.31298274265362114,107.68570010028164,-109.62032055635015,64.2840952353034,-15.001960976200195,-23.921599419229448,42.809473381870305,-39.06846007045983
OSP_3_27.08.2025_20250827_220900.WAV,578.6087,0.6917614988524178,110764.3582317556,42324.47614395686,1.110592827205329e-05,0.7229603668650479,0.0013522608,4091,-1439.5444045000481,-150.84519975726505,-71.84028024530721,208.98868483589175,-164.3964662982984,15.711685265340343,96.1344551425549,-107.07179318555589,54.035388752796784,-0.19625638493379272,-27.213424521605326,34.03812371547874,-30.126494706697866
OSP_3_27.08.2025_20250827_221000.WAV,551.5969,1.9459101490553132,110323.17695115437,42328.05379699434,1.0029065576378637e-05,0.7230613265467797,0.0013456896,4131,-1652.6077336866451,-208.29483333057348,-136.48165873936077,295.9490391768029,-186.4914076447433,-4.659537397953739,107.90797594916016,-111.53615599191002,70.7860792960711,-19.169267306217797,-24.776973907968245,44.63775667287901,-40.50909731689622
OSP_3_27.08.2025_20250827_221100.WAV,529.1144,9.457406114017602e-305,110208.92068998051,42327.83878784925,1.0155915479333588e-05,0.7230340945100214,0.0013445069,4113,-1692.8909814022602,-219.81172182099954,-154.49439893807207,312.65903204264646,-187.11173230589637,-6.934845621547486,107.08342843769672,-114.29698859555488,76.35351360727734,-21.39366096789267,-25.343227623876956,45.19440795533313,-41.957580051926456
OSP_3_27.08.2025_20250827_221200.WAV,524.57605,1.9459101490553132,110364.62706225047,42329.11652175288,1.0880456327034613e-05,0.723107938200606,0.0013463164,4130,-1707.7995760192273,-224.21469267530887,-161.95670362679684,318.9408537581779,-187.0771409746945,-7.493356833426925,106.69555350955807,-115.7190926617659,78.38684640243602,-21.960029095083833,-25.283973493023794,45.17170050814841,-42.82388026779474
OSP_3_27.08.2025_20250827_221300.WAV,527.6665,0.8135598932716902,109973.27416411246,42330.84144284043,1.0034493098982111e-05,0.7232638648201696,0.001341399,4118,-1716.3109432336964,-226.50579975915227,-166.06494706276263,322.1497251170298,-186.91131682091455,-7.670508861010498,106.35805084306283,-116.50047652204167,79.50769639827266,-22.266923475570206,-25.24716396494355,45.14320811113567,-43.2155246804508
OSP_3_27.08.2025_20250827_221400.WAV,526.24585,1.5975750154563464,109936.92232629402,42328.52363807011,1.0475612378970887e-05,0.7229249729536362,0.0013411298,4110,-1701.6391360077569,-222.23748207536508,-158.5644585641582,316.1150889699732,-187.0928780968292,-7.279413766724768,106.8597779322264,-115.01620306547757,77.46335691654367,-21.737470066087205,-25.30352859190117,45.15680204755501,-42.400252183497784
OSP_3_27.08.2025_20250827_221500.WAV,524.60956,1.9459101490553132,110234.3244646269,42329.90201590307,1.0706372208989282e-05,0.7232552774449418,0.0013448272,4107,-1711.9623314361656,-225.33513472928286,-163.97545463917632,320.5005650585095,-186.9965691274685,-7.554706274403175,106.53647075495016,-116.15139328698159,78.9506470369787,-22.05956135348397,-25.30260766467334,45.12828488085118,-42.98240742687777
OSP_3_27.08.2025_20250827_221600.WAV,543.2908,1.9459101490553132,110106.98122721407,42330.31690027952,1.0134742263302587e-05,0.7231777202947992,0.0013428575,4094,-1713.285417602102,-225.69442297631502,-164.94603269352052,320.93603421068434,-186.78414745485935,-7.400306154732405,106.35426672046097,-116.44765407519829,79.17132068403356,-22.00355611198501,-25.20943376921333,45.03076383764405,-43.182152464446254
OSP_3_27.08.2025_20250827_221700.WAV,525.8889,1.9459101490553132,110255.7188787128,42329.73206090495,1.0698788921954779e-05,0.7231463106160382,0.0013447686,4114,-1715.0491316975695,-226.25302621453844,-165.45876814969262,321.7748530562668,-187.06674502854756,-7.583712599677571,106.47689191033179,-116.50743798313374,79.36669042475408,-22.160582811173466,-25.256166422474248,45.11077800109656,-43.18946924475094
OSP_3_27.08.2025_20250827_221800.WAV,527.91797,1.9459101490553132,109934.58908592198,42329.84876845488,1.0169166437883846e-05,0.7231265441802662,0.0013409442,4099,-1705.1714896322533,-223.26055123218435,-160.32828959876,317.5577768090504,-187.06592209468866,-7.346842094771034,106.70689607260988,-115.39065400902271,78.01968296901933,-21.87430011514799,-25.337846159303187,45.1625844600185,-42.58119540356955
OSP_3_27.08.2025_20250827_221900.WAV,526.20544,1.9459101490553132,110267.0178115365,42330.2189370445,1.0341962561791119e-05,0.7231523063059495,0.0013457956,4101,-1707.0110450503923,-223.89979299546212,-161.4259617969872,318.4479747118695,-187.08066563338326,-7.3750043037496695,106.67709017022946,-115.64768231006184,78.28769914615457,-21.935318563635136,-25.293338364287052,45.165037328977554,-42.75128336196872
OSP_3_27.08.2025_20250827_222000.WAV,528.60223,1.9459101490553132,110456.46560423284,42330.252751217005,1.0397354839014146e-05,0.7231285169556564,0.0013473617,4089,-1677.3030234865669,-215.4546452907034,-147.44863870194845,306.39789362471373,-187.02753875538966,-6.195875979775929,107.52866137673617,-113.18084278798491,74.16196046806917,-20.549236989398032,-25.10228717776546,44.93548595888343,-41.42079637971554
OSP_3_27.08.2025_20250827_222100.WAV,553.55206,1.9459101490553132,110379.19061553772,42329.81550775272,1.0283740436605564e-05,0.723146194570427,0.0013466207,4084,-1680.0436503869357,-216.2004320507019,-148.83556094237088,307.44962506999013,-186.92568085651,-6.2689807856209026,107.36602754015769,-113.41219738473819,74.60086577304497,-20.701945023969838,-25.15631567882855,45.002427130940916,-41.539428102349575
OSP_3_27.08.2025_20250827_222200.WAV,536.4279,1.9459101490553132,110175.96643859168,42328.02669876233,1.071551299918547e-05,0.723035719148578,0.0013432464,4114,-1705.2990929432008,-223.44838256794483,-160.6642671367885,317.8034186726134,-187.09493837675376,-7.319428087068185,106.75091983756907,-115.50351508596195,78.01842511024155,-21.844601446767925,-25.253643829420323,45.1131370374984,-42.64961122210315
OSP_3_27.08.2025_20250827_222300.WAV,541.6679,1.9459101490553132,110180.36715798009,42328.592667637575,1.0264735364681502e-05,0.7231027548299731,0.0013445092,4075,-1699.4218125965374,-221.68019737522323,-157.6933346992203,315.32096296731726,-187.0769911126782,-7.150055421851576,106.90248019647873,-114.94267232298546,77.24772826023205,-21.60178611958508,-25.34782919471716,45.17890703272684,-42.333750801286286
OSP_3_27.08.2025_20250827_222400.WAV,530.532,1.9459101490553132,110339.51331920344,42329.8550110352,1.0209546092195472e-05,0.7231062361983086,0.0013461835,4115,-1709.8204272112118,-224.79342626183436,-162.9329888165915,319.67489559701204,-187.09415241301673,-7.406330386405366,106.60423275806035,-115.97873631177936,78.64686419223338,-22.01648874004474,-25.196680012971548,45.10731033066487,-42.949648983111224
OSP_3_27.08.2025_20250827_222500.WAV,528.0494,1.2526989479944304,110287.05306813269,42330.746684861,1.0125561012552158e-05,0.7231715698774063,0.0013455767,4096,-1700.0044992782716,-221.92668124036962,-158.03373757386356,315.6593847358171,-187.12585187228004,-7.188321188834349,106.93506159478551,-115.01662542695601,77.28786373842775,-21.60361862098959,-25.278016786620043,45.10422929662291,-42.38382096655598
OSP_3_27.08.2025_20250827_222600.WAV,583.60803,1.9459101490553132,110450.14066238483,42329.30950209255,1.0503237007179908e-05,0.7230694497395627,0.0013478362,4114,-1640.095727867432,-204.7551996025769,-131.49711998955934,290.7738715422733,-186.0071602117661,-3.7696200816752294,108.02766849993887,-110.95022680677951,69.12402207366833,-18.276527382787425,-24.553694070645342,44.32395069131954,-40.19404834744197
OSP_3_27.08.2025_20250827_222700.WAV,561.12384,1.9459101490553132,110538.09497709147,42329.402347972864,1.0123520795304796e-05,0.7230549440381645,0.0013494373,4108,-1598.8211331827188,-193.16085837941952,-116.05438200207887,273.41514529120127,-183.65982388353444,-0.11987247205203329,107.60739772456513,-109.59762244516685,64.1579861266801,-14.912702645474809,-23.868713356387616,42.75198723691224,-39.09083345904368
OSP_3_27.08.2025_20250827_222800.WAV,528.57587,1.9459101490553132,110423.40606366312,42331.37140612134,1.057051836178025e-05,0.7232488175725857,0.0013477673,4101,-1696.3289796823108,-220.87209539150277,-156.23187697281836,314.1718853040899,-187.1614735994134,-7.051320799247,107.04861180805044,-114.6967388202341,76.80592171945955,-21.474342228436964,-25.265813485402525,45.1207142757936,-42.27876562268233
OSP_3_27.08.2025_20250827_222900.WAV,542.7777,1.9459101490553132,110334.83838886545,42328.75478646744,1.0405054437660342e-05,0.7230789267978096,0.0013462824,4103,-1712.0978996738047,-225.38082050453392,-164.0136002836164,320.51557603788626,-187.06866963434885,-7.459906754860465,106.57866977919815,-116.26509243163292,78.98368646407903,-22.03965795709273,-25.328807197929553,45.183257848774055,-43.02533773103177
OSP_3_27.08.2025_20250827_223000.WAV,576.4659,1.9459101490553132,110270.86572150626,42326.52355965339,1.1294643288279628e-05,0.723055292174998,0.001345362,4110,-1588.2259073153325,-190.11037502389982,-112.30131148002573,268.81332404915224,-182.82366853340716,0.9608106325073548,107.35222081181274,-109.45853634224164,62.978970358561476,-13.772239042176961,-23.842726304458935,42.15580031221177,-38.66329414315259
OSP_3_27.08.2025_20250827_223100.WAV,567.82733,1.9459101490553132,110131.29251117299,42329.100223836336,1.0623247990070682e-05,0.7231237977674682,0.001343368,4110,-1710.652004133819,-224.91460060173006,-163.46275353177256,319.8598655521427,-186.93566225801646,-7.405732920370628,106.5880220699278,-116.11092681886142,78.71769383390684,-21.95863049368989,-25.24819552146444,45.10710107663593,-42.97764482627096
OSP_3_27.08.2025_20250827_223200.WAV,543.23584,1.9459101490553132,110734.71956125548,42329.35693151262,1.019420395650252e-05,0.7231685140096451,0.0013517236,4106,-1685.3812760545463,-217.90266394113524,-151.3725004927651,309.9404537447837,-187.09523624611066,-6.688281163117785,107.35392731402789,-113.746707422781,75.2629184144106,-21.007027258902983,-25.115970468604363,45.00414521310694,-41.797721749533004
OSP_3_27.08.2025_20250827_223300.WAV,548.7849,1.9459101490553132,110325.16375177263,42332.645219631166,1.1358173391747341e-05,0.723192380723679,0.0013465729,4111,-1631.137928318465,-202.18872973154893,-127.8702199900969,286.9232179477765,-185.5977300771761,-2.9942696376772515,107.93302070427934,-110.49675273486959,68.00709015858548,-17.725909033244548,-24.30781290603067,44.0622495246615,-39.99914777270632
OSP_3_27.08.2025_20250827_223400.WAV,527.25464,1.6005273729189957,110190.10987354553,42332.377579035274,1.0888927651611654e-05,0.7231538148988949,0.0013441524,4116,-1682.4798409328596,-216.82843805203768,-149.59965695754454,308.3591268159219,-187.0895869710542,-6.411057739990216,107.35200127731032,-113.47352126059612,74.85866176643839,-20.899388376892144,-25.102771804444693,45.00867187318416,-41.63872991938019
OSP_3_27.08.2025_20250827_223500.WAV,636.1273,1.6663038183456984,111127.50422934633,42328.74990179103,1.0995391460706158e-05,0.7231306057766577,0.0013615619,4094,-1261.5516512400966,-109.22424501249829,-41.1713076306391,146.74078555369104,-131.29037514833195,26.43028427332732,72.12625929085735,-95.94744439211163,51.888795073263296,5.89529974358251,-34.73141061728731,31.825430189478197,-17.908062739292568
OSP_3_27.08.2025_20250827_223600.WAV,533.8512,1.9459101490553132,110225.79762022263,42328.01713304469,1.0295212476615055e-05,0.7230896029940387,0.0013451702,4126,-1682.050286865186,-216.72451611149583,-149.79938914994884,308.2338836136794,-186.89670235836581,-6.412162122772587,107.34895746011317,-113.49025600852201,74.79224352664401,-20.809807976668125,-25.157587282529978,44.98959451712761,-41.56778451554829
OSP_3_27.08.2025_20250827_223700.WAV,537.13086,1.9459101490553132,109907.20038192126,42328.78516273686,1.0510041998617882e-05,0.7231610484086588,0.001340207,4097,-1710.5586464118492,-224.8324274599033,-163.10456166268466,319.8053470676222,-187.02136011355947,-7.535693114651014,106.59637393827344,-115.90852839573824,78.67244977881076,-22.04746003706457,-25.249903687936666,45.10494187625222,-42.9021289196276
OSP_3_27.08.2025_20250827_223800.WAV,536.8782,1.9459101490553132,110030.5171841085,42333.2508241061,1.0010784489682878e-05,0.7232442917937495,0.0013430535,4114,-1675.3215201101873,-214.67459646675266,-146.21927152786253,305.2784188997367,-186.9092023120989,-6.132554921712677,107.43985942119873,-112.77622806058154,73.89366872539325,-20.682143734480093,-25.05160682038117,45.102333676436785,-41.414661088321765
OSP_3_27.08.2025_20250827_223900.WAV,561.27747,1.9459101490553132,110036.64062972486,42328.72011272144,1.0268573667597484e-05,0.7231135470718134,0.0013424987,4070,-1714.5491574245873,-225.98347638343066,-165.17392326940163,321.40586032470384,-186.9531345712822,-7.569905020787838,106.42996932240125,-116.39191139694705,79.30127355117249,-22.1837995740403,-25.304623157153024,45.19474926181935,-43.14201393338864
OSP_3_27.08.2025_20250827_224000.WAV,525.96375,1.9459101490553132,110067.34701765243,42328.639746787885,1.101662552906362e-05,0.7230159913946764,0.001342873,4089,-1702.326149978196,-222.464145634614,-158.96621307358996,316.4448153878413,-187.10643957018652,-7.263698151567652,106.83827227757457,-115.15985530278171,77.6114170369992,-21.731082764356614,-25.34361735353927,45.168621930449284,-42.45262180108516
OSP_3_27.08.2025_20250827_224100.WAV,576.1898,0.6615632381579821,110177.17617685141,42330.38323890753,1.056604738696689e-05,0.7231829036654321,0.001344547,4122,-1517.2688671837298,-170.74189007206695,-90.56181716265405,239.29319228240544,-175.51381694797126,8.370372024917685,103.46636208200917,-108.55414412865674,57.23317734736665,-6.8898853601014185,-24.332598936163564,38.0395148615544,-35.60221879178478
OSP_3_27.08.2025_20250827_224200.WAV,538.2496,1.9459101490553132,110017.26438936635,42328.39805543672,1.0480167706212396e-05,0.7230637248227442,0.0013421361,4122,-1714.1389874585748,-225.88851362401513,-164.93884834497172,321.28063779588416,-186.9874722375846,-7.594115471792416,106.4614999208894,-116.32059624332192,79.2134416243844,-22.16409504847354,-25.279138699826863,45.161091311665864,-43.11624964100629
OSP_3_27.08.2025_20250827_224300.WAV,526.91455,1.0567767888161195,109989.5313306805,42330.258748876935,1.0260747109011685e-05,0.7230601660906678,0.0013416865,4106,-1700.4746839531408,-221.9501171039151,-158.17537925296503,315.7191989927784,-187.03595706028784,-7.242213131201962,106.85305887296241,-114.92517426065379,77.33830058392294,-21.723922075980507,-25.255463012831125,45.175069829378735,-42.449209971042166
OSP_3_27.08.2025_20250827_224400.WAV,559.1298,1.9459101490553132,110138.43755150169,42327.930605793714,1.0346002315297509e-05,0.7230055086077992,0.0013437275,4103,-1666.9143055294765,-212.3101848004626,-142.59858196339314,301.90761204468726,-186.7982038005323,-5.714077482514059,107.73792303968655,-112.29113963446511,72.66105050775239,-20.058328447269037,-25.002559378190156,44.920911460414196,-41.00984745227177
OSP_3_27.08.2025_20250827_224600.WAV,532.05237,1.9459101490553132,110000.18737458315,42330.260739478144,1.008918020414778e-05,0.7231513005773191,0.0013423519,4104,-1531.0741858804697,-174.39298343159757,-94.37652856384408,244.8672719179618,-177.1387535797588,6.922714341442348,104.45337890106222,-108.6799464166694,58.07880554606247,-8.21871214541263,-24.035668293978716,38.84698223983873,-36.37239128268479
OSP_3_27.08.2025_20250827_224500.WAV,541.3975,1.9459101490553132,110098.25910056301,42329.86546050645,1.0514803916788278e-05,0.7231249195417095,0.0013428265,4108,-1695.5564836720189,-220.568884553398,-155.7962366178603,313.77409603607293,-187.09662304493443,-7.088416176543555,107.05092465610709,-114.49813416112717,76.61172874461258,-21.48102226243697,-25.20304100090697,45.10013191388958,-42.20565764453222
OSP_3_27.08.2025_20250827_224700.WAV,561.12537,1.9459101490553132,110117.62348531447,42327.09213733342,1.0704538989914386e-05,0.7231177247138161,0.0013431878,4109,-1701.3887854584505,-222.24044106851616,-158.69985874210133,316.1392166537637,-187.05378026211605,-7.276604717565352,106.9155510459186,-115.09903801751297,77.42065272099632,-21.644266895093708,-25.304630424389572,45.139436303084025,-42.43731303377353
OSP_3_27.08.2025_20250827_224800.WAV,545.1305,1.9459101490553132,110327.1099336252,42330.35412455924,1.0297817523631272e-05,0.7232116442951358,0.0013460667,4123,-1708.1832636691277,-224.2863238239447,-162.1869152193873,319.0090977798971,-187.0429075139151,-7.419061716251235,106.69338493943948,-115.8245724618613,78.3829503645775,-21.919346448378494,-25.200178480496174,45.12997539340688,-42.92833829963886
OSP_3_27.08.2025_20250827_225000.WAV,557.60425,9.457406114017602e-305,110840.96469553906,42327.04578678219,1.1680582901638951e-05,0.7230827949848491,0.0013532819,4116,-1592.8694994740993,-191.66530333107718,-114.41052217450648,271.12306557506673,-183.1382691312314,0.5023096821393295,107.42380227969309,-109.63210377146322,63.588157578236284,-14.25837825846721,-23.82888664278976,42.36403297836578,-38.90042229878855
OSP_3_27.08.2025_20250827_224900.WAV,579.12146,1.9459101490553132,110073.85903245317,42326.41055625387,1.0327906714285898e-05,0.7230298395042779,0.0013429894,4095,-1670.3454068406406,-213.26588409145776,-144.1824063036719,303.2694478539166,-186.7989583944783,-5.862091449123041,107.6671850664508,-112.59325487596482,73.12001563181242,-20.160310609133223,-25.076784224364935,44.92378063422771,-41.08308468045419
OSP_3_27.08.2025_20250827_225200.WAV,575.07117,1.9459101490553132,110491.82666578799,42328.97034787591,1.088812350625455e-05,0.7231494051656698,0.0013485149,4136,-1648.8189217621857,-207.35844827986557,-135.66139593088687,294.5390407233888,-186.0778097934002,-4.3128204501602365,107.82072289358477,-111.469892722546,70.2998101741986,-18.871727471084878,-24.55640062921741,44.45711345737602,-40.55484127951282
OSP_3_27.08.2025_20250827_225100.WAV,569.4337,1.9459101490553132,110622.56928846613,42325.02070621145,1.0245071830271324e-05,0.7230034971505387,0.0013500308,4139,-1649.6811414847227,-207.60994547508164,-136.27637220583702,294.94210933944197,-185.99969595022785,-4.377156792582172,107.85310250852184,-111.64266467967023,70.4175016810383,-18.811442591803214,-24.64540459610305,44.52067976653898,-40.625773815565935
OSP_3_27.08.2025_20250827_225300.WAV,622.21655,1.9459101490553132,111126.34349700285,42323.33174342578,1.0558795318885434e-05,0.7230401675636735,0.0013558879,4110,-1650.9210022834113,-208.26882418573766,-137.7360004877874,295.79833856692045,-185.7981820699017,-4.311923639370784,107.6631659981359,-111.96022874869357,70.81494450766402,-18.850377779017748,-24.70688928298502,44.45480709332261,-40.627435873867014
OSP_3_27.08.2025_20250827_225400.WAV,622.5491,1.9459101490553132,111717.16777847023,42320.53806197229,1.0664922313324774e-05,0.7229124013457577,0.0013646351,4123,-1558.8787838830917,-182.70158353919564,-104.3686123650849,257.5281953365791,-179.91354006322143,3.827989585184971,106.03942090686547,-109.23357420979558,60.491017675302885,-11.017942339612256,-23.752104099686314,40.571878583029154,-37.77963437017688
OSP_3_27.08.2025_20250827_225500.WAV,611.0925,1.9459101490553132,111850.6777365803,42323.823402116876,1.0241218966668308e-05,0.7230289498212588,0.0013671324,4116,-1557.380819560693,-182.32277666314667,-103.79822516172527,256.905975043427,-179.8319547446634,4.025376158518876,105.91161158789886,-109.2142663316941,60.48363159802374,-10.950146712529273,-23.827536287948654,40.552225728388656,-37.70670225810231
OSP_3_27.08.2025_20250827_225600.WAV,620.6376,1.9459101490553132,111797.5952398042,42328.87763229668,1.008528209659903e-05,0.7230721961523607,0.0013658457,4129,-1573.8683942851328,-186.75298802899823,-108.52698316912651,263.6444242101093,-181.65819558598562,2.359512365238691,106.80650242171514,-109.39259271258992,61.86042553965186,-12.600241340552008,-23.742165336775912,41.505044744857415,-38.37278176800874
OSP_3_27.08.2025_20250827_225800.WAV,592.6317,9.457406114017602e-305,111330.53978100167,42322.75773263491,1.1253482409182859e-05,0.7229741376109087,0.0013598672,4126,-1515.946452793795,-170.9078136001739,-91.02300306076908,239.57307721418493,-175.41924240296115,8.284415945541568,103.51454975478089,-108.6557718861453,57.232745641169764,-6.777213196175189,-24.376304482521938,38.00988662518374,-35.58610630221226
OSP_3_27.08.2025_20250827_225700.WAV,649.50433,1.9459101490553132,111377.91600198262,42322.40513380387,1.0486937743348568e-05,0.7230455830255288,0.0013620941,4112,-1490.8373791014958,-164.24187836294317,-84.4083027986421,229.40677796063184,-172.04263866781744,10.792934170375068,101.38253728938473,-108.25449137043464,55.926224516547414,-4.482489738458098,-25.12391279414333,36.65097039431389,-34.0289449793857
OSP_3_27.08.2025_20250827_225900.WAV,620.58966,9.457406114017602e-305,111536.84118348476,42324.34478405642,1.1130110846042042e-05,0.7230453122524361,0.0013640397,4104,-1508.8384905615771,-169.04387582854662,-89.21911338056185,236.7114965149221,-174.45759898452255,9.022400436403741,102.89995294594542,-108.54383997335671,56.86192907243101,-6.173444379313169,-24.532988725812565,37.646207946069836,-35.19625825770929
OSP_3_27.08.2025_20250827_230000.WAV,628.7958,1.9459101490553132,111535.10836906706,42326.06802234479,1.0428528527863038e-05,0.7230720801067496,0.0013628154,4108,-1578.7829469729852,-188.05083618058768,-110.5191877520347,265.5925545393258,-181.76738437762572,1.948049377937966,106.81266456164542,-109.5452283738409,62.40974183793333,-13.01457262467286,-23.79913914573316,41.783968119996736,-38.54776669330216
OSP_3_27.08.2025_20250827_230100.WAV,627.88306,9.457406114017602e-305,111010.14418115032,42329.69437170422,1.0474147629255297e-05,0.7231644137313832,0.0013567333,4096,-1379.7094877064792,-136.25732801706232,-59.83179822294478,186.86413542986642,-154.22144669229974,20.465933762614526,88.7595958781259,-104.64184965623795,53.00469511952548,3.25485440812994,-29.99715956153218,32.20429115577547,-25.54215842029536
OSP_3_27.08.2025_20250827_230200.WAV,667.68945,9.457406114017602e-305,113327.74828577564,42317.433228114816,1.1275263382213964e-05,0.7229877149474174,0.0013889136,4109,-1392.7668125049265,-140.17218161872677,-63.17664278265052,192.87207103672873,-156.93663697155822,19.111005119793973,90.90869837703366,-105.42633759426815,53.181422619887435,2.5648156724395252,-29.362154764630098,32.65299249916251,-26.710846234399316
OSP_3_27.08.2025_20250827_230400.WAV,572.2274,1.9459101490553132,110100.0688365587,42328.3483141202,1.0044069767073814e-05,0.723113314980591,0.0013434535,4111,-1555.3527669210898,-181.0249699860134,-101.70041138602163,255.0276871364597,-179.75379134034318,4.271537662255471,105.926675134838,-108.85673442745905,59.87887699662025,-10.68881235905064,-23.71030893352036,40.34347059248159,-37.54184890545951
OSP_3_27.08.2025_20250827_230300.WAV,528.7804,9.457406114017602e-305,110252.92378745163,42328.36272256392,1.0024679601248274e-05,0.7230532033539967,0.0013452119,4117,-1708.6457775407926,-224.41920818810325,-162.47128884429657,319.1601038773386,-186.9998386756232,-7.383979680942995,106.6631792866213,-115.91030972146363,78.42534939908148,-21.875878603143583,-25.19585251219136,45.068042937303275,-42.89788209552383
OSP_3_27.08.2025_20250827_230500.WAV,525.87,1.3852175202653492,109929.88337938719,42329.764560538824,1.0577959931804911e-05,0.7231089052473659,0.0013408209,4110,-1707.4091301650574,-223.8963634378545,-161.47533334812158,318.4893624075899,-187.05040527527962,-7.4642721209357985,106.7221490700482,-115.59892274366909,78.22431853998802,-21.92535088404432,-25.260798923376147,45.133481827021356,-42.77852541467993
OSP_3_27.08.2025_20250827_230600.WAV,529.5484,1.9459101490553132,110574.73183446287,42332.64621075417,9.966808180920147e-06,0.7232730711053236,0.0013496818,4114,-1689.6507021171337,-218.99169735929445,-153.09402295164304,311.47443205299686,-187.16929775634927,-6.769450260936309,107.2121832113381,-114.10645569062073,75.91869283828487,-21.270231411300024,-25.200743671926265,45.15964265544816,-42.041972648734564
OSP_3_27.08.2025_20250827_230700.WAV,808.67993,1.9459101490553132,116281.27982466145,42324.93079996118,1.1203337654071069e-05,0.7230287177300364,0.0014499703,4120,-1335.8013052717845,-126.88035971805974,-53.168550192690404,172.85953436912405,-146.56592764025706,22.879329988926525,83.17293156224345,-102.14099801499498,52.71306277842702,4.590398282190307,-31.89149242906269,31.83373225155331,-22.650073725888454
OSP_3_27.08.2025_20250827_230800.WAV,798.8131,1.9459101490553132,116851.0866066809,42323.14185738296,1.1372135740213949e-05,0.7230951345015052,0.0014540183,4107,-1301.3387074722796,-119.20463632393867,-47.814417164839455,161.47299271714883,-140.1066693144844,24.55990983389117,78.52515636244048,-99.71203657751693,52.35184242697593,5.428168916184683,-33.277920199381484,31.666929368295055,-20.38354891697474
OSP_3_27.08.2025_20250827_230900.WAV,806.0479,1.9459101490553132,119343.56491710419,42320.13922708095,1.152578125587539e-05,0.7230273638645726,0.0014946434,4134,-1348.756792345391,-130.65869984547663,-56.146254055733934,178.57171953807705,-149.4370177938927,21.775588724951408,85.38691842786707,-103.10854098604473,52.81847965987924,4.104668948562676,-31.198528243990374,31.986807612215436,-23.747866674470224
OSP_3_27.08.2025_20250827_231000.WAV,793.3018,1.9459101490553132,117140.88621159081,42321.77167252411,1.0517292566310352e-05,0.7230502248499763,0.0014634592,4093,-1343.9791356995868,-128.95979399578343,-54.68841888581489,175.99669074373082,-148.2593645215775,22.31281056081683,84.47130779421082,-102.75336560898808,52.76226019136885,4.389120388442182,-31.55127280391579,31.909878431342857,-23.23298769299936
OSP_3_27.08.2025_20250827_231100.WAV,797.97217,1.9459101490553132,117688.54915463674,42322.29436952099,1.039296169130255e-05,0.7229669427830151,0.0014718636,4127,-1311.0970439378584,-121.49605342265188,-49.40847892506173,164.88529784390386,-142.05377388226748,24.04813328212815,79.95867846971318,-100.47365069009938,52.436763608273814,5.239409100479662,-32.88823893323775,31.680821060058154,-21.02627930795682
OSP_3_27.08.2025_20250827_231200.WAV,817.2732,1.0914145617941,116745.96646261,42324.70890629607,1.1893361469398673e-05,0.7231384195144775,0.00145625,4108,-1354.2795228468478,-131.22042928034148,-56.33408374153087,179.33897066383213,-150.0744289787336,21.797491919350126,85.74879180228527,-103.36688110220555,52.857354534500665,4.074305190104706,-31.071665799292248,31.910166903545907,-23.8591122973827
OSP_3_27.08.2025_20250827_231300.WAV,751.55945,1.9459101490553132,113891.6450534644,42328.2116975407,1.0547823312929958e-05,0.7231486315282619,0.0014055511,4157,-1391.5652408509188,-139.73082963517882,-62.77967362743342,192.10331432409993,-156.5910378693204,19.399722079153843,90.46014416043474,-105.2644119125507,53.28444177607544,2.4333797305124305,-29.297373814735273,32.61521721350783,-26.699163917577863
OSP_3_27.08.2025_20250827_231400.WAV,794.4768,0.9263525961885105,116418.42607382487,42324.225152977975,1.017130601586479e-05,0.7230133997093598,0.0014536371,4123,-1352.4572883387598,-130.6855983084666,-55.89558623183403,178.55542193152044,-149.6989089473636,21.919775550011106,85.50880313102012,-103.27372257832147,52.84410140433876,4.176053218302541,-31.24276708386462,31.96575906247666,-23.72221346765045
OSP_3_27.08.2025_20250827_231600.WAV,765.6948,0.6193762897414468,113945.51811357068,42325.585942564096,1.1083317667652188e-05,0.7231166803033153,0.0014144026,4115,-1256.9957348593011,-108.60598184459684,-40.92358655951003,145.88336273177055,-130.58300580790055,26.391703658155052,71.68244921919529,-95.55871359229853,51.79649601312068,5.862646101893506,-34.758041367101924,31.84588573207356,-17.783609830954642
OSP_3_27.08.2025_20250827_231500.WAV,775.7179,1.317125167500343,114157.43059597703,42328.370497005766,1.0485566151723295e-05,0.7231423263833875,0.0014146047,4120,-1279.402445167394,-113.59443656146848,-43.98794486583644,153.1490405941003,-135.23034080405344,25.711887109081545,74.93250942001899,-97.68597178577322,52.14068879115685,5.73020225583174,-34.13120668121611,31.71659335209264,-18.94217699378008
OSP_3_27.08.2025_20250827_231700.WAV,745.03107,1.311481223432413,113206.69114446275,42328.856371732545,1.0393892993857359e-05,0.7231346673730492,0.0013974201,4092,-1335.3621198702813,-126.11898987144063,-52.42951298848315,171.6908477040285,-146.1247894630274,23.1520251562778,82.84342932077327,-102.03946724095145,52.64082690564821,4.777082111478424,-32.02370005663257,31.727225101798673,-22.416437079414077
OSP_3_27.08.2025_20250827_231800.WAV,720.4885,0.45056120886630463,112708.91649618154,42327.328503796256,1.0046749288701907e-05,0.7230922333612255,0.0013877633,4131,-1371.5262472248514,-134.49972319471672,-58.552166129228404,184.2343402359673,-152.85232768426695,20.978014647236467,87.76564789711769,-104.28689043348955,52.97209460469828,3.597977313083991,-30.431552575952864,32.1171203604291,-24.941412601103202
OSP_3_27.08.2025_20250827_231900.WAV,809.9529,1.9459101490553132,116530.23418805856,42325.347785757636,1.025857167735983e-05,0.7230529325809039,0.0014524308,4090,-1287.3150072970013,-115.79234135179655,-45.53396304146194,156.43427467367758,-137.11003098821556,25.217728148690455,76.35176462732332,-98.46529083917954,52.21259418836355,5.606578886799452,-33.79681506793684,31.726819897206212,-19.549240990157074
OSP_3_27.08.2025_20250827_232000.WAV,707.354,1.9459101490553132,112315.00208816859,42329.00415360484,1.067095481772777e-05,0.723201973827537,0.001377863,4114,-1474.9728978608098,-160.32918325952582,-80.62203613462741,223.38701653729555,-169.92797507255813,12.340352895473872,99.87946789733186,-107.91395931706383,55.28737570578534,-3.2630033507455254,-25.514453531736265,35.746375597049855,-33.03102988409072
OSP_3_27.08.2025_20250827_232200.WAV,757.3284,1.9459101490553132,114016.57491564153,42329.06322529901,1.0245908618332428e-05,0.7230711517418601,0.0014128082,4131,-1345.424330402736,-128.50865103079212,-54.14925599841958,175.24916985163864,-148.08195997046394,22.601317821012124,84.24812425021653,-102.76806062547666,52.78959739774067,4.490608168345901,-31.63578713236876,31.826037895610284,-23.081911344506114
OSP_3_27.08.2025_20250827_232100.WAV,772.32495,1.2891619565808985,113808.61598373987,42326.517255625615,1.0243533037052331e-05,0.7230690629208587,0.0014106389,4137,-1293.3989040931563,-116.57217294150398,-45.90800658452081,157.53301448175725,-137.92892468331806,25.202204586594554,76.87505510746118,-98.8706973404187,52.29997836046231,5.612157074134926,-33.731035319711395,31.701215904441252,-19.700920043083926
OSP_3_27.08.2025_20250827_232300.WAV,710.35724,1.9459101490553132,112493.06765072524,42326.7841751631,1.0130385500502664e-05,0.7231470842534461,0.0013825039,4126,-1347.0309287323782,-128.77902467594714,-54.30212352253489,175.66230548457176,-148.33779831736805,22.504592306281165,84.47464041889472,-102.84921605066678,52.74281642675225,4.498491743777191,-31.584707901778874,31.826746445885927,-23.158916765943676
OSP_3_27.08.2025_20250827_232400.WAV,740.18835,9.457406114017602e-305,112698.52922694133,42327.37895555589,1.0790608512435651e-05,0.7231584567233423,0.0013864746,4125,-1425.7812215280783,-147.8048539682349,-69.3777039735608,204.34658404864976,-162.26705919317874,16.77289334436086,94.57621900717452,-106.60795156950283,53.82011367057893,0.5235153606217537,-27.71435718544813,33.61154357737315,-29.27289989325652
OSP_3_27.08.2025_20250827_232500.WAV,789.7396,0.5402041423888608,114092.1511532139,42327.70933789941,1.0303084391848027e-05,0.7230567234042027,0.0014118006,4124,-1326.9744087633567,-124.32467575082083,-51.18921423073663,169.0275198568616,-144.62857758499564,23.582003723355207,81.76668516972371,-101.55008051052035,52.60735399853954,5.020504249530973,-32.43655927135235,31.720545252261562,-21.845838717690654
OSP_3_27.08.2025_20250827_232600.WAV,721.93555,1.9459101490553132,112967.38819648299,42325.60229052277,1.0386412470785397e-05,0.7230313867790937,0.0013906712,4098,-1397.7302049179632,-140.9870003005275,-63.62469612058708,194.00245587375483,-157.66545038536808,19.05300469127424,91.26388329137305,-105.62360245311348,53.32021411342046,2.300756867745551,-29.136297457499527,32.70659581263016,-26.99896263415729
OSP_3_27.08.2025_20250827_232800.WAV,728.95746,1.3750264733568576,112127.14350844448,42328.31520762494,1.0388640153032167e-05,0.7231496372568922,0.0013764661,4136,-1380.4485903883042,-136.5939246296312,-60.15711030700565,187.40345558252224,-154.45938839158987,20.35702509702547,88.9602431243792,-104.76247667858217,53.05616350100816,3.2210232454382792,-30.006067209335974,32.2902770592752,-25.641969117690362
OSP_3_27.08.2025_20250827_232700.WAV,765.5351,1.9459101490553132,114064.17533593047,42327.04793486259,1.0362119368374895e-05,0.7231998463246653,0.0014104228,4115,-1382.2013137663891,-137.37593557925422,-60.84925772995317,188.55302290231356,-154.96256732372072,20.162659009731392,89.2879948672231,-104.91294541247987,53.16131530040073,3.0259858584081365,-29.8735627748549,32.39068234697543,-25.864827755351573
OSP_3_27.08.2025_20250827_233000.WAV,717.3704,1.313834033192747,112178.93177145906,42331.78743266819,1.077271696905196e-05,0.7232622401816129,0.0013785909,4126,-1367.0864623201448,-133.38408930137294,-57.62778942799512,182.5297785389384,-152.05116829126672,21.356231930978442,87.12502542548565,-104.06210881620035,52.97549247128792,3.7477906680585775,-30.640182919979118,32.0783220401303,-24.673936450086053
OSP_3_27.08.2025_20250827_232900.WAV,727.2964,1.9459101490553132,112012.7516114674,42327.90970977886,1.0390226419279597e-05,0.7231626730472154,0.0013772052,4099,-1329.229214655983,-124.48314147832346,-51.210544640681775,169.2401166162681,-144.824696697168,23.58622699210311,81.86735327732038,-101.59335521699725,52.5955565607326,4.990461258805674,-32.35766759465951,31.685754729257365,-21.89865599873738
OSP_3_27.08.2025_20250827_233100.WAV,721.1815,1.2125485295954614,111904.65518833318,42328.118477732576,1.0200916340392819e-05,0.7230871660362037,0.0013759907,4110,-1328.4312632671295,-124.2909021582371,-51.07210854835123,168.96470271792833,-144.66868460689997,23.607645715298652,81.781299039602,-101.54438428764185,52.57261329922205,5.041590728182071,-32.4138844117298,31.673147884824367,-21.822427422260688
OSP_3_27.08.2025_20250827_233200.WAV,641.4021,1.9459101490553132,110809.7042233918,42327.31428003442,1.0826046609513362e-05,0.7230889840841124,0.0013536348,4106,-1512.8052687016734,-169.7991638137707,-89.69378979521254,237.86687126485344,-175.01234583484344,8.709693737184233,103.21677188803864,-108.54089148272666,56.98477960737125,-6.465273762780496,-24.438935170672554,37.781192224660046,-35.35837513815227
OSP_3_27.08.2025_20250827_233400.WAV,653.2905,1.9459101490553132,111280.86408024517,42329.68380905717,1.0526945187160148e-05,0.7231294840024163,0.0013632188,4095,-1383.5687654748483,-137.13367313971514,-60.476186562750684,188.17045710075914,-154.92418587341572,20.268910156771945,89.23824745251117,-104.90103364151545,53.12682882721828,3.077033434754657,-29.895773353360823,32.37545703565612,-25.85026320185633
OSP_3_27.08.2025_20250827_233300.WAV,668.91296,1.9459101490553132,111184.29746710788,42328.83840195404,1.1347925060461803e-05,0.7230752907019924,0.0013592873,4124,-1497.081464811169,-165.72805483110014,-85.5756447752377,231.62093542749972,-173.03788222674976,10.322747097623337,101.95937708943833,-108.35336165196563,56.15385705311137,-5.036185680873573,-24.836188568538972,36.89185030523436,-34.44432012114286
OSP_3_27.08.2025_20250827_233600.WAV,684.31226,1.9459101490553132,111100.57321967218,42328.926923745785,1.012067953338183e-05,0.7231533507164501,0.0013590613,4102,-1359.2663777670746,-131.3486117512666,-56.08358704008075,179.47019271624308,-150.47696651205197,21.927424949912357,85.96082758984379,-103.56605597125578,52.889023256676275,4.0916641854404485,-31.07043678043252,31.956155089445975,-23.968166429479453
OSP_3_27.08.2025_20250827_233500.WAV,708.68884,0.6931471805599453,111624.000421144,42329.52378670856,1.076098448689433e-05,0.7230958307751723,0.0013675867,4123,-1419.895746951247,-146.13347318265596,-67.7664620070157,201.7724750977075,-161.3099652221044,17.43309435146125,93.82244758914536,-106.4362164106659,53.6973690298903,0.9678947277218156,-28.033579696180666,33.37533257397139,-28.765066486016952
OSP_3_27.08.2025_20250827_233700.WAV,681.9038,1.9459101490553132,111947.32107475161,42331.04016072997,1.0208934177045384e-05,0.7232688160995802,0.0013726561,4109,-1311.1022726876424,-120.33961892202157,-48.310700103991664,163.0673499414563,-141.35113141644428,24.567605946164118,79.31088640592127,-100.33756092911257,52.50517733982499,5.403056103773103,-33.161452237543074,31.673594231097095,-20.70978806893499
OSP_3_27.08.2025_20250827_233800.WAV,661.5916,1.9459101490553132,111218.90212376973,42326.611173654484,1.0124118718164189e-05,0.723037382469005,0.001360455,4105,-1499.747110084779,-166.48653720412636,-86.45397410491584,232.83101554583718,-173.31472786729373,9.922681975366201,102.19061377642436,-108.32168571137058,56.26595047960702,-5.3034130245238345,-24.75373062905715,37.05840935947859,-34.60434453742133
OSP_3_27.08.2025_20250827_233900.WAV,653.96436,1.9459101490553132,110956.33774484415,42329.213692001205,1.0167910604386143e-05,0.7231404696536085,0.0013561521,4090,-1519.6543196262567,-171.66523030574655,-91.59202420968678,240.6955058606106,-175.887354534275,8.001492912535994,103.72844499998448,-108.59521353443111,57.41629030864401,-7.2125499728000255,-24.231258349783896,38.24716758129063,-35.84009361533827
OSP_3_27.08.2025_20250827_234000.WAV,713.7332,1.7131933223434508,111527.00355797634,42327.00445429637,1.0581008393998408e-05,0.72301927935366,0.0013675491,4112,-1355.855714186012,-130.61423385197196,-55.611551558732856,178.4058908839911,-149.83771746855237,22.03909034127295,85.5595142202649,-103.3314738772422,52.787512935317054,4.243945612099185,-31.191713435476636,31.859794292881105,-23.707522636208434
OSP_3_27.08.2025_20250827_234100.WAV,681.8618,0.6917614988524178,110820.53527773512,42327.246143674674,1.0605168387488887e-05,0.723076915340549,0.0013560198,4121,-1424.6558946823175,-147.06489305379483,-68.56211634098203,203.2194738506051,-161.9341980807231,17.04611149325419,94.35146320408826,-106.57471032766837,53.6999865438944,0.8041976402159456,-27.867719084753464,33.45628818333733,-29.014905256991895
OSP_3_27.08.2025_20250827_234200.WAV,657.1831,1.9459101490553132,111081.32708481977,42326.972745161125,1.0930761994512434e-05,0.7230194727630119,0.0013601399,4101,-1407.4111148675752,-142.89270416190465,-65.07038766692094,196.8839708856309,-159.09587934293245,18.452725357503176,92.2934042575585,-105.96029165280132,53.40628547650156,1.8675874406826358,-28.7174803907124,32.90342494335247,-27.639640123927315
OSP_3_27.08.2025_20250827_234300.WAV,714.46326,1.5625845877309512,112026.27824076882,42331.263175870285,1.0084355242962734e-05,0.7231307605041393,0.001376201,4124,-1324.4845108393968,-123.36849013051646,-50.3762473831982,167.55327541540495,-143.91941892454983,23.891815366026304,81.16034981824538,-101.26587796754167,52.59963992289963,5.080900838233759,-32.57149789240078,31.68409121215529,-21.57924528455475
OSP_3_27.08.2025_20250827_234400.WAV,664.11707,1.9459101490553132,111281.5164041493,42326.2852717769,1.014468557506036e-05,0.7230770313861602,0.0013625902,4088,-1358.483142084894,-131.19887444964786,-56.011902779160955,179.2861261452127,-150.33445429583404,21.87776079057935,85.9471689786364,-103.51255626044758,52.79380579929553,4.194296930158114,-31.09831826190345,31.887419557391585,-23.88973180329661
OSP_3_27.08.2025_20250827_234600.WAV,682.25165,1.9459101490553132,111025.597702973,42326.86255180367,1.0099279885032328e-05,0.7231256931791175,0.0013598669,4106,-1448.5150111309506,-153.04823128265986,-73.74200821983614,212.32171541957632,-165.81883317712558,14.961367659166442,97.13840956361886,-107.34547303915757,54.24234105466558,-0.8291910106974282,-26.768167706624702,34.37034806490666,-30.85724860130987
OSP_3_27.08.2025_20250827_234500.WAV,745.5351,1.383363302742082,112136.46430118503,42327.27839453518,1.0356907952667571e-05,0.7230593924532599,0.0013786479,4138,-1303.5386506849431,-118.67443810093857,-47.254999724221705,160.64978848415836,-139.84258648797874,24.788100118216985,78.3047213395037,-99.69233857204908,52.3490168130167,5.563671885608289,-33.42957257899774,31.657405624767453,-20.232192763401503
OSP_3_27.08.2025_20250827_234800.WAV,718.04645,0.6517565611726531,112004.27232632885,42331.301318668804,1.0307685904012459e-05,0.7232468447971956,0.001375315,4086,-1336.7021935610198,-126.28099237251097,-52.39756546405224,171.86954639770207,-146.3719321401123,23.258419257655383,82.9126265705424,-102.18120098889277,52.748594143190076,4.74920935840224,-32.051490050325754,31.76505430348119,-22.4429117808925
OSP_3_27.08.2025_20250827_234700.WAV,650.0615,1.9459101490553132,110936.12504440412,42328.44363074533,1.0794513267610795e-05,0.7231314954596768,0.001356015,4118,-1361.5565928557041,-131.8877768616253,-56.49342117683932,180.30209368518717,-150.9018588322223,21.7364730454984,86.31097347455237,-103.67886177420051,52.84593288380962,4.04209797860788,-30.926409767408526,31.918634595717435,-24.120192749898337
OSP_3_27.08.2025_20250827_234900.WAV,641.82605,9.457406114017602e-305,110603.79408830957,42328.417010977144,1.0310977908671044e-05,0.7231584567233423,0.0013509683,4125,-1466.7924908098878,-157.70559007838105,-77.93161968376336,219.40294842792966,-168.61359722430075,13.28204256111583,99.0311568444178,-107.76459203988506,54.86176454338119,-2.3415409968250818,-25.97626898344081,35.278697197296424,-32.28910805986119
OSP_3_27.08.2025_20250827_235000.WAV,612.96106,0.6108643020548934,110881.86266122242,42325.80008037359,1.0413458925346642e-05,0.7229978882793314,0.0013560602,4097,-1410.5568987773324,-143.61710343045684,-65.6503539837394,197.97984892693174,-159.6267365639198,18.231322390200308,92.69457519181489,-106.13303523783352,53.46290306488361,1.743565286467831,-28.62691242515126,33.00597441855733,-27.852723521607135
OSP_3_27.08.2025_20250827_235100.WAV,547.4316,1.9459101490553132,110316.96072005079,42330.53047286952,1.0673550692487331e-05,0.7231626730472154,0.0013464212,4129,-1690.3918239912332,-219.12744238869402,-153.40776417742035,311.6962338172725,-187.1035243205243,-6.83940808078156,107.16212561705419,-114.08115955214316,75.9839895970404,-21.321677653376295,-25.215082585898053,45.15631263270772,-42.00630278270618
OSP_3_27.08.2025_20250827_235200.WAV,572.27246,1.9459101490553132,110385.20629159057,42329.30714292413,1.0025621058501655e-05,0.7231154424834627,0.0013469284,4098,-1694.8298997766867,-220.47572932872293,-155.73447760809,313.5946650881147,-187.06885927745626,-7.009955482455859,107.0833935216382,-114.54380181152453,76.54499208410826,-21.422154564737763,-25.187404491971993,45.09556956328462,-42.23820521898601
OSP_3_27.08.2025_20250827_235300.WAV,629.3154,1.9459101490553132,110406.74271820132,42329.64148989624,1.0671545882411271e-05,0.7231571415397489,0.0013495113,4133,-1373.9253875643392,-134.60303620341662,-58.51440525102703,184.36310070557886,-153.02239438818788,21.015689153731643,87.82525467177011,-104.33640890713836,53.013766225256,3.53310260356918,-30.396581942715052,32.17587144570259,-25.0414344355763
OSP_3_27.08.2025_20250827_235400.WAV,696.51117,0.9184277849930976,111273.5539703765,42327.282513484635,1.0316063706138074e-05,0.7231174152588529,0.0013633338,4100,-1347.2313028953263,-128.4691945189699,-54.00530918884292,175.20321301005595,-148.17194743836583,22.603793290060867,84.37054328230957,-102.82953419509084,52.70916121941289,4.601671634874142,-31.66624205304131,31.794662185199655,-23.063485640897845
OSP_3_27.08.2025_20250827_235500.WAV,651.08307,1.1305416215049149,110634.92710183759,42328.3373541862,1.0058457769305307e-05,0.723123101493801,0.0013531474,4115,-1424.255285528469,-146.88120267623094,-68.33406227607938,202.90948454899834,-161.89201679658984,17.19938676285715,94.28069368873433,-106.63537897267611,53.735752982496436,0.865813355991231,-27.94699035238281,33.463024645551066,-28.957279470129578
OSP_3_27.08.2025_20250827_235600.WAV,696.3501,1.1243159265857172,111518.88972649413,42328.855424053494,1.0294695127313504e-05,0.7232377545576527,0.0013686346,4120,-1332.4539842709066,-125.11373723724158,-51.5940742842066,170.16411337147784,-145.4116466733189,23.486938380367153,82.28013470040764,-101.85080252626625,52.6397271190698,4.963643158583977,-32.2828632340559,31.684870966048166,-22.04879504829137
OSP_3_27.08.2025_20250827_235700.WAV,656.25073,1.9459101490553132,111067.24400565818,42327.633621142384,1.0224270633127874e-05,0.7231087505198843,0.0013602597,4101,-1372.7284568635225,-134.4025424005928,-58.372171128912534,184.07923757135887,-152.88167334262621,21.04803244084719,87.7898319809199,-104.36160641581257,52.99029301108133,3.6681198571032874,-30.52891022581549,32.16701738526735,-24.9227763149251
OSP_3_27.08.2025_20250827_235800.WAV,617.08673,1.9459101490553132,110473.20649052151,42328.76552423287,1.0869775381524745e-05,0.7230971072768954,0.0013483479,4130,-1559.964864513676,-182.43014693497588,-103.18089429949222,257.1329578934897,-180.38184406755033,3.82565908280646,106.24928164878494,-109.00854143288828,60.2866318641127,-11.122155150643136,-23.66719514039047,40.566951048098105,-37.74221828162804
OSP_3_27.08.2025_20250828_000000.WAV,643.6801,1.9459101490553132,110729.34428087996,42331.04684456069,1.1456621136670181e-05,0.7233139578423314,0.0013531251,4097,-1482.4182711970582,-161.7630331686842,-81.69201424447097,225.5693869357088,-170.94650957673218,11.828672143276775,100.5545453436667,-108.0777138247781,55.474167098021624,-3.7118572991554006,-25.312311645941968,36.053217042819064,-33.453825404022545
OSP_3_27.08.2025_20250827_235900.WAV,619.2433,1.9459101490553132,110388.79018000422,42331.124863600046,1.0641472190402935e-05,0.7231512618954488,0.0013475576,4092,-1539.1443235855074,-176.71285384734756,-96.81969131402,248.3683863762006,-178.16595337507079,6.1099748732161405,104.98964435525025,-108.79998760302672,58.706688712325004,-9.091424207574132,-23.860298731300187,39.347669374836336,-36.83646718331194
OSP_3_27.08.2025_20250828_000200.WAV,663.3654,1.9459101490553132,110959.87250957046,42327.83476775906,1.0838475282170654e-05,0.7230524297165888,0.0013587185,4111,-1411.0550503893123,-143.6678482252439,-65.69883860692028,198.05689537626836,-159.66140036546284,18.2200028000436,92.71526672503023,-106.14841222843654,53.49372417437105,1.7017449475977762,-28.624976123150784,33.06483991176819,-27.91766466955397
OSP_3_27.08.2025_20250828_000100.WAV,631.20135,1.9459101490553132,110514.40162063572,42328.46366514681,1.026715109500497e-05,0.7230544024919789,0.0013505397,4105,-1521.4255351089698,-171.95496480870642,-91.83070307334722,241.14242355250258,-176.07046724095036,7.87543011344601,103.86057828897732,-108.60855393255085,57.43663610057603,-7.280291779927961,-24.197784235904688,38.26922389485722,-35.88557654242676
OSP_3_27.08.2025_20250828_000400.WAV,690.7305,1.9459101490553132,111130.86499774594,42327.33755519156,1.0376647428415853e-05,0.7230077134744118,0.0013615529,4088,-1364.731666977655,-132.60157167918638,-57.087095958016626,181.39427153437896,-151.41390363484598,21.494049668810515,86.7265015648625,-103.84326027506228,52.87498511656315,3.926923299414709,-30.814516715224475,32.01166955610756,-24.360779331501767
OSP_3_27.08.2025_20250828_000300.WAV,676.7383,1.0768186672148103,111126.62569025178,42328.19783309917,1.0184036376531938e-05,0.7230135931187118,0.0013611008,4108,-1423.7586031054082,-146.91657488645026,-68.39359399241609,202.9600234210649,-161.87860073023455,17.17953299603385,94.2568211497211,-106.60251377495948,53.748077708774794,0.8165396168388036,-27.917919772772294,33.48107603826047,-28.98672370499169
OSP_3_27.08.2025_20250828_000500.WAV,694.10895,1.9459101490553132,111337.561060074,42328.55828549571,9.981129453418035e-06,0.7230967204581914,0.0013647281,4099,-1413.4691659113503,-144.37506513526745,-66.29072732353771,199.13365213841172,-160.1453360106608,17.985548100094302,93.05557937241612,-106.23662041411609,53.52932295822933,1.5099704690811386,-28.43915041282666,33.1212525916127,-28.15861849517977
OSP_3_27.08.2025_20250828_000600.WAV,646.53265,0.4769182703436179,110872.98441804048,42329.051925541244,1.0397906540622752e-05,0.723167430917274,0.0013550676,4108,-1470.7817203948168,-158.81106439213437,-78.94521637974725,221.08309789903655,-169.27264522558553,12.890240988601438,99.47908144531205,-107.8485195490941,54.96157912427812,-2.678089836545699,-25.731241664290213,35.405609039098465,-32.60871129877556
OSP_3_27.08.2025_20250828_000700.WAV,674.5027,0.6554817739013927,110921.34780024519,42329.42481123735,1.0221757709321192e-05,0.7230814024375148,0.0013569953,4098,-1347.8432047032607,-128.5940106368315,-54.05572249806453,175.35585758787767,-148.29282219832854,22.645726850630034,84.37663443278653,-102.87290659159655,52.793822862555984,4.517544595743279,-31.64548985264239,31.843594656833268,-23.122813562198544
OSP_3_27.08.2025_20250828_000800.WAV,685.686,1.3334444881791865,111717.26120287873,42330.20247742959,1.0481759095518862e-05,0.7231628664565674,0.0013723164,4126,-1345.3935313722254,-128.11069968388787,-53.71485459068649,174.61909620445937,-147.87996880900897,22.779387465643673,84.05200928045944,-102.70674157600902,52.76725243756672,4.55998897418412,-31.691888525798525,31.780226201548373,-22.963273537236407
OSP_3_27.08.2025_20250828_000900.WAV,670.8798,1.9459101490553132,152632.06055373096,42327.04369476457,1.0033497794281292e-05,0.7234051310108532,0.0019271695,4108,-1164.5887261153237,-93.1148085965224,-32.7954489522418,123.66615369429374,-114.49453200853762,27.144338700755878,60.54897378719875,-86.77040849739296,50.21987778246052,4.618967905664258,-35.185488570214545,32.62983892429159,-15.462651085379656
OSP_3_27.08.2025_20250828_001000.WAV,642.55945,1.9459101490553132,208362.08958932932,42318.14362715996,3.0334616128521674e-05,0.7232998389596371,0.002684697,4081,-1146.2738781891435,-94.34900461534849,-34.63494870584448,125.74697405308281,-114.53374539870049,26.088275491389457,60.82988511386704,-86.20139682159827,50.037060639853394,3.9496815818542808,-34.53246734005678,32.79634768251545,-16.09389666245564
OSP_3_27.08.2025_20250828_001100.WAV,681.68713,1.9459101490553132,137491.2226139054,42327.28187601391,0.0030269375337106173,0.7227089635558689,0.0028194713,2562,-1202.2688988811653,-104.58560457732187,-41.77938056809378,140.8043422085025,-123.16505080853047,24.136957538364253,66.98388566499978,-89.80706833695346,50.49480140868599,3.5378805378482623,-32.886522646346044,31.914768677078424,-18.009982313737783
