filename,ACI,ADI,Bio_Energy,Spectral_Centroid_Mean,Spectral_Flatness_Mean,ZCR_Mean,RMS_Mean,Event_Count,MFCC_1,MFCC_2,MFCC_3,MFCC_4,MFCC_5,MFCC_6,MFCC_7,MFCC_8,MFCC_9,MFCC_10,MFCC_11,MFCC_12,MFCC_13
OSP_1_26_08_24_20240826_203500.WAV,638.0958,1.1741699453318533,487865.30020028225,5180.750692665629,0.06633906142619576,0.4058682462304542,0.016483568,4118,-649.7100467239902,64.09472170270189,-79.3879729313891,18.11199392315032,-55.31081981864218,-23.78295265737195,-22.624726620553503,-33.462630402256735,-8.436269236632263,-24.41913011220854,-8.709952498622929,-13.148039897515908,-9.77141780751263
OSP_1_26_08_24_20240826_203400.WAV,639.0773,1.1200409878669306,371024.7536170656,5134.725766278288,0.06871922173257872,0.3967576016264892,0.012170989,4110,-680.629434724791,71.96707520858138,-88.28498751798944,22.981121019133983,-61.30952946276018,-21.5031707179958,-28.220470728312055,-38.60663516633693,-11.053175515586068,-30.794823366930455,-10.325674155120106,-16.87689705263373,-11.519149103344283
OSP_1_26_08_24_20240826_203700.WAV,736.19775,1.281197877112896,485290.98779222835,4432.6592885062755,0.04667709000328745,0.3089905921328183,0.018207224,4143,-614.6644851581227,97.26241352409818,-59.177632332210905,22.702092887531062,-56.756564319738835,-31.54295362080713,-29.88880078847028,-41.72348942395532,-16.394156613378456,-30.795674849427918,-15.78035466471233,-18.411272575997938,-13.61382492525517
OSP_1_26_08_24_20240826_203600.WAV,608.4979,1.07273081971245,195269.4909964501,5268.550539332557,0.06827894442490974,0.4135867620881422,0.0058671245,4090,-694.952247142427,76.54792960755111,-114.85655745452837,28.60262675598472,-79.60125970830242,-21.591936921389642,-32.12555628856003,-41.323394298480856,-11.527508079803082,-36.207064888492106,-9.665478750075604,-21.64160589800263,-9.807165973051028
OSP_1_26_08_24_20240826_203900.WAV,623.93866,1.2609874818690137e-304,105521.7037465044,5117.174862782601,0.06916971038329302,0.39339889560452346,0.0027063612,4131,-764.2638584445313,105.20806775686421,-150.34481674153375,43.84309492110316,-111.55436060645663,-17.986236256977005,-57.04579263425241,-48.6272830235777,-21.708286068700193,-49.9676333007397,-11.414813352175434,-34.00781160633307,-10.372462401751823
OSP_1_26_08_24_20240826_203800.WAV,563.4363,1.2609874818690137e-304,119756.88342147727,4822.895893704085,0.06075238499216097,0.3546203476940618,0.0033087968,4121,-750.0618201051225,123.67329110655069,-143.51349875444163,48.00377236141249,-114.27886413229871,-20.034383128993106,-59.377600159778645,-49.255236589849254,-22.817788884397334,-51.41624334214267,-13.511657319445357,-36.30737153077447,-10.738824573370279
OSP_1_26_08_24_20240826_204000.WAV,540.1547,1.2609874818690137e-304,99019.78196605848,5230.7904682288145,0.07209988765692628,0.40745997766195086,0.0024043354,4108,-812.6028857153335,129.2522286327184,-210.16154140313412,67.8342929303813,-159.08590482421195,-0.6629511200183974,-92.82569513356417,-43.242330981066786,-46.156772618659026,-55.28427217997928,-25.718620665948944,-46.93105467441538,-17.774313926746213
OSP_1_26_08_24_20240826_204100.WAV,543.4879,1.2609874818690137e-304,98204.64588967968,5257.79843245574,0.07266084857287057,0.4115049315315525,0.0023758758,4092,-811.288958692838,125.73089334476451,-207.92806002365015,65.73300094960615,-155.81688335046323,-1.5293992071421476,-90.29746244197425,-43.83159363080739,-44.23317111425526,-55.47802977831553,-24.529292745891546,-46.886696393374365,-17.16543683173011
OSP_1_26_08_24_20240826_204300.WAV,541.35223,1.2609874818690137e-304,97082.7071395265,5287.712928397162,0.07323585685394315,0.41505178762565154,0.0023408267,4116,-812.4593564995353,123.49234874561084,-208.24190829234175,65.12434944745107,-154.6143921882426,-1.0505644079831875,-88.77185367206181,-43.772075130897925,-44.426736744455596,-55.90002011530463,-24.47400518863569,-47.212252494233866,-17.517811246914523
OSP_1_26_08_24_20240826_204200.WAV,533.7305,1.2609874818690137e-304,96922.61075671788,5291.110726917086,0.07390182552285833,0.41510068846565523,0.0023278778,4104,-815.3614006634594,125.60277460510851,-212.24350350068656,67.17795724898033,-158.35500083867288,0.13514250578003803,-91.87026424198817,-43.042772397468795,-46.26360782353741,-55.219853923693165,-25.655101193745843,-47.638254148175925,-18.262607287332493
OSP_1_26_08_24_20240826_204500.WAV,568.18384,0.780617946307607,101429.84513624098,5263.048634649988,0.0696128584171241,0.4137169219448064,0.0026099845,4128,-796.6798427224684,114.49343944887734,-191.51432904762294,53.42677972180668,-140.90882983119087,-7.3136068376685515,-73.86088028759193,-43.97262912198308,-33.19409581588137,-55.282474901188216,-20.096948921289314,-45.78145023325361,-15.830974340551606
OSP_1_26_08_24_20240826_204400.WAV,539.9133,0.6917614988524178,98294.71666286621,5291.369855490713,0.07195501316937801,0.4167271413114296,0.0024162128,4115,-815.0445589372897,125.23276393943341,-214.1382561672134,65.39676725957312,-159.90975187791068,0.5612937161697517,-91.03774633920301,-42.06239944103788,-46.1630350338175,-55.85694916260232,-27.196157808971723,-48.77555090831314,-19.068330313268614
OSP_1_26_08_24_20240826_204600.WAV,578.35223,0.6802510334103955,105802.15961912,5213.610061160663,0.06533625777056702,0.4060869366041511,0.0028770827,4129,-806.5632916263512,126.28495692856723,-210.41426718620104,59.08675007833701,-159.6169998319875,-2.142826125071925,-84.81521620023533,-38.46807180831852,-40.423265794073686,-56.263130905858574,-28.066549024584162,-51.55379120976171,-20.212250053920336
OSP_1_26_08_24_20240826_204700.WAV,539.5272,0.18182028230491803,105409.29463934273,5200.8745613537785,0.06282068260430856,0.4012119409670514,0.0029320123,4112,-808.6761842245058,127.04899243488565,-212.28129487275402,59.065808412204156,-161.90173542038576,-1.651922467838901,-85.2720076290877,-36.95868946749751,-41.178600584622664,-57.093770153603394,-30.030290722157616,-52.6464187946474,-20.483177177296696
OSP_1_26_08_24_20240826_204800.WAV,535.0438,1.2609874818690137e-304,97565.27674671424,5291.69124250886,0.07143656691022095,0.41519085507027176,0.0023790437,4101,-812.1975482758936,122.40630027749114,-208.8917994747569,62.76173441577984,-155.57954433929024,-1.4566168937636919,-87.14380798077397,-42.10688095988935,-42.49300300491804,-55.849786744651,-25.53451989775148,-49.26945801871996,-18.65092735000966
OSP_1_26_08_24_20240826_204900.WAV,530.49945,1.2609874818690137e-304,96805.5614843062,5309.518209117596,0.07197449504956163,0.4174570181612993,0.002348662,4117,-811.1515345270733,119.82005716748515,-206.56646628399957,61.84777680051767,-152.8074677123286,-1.9394235105630682,-85.24969690311526,-42.86101313163734,-41.387434256095084,-56.35228319129058,-25.086623229678455,-48.550603802094365,-18.055049555842185
OSP_1_26_08_24_20240826_205100.WAV,564.65857,0.683076351289422,97171.50902008399,5313.554660142103,0.07280209071870311,0.41830814727987714,0.0023825523,4110,-806.8951204128931,117.20089099126061,-200.66657674675304,60.458078412298576,-146.90656438718685,-3.3484928048035068,-81.52687712164168,-43.89394781025538,-38.76593870966206,-55.690719400666445,-22.401735693424747,-47.331800416898474,-16.83375607859836
OSP_1_26_08_24_20240826_205000.WAV,531.5017,1.2609874818690137e-304,96018.96139447567,5321.528081117395,0.07372045573506548,0.4196101094215376,0.0023020594,4104,-812.8220852462787,120.53665529073753,-207.6718784730269,64.27128001370579,-152.91746272659927,-1.0956306002369292,-87.22804600376257,-43.72789254237899,-43.37822181224887,-56.01181634484897,-24.350201249078022,-47.931983171111156,-17.74386703931703
OSP_1_26_08_24_20240826_205200.WAV,528.1245,0.22371807606583377,95728.9001426436,5329.465796071258,0.07328543953315594,0.4199560510517498,0.0022945832,4091,-817.8736003035766,122.83435351818511,-214.37125962856936,65.96368889569429,-158.861659431307,1.0611113396438674,-91.24126424568402,-42.24579891073035,-46.32489250312856,-56.62069379259595,-27.16068437093139,-48.89495634939327,-19.41851443090471
OSP_1_26_08_24_20240826_205300.WAV,531.51697,0.8975010785945179,95639.64389594893,5327.6151141771725,0.07375319881921061,0.42026781663021223,0.0022933648,4121,-824.7547513696306,127.93722554267329,-223.28903267779955,70.69069619578639,-166.61841640398822,4.4106808188492375,-98.47560451109378,-40.534713872811565,-51.94917038809295,-55.62280492264357,-30.908196033050263,-49.90315294309417,-21.85269166136982
OSP_1_26_08_24_20240826_205400.WAV,582.4031,1.3438286825120942,96560.332883161,5328.373441567684,0.07358100208715987,0.4199267832627513,0.0023353745,4119,-803.2000195004156,113.05922862324478,-195.1066835013651,57.622142277858764,-141.42236207015944,-4.850165127777563,-77.59077195967738,-45.01851918868583,-36.22798752763034,-55.9921617025964,-20.638704948211544,-45.44245482398491,-15.852963760145002
OSP_1_26_08_24_20240826_205500.WAV,515.84894,1.1833319251794754,95181.6045299748,5340.5311986578,0.07367343280498048,0.4217004839910648,0.0022646256,4115,-845.4089143777766,141.20574552741346,-251.66461407794273,83.14920849397605,-192.75122029325163,14.577125920758425,-120.66374835803124,-33.069189602124304,-70.72447613437454,-52.215878598983835,-45.660206122776366,-50.04268689491504,-32.453213512667226
OSP_1_26_08_24_20240826_205600.WAV,530.1149,1.2609874818690137e-304,95098.72932854007,5337.402688153273,0.07433951233475325,0.421527422282204,0.0022704322,4114,-816.3806586912619,121.12791781658166,-211.2386835219044,65.2239578170698,-155.38180208439115,0.41622834782281587,-89.30979374007002,-42.971606456058275,-45.030681354385976,-55.89412590857316,-25.563486273378263,-48.046284851144975,-18.344641849315565
OSP_1_26_08_24_20240826_205700.WAV,588.47046,1.6241484903832653,96561.96356513212,5335.612865243125,0.07322611610561591,0.4209075268754654,0.0023334634,4116,-809.583416748001,116.71710616974433,-203.3950203530706,60.93244177079881,-148.7152222937728,-2.5078805725513007,-82.9055526650502,-43.55210807857261,-39.840166204602056,-56.208863411354805,-23.073259965653275,-47.75837536393546,-17.484362510490783
OSP_1_26_08_24_20240826_205800.WAV,604.9831,1.5815848262220278,98655.10515367686,5321.799920449796,0.07246272250278785,0.41951648885424425,0.0024289896,4102,-809.2508311580318,118.86320611850255,-205.781088463624,61.55145193216057,-151.13365636171815,-2.4890767231514648,-83.93660861223152,-42.91280706769239,-40.49204814105083,-56.38673272360361,-24.02871823315816,-48.05012402588505,-17.86295532045229
OSP_1_26_08_24_20240826_205900.WAV,522.38385,0.9760247364564343,95390.59910757806,5331.6772250268305,0.07326798244244032,0.42052195556822414,0.002278107,4097,-840.0708063479576,137.94004357251015,-244.2062491708309,79.48284447145336,-185.95605805048714,11.723328421021353,-114.75544313987629,-35.36897429906427,-65.31999013261304,-53.519241543159374,-41.33502399580094,-50.62594330091342,-29.25452321827503
OSP_1_26_08_24_20240826_210000.WAV,526.6809,0.2326228068610637,97485.32997907384,5309.261695496827,0.07051399361484764,0.417637714945551,0.0024163537,4120,-812.5721354427103,120.48868108181034,-209.51987109872897,61.40090840665478,-154.8161094810313,-0.951593952250375,-85.69760667590353,-41.751811721285385,-42.09170896268702,-56.65415777827123,-25.987045392708865,-49.635566788802336,-18.79047169879438
OSP_1_26_08_24_20240826_210100.WAV,522.0337,0.43392281671380456,97284.44407420274,5305.398088572557,0.0708900677946913,0.4168294876791698,0.002401293,4107,-815.627649964057,122.59638524812961,-212.75788217865548,63.055451397587476,-158.01520828804888,-0.047019055895509004,-88.43474024149899,-40.92351898877294,-43.94478471686042,-56.47593869357582,-27.669611514339454,-50.097424082687404,-19.860058145443585
OSP_1_26_08_24_20240826_210300.WAV,516.53723,1.4497715197709011,96270.47452500337,5323.641170141376,0.07134688011789125,0.41860082516986225,0.0023388884,4113,-833.9220046919073,133.7883523306466,-237.05047957587763,74.07766949295139,-179.67802883996333,8.377817939940183,-107.25743444359297,-36.0758094762101,-58.83331539493456,-54.6449243449392,-38.07156145029091,-51.920034842143465,-27.209208384301736
OSP_1_26_08_24_20240826_210200.WAV,530.83215,0.19173920152620796,98532.86519618568,5298.388866147465,0.06955567012866247,0.41665824384540207,0.0025055853,4131,-810.1874502251942,119.01402249172212,-206.52099019267237,59.422301747331886,-152.88224910561755,-2.3776627406583426,-82.97579549069054,-41.65408356750526,-40.428054064613235,-56.65936715810912,-25.272475356666277,-49.234941380364646,-18.49802206081954
OSP_1_26_08_24_20240826_210400.WAV,525.2593,0.9876542462240766,95718.31564255238,5327.756122464192,0.07307136594876502,0.4196248342097915,0.0023027016,4105,-818.0463095808985,123.10646901318617,-214.27527100368775,65.8423506837058,-158.8476154825206,1.3266299520592348,-90.63445402346402,-41.57326320888078,-45.588059126397575,-56.355189489665136,-27.858498408683925,-49.57619087105761,-19.645830921245093
OSP_1_26_08_24_20240826_210500.WAV,543.8,0.8918673953172509,97291.14891522547,5311.688887360472,0.07131061334112844,0.4173394016427774,0.002386633,4110,-814.3245177710264,121.84850793688089,-211.59229702753055,62.87932880899978,-156.6828139852857,-0.38521194882648013,-87.55764326792098,-41.08846307564839,-43.28923282291532,-56.47146236684748,-26.773139501382254,-50.09838702814548,-19.506410966984145
OSP_1_26_08_24_20240826_210600.WAV,527.35034,0.5988133148700778,96708.16998326952,5311.758041330179,0.07156162375006853,0.41770224951135515,0.0023545178,4111,-832.5752067532919,134.4744252664728,-235.39017219776628,74.37440973517002,-178.99038043307334,8.499882658459367,-106.54960540635845,-35.76414846232182,-58.26472917213383,-54.860616199464836,-37.44232852968616,-51.53238901732793,-26.696106361725526
OSP_1_26_08_24_20240826_210700.WAV,677.86633,2.0226934483991825,99347.30736419522,5311.969001444582,0.07122436813246558,0.41822561575065154,0.0025152788,4129,-786.0151637136785,102.01193864747043,-173.52088342764876,46.234285148538625,-123.72232932976571,-11.199745741458516,-61.6845568483393,-44.76203546892544,-25.415796236426488,-53.53274376865482,-16.01803163781069,-41.425682742092,-13.602064109791298
OSP_1_26_08_24_20240826_210800.WAV,525.8881,0.25079394578996494,96871.31904897325,5308.127586366954,0.07138192440999659,0.41742629607222637,0.0023623046,4112,-830.437523672441,133.44185020700934,-232.95423298908847,73.06090624549621,-176.247630078038,7.100106091709512,-104.09850299003227,-36.36887385621377,-56.48995287393985,-55.209615957836114,-36.42462702117563,-51.34536257602932,-25.533182780242722
OSP_1_26_08_24_20240826_210900.WAV,536.26587,0.457401674483327,98746.72876420218,5296.451707568162,0.0696033555798764,0.41630703037741995,0.0024934167,4129,-811.3651275218725,120.66123230468435,-208.70845035347108,60.50666458461642,-154.93558861367828,-1.6142218486739401,-84.73053801948066,-40.886530086715155,-41.4037346201797,-56.48031289375863,-26.05356187776794,-50.022390624064194,-19.003020800699648
OSP_1_26_08_24_20240826_211000.WAV,519.31433,2.043704523482927,97455.93872284565,5321.465226790235,0.07106149174565311,0.418551015392312,0.002389965,4101,-817.9423112301137,123.14828376906534,-216.08266914370586,64.30399041875796,-160.70234893950615,0.7692967032388544,-90.1653920187994,-40.519125774136185,-45.54492366553131,-56.547781244857,-28.48730270356918,-50.759662125615385,-20.757419366720324
OSP_1_26_08_24_20240826_211100.WAV,577.9055,0.5009960573658514,99333.61341255797,5299.648328440336,0.06892228793338388,0.4168832967819248,0.002537579,4119,-808.0619355226282,117.84814894209988,-204.972738924294,57.788944134012375,-151.53283193567034,-3.2630414136262975,-81.27779289660421,-40.834240765777615,-38.271867207350915,-56.47887956736849,-24.9998089067768,-49.76787819402597,-18.4308218099275
OSP_1_26_08_24_20240826_211200.WAV,520.74146,1.2609874818690137e-304,96552.41149063331,5320.418358684937,0.07176590740926962,0.41947285985201044,0.0023677875,4117,-818.9556247962448,123.72313913974148,-216.48417909070187,65.21151035849947,-161.13606158681858,1.2324155209420244,-91.25790468711924,-40.919550092315966,-46.44682060786296,-56.36128281532437,-28.38088514570033,-50.336140165982584,-20.54291815445541
OSP_1_26_08_24_20240826_211300.WAV,525.0447,1.2609874818690137e-304,94597.17542347717,5348.631188255231,0.07392971617800624,0.42232292442293373,0.0022508765,4089,-832.8760576611777,131.03143129366612,-233.07659301255245,74.45259205558135,-174.86228367598852,7.571919130669094,-105.16774287249858,-38.5134269646557,-57.764547797497855,-55.15919885492573,-35.38649837439772,-50.463143964870504,-25.038069504764188
OSP_1_26_08_24_20240826_211400.WAV,518.22906,1.6502254065933069,97069.8391764534,5312.5081285657525,0.07086336727776833,0.4179572973869136,0.0023886862,4116,-829.6928536839099,131.92972096346705,-232.29842699272558,71.36743518424518,-175.51583060495759,6.405658787058305,-102.75876578920725,-36.70211610252351,-54.96074589238881,-55.358645120828044,-36.10765028214491,-52.22719606718767,-25.611524702710142
OSP_1_26_08_24_20240826_211500.WAV,526.8071,0.14299930189137133,98384.38370896336,5292.532906397984,0.06884992499879064,0.4152610250488645,0.0025055592,4102,-815.2906129860778,122.80122718791253,-213.00714952957543,62.11831072912791,-158.81047153991207,-0.09227222316625165,-87.6421306321617,-39.709207115080446,-43.16156243736022,-56.59270176503603,-28.43586383195487,-51.2533256889827,-20.291204850395122
OSP_1_26_08_24_20240826_211600.WAV,520.9371,0.3197315013660229,104820.1820072888,5248.010098958436,0.06554356401894457,0.4131750133795607,0.0030587222,4123,-802.1064559963264,116.86320678607105,-200.21034177421708,53.188004239611075,-148.4412730963472,-4.647037894006891,-76.15396779308632,-40.09947815920499,-34.711323973939656,-56.566521310025074,-24.105593769494117,-49.42789787125948,-18.185753242277368
OSP_1_26_08_24_20240826_211700.WAV,524.7855,0.19226555410989724,104268.47011781552,5252.470102178173,0.06583988908597739,0.4142871893615041,0.0029678536,4115,-809.5964151902581,121.94619745784998,-210.56447884565796,56.507520179944116,-157.01050541795655,-1.5765703108639004,-82.37315063807443,-38.86639672598664,-40.24421672386882,-57.05164806772261,-27.215581982281048,-50.97079268033695,-19.938413025688302
OSP_1_26_08_24_20240826_211800.WAV,524.42224,0.05038790215138426,105075.23365783514,5239.951463902546,0.06534758820373539,0.41235224311243485,0.0030629393,4117,-808.6314367289842,121.51360087473064,-208.67710187453696,56.30294546874166,-156.64971760660043,-2.6077837446762326,-82.24919637630711,-38.7443709160603,-38.89826800494394,-56.31049866945527,-26.733219725269258,-51.554274024515955,-20.493441267500398
OSP_1_26_08_24_20240826_211900.WAV,520.3773,1.5505980208302708,98792.5553844191,5293.300526360159,0.06901838274315428,0.41665969814547654,0.002490951,4091,-830.5147830668238,133.67309102575817,-235.0991798934667,70.58191289396015,-178.84749943731737,7.330581836166847,-103.57050322743702,-35.453146853783174,-56.32623645464536,-55.06005200740893,-37.39835717151219,-52.48030887432948,-26.5581043757708
OSP_1_26_08_24_20240826_212000.WAV,516.4318,2.150359061647199,98939.91271364813,5289.8388546876895,0.06909844724422161,0.41556224695178706,0.0024897605,4152,-829.8741087732454,133.77604903709394,-234.9343587869931,70.39711061871147,-179.408400883161,6.487643984563563,-103.89975014875203,-34.99436350269702,-55.5055874748737,-54.59467087142439,-37.29053872999587,-53.11369247789169,-27.47122642221734
OSP_1_26_08_24_20240826_212100.WAV,530.4965,2.1972245773362196,98442.19705871982,5294.009216163532,0.06943394398480975,0.41630412177727105,0.0024598285,4135,-819.0314250114889,125.82044808440503,-219.17121100051259,63.75051660705439,-164.79492651870075,1.7116215527122227,-91.43040915528897,-38.658660436975865,-46.18149367789436,-56.01270077169724,-30.346411541170365,-51.663456607464035,-22.0415988283629
OSP_1_26_08_24_20240826_212200.WAV,532.6122,0.6016797549132552,98487.53393665698,5298.036367752513,0.07002958012591441,0.4173839395825577,0.002475015,4113,-815.2070655136763,122.91756419951541,-213.81965227235844,61.749007366659946,-159.17334711937468,0.19175564165793818,-87.41620982230492,-39.94009957577881,-43.62793386630868,-56.13355157700908,-27.87707748029316,-50.739008741330245,-20.409675394704102
OSP_1_26_08_24_20240826_212300.WAV,527.2698,0.05869944264268937,100476.59235128917,5271.623300611521,0.0672131716334065,0.41505742303844007,0.002632145,4120,-819.8095694384917,127.63832631941311,-221.33287585612456,64.07858690782119,-167.16878127907808,1.991788091468395,-92.62524555749292,-37.085273739602826,-46.5861085854446,-56.436782856421495,-31.79901688781222,-52.9039151421282,-22.906856402669863
OSP_1_26_08_24_20240826_212400.WAV,525.1653,0.9178966443357806,96930.5532128085,5323.700344041209,0.07151203792805286,0.41996404970215934,0.0024287307,4106,-821.607370698803,124.89806771321591,-219.90368635361216,66.6833380110942,-163.63838535652053,2.4164141597829634,-93.79584055950312,-40.237643250717056,-48.05658836555114,-56.26986045076886,-30.036509331854354,-50.47971569334431,-21.63052596181229
OSP_1_26_08_24_20240826_212500.WAV,525.9664,0.8096954052294306,98768.13024307908,5301.6668036692445,0.06908218687939938,0.4172368734875279,0.0025683118,4103,-819.8465937298233,125.29240945798632,-219.73116628929333,64.8127456819204,-163.86660110511798,2.1419012060872222,-91.95750624309966,-38.85336158640921,-46.87712552564646,-56.41306044559268,-30.47096211857391,-51.6036277100945,-21.673575347431566
OSP_1_26_08_24_20240826_212600.WAV,537.025,0.39267446722755217,95971.68892964508,5326.862776463365,0.07180729205930991,0.4196030197086746,0.0023499338,4111,-820.1837672079821,123.44978079369707,-217.0180898486535,65.69929044322828,-160.86084363183826,1.8225696780516811,-91.93149417726582,-40.9760229360603,-47.006539362682105,-56.801269938926424,-28.81673514351929,-50.312579060051874,-20.566025465844916
OSP_1_26_08_24_20240826_212700.WAV,609.7584,2.016713761377382,95318.940306279,5361.098649947426,0.07434304000343821,0.4241669769173492,0.0022907695,4122,-799.3965342637545,106.90536698602298,-187.63544395869545,54.25245009049718,-133.85849761645326,-6.593609842164002,-71.73812382595266,-45.74832963329161,-32.66868511438469,-55.17006120495651,-17.99499502311192,-43.83503165799509,-14.652243361946164
OSP_1_26_08_24_20240826_212800.WAV,516.0603,1.4590023510415504,94332.263084332,5359.007895999329,0.07421782810688773,0.42364342889054357,0.0022397584,4096,-853.3031205635297,144.98688888001934,-261.1361913078523,87.86120135016739,-200.73145103039613,19.23045454571462,-128.54494116029457,-30.28673539237734,-77.70830500758717,-50.44956069103937,-51.30731850596568,-48.84743188866364,-36.89239521851272
OSP_1_26_08_24_20240826_212900.WAV,517.0221,1.6349337908448462,93950.89346968813,5361.717940538685,0.07425584147549642,0.4245729084256329,0.0022305327,4093,-845.1388234744663,138.2570414974219,-248.6931302949769,82.16572088079907,-188.63911104919373,13.695811418476607,-118.40014136412849,-34.714924287402376,-68.46270128638892,-53.14767390308014,-43.17397765784187,-49.741692588967744,-31.201383485148877
OSP_1_26_08_24_20240826_213000.WAV,523.84766,1.2609874818690137e-304,94035.4319548686,5355.8118588669595,0.07424649642771107,0.42373977627047654,0.00223407,4138,-836.5364127107093,132.5781690994016,-237.05808056111658,76.12544412721515,-177.8200799872828,9.279409738755668,-108.31166268586745,-37.60091832119068,-60.43592247680647,-55.04923350248793,-37.2071834141834,-50.50500393918873,-26.398357274025155
OSP_1_26_08_24_20240826_213100.WAV,513.03436,2.1931080761492243,94078.47982805506,5359.273599804911,0.07426391698510526,0.4240886265008377,0.0022331798,4115,-847.3614492035622,140.1601716192929,-252.3564059335199,83.47972641032622,-191.97585495608953,15.08063517442485,-120.90410007057696,-33.28350803708464,-71.10591022239441,-52.549815911289734,-45.546714053145905,-50.0302754178856,-32.5574452766026
OSP_1_26_08_24_20240826_213200.WAV,514.2322,2.1915493743757604,94175.34260597345,5358.862702936468,0.07412646429108374,0.424229511820551,0.0022357753,4086,-857.3722341383308,147.63823115512093,-266.33363010960875,90.34956548845672,-205.64035033331996,21.050676990574885,-132.86167097684526,-28.52670780133613,-81.31331566126195,-49.072830648009734,-54.55210383591155,-48.363147807499146,-39.96683268856609
OSP_1_26_08_24_20240826_213300.WAV,523.3498,1.2609874818690137e-304,94364.75571505888,5359.289914581204,0.07422911588060505,0.42390647541651155,0.0022508893,4099,-822.0495235797608,122.46604067047984,-217.82840215055808,67.21225964281858,-160.62431018201724,2.571046659273275,-93.04040000668073,-41.89248573105751,-48.20930613007926,-56.52985201181241,-28.358621357627847,-49.42237217273628,-20.224188051286685
OSP_1_26_08_24_20240826_213400.WAV,513.4085,2.185318655401121,93974.88526658222,5359.848122079515,0.07421032394061254,0.42388447912788535,0.002230953,4083,-851.5615066457557,142.98032065269186,-257.9235653586009,86.04038204089609,-197.34997849446643,17.34222912549134,-125.51420419004042,-31.591109689638404,-75.20924609701399,-51.40716295748083,-48.92023811182994,-49.43237688528751,-35.22241300715108
OSP_1_26_08_24_20240826_213500.WAV,512.77515,2.176950820304157,93767.37808118066,5364.434970960771,0.07437246431869668,0.42523352423445643,0.0022250677,4127,-852.4974746155572,143.16476275898683,-258.58708132655886,86.77181225362735,-198.00644758653337,17.836827808872492,-126.41191136015593,-31.411997070811214,-75.86070627176845,-50.78970210918354,-49.58372566838628,-49.21315910540754,-35.663618923074885
OSP_1_26_08_24_20240826_213600.WAV,512.7385,2.153912436253568,93796.26225878688,5363.039281530181,0.07438589577068672,0.42462962612853683,0.0022254465,4070,-854.7288926228271,144.93030887875773,-261.82412402822445,88.11613036221148,-201.18348627148166,19.360211800162734,-129.30049190675592,-30.337674754026743,-78.31353560308214,-50.44026153417193,-51.3858913385508,-48.80633189685679,-37.150216248704766
OSP_1_26_08_24_20240826_213700.WAV,513.04834,2.1304065285015183,94110.30663887764,5358.571905880398,0.07416048221217567,0.424257870672003,0.002234001,4111,-856.7149655272115,147.08544015833075,-265.396197898694,89.44933769609193,-204.64769145911987,20.80823687697664,-131.5836450108312,-28.888466326093734,-80.75044289665624,-49.50730619945512,-53.974080055264395,-48.52330478235776,-39.20483678657331
OSP_1_26_08_24_20240826_213800.WAV,536.08215,0.5074299622199484,94379.64288177811,5352.881500833122,0.07406912081184375,0.4228346562616344,0.0022702834,4104,-790.0797796144191,100.40067320302244,-174.0461521796828,48.54178929347791,-122.6837345649409,-10.024458887270978,-63.07227765687523,-46.28437121050861,-26.794237035429063,-53.460283925330614,-15.245870869586568,-40.94811353916022,-13.460007816918344
OSP_1_26_08_24_20240826_213900.WAV,523.8353,0.2145591551764051,94294.50521573235,5352.932770399739,0.07393536574222212,0.42343710006747953,0.0022447726,4095,-836.0770243538963,132.46166131611815,-236.72557518475,75.79853643404917,-178.02328121045676,9.050743678317367,-108.14560875226532,-37.69612119896258,-60.32414373334271,-54.87300374042146,-37.08222625165392,-50.515299013118735,-26.448781927033142
OSP_1_26_08_24_20240826_214000.WAV,517.24426,2.0339384154075546,97399.09543600949,5309.755669679558,0.06974603502442757,0.4181043634819434,0.002469818,4111,-827.590550444856,129.18843038139966,-228.09192883788702,69.37764278002844,-171.8098154809198,4.636818767706889,-99.80959570227212,-37.7791032149983,-52.21618061165306,-55.66333513644572,-33.796320260741666,-52.2302371398699,-24.391117544182098
OSP_1_26_08_24_20240826_214100.WAV,524.52814,0.3253278424947398,115167.60957353687,5225.384378644317,0.06427730484571909,0.40943473537555847,0.0038633894,4130,-783.1969219912725,106.883285565867,-180.59160610399329,43.399104930892776,-133.56500310849367,-12.870373215080265,-63.00183750932286,-39.512873581585886,-22.786152150391036,-51.43058063610245,-18.805285850658983,-46.428700570065054,-16.44293323298237
OSP_1_26_08_24_20240826_214200.WAV,535.5615,0.05072639578877664,110204.92198594875,5245.6149813334105,0.06595364516168985,0.41322627745718543,0.0034014487,4117,-785.0851385921773,107.21414366972873,-181.54795990617237,43.682839143148804,-132.57243976553158,-10.537614304778034,-62.90567326211058,-41.15913728443323,-24.785866160119852,-53.02073138991973,-18.178727965276618,-45.16245700112535,-16.272540963467225
OSP_1_26_08_24_20240826_214300.WAV,526.7858,1.5380571721409788,96587.67435909738,5341.613789977197,0.07285935130018552,0.4221736768777923,0.0023715822,4130,-805.7871542838707,112.99456500299989,-198.21805157614764,57.311245049167866,-143.08645803199747,-4.263270954754009,-78.46584465887186,-44.26730526845359,-36.75292231523042,-55.892435522866194,-20.93705879676933,-46.427189644642716,-16.459929910915275
OSP_1_26_08_24_20240826_214400.WAV,523.07697,1.875044003449028,94668.73695569941,5356.514041215302,0.07402852541133186,0.4244976483967796,0.002265911,4110,-823.0029328539558,123.44809647664195,-219.62284902681938,67.74714192381641,-161.91568939045544,3.0142536485039315,-94.06565155448072,-41.267650535242375,-49.01115747306179,-56.18563660782917,-29.12300588592423,-49.77459024062893,-21.077768536842413
OSP_1_26_08_24_20240826_214500.WAV,515.2425,2.149796714927146,95164.46540609456,5342.209058416468,0.07324863730886255,0.42225311801935966,0.00227481,4117,-840.8736459806066,137.7188021607109,-245.5240523339704,78.77115474443552,-186.19917888684162,12.78777219665301,-113.87646578656715,-34.36512089182508,-65.18347452650674,-53.80987199361498,-42.52381672037801,-51.27932877475618,-29.95317264836561
OSP_1_26_08_24_20240826_214600.WAV,513.25916,2.1714627899762804,94534.24437444581,5354.246500200579,0.07370139530190922,0.4230082633330231,0.0022531224,4088,-842.5363950012282,137.11090410499227,-246.5227052166385,79.61312002495264,-187.02598631136118,13.037375008675896,-115.48605921152259,-34.775013026808445,-66.67161886015894,-53.70135740085705,-42.45334620466818,-50.59727654658994,-30.301766080698542
OSP_1_26_08_24_20240826_214700.WAV,512.4392,2.1943130858154154,94002.57568593742,5363.64019580631,0.07426355775899449,0.42457181770057706,0.002230895,4102,-855.809861055274,146.0151348774721,-263.88047263976785,89.1974693303461,-202.95846041254055,20.2780404954411,-130.79718860265228,-29.714490428580948,-79.59768727226599,-49.7634267994382,-52.66543700963936,-48.63013103917053,-38.37260672635453
OSP_1_26_08_24_20240826_214800.WAV,516.2372,2.179164403071036,93883.34644079045,5360.605230347325,0.07412284984378165,0.424558183637379,0.0022338359,4140,-834.2174848048617,130.14715235421082,-233.46699157423666,74.32302373729662,-174.45620587268067,7.382317547695229,-105.27321297092166,-38.963815268064664,-58.00083634330419,-55.36842491237473,-35.214036780599066,-50.20045322576083,-25.017584894765392
OSP_1_26_08_24_20240826_214900.WAV,512.9445,2.1935273282472427,93826.08342172015,5365.462665759983,0.07437222863539343,0.425365683753723,0.0022248712,4099,-861.4965106656445,149.9394982115742,-271.53793161070814,92.92043481144727,-210.02446225651212,23.640217488310608,-137.39018578946235,-27.238567685116788,-85.62058807374986,-48.04989141838213,-57.58519845372784,-47.473943198151936,-42.2636604521621
OSP_1_26_08_24_20240826_215000.WAV,512.6813,2.159826686904133,94150.2904873423,5365.381341746663,0.07429235727520833,0.4245100099474125,0.0022336436,4103,-853.6829480581526,144.54338395091185,-261.5825661094944,87.6542531973708,-200.89535855491923,19.168699564600377,-128.35841250409075,-30.53869041435804,-77.83201948128155,-50.6354161837583,-51.39413053483689,-48.94213976977977,-37.07787124405992
OSP_1_26_08_24_20240826_215100.WAV,548.4247,0.5295035974954985,150688.98652937906,5135.550503957531,0.06205900438073631,0.407144394545793,0.00661786,4133,-752.3516004554775,95.53849292180873,-145.28934417056112,25.204132396573996,-110.94275665122302,-22.84915235353812,-43.30849640875921,-38.188553785617714,-9.201484362754368,-43.680213213005516,-11.861440280760803,-33.53973319258078,-14.176987610102628
OSP_1_26_08_24_20240826_215200.WAV,514.5841,1.4898121001206028,95144.46223749522,5345.048138974165,0.07253589070212864,0.4215177875442107,0.0023095028,4080,-823.3763558275178,123.89880952165694,-220.36831581873707,67.03626075971366,-163.13817941766243,2.808813748489831,-93.99345612615963,-40.83334839975772,-48.82985520832037,-56.6298949831095,-29.892560321538348,-50.43886958822618,-21.29541870723767
OSP_1_26_08_24_20240826_215300.WAV,520.9827,2.1972245773362196,94263.31262307578,5351.973889209404,0.07350978739664955,0.42269558881701413,0.00225189,4111,-823.7478085604398,123.38642915341593,-219.3451130170546,67.44303350476775,-162.33448775706296,2.804626793313372,-94.19258086691514,-41.30590459074714,-48.88393701576714,-56.45374818474801,-29.403036278245192,-50.03820204925018,-21.002544417602124
OSP_1_26_08_24_20240826_215400.WAV,512.4454,2.1915736232015504,93851.37065710839,5366.752812008182,0.0743136113434215,0.42479614348706257,0.0022272465,4112,-849.1272499195752,140.73066168721815,-254.63761038886233,84.23057772037399,-193.6058143715288,16.104287550765086,-122.63386985636848,-32.9288879519568,-72.63130502154442,-52.08569394881865,-46.55225822193076,-49.84330135445809,-33.32228155782774
OSP_1_26_08_24_20240826_215500.WAV,511.9535,2.1939600956730967,93704.46269862229,5362.391548800482,0.07426458251702525,0.4248315920513775,0.0022233576,4138,-856.5983845038131,146.0604325584216,-264.23405563961967,88.94882161056182,-203.30713167941545,20.250452388767247,-131.10609003311248,-29.58563224568811,-79.92938261462886,-49.9180341978549,-53.04223781554807,-48.7741074624947,-38.47122051008029
OSP_1_26_08_24_20240826_215600.WAV,516.2312,2.178839040607514,93827.86153642352,5366.508110925912,0.07430478610907415,0.42553329183730454,0.0022283767,4080,-840.0925983876047,133.9492767144248,-241.65824363857917,78.1169597648,-181.98681490301504,10.945339611692566,-111.88048237946894,-36.628839878638146,-63.13176787153505,-54.528450571555425,-39.72089579461187,-50.55969469155156,-28.04860574409434
OSP_1_26_08_24_20240826_215700.WAV,512.4865,2.1606490609222684,93705.564242871,5366.322966478315,0.07422968536741473,0.42505919001303055,0.0022235652,4145,-852.9762680053401,143.26493376782796,-259.20855211273323,86.56318712514633,-198.42939015346718,17.977143774626917,-126.60715208877896,-31.263779744018983,-75.71549592692718,-51.25288095858912,-49.71506326874298,-49.54416167887063,-36.13441863236389
OSP_1_26_08_24_20240826_215800.WAV,513.73975,2.192644360882882,93751.75746714878,5366.572606675684,0.07431212015375295,0.42472142882073716,0.0022236763,4111,-863.5280141711127,150.95085858272805,-274.16155115480024,93.95593959223763,-212.5616846473985,24.62500309905845,-139.74413491811168,-25.86837934799857,-87.60871901350825,-47.36093916847439,-60.01113614447948,-47.19592070072067,-43.948021029825306
OSP_1_26_08_24_20240826_215900.WAV,512.2748,2.1841864914479086,93769.83321917451,5364.84704593504,0.07430222824247949,0.4244031188919397,0.002224045,4104,-860.6468202226387,148.97983947482663,-270.24765495155566,92.09205162042836,-208.73583728206674,22.922733843158376,-136.36058801960905,-27.492882574143913,-84.43727604520635,-48.50337297470364,-56.97454299257102,-48.07271963038179,-41.73229807906116
OSP_1_26_08_24_20240826_220000.WAV,513.6138,2.185236018252445,93744.4308462989,5369.865241450883,0.07426510205228826,0.42509409321481756,0.0022242756,4130,-854.4812951889846,144.1854260328212,-261.7280711790079,87.86785727566499,-200.41130376122248,19.020465223097332,-128.61234946258043,-30.558583482074802,-77.42541517753217,-50.660371828169616,-50.928336227391696,-49.2682101873092,-37.04148584233024
OSP_1_26_08_24_20240826_220100.WAV,539.54333,1.308564748021538,94331.808054286,5360.24802798427,0.07412229374755919,0.4240813550004654,0.0022674627,4105,-812.1533708119223,114.72498049795293,-203.61673991406496,60.84550761908059,-147.64242642975233,-2.2848154676256858,-82.81183294419527,-44.18954326482156,-40.368325729212245,-56.39165450035573,-22.960553426791677,-47.24806627383991,-17.31376592063414
OSP_1_26_08_24_20240826_220200.WAV,514.0939,2.182988848062505,96093.78525875964,5331.9549969490745,0.0717827080472158,0.4205672206580417,0.0023360658,4111,-836.7052579406858,134.8026013056736,-240.6501529879745,75.03806131312521,-182.50198076301587,9.561971732512452,-109.17987233455332,-35.108215121482175,-60.72030048500965,-54.472536418848165,-39.78698609922939,-52.06874630750095,-28.428503941827245
OSP_1_26_08_24_20240826_220300.WAV,514.5553,2.185002117632285,96855.65673254017,5318.735312360778,0.07077749350340237,0.41857192095588236,0.0023697675,4103,-837.3546984355999,136.4383063673674,-242.81149795547077,74.8407140380123,-185.06756489544168,10.031114872951509,-110.19168365581989,-33.974475813672115,-61.74546220893087,-54.41836632177389,-41.26138595775379,-52.46193307529784,-29.24478345050246
OSP_1_26_08_24_20240826_220400.WAV,516.005,1.7441487361149632,95843.94842811771,5334.932657833006,0.0720849315413815,0.42114821353778853,0.0023195862,4118,-840.361199900215,137.01812124709537,-245.43660322192565,76.89277643795756,-186.7986260028816,11.729631667128166,-112.76965707983362,-33.75038351305142,-64.18764786686585,-54.26264101263544,-42.4839303343858,-51.746184081006305,-29.88399748933697
OSP_1_26_08_24_20240826_220500.WAV,514.1566,2.011635234167775,95651.63895100159,5337.914685092345,0.07243451303993903,0.4212291089794304,0.002298331,4138,-842.192253088507,138.66833034031106,-248.2990630883271,78.50877554617287,-189.16915460652876,12.746787527089868,-115.12024570683006,-33.30585475901981,-66.07246403546087,-53.830932109306055,-43.7472761117351,-51.713222837330136,-31.339476073515037
OSP_1_26_08_24_20240826_220600.WAV,513.95264,2.189971001186038,95821.77107756409,5337.016971406727,0.07214917115825359,0.42065102469983245,0.0023075265,4107,-840.93971416616,137.72484399999257,-246.6790329018156,77.55371093249222,-187.91035125351382,12.090233445377498,-113.60792139329797,-33.50421837465961,-65.03735929631843,-54.063573156357826,-43.24960604962955,-51.90314937352621,-30.37861331780834
OSP_1_26_08_24_20240826_220700.WAV,518.0818,0.06725252379615301,99063.2834103965,5299.229002961618,0.06892808955304947,0.4174739243996649,0.0026178465,4158,-817.8473272694512,122.99839099721903,-216.31777117265295,62.62521158586277,-161.63216127129985,0.5929580959452903,-89.53947242628945,-39.356215033419126,-44.461176555788555,-56.355196423866126,-29.067558540655178,-51.58452776048195,-21.315378521712017
OSP_1_26_08_24_20240826_220800.WAV,516.2378,1.0283913388015904,96261.33304331369,5334.354373278393,0.07202882231110654,0.42192462799004093,0.0024090363,4118,-820.9481865176404,122.75668436356234,-217.68105936971864,65.60683564921274,-161.24977737726547,1.2481628021487217,-92.32844280713381,-40.95792884622891,-46.51718610394677,-55.92478853473817,-28.905385400469253,-50.154249054009256,-20.6764191730942
OSP_1_26_08_24_20240826_220900.WAV,530.2003,2.1972245773362196,96846.29256304532,5321.673629262571,0.07235800607932306,0.419532304367554,0.0023694907,4089,-830.9255260628717,133.16182558579538,-233.27351461281506,73.41764986160823,-175.6886884845161,7.7499807073342035,-103.96411201935175,-37.130624366257756,-56.33316159688548,-54.67456445787781,-35.202863114822,-50.6377176693941,-25.21352398815349
OSP_1_26_08_24_20240826_221000.WAV,517.9698,0.16054573521211807,98061.45023443335,5309.64671306533,0.06976103279226491,0.4177140656994602,0.0024546017,4128,-828.4971253242751,131.12007391904922,-231.85057621330446,69.6082179460196,-174.84863781070277,5.984247352534273,-100.95825135220154,-36.92210899856729,-54.33433174754486,-55.42075970972432,-34.86012549280093,-52.19949583013105,-25.5388457542063
OSP_1_26_08_24_20240826_221100.WAV,513.28815,2.17023291581562,96348.2791789592,5328.372296992056,0.0712170824439545,0.4203158085326694,0.002362604,4093,-834.565237454061,133.2675948857134,-237.64198549603836,73.66790142611002,-179.70999527213823,8.332528776713872,-106.90859948830789,-36.4677492727914,-58.73414362192811,-54.545871025101974,-37.55333125142178,-51.7762271738971,-27.47237601833435
OSP_1_26_08_24_20240826_221200.WAV,543.74176,0.34883209584303176,96788.8953823664,5334.542341277066,0.07156325309080336,0.42116384726358896,0.0024110102,4095,-801.46284613065,109.93325875692018,-192.50490385798122,54.20984660078941,-138.12321355406516,-6.051695394585982,-73.57436550695463,-44.56193497624626,-33.447466187822464,-55.46739741026934,-19.89202901262821,-45.82110218135016,-15.607135841601323
OSP_1_26_08_24_20240826_221300.WAV,520.8075,2.1651598102259793,94953.56081042344,5349.367344463218,0.07303070070890309,0.4235038160833954,0.0022966661,4133,-836.9626529966442,132.97381752486152,-238.51949000826565,75.70058137339761,-179.82509753939567,9.386594671142927,-108.60837665890031,-36.993910459350154,-60.66854336803908,-54.82125949536751,-38.043699021316726,-50.99675841571801,-27.24408165859749
OSP_1_26_08_24_20240826_221400.WAV,527.0045,2.0562236286843456,98018.32358628073,5318.668842054583,0.07071640228489946,0.4221085969494602,0.002478632,4097,-828.3037130789558,129.66697517048144,-230.26848287548893,69.11050683639999,-173.44977451892734,5.515143404681553,-100.3027315842271,-37.084264037652886,-53.74427294089768,-55.99926475258495,-34.385097041733836,-51.84525258054332,-24.391855651273016
OSP_1_26_08_24_20240826_221500.WAV,530.07416,0.5915129633473719,94134.41869703631,5361.137937082562,0.07389100411829745,0.42482032122580043,0.0022579813,4094,-829.3555655154963,126.6042441921397,-226.86555810001366,71.23151534230094,-168.32141849490046,5.3649685454750555,-99.97521727276923,-40.33622178606493,-53.811123045490284,-56.07099403030861,-32.094701929014924,-50.14753431985146,-22.995386608515133
OSP_1_26_08_24_20240826_221600.WAV,523.1811,0.6972609049558812,95313.3660118098,5351.2527069640155,0.07324931915296576,0.4245060106222077,0.002329702,4125,-825.9412000384359,125.35556243383009,-223.8811601145125,68.84148969439087,-166.16058046503844,4.214359559477163,-97.18768873967092,-40.47595686588058,-51.34670735143392,-56.02308279711871,-31.004241679557715,-50.30433746760698,-22.0677754070519
OSP_1_26_08_24_20240826_221700.WAV,514.56976,2.1568663319513686,94803.93824925645,5349.599392513151,0.07289262489279245,0.4225152556077811,0.0022827217,4107,-840.7170941404308,135.63285503097782,-243.84700617439583,78.09015357033928,-184.62421776659113,11.235683616876477,-112.84986601835324,-35.10931359918573,-63.99649954652397,-53.98809701531264,-41.22826878706769,-51.28258436071851,-29.429606539023595
OSP_1_26_08_24_20240826_221800.WAV,514.50574,2.166463864223608,93882.37860304503,5364.555639150014,0.07388605886467306,0.4250208328485666,0.002239968,4095,-837.3523180465895,131.8097891362455,-237.6497264498355,76.06770312125589,-178.2853279837309,9.1730932899425,-108.2799485560059,-37.75776864605374,-60.662934988046004,-54.97720541448812,-37.307696447463165,-50.58706897961837,-26.641875857285537
OSP_1_26_08_24_20240826_221900.WAV,513.9239,2.1903437458194626,93696.94275083054,5369.651080537236,0.07435871991441889,0.4254920260726917,0.0022241985,4115,-840.5126581972136,133.78249234190986,-242.0613519662395,78.57022303521484,-181.8499968125749,11.06881846983643,-112.61790344861068,-37.0079478980044,-63.74041972890067,-54.43063201482657,-39.48099813263283,-50.11183670322301,-28.060499929674407
OSP_1_26_08_24_20240826_222000.WAV,513.23334,1.8875150306476507,93455.36968933439,5371.204718744087,0.07456267123866037,0.42533623417721517,0.0022160346,4103,-861.0124818639883,148.67246707646567,-269.98933773603426,92.45287753662389,-208.2458955488661,23.08300263793695,-136.32688229076112,-27.769088367375417,-84.39478373098827,-48.2447400404464,-56.626526282903455,-47.36733634784462,-41.469644542822856
OSP_1_26_08_24_20240826_222100.WAV,517.9306,0.33850887948538894,95315.57869246688,5342.904650684794,0.07265597721981668,0.421884452950484,0.002298029,4115,-835.0186354234535,132.6643463683181,-237.0610608426516,74.66006909720146,-178.8776194161384,8.701852877400816,-107.09608997924747,-36.594644361842875,-59.076635636104825,-54.92113602039421,-37.7714146015454,-51.52609311906466,-26.94514253787647
OSP_1_26_08_24_20240826_222200.WAV,512.82935,2.1877158737806193,93585.58771481214,5364.772254209392,0.07426235153192054,0.42452818869834325,0.00222309,4100,-848.4209491891037,139.61400483732046,-252.43543181692002,83.51205652823208,-192.00793933099428,15.238903288471725,-120.96511321042681,-33.669053753393854,-71.4902422339632,-52.35674868537909,-45.55902039359677,-49.87991677815062,-32.747455659224876
OSP_1_26_08_24_20240826_222300.WAV,525.0994,0.5167535908014581,93760.43340729145,5369.010352857109,0.0743153588067449,0.42536368409112063,0.0022326184,4120,-824.6274788639565,122.68789415948591,-220.10241191082721,68.2847688320929,-162.24459374721647,3.1431888374932133,-94.93374780762412,-41.78100798423456,-49.86582254099618,-56.43158709482766,-28.93016885736491,-49.479768209466116,-20.628051341578022
OSP_1_26_08_24_20240826_222400.WAV,518.1609,1.1195528476141532,96680.75568172356,5329.05199011818,0.07151642666472366,0.420537225719006,0.0024122358,4122,-820.1780227541044,123.04424359812013,-217.7108605109519,64.47424691748475,-161.6927790224222,1.4233642496842485,-91.16050508082321,-40.03658563247167,-46.073805348965024,-56.62812469569617,-29.173700151180963,-50.90955048096405,-21.036113700352544
OSP_1_26_08_24_20240826_222500.WAV,539.73975,1.636025843347789,95994.85644656463,5348.115910456181,0.07262598692545855,0.42291791494089725,0.0023563954,4106,-821.478889817042,122.80273856113456,-218.80283402839555,65.96631209327018,-161.46531803418134,2.1650769178704286,-92.49888295947318,-41.076848729494394,-47.281870043078655,-56.599202852048016,-28.886827444743357,-49.89345843750987,-20.681909759474195
OSP_1_26_08_24_20240826_222600.WAV,514.25836,2.101217325415482,93690.7632087112,5367.810878648377,0.07444353617074372,0.42517626116902457,0.0022235368,4088,-850.9753217587729,141.668083979654,-256.37382020358484,85.47527805759023,-195.83947473393442,17.01355591443816,-124.45764176311464,-32.11760639757234,-74.28789774205538,-51.60707204238477,-47.68906655957702,-49.340609091113,-34.750463236322446
OSP_1_26_08_24_20240826_222700.WAV,512.4833,2.193436069378016,93697.81174861008,5366.765273280128,0.07420603538246431,0.42469979610712955,0.002224686,4111,-850.9686635941704,141.62715710245706,-256.46088005979243,85.16892930097875,-195.80849318868187,16.99901005370901,-124.04835878242034,-32.15235571497273,-73.8565513492846,-51.99589724986674,-48.06408340455502,-49.776961460466254,-34.557998318159825
OSP_1_26_08_24_20240826_222800.WAV,513.91516,2.1848381847728757,93905.02080515232,5365.2197096865775,0.07396134059318306,0.4246765273059382,0.002236292,4112,-844.7818449887229,137.23614512154094,-248.12677634985582,81.02104897591087,-187.99043447963155,13.429488335380823,-117.12069770495789,-34.66897772391966,-67.83228534141372,-53.245792145500594,-43.42981201154222,-50.51319187818336,-30.63558004448284
OSP_1_26_08_24_20240826_222900.WAV,512.91394,2.1902074507641447,93822.64767402889,5363.760395125265,0.07413108334348452,0.42471233944527176,0.002230815,4101,-846.304702461667,138.5140781574104,-250.1531471234568,82.01344327757872,-189.71246543920978,14.452096459670113,-118.77948438805542,-34.46638020891593,-69.37320761159152,-52.91018593311141,-44.25310971997464,-50.26084723284258,-31.465855073704457
OSP_1_26_08_24_20240826_223000.WAV,535.3401,1.658956647445616,94751.66455862772,5362.619547248848,0.07393270290539229,0.4244543829695644,0.0022852574,4117,-802.4145601293409,108.45050451212757,-191.29310439615392,55.35450218064881,-137.0441738580725,-5.577238875742273,-73.79151570497288,-45.429828988623,-34.15111695690239,-55.48659945771078,-18.922978381211138,-44.88901134510116,-14.979136587918921
OSP_1_26_08_24_20240826_223100.WAV,513.00745,2.179918257367753,93532.27875426387,5369.293175975771,0.07452056852929773,0.42481995765078184,0.00221817,4108,-858.3923969636392,146.8573247352501,-266.2951907985698,90.6133359814129,-205.24393625035808,21.275949795646994,-133.06651376354384,-28.82577020223906,-81.68274314090986,-49.09015839604495,-54.19309993500339,-48.36152710172933,-39.73715493312219
OSP_1_26_08_24_20240826_223200.WAV,516.0696,0.34883209584303176,93554.2983210988,5369.168064156201,0.07432411898131508,0.4252264345215934,0.0022210574,4117,-852.5683758905186,142.49719903545463,-258.2585538335127,86.37973466884273,-197.4959333204302,17.888655979776328,-125.91888587976756,-31.484858814007776,-75.2454852568587,-51.33599961416613,-49.23726290531629,-49.45086342706694,-35.19848984105517
OSP_1_26_08_24_20240826_223300.WAV,513.85315,0.941383147573259,93761.56921751527,5365.3009046966745,0.07404794705821728,0.42490703386774015,0.0022356277,4078,-835.7865876569681,130.7363267738476,-235.39595492514601,74.88625051623912,-176.02334660501782,8.487200623123448,-106.68227950568206,-38.08421980043992,-58.72264006291442,-55.323231851972935,-35.84997126949385,-50.56314317547352,-25.617129908910155
OSP_1_26_08_24_20240826_223400.WAV,522.74817,2.1972245773362196,93817.53519599607,5363.252361590833,0.07449288652273263,0.42462217284065523,0.0022506688,4098,-797.3518043055608,104.36951955422074,-182.9784504465232,52.753476240224884,-128.9475364633031,-7.60873684495853,-68.6238657416985,-46.456179799597415,-30.66504182287861,-54.92861671935418,-16.996082084608634,-42.70817075310401,-14.11421431656766
OSP_1_26_08_24_20240826_223500.WAV,529.56683,0.8950474384862728,95890.80242415417,5347.071519708673,0.07278422114951869,0.42272667448110574,0.0023701307,4123,-798.981900914406,107.06592435597324,-187.69303411488804,52.60587139984926,-134.4228192909637,-7.066930200738419,-70.6366475091694,-44.818155452924316,-31.519513429823494,-55.164250065784216,-18.549854700124428,-44.429289477897356,-15.049671021704306
OSP_1_26_08_24_20240826_223600.WAV,518.26715,1.2609874818690137e-304,95571.80265774314,5346.93336648306,0.07270268096801107,0.4231191537137007,0.0023807893,4115,-819.9103023850081,120.95794290370259,-215.05620511457676,65.16775430215442,-158.05256002791265,0.8547378863204659,-90.06014728582505,-42.084203203584785,-45.75366179491364,-56.70210090990323,-27.359344196529673,-49.69959508202716,-19.865979076279228
OSP_1_26_08_24_20240826_223700.WAV,512.76025,1.8660694429068139,93480.60432362066,5369.348088057675,0.07444968293979515,0.4249835664091586,0.0022172912,4101,-855.2601598853176,144.42137451336606,-262.1108963782358,88.22121003595626,-200.5163079176517,19.24186315973652,-129.21682354263416,-30.371689731608186,-78.3434958146658,-50.39999656695466,-51.19003901481199,-48.8582314045599,-37.05231541981477
OSP_1_26_08_24_20240826_223800.WAV,544.20483,1.9083462648533003,95305.5219332687,5362.273267740152,0.07406252166976932,0.4245990858269732,0.0023116919,4104,-776.9789299729872,91.26127782453739,-157.3194137407154,41.81423164884218,-108.15064735480018,-13.397384823283545,-52.71285294090079,-45.94283514593022,-21.00511085759283,-50.353851545454276,-12.178621994634085,-35.436556273334986,-12.15102707880804
OSP_1_26_08_24_20240826_223900.WAV,523.0546,1.5841306929138317,94425.86090967273,5357.446345081647,0.07365919770161863,0.42361216143894265,0.002255915,4129,-823.0444190257232,122.80693885422451,-219.23950862746184,67.06097040512732,-161.4978807081131,2.745468912378484,-93.54662008710334,-41.68352886932671,-48.85655870793056,-56.75891163138209,-28.78584803286974,-49.67309358139338,-20.678540953724323
OSP_1_26_08_24_20240826_224000.WAV,521.47095,0.10195565489182866,94530.78123509543,5358.546347670669,0.07359881302283632,0.42433113103825393,0.0022607527,4094,-829.0555257333373,126.96476343508542,-227.8177542226083,70.4394006905899,-169.23025018100867,5.268254310413309,-99.65881715404255,-39.654530757923965,-53.35506930659954,-55.86761245264895,-32.653500256793144,-50.53476382121598,-22.94313136445681
OSP_1_26_08_24_20240826_224100.WAV,513.0657,2.1930070952859575,93696.6578710839,5364.820081007066,0.07419133771172863,0.4244443846565525,0.0022242006,4119,-858.3589881539953,147.03172842416924,-266.59536504679534,90.2536132362472,-205.6134257667439,21.11372893695455,-133.02894086981337,-28.71304386994636,-81.81108485025348,-49.355386807880045,-54.708422163511784,-48.36976336859141,-39.69590713385788
OSP_1_26_08_24_20240826_224200.WAV,513.12177,2.1941072426131334,93757.64916743159,5368.032882314624,0.0742335231592735,0.425128632841586,0.0022249494,4085,-856.0049891159655,145.47290570596908,-263.8761656426351,88.82464149321368,-202.54596392950987,19.960606527401765,-130.1998954472188,-30.027625176053803,-79.25490198945283,-49.98591823660028,-52.40286944694941,-48.662580650842294,-38.167294645948786
OSP_1_26_08_24_20240826_224300.WAV,520.64233,2.1091637043880866,94146.65696203991,5366.278355379891,0.07421379527863053,0.42506209861317945,0.0022448583,4127,-829.0325794218006,126.37641603760457,-226.93088943419312,70.96460912748225,-168.21168997432665,5.515564860621757,-99.69852169118369,-40.2411132886782,-53.706769733063354,-56.081826355231186,-32.03774610327602,-49.96790252593085,-22.464517319359857
OSP_1_26_08_24_20240826_224400.WAV,516.1211,2.07991165661357,93934.14713743697,5365.2307183580615,0.07429112654664133,0.4251775336815897,0.0022403053,4089,-829.5766216176057,126.50157783772002,-227.11441413301128,71.19689760939495,-168.62801180784984,5.546249415323037,-100.12088354092883,-40.37949547837549,-53.70029134356121,-55.98039149182317,-32.06382730053127,-50.17876005006425,-22.9201591034202
OSP_1_26_08_24_20240826_224500.WAV,523.33923,1.9164367003185196,95702.9411764547,5340.308909486197,0.07192739731502017,0.4223927308265078,0.002376272,4089,-827.1871381123054,126.46367670448132,-225.70398753863685,69.23828114990788,-168.31414193987115,4.260697670569073,-98.06951937368838,-39.1885147213428,-51.46896966326974,-55.772981921977035,-32.48531776710116,-51.496180651342726,-23.210209312208804
OSP_1_26_08_24_20240826_224600.WAV,516.0602,2.181037577948102,94505.92144411102,5350.892197784691,0.0728900000853843,0.42239254903899853,0.0022684648,4122,-840.2352230940502,134.95577378407722,-242.47433774006984,77.50684655775831,-183.55748298644917,10.75211845854472,-112.11039812863963,-35.637857815853984,-62.92134758021197,-54.2337969168826,-40.17804734935691,-51.50222748172064,-28.909563073153542
OSP_1_26_08_24_20240826_224700.WAV,640.5397,1.3294339181363672,106898.73169173917,5238.960571780306,0.06532822394074528,0.41134768533600147,0.0031200403,4126,-733.5722340935844,72.46882866308937,-110.73663114126639,19.853540703586802,-78.51069306173999,-22.482699195136117,-28.407472340027518,-35.37805409217173,-4.305927972430219,-33.99302474378924,-9.958961412029693,-24.039608376406356,-15.092080197488059
OSP_1_26_08_24_20240826_224800.WAV,517.9325,0.37139451020072395,94749.80835732461,5354.469271700393,0.07293692712565125,0.42381485451182055,0.0022913227,4119,-833.0590483681326,129.53460593052202,-232.6592006579786,73.0149971530695,-174.27826869150243,7.2913474441238995,-104.04118129873522,-38.617536417976105,-56.77168347299838,-55.30376068907747,-34.94709277921486,-50.93338044438662,-24.928679608946094
OSP_1_26_08_24_20240826_224900.WAV,513.057,2.191293974816176,93802.6710337626,5365.970820735622,0.07415741453765301,0.42497211379607225,0.0022286004,4120,-847.8498319329833,139.49061820374826,-252.39622477670883,83.09485604022834,-192.1009253718933,15.007982851158902,-120.53613101592397,-33.43260639893478,-70.81001292309895,-52.39468061211028,-45.68524739739227,-50.022595911005006,-32.507050797764265
OSP_1_26_08_24_20240826_225000.WAV,524.66437,1.5628969341069598,94041.16095229768,5361.1311502954195,0.07401523268517703,0.42397900863272525,0.0022445724,4114,-819.6451740296119,119.72007526229639,-213.5074267937844,65.02644608304799,-156.79595359193758,0.8470681768409147,-89.99897445829379,-42.72239563194062,-45.49888327970189,-56.527781591130584,-26.608709167991577,-49.12177643573821,-19.208590425763674
OSP_1_26_08_24_20240826_225100.WAV,516.35565,0.2573186405438317,93768.60794713807,5364.041268436596,0.07412375210195145,0.42461290167768057,0.0022288477,4114,-846.3588149140957,138.49742651872015,-250.09065553678383,82.18057094740014,-189.7738213051593,14.310785963349558,-118.6421716225213,-34.477370067658995,-69.35327615123194,-52.91056032504499,-44.289461437869406,-50.08413359643697,-31.748873273185325
OSP_1_26_08_24_20240826_225200.WAV,615.74817,1.5502350886508212,96783.12159214866,5355.583403979003,0.07375801135895547,0.42364288352801566,0.002424756,4105,-758.8696345788297,80.24074512826203,-134.52309022531213,33.29775823937564,-90.40936757574954,-17.145445319891223,-41.04557779561903,-44.01801562790891,-13.987551330216535,-44.25563186658763,-10.090496135027237,-28.144769351434185,-11.63121339299083
OSP_1_26_08_24_20240826_225300.WAV,526.345,1.8279985927345974,95371.55341469577,5346.4321493870975,0.07283011109345183,0.421950078241344,0.002303998,4110,-819.6656681125851,121.60154556745519,-216.21112519281442,64.87465681748941,-159.00562641122946,1.2910677842440583,-90.66495568706215,-41.731327990772705,-46.3470773237654,-56.686258674041014,-28.170956003042722,-50.04505306354659,-19.72901875126802
OSP_1_26_08_24_20240826_225400.WAV,512.8138,2.1920942366068146,93811.39713454967,5361.330202490794,0.07414436423471842,0.42438984840376026,0.0022288493,4092,-853.1519018029144,143.56487524620502,-259.5532315034632,86.73732672971357,-199.09256940901366,17.85698966968665,-127.01295571339368,-30.876799322326047,-76.3410381008503,-50.907939780095845,-50.24794932017463,-49.606240113431596,-36.148327650693446
OSP_1_26_08_24_20240826_225500.WAV,526.26935,1.3820924183705017,94203.793631814,5360.17836311564,0.07429244275292154,0.42448964974637005,0.002248798,4107,-828.916649416894,126.70977612337818,-226.4633087124555,71.45517942819005,-168.24777920584532,5.2148907773953495,-99.99118760532463,-40.56306351253479,-53.75011303547858,-55.86737419381618,-31.868920944817923,-49.50223901935856,-22.63334263847927
OSP_1_26_08_24_20240826_225600.WAV,519.99646,1.2609874818690137e-304,94408.82919255995,5359.869617140713,0.07376843649306357,0.42381685417442294,0.0022586666,4120,-834.0100578542997,130.42464676981584,-234.21086556541323,74.34496111917213,-175.46129282940265,7.9532772195871715,-105.69660360008591,-38.33960592663288,-58.04140182825665,-55.33568960493636,-35.73543485441464,-50.56389703851077,-25.32991736672754
OSP_1_26_08_24_20240826_225700.WAV,549.1849,0.9526776382275347,96420.85930850409,5345.248446505299,0.07198146277070655,0.4212587403434475,0.0023651293,4110,-808.382089833371,114.18011502496458,-202.0522340899284,58.06433287761825,-146.5888667878314,-3.3089205039660254,-79.7322567502398,-43.40369044847208,-38.12871891264319,-56.37880908026433,-22.87818531238754,-47.42454690253343,-16.800142889585082
OSP_1_26_08_24_20240826_225800.WAV,532.5335,1.2492123499742158,95186.8786989289,5356.679207371178,0.07381445814143034,0.42374286665813476,0.0023090472,4137,-809.3964304864724,113.43412260600108,-200.5012809616371,59.21502211906535,-145.11918406502497,-3.3897546889893175,-80.19590627361742,-44.501103848766746,-38.48370526082849,-56.1369743969392,-22.048561468268932,-46.73894019443752,-16.66158049889179
OSP_1_26_08_24_20240826_225900.WAV,628.62683,1.4751969838610974,101137.94206258337,5343.455040529378,0.07310154550455585,0.42222439559288905,0.0026741654,4107,-787.0332148702769,100.89045706614733,-174.2613385853586,47.436643878327615,-122.91572479751927,-10.539294845877842,-62.178763366531754,-46.02220630561336,-26.19635383847899,-53.20724956075796,-15.08745382935067,-40.34991252457667,-13.489752622309958
OSP_1_26_08_24_20240826_230000.WAV,545.9243,0.5460719121944799,98171.81369949806,5318.00426119608,0.07063881440314083,0.4201803768382353,0.002601504,4140,-780.868494681984,96.25278974817013,-164.4712515327012,43.05142968572195,-115.7185120112251,-13.049387336961344,-56.24568645529235,-44.57571734126294,-21.459304243205615,-51.291655871567954,-14.29939707646821,-39.00868235083696,-13.607933683304033
OSP_1_26_08_24_20240826_230100.WAV,530.4702,0.061931560340604576,97827.71756328885,5322.691975213741,0.07087490385186461,0.4205788550586374,0.002587082,4080,-804.4439383977341,111.55611647631542,-195.43521170746047,55.45519262584658,-142.00544592410995,-5.538439787987444,-76.03778323971538,-43.40937961287804,-34.41389273782109,-55.79992052697981,-21.322798878208143,-47.168841460980815,-16.472151661294102
OSP_1_26_08_24_20240826_230200.WAV,536.469,2.0505051198031703,94022.84448792848,5370.131871346855,0.07430474381240473,0.4256798125698064,0.002245667,4132,-816.247970331372,117.08042286535381,-208.96867149993602,63.51434049855671,-151.99634047882057,-0.3941058520183231,-86.41099161133397,-43.6842304547029,-43.13768382158241,-56.407810937523855,-24.446698567632154,-48.107114881094354,-18.28327089964106
OSP_1_26_08_24_20240826_230300.WAV,514.2677,1.6312972211665004,93313.04842517118,5369.560684054246,0.07451435821787836,0.4248170490506329,0.0022131414,4106,-862.374023084942,149.61781962850029,-271.2213729291477,93.15008929631978,-209.84486915823038,23.721108810393837,-137.26443898772374,-27.053505950112896,-85.72828036694575,-47.54658067978857,-57.48189060957204,-47.36726597435287,-42.322911950796964
OSP_1_26_08_24_20240826_230400.WAV,512.2464,1.0437570363314086,93474.82258835173,5367.464331847876,0.07478726742130355,0.4248941269545793,0.002216172,4129,-857.3724528030792,146.67166437982334,-264.95713981989286,90.36140364049619,-203.50921080809565,21.28365680536061,-131.872175316856,-29.207035080254606,-80.82662177003688,-49.31061874362618,-53.50879533019366,-48.35313787996549,-38.88020047151187
OSP_1_26_08_24_20240826_230500.WAV,527.9832,1.2609874818690137e-304,94420.40223413648,5362.905948068703,0.07408078930715357,0.42446983490785556,0.0022614035,4101,-814.8546183227974,116.82911127901413,-207.3493530891471,62.514323457537984,-151.14685087698777,-1.1015030446807452,-85.10779997460297,-43.47079326888022,-41.93552445718254,-56.40201587558403,-24.134408752385173,-47.9738010943359,-17.87622965955717
OSP_1_26_08_24_20240826_230600.WAV,539.43835,1.5182106878960602,95393.55293138874,5356.487724192131,0.07348679907422102,0.4231371506771221,0.0023197243,4088,-806.6031759496091,111.92011913034412,-197.52144269432267,57.51557490150646,-142.62927628345702,-4.478560934382042,-77.21366317179108,-44.59123406591413,-36.52992005111354,-56.05653873604255,-21.508240347034793,-46.400295123756045,-15.970186758725681
OSP_1_26_08_24_20240826_230700.WAV,512.62646,1.9619370374265068,93673.1642199836,5368.978286026318,0.07432722502284397,0.42596649147198434,0.0022231175,4112,-847.3432707852321,139.00446041182465,-251.35239171074275,83.15083579366001,-190.70367959989647,14.76620404971874,-120.03545246791731,-33.962549984234975,-70.32397558884281,-52.6939313238691,-44.71842984156962,-49.86782895256232,-32.206611734901905
OSP_1_26_08_24_20240826_230800.WAV,679.0691,0.6791932659915259,101181.3926114885,5356.563984007679,0.07360776368640214,0.4236499732408786,0.002681077,4094,-774.1687876124123,91.02051621551306,-156.3201242109049,41.363357510921865,-107.8679182836507,-13.934475561620557,-51.99754079305431,-46.05782620134806,-20.27746806721215,-49.56856986705762,-12.07341255890925,-34.80185935101967,-12.074911619888912
OSP_1_26_08_24_20240826_230900.WAV,613.02795,2.1972245773362196,97503.1868172184,5363.363028266873,0.07393573829987937,0.4243474919140916,0.0024377408,4136,-802.5938965806915,108.9405936961795,-192.47335065657606,56.05914981129529,-137.41699977570306,-5.673807016233336,-74.3146550390576,-45.53817201408665,-34.52780346119607,-55.34929099344947,-19.259843756451165,-44.71342266420083,-14.945882724513133
OSP_1_26_08_24_20240826_231000.WAV,659.91016,0.4227090878059908,96904.48792999207,5357.471377936322,0.07445211668010461,0.42511299911578554,0.002429633,4125,-776.0766324588373,91.21952462303081,-155.67730063018317,42.278645170807465,-106.93560120261115,-13.509072975005616,-52.755310389982924,-46.553029279072426,-20.712286938158165,-50.109189400762546,-11.63540703976822,-34.765346879584094,-12.386507299324212
OSP_1_26_08_24_20240826_231100.WAV,605.0156,1.383011392328719,96547.96864373374,5360.803226894425,0.0737891939852531,0.4245879967889054,0.0023824729,4131,-803.5382728663031,109.95986042893627,-194.00987315549705,56.78457813000578,-138.82782482171666,-5.428986026069828,-75.25707697425571,-45.56415799050912,-35.35758000560206,-55.884372149592295,-19.79155874406543,-44.95795225885258,-15.182087254208005
OSP_1_26_08_24_20240826_231200.WAV,803.0374,2.016438285769322,105266.13370568576,5371.282055855117,0.07361568159293035,0.42483704567665675,0.0027822577,4108,-770.3372861991812,88.36309814810598,-153.5108796928512,40.217032874601934,-104.43788459459238,-14.876487150853796,-50.14823693803387,-45.71048854269017,-19.299618773677814,-48.510999512809185,-11.335612784437387,-33.41847340562996,-11.71684542393313
OSP_1_26_08_24_20240826_231300.WAV,787.86536,2.012378976879946,104945.9100271808,5367.689093086422,0.07392739808842037,0.42460926592749443,0.0027724819,4130,-765.5926820805666,84.84733296927199,-145.91443642640698,37.33787721100419,-99.07503673590567,-15.280567781388015,-46.39981438894,-45.18532143371951,-17.147213686267303,-47.15490187889747,-10.518064444739093,-31.465830800290075,-11.800103719224031
OSP_1_26_08_24_20240826_231400.WAV,546.2451,2.0166713207318567,94373.82333914071,5369.405190478054,0.07433522907621294,0.425682539382446,0.0022705283,4105,-802.4017759184488,107.24442587791012,-189.53062462557003,55.28661581442897,-135.1051326181722,-6.278432687386335,-72.884674585355,-46.05392287140456,-33.521579574537164,-55.59679871450603,-18.36950578713842,-43.953140998810824,-14.773449644741675
OSP_1_26_08_24_20240826_231500.WAV,744.97815,1.9909086993079625,103756.33124775879,5359.43066351475,0.07335337703204914,0.42405863156180196,0.0027635312,4134,-780.9887932405985,96.05633693866221,-167.39058650033408,45.025042651248555,-116.83133269680138,-12.503429605553336,-57.96584603970942,-45.66545020518595,-23.42082005696221,-51.682425212406535,-13.640178395526446,-37.90915160427679,-12.66660347635851
OSP_1_26_08_24_20240826_231600.WAV,577.10046,2.1403148486072006,95011.4896136594,5372.701525200961,0.07431217613728026,0.4254069495183358,0.0022904137,4114,-817.7591190574617,118.23898612067222,-211.6806338065846,64.62251110328681,-154.64680831931028,0.1039758720567873,-88.13285866816025,-43.51700171695901,-44.52491890134636,-56.45431617610615,-25.43974033549124,-48.125023084766156,-18.33378510349515
OSP_1_26_08_24_20240826_231700.WAV,660.91516,2.072028795383078,98841.72181508606,5357.163379311228,0.07389925699269038,0.4237823145476545,0.0024608993,4099,-792.9996531634381,103.48321254443074,-180.37665284347128,51.16861513441035,-127.61363518967956,-8.879403024093532,-67.01904349300877,-46.47263191102233,-29.374885591853268,-53.78850102513978,-16.02433763029453,-41.908452212781654,-13.937110110121253
OSP_1_26_08_24_20240826_231800.WAV,513.3844,2.1030027281312766,93760.52198558196,5365.905207403517,0.07401389801727762,0.42490957889287045,0.002229939,4105,-850.2875265056144,141.21203905129136,-255.51033728873054,84.7439932887973,-195.1845033281078,16.209750778564818,-123.06865237776721,-32.35064095644008,-72.72733722265458,-51.878790491199844,-47.55825450719959,-50.02288945422525,-34.23987007495419
OSP_1_26_08_24_20240826_231900.WAV,513.1426,2.156359168148131,93294.76795352144,5371.289449910025,0.07453703079184848,0.4256001896407297,0.0022133829,4098,-854.0783983579164,143.12534298930112,-259.7014931754558,87.15244600096074,-198.84267799417174,18.57503373461542,-127.27733769367173,-31.178890028342234,-76.47655321168627,-50.94663149998269,-50.2484852876837,-48.947025197793046,-36.28650227878112
OSP_1_26_08_24_20240826_232000.WAV,755.17554,2.0805394260737184,101353.19590029604,5365.030953959187,0.07412521157295064,0.4244554736946203,0.0026053367,4133,-788.8559734590247,101.00640047000991,-175.94944039676355,50.03405976572711,-124.02175180330276,-9.390638682644328,-63.731520093986575,-46.31656852027755,-27.43328950465889,-53.20396233496249,-15.142924626686122,-40.45081227046815,-13.253515715394094
OSP_1_26_08_24_20240826_232100.WAV,614.468,1.9427941095049492,96655.96073895764,5358.110934225697,0.07376277672613814,0.4233832909647245,0.0023696765,4096,-810.752208772687,114.84407986893717,-203.32444486597797,60.387106623173636,-147.55422273559407,-2.5606745235113437,-82.21786534337804,-44.12779714729467,-39.971739969673806,-56.43180603247085,-22.397064082770108,-47.0737802022934,-16.879134865819275
OSP_1_26_08_24_20240826_232200.WAV,790.6039,1.9378912972269025,108198.99336863634,5347.565411219376,0.07194056695872048,0.4205963066595309,0.0029661509,4104,-758.2834524978936,82.81047857829167,-140.27489466356792,33.98847779840716,-95.60784467165257,-17.380130500836916,-42.716516482000706,-43.2015550553731,-13.869265428505523,-44.74209560028863,-11.115750040945192,-30.719138044700276,-12.456725772013113
OSP_1_26_08_24_20240826_232300.WAV,727.53845,1.916829803250534,103797.05783542295,5357.892348275171,0.07341567294023991,0.42450273844704023,0.0027697284,4128,-754.1553719185041,78.81337765758539,-132.20754816494753,32.48837618015014,-88.57265840348659,-17.65279229758839,-39.36643754367949,-43.70973447146212,-13.617437182565268,-43.15896634991956,-9.368862109911545,-26.71262380346805,-11.365272979769994
OSP_1_26_08_24_20240826_232400.WAV,639.7976,1.9129757023045115,99055.28074329163,5359.781691426179,0.07356390628812505,0.4240240919350335,0.0025167973,4133,-792.9382557385067,103.50309109828301,-181.90383408508035,51.414644149406264,-128.48381279065197,-8.883434305408514,-67.37508360945614,-46.16207881361649,-29.39447215827748,-54.18094528445397,-16.671685079131734,-42.195719541091016,-13.695036653015238
OSP_1_26_08_24_20240826_232500.WAV,518.1394,1.094780226007948,93486.98082235878,5371.372703788129,0.07454876469847765,0.4255941906529226,0.0022192616,4102,-846.9210167305065,138.2782347276288,-250.46247148356707,82.59168755400235,-189.8899876233166,14.433704338887141,-119.28381664212485,-34.20463791072539,-69.64036411661166,-52.749504441784325,-43.980206992698726,-49.956924826311564,-31.5751203780757
OSP_1_26_08_24_20240826_232600.WAV,515.4387,0.8782591059205936,93902.23825446428,5361.719200401916,0.07368200052927927,0.4240026410089352,0.002243061,4098,-843.3025253478792,136.38343127445305,-245.80854955938972,79.82007764302726,-186.28734500933064,12.355348608595868,-114.55859242136324,-35.147321445257276,-65.65937146860672,-53.551025470935755,-41.95997529021694,-50.91071005492563,-30.02382453039851
OSP_1_26_08_24_20240826_232700.WAV,674.61206,1.9933339757604192,99223.65605204107,5366.365162981736,0.07342602292060806,0.424400937441828,0.0025054964,4102,-790.5058390081379,100.69468871324604,-177.3589227863609,49.158011763733654,-124.4695157241169,-9.421011050116102,-63.90585830801419,-46.25177158939373,-27.50751141285386,-53.59923622168948,-15.568560684929274,-41.044976645706925,-13.227135507930187
OSP_1_26_08_24_20240826_232800.WAV,773.0028,1.866349477416968,105080.0150109568,5360.338179438978,0.07356968545870433,0.42426714183497766,0.0028330754,4106,-778.4294400782641,94.22585338877101,-163.1356119811385,44.09856795205522,-113.12856172658232,-12.745938810380174,-55.93228410209066,-46.30706494227384,-22.25065713728183,-50.753367962624814,-12.568147796333953,-37.06070222645943,-12.833256022484074
OSP_1_26_08_24_20240826_232900.WAV,582.55884,2.076179511826853,94344.00401102244,5367.009512049781,0.07427528234882537,0.4250208328485666,0.0022690725,4114,-798.2284656814072,104.56184325176407,-184.13592701442101,52.77752398970883,-130.65733441203795,-7.324804017107717,-69.23372526970834,-46.41325935934766,-30.93058868909335,-54.83279339330104,-17.238688904195765,-43.02023476776081,-14.568237607025226
OSP_1_26_08_24_20240826_233000.WAV,512.8479,2.1850277723832066,94255.78746237665,5351.302590358064,0.073388466663415,0.4234458258679263,0.0022524851,4130,-844.6531614001954,138.15604618884663,-248.29060007525024,80.44108361217664,-189.137735823307,12.897970698457646,-116.8115841977771,-33.68301553937028,-66.84948764706317,-53.04495885369854,-43.54097969867278,-51.35682323256793,-31.631545450264902
OSP_1_26_08_24_20240826_233100.WAV,519.48694,1.9300917527246506,93361.14383498243,5370.752678070491,0.0748207209578677,0.42616718488225985,0.0022227836,4124,-825.7079906750598,123.20464392737738,-220.42305082149113,69.09321276834363,-162.21448147681372,3.493912443162911,-94.96465533850946,-41.786105245268566,-49.695928126966216,-55.83708476841868,-29.013803925771374,-49.56383317820523,-20.755665822150746
OSP_1_26_08_24_20240826_233200.WAV,582.73474,2.007228175586196,94568.47755242094,5370.739896902166,0.07450868569650078,0.42521170973333955,0.0022780783,4089,-807.4106049225461,110.6398539627318,-196.67362828695263,57.92437831888354,-141.00039033033715,-4.172397949589387,-77.66246825478107,-45.48758419855132,-36.69989847306086,-55.83256183297777,-20.306047241381435,-45.66672348754967,-15.80039988615207
OSP_1_26_08_24_20240826_233300.WAV,631.5511,1.661159410891146,98584.15182078566,5347.934150870181,0.07330763956843594,0.4237305051075019,0.0025328025,4095,-793.9322757799326,104.51008123331245,-181.84676247715797,51.081873259882265,-129.00547902408906,-8.969168645592442,-67.44951882781379,-46.094309415438296,-29.518864618105997,-54.15933722034873,-16.42976762289054,-42.53438214455856,-13.902982830645085
OSP_1_26_08_24_20240826_233400.WAV,512.57465,2.19218018461523,93212.87378207706,5371.876508911998,0.0744470454074395,0.425488026747487,0.002210784,4106,-861.9252442570637,148.81121137974088,-270.39528816141933,92.7376085808049,-208.89366273495696,23.068146447818748,-136.42475467098063,-27.51876778235679,-84.79111157001083,-48.34075536711933,-57.124739102037246,-47.510860069902755,-41.67630331937167
OSP_1_26_08_24_20240826_233500.WAV,512.3347,2.1822128734454584,93381.27689286957,5367.057272449863,0.07442787598987878,0.425654725893522,0.002214375,4093,-861.1248635186171,148.64630868096813,-269.8476321031014,91.86520639420958,-208.24260191496046,22.564865657814575,-136.09732223370722,-27.91130877515183,-84.15298516265828,-48.444087794078314,-56.389979560768765,-47.48051449470565,-41.19494299890485
OSP_1_26_08_24_20240826_233600.WAV,520.1973,1.7560096798269746,93525.67549281802,5366.265418533503,0.0744186778336454,0.4247021593447506,0.002228883,4111,-826.4350566882471,123.80777111928394,-221.6452150474717,69.09891301971405,-163.52262347362873,3.4831348431041342,-96.11691733321697,-41.73752821735141,-50.471950179350515,-56.09936034704744,-29.572265439967765,-49.44749443546877,-21.16254479901083
OSP_1_26_08_24_20240826_233700.WAV,514.44714,1.9310688112858756,93418.73070124167,5367.7977138219485,0.07438075675855083,0.4252200719587677,0.0022187964,4100,-844.8850186938213,136.74012462385022,-247.21885074644717,80.85851203354402,-187.02758031509225,12.874977809865294,-116.48544117294593,-35.552169568208896,-67.4103510921858,-53.42698418645891,-42.14855319843168,-50.068003661106964,-30.312726945633543
OSP_1_26_08_24_20240826_233800.WAV,668.7333,2.1041280134814198,96492.90112637226,5371.828258306537,0.07434979235802439,0.4256001896407297,0.0023732914,4112,-802.0610741966556,107.24457317962623,-190.28838839402994,55.31867595611246,-135.26821499957714,-6.229520539692197,-73.24601666558505,-45.898351922087016,-33.59261043381805,-55.54119842445257,-18.300059069077818,-44.0918370263393,-14.732525580860779
OSP_1_26_08_24_20240826_233900.WAV,512.367,2.1851397264924115,93042.4569480481,5373.7938179902085,0.07464627607257136,0.42582306112714075,0.002205997,4075,-863.9038778393212,149.87115907759122,-272.7896050768843,93.8845916492529,-211.308769544538,24.27082752061897,-138.72239887969246,-26.490099158652182,-87.02944589672455,-47.22960013449334,-58.73835879655636,-46.96432465517133,-43.094751463339236
OSP_1_26_08_24_20240826_234000.WAV,512.66187,1.95603457407863,93107.2667900295,5373.89501340049,0.07461761179067083,0.42595103953369323,0.0022097263,4114,-838.562139533072,131.58780386825836,-237.80002971020568,76.66664191959921,-178.24620909110735,9.577739222154902,-108.8570455619145,-37.77442981371365,-60.97202116471721,-54.887309201256365,-36.98194670614768,-50.145666723274765,-26.274125405390713
OSP_1_26_08_24_20240826_234100.WAV,540.65906,1.087220249708556,94742.27366200746,5356.282344919905,0.07355674202344527,0.42377086193456814,0.002290349,4096,-812.9668839379104,115.7098634086768,-205.23721752365094,60.784529336678986,-149.05563004403763,-2.3634185083020065,-83.12519988643851,-43.44410448054853,-40.42224419665877,-56.39885603959777,-23.665189172372113,-48.00451270774266,-17.689667524441038
OSP_1_26_08_24_20240826_234200.WAV,518.7782,1.9323748523950788,94799.2095323244,5343.742257272849,0.07224134402169857,0.4222134883423306,0.002300251,4085,-826.3664436199963,125.41782023922008,-223.4822836250126,68.19374706717325,-166.43125088330547,3.4497831731742274,-96.46637068948999,-39.853911123773685,-50.01949539531604,-55.940928332305475,-31.34459703767442,-51.208951925136176,-22.474555332758836
OSP_1_26_08_24_20240826_234300.WAV,517.0953,1.7397635191045973,94987.62058340297,5347.611010345947,0.07230675983417002,0.4228295662113738,0.0023419203,4117,-825.5122462962854,124.46399558506668,-222.296628451706,67.87901840756176,-165.08453754393955,3.2654848553039244,-95.50719553206648,-40.111058952846975,-49.4588811071898,-56.19590384504099,-30.636289247677453,-50.79482109605563,-21.819185276798937
OSP_1_26_08_24_20240826_234400.WAV,516.24304,1.9453081117543727,93964.75161665652,5358.704388154748,0.07340326253638398,0.42464144231664186,0.002257885,4126,-829.35208073953,126.19878256443835,-226.4361370362368,69.95900418110041,-168.20045285892957,5.02592774614717,-98.65899065947066,-39.90197422869055,-52.913215717925695,-56.05469985814294,-32.05086277691048,-50.54520748985075,-22.53754126288813
OSP_1_26_08_24_20240826_234500.WAV,517.8925,0.03860577723728609,95263.21583925716,5345.543447859957,0.07199916544616133,0.4224625372300819,0.002376068,4093,-823.051488453963,122.50526002547129,-218.49032252520306,66.41933080358463,-161.46240063937472,2.170050442891656,-92.7151620104853,-40.96687804437368,-47.42980405904806,-56.721627954723886,-29.04489397691157,-50.11081929607723,-20.729741789601764
OSP_1_26_08_24_20240826_234600.WAV,514.83307,2.131941112178101,94343.1312657257,5346.0410628811715,0.07226302065767228,0.4221842205533321,0.0022951162,4082,-835.3521727022817,130.84766955902498,-234.3460133665026,73.86156086480976,-176.11795640703258,7.7711677323662425,-105.51160792858134,-37.63701845140499,-57.88048617810879,-55.22866927567345,-36.43126172417936,-51.54960776384376,-25.91362016695913
OSP_1_26_08_24_20240826_234700.WAV,516.0627,2.1060728950968035,94666.65107984094,5348.073249793927,0.07222362051399757,0.4218989959512286,0.002307011,4107,-836.601813587554,131.92640422332062,-236.98489754642688,75.10472824386666,-178.36566341294377,8.584965427517908,-107.58317716275407,-37.07428674555747,-59.42441307824034,-54.83456627721339,-37.44272191741764,-51.5443671567098,-26.821053526692396
OSP_1_26_08_24_20240826_234800.WAV,515.45325,2.1385000400725924,95213.56113046253,5341.829325737529,0.07139331376612942,0.4212976428704393,0.0023469846,4108,-834.1054286981193,130.68616524960234,-234.21344556758626,73.13877341823517,-176.40272505251224,7.347160124748061,-104.73683896546578,-36.89054614417248,-56.79487356591498,-55.21292243510853,-36.608657834662544,-51.84688035238343,-25.815772467178693
OSP_1_26_08_24_20240826_234900.WAV,514.6477,0.6142294357207618,97371.3956963748,5318.606305083024,0.07011953779783495,0.41988715358572226,0.0025615527,4112,-816.917959209591,119.89089919389113,-211.75496243011065,62.13339900293624,-156.7796988946288,-0.789022878855874,-86.82837984933558,-40.77459370332496,-42.69109765220042,-56.40168510576376,-27.062491017785433,-50.335102663662724,-19.77942622139827
OSP_1_26_08_24_20240826_235000.WAV,516.23773,1.96560156152672,94519.1831815729,5351.85150883559,0.07261417565587798,0.4235263577345495,0.0023161185,4114,-829.8024383504835,126.71141401632761,-227.0401100185125,70.23672640767698,-169.13745936940555,5.3296106132551815,-99.2499924883033,-39.52442791270496,-52.94679987854666,-56.22537057164795,-32.73138773458562,-50.66802166752213,-23.063041586713098
OSP_1_26_08_24_20240826_235100.WAV,517.9511,1.3246956259365312,97973.4968174321,5312.643285662842,0.06971182930608211,0.41838358909623974,0.0025407784,4117,-819.1011111585535,122.61792585453772,-216.33826557270106,62.63720441344904,-161.2280403610048,0.7183003888003732,-88.87361192684638,-39.32787609585221,-44.63042266182394,-57.12564275626108,-29.515242470027342,-51.68294033945349,-20.851497661272674
OSP_1_26_08_24_20240826_235200.WAV,603.51465,1.8433946409887934,97029.10769838002,5363.065057828906,0.07245894226576745,0.4231800525293187,0.0024187572,4117,-815.9010742479599,117.95844562809104,-211.90788682472657,63.50547103249013,-154.65737077293565,-0.16879341891231722,-87.37582608979743,-42.13212043023804,-43.494530834787405,-56.76729570248615,-26.139236356821236,-49.37247094125503,-18.611938449472202
OSP_1_26_08_24_20240826_235300.WAV,512.83704,2.1951591018367407,93109.80895325603,5373.261440296503,0.07456032992680814,0.42555074343819804,0.0022075344,4114,-864.1198781226877,150.15009382764882,-273.44531298577556,93.83421375454152,-211.4877799872081,24.259955857795948,-139.2034278161388,-26.294502506005564,-87.02887744321607,-47.23150797303135,-58.881008902555315,-46.930584173720234,-43.35182382433905
OSP_1_26_08_24_20240826_235400.WAV,512.04626,2.1941588810383106,93159.20986731476,5369.140299311394,0.07455556895252785,0.4253120564384773,0.0022090932,4125,-860.9321785604665,148.26281837540736,-268.7354464176351,92.08770047656473,-207.47895035259333,22.504806139269782,-135.4642223025541,-28.28419855427606,-83.56524069797953,-48.566486926369414,-55.881125354459705,-47.53695268920895,-41.27480051705894
OSP_1_26_08_24_20240826_235500.WAV,513.0226,2.1936947321626508,93212.09097579092,5371.924785332397,0.07450020064290552,0.42542494648175727,0.0022102797,4107,-858.2700475571934,146.2873852784823,-265.460755874952,90.14975434535856,-203.86294790172778,20.736552988286114,-131.91734249176994,-29.26937467895503,-80.69796836305875,-49.60696743889707,-53.509756434774104,-48.40950625462297,-38.859203734366204
OSP_1_26_08_24_20240826_235600.WAV,512.395,2.192091969268179,93102.99757968579,5372.906412274867,0.07455591950291665,0.426025390625,0.002207691,4110,-851.4875234707223,140.99209351449298,-255.75850618234333,85.27503352895613,-194.65251266227472,16.810649830214402,-123.7347880648951,-32.82734697074244,-73.53777729885266,-51.832616636631506,-47.37773729717055,-49.754517385695955,-33.93144054260179
OSP_1_26_08_24_20240826_235700.WAV,526.0109,1.368583800069585,94400.55649650113,5372.774049578522,0.07443016467302434,0.4261310091679077,0.002289318,4113,-779.0204881497782,91.08030081863961,-157.81160980987238,42.79759574565775,-108.39580861222728,-13.222081101918702,-53.37480332981843,-46.88130491625386,-21.18788602601006,-50.14503855974432,-12.08778724009598,-35.12797381933993,-12.033048208735524
OSP_1_26_08_24_20240826_235800.WAV,511.46252,2.1926353547743487,93124.74891800495,5371.052828306798,0.07447657544372945,0.42520971007073716,0.0022082604,4097,-853.8599358086359,142.70626221658028,-259.08277789675014,86.59611998569545,-197.83555582625334,17.982547438080193,-126.66713000764003,-31.781554902481748,-75.69694209197252,-50.96078336927346,-49.323002430898406,-49.06828725308313,-35.754795897218315
OSP_1_26_08_24_20240826_235900.WAV,514.81915,2.1735288959513572,93480.35217457471,5363.469175811714,0.07413083255117879,0.42464980454207,0.0022296654,4096,-833.5311176085135,128.67315983653086,-231.36255063315247,72.99345224990829,-172.6011266470424,6.6587663338743335,-103.50757619523102,-39.18571742841116,-56.29646299308139,-55.448638266279396,-34.018759004161176,-50.49313819498204,-24.35882054490243
OSP_1_26_08_24_20240827_000000.WAV,513.53015,2.1672221449934144,93548.85894926808,5364.636595565162,0.07418472227774717,0.42403736242321294,0.0022277993,4109,-836.2262690485842,130.81357444684875,-235.53953085965418,75.1170034883511,-176.08269047541347,8.372281210572451,-106.72915859995892,-38.455758681571865,-59.210856379206405,-55.32951917501458,-35.89637782466771,-50.26123210153636,-25.473320084386724
OSP_1_26_08_24_20240827_000100.WAV,513.66174,2.133460979902707,93357.82876078792,5370.7589682860735,0.07456329369534273,0.4258270604523455,0.0022146718,4109,-840.609545059263,133.62138203097922,-241.33758971269205,78.44943402846926,-181.24787963116634,10.686466959129376,-111.78756498192327,-36.90234641469972,-63.443483892577255,-54.245197230716464,-39.276147482769424,-50.28580664431758,-27.858818239113614
OSP_1_26_08_24_20240827_000200.WAV,512.29675,2.194264223976357,93273.53949775753,5370.9908798338465,0.0745947867462089,0.4255420176377513,0.0022113365,4114,-862.3433831796149,149.28056974504358,-271.3740481968262,92.7929470363845,-209.8611568900476,23.465137644641963,-137.5833181145416,-27.00771675960131,-85.55832266535371,-47.85491267967699,-57.47451216578777,-47.53560646278471,-42.28697355382826
OSP_1_26_08_24_20240827_000300.WAV,521.8003,1.9252555995685887,93664.74908876518,5369.645249439065,0.07443462301193655,0.4258655994043187,0.002238614,4119,-826.3745300740156,123.70817398767532,-222.05974340837494,69.33804117708524,-163.74211758269797,3.7183360282207882,-96.21546921087565,-41.624823750888524,-50.634476977265074,-56.113905003687066,-29.906106370705896,-49.49187611044378,-21.068990057559706
OSP_1_26_08_24_20240827_000400.WAV,514.35565,2.1481757544997007,94233.90143781141,5353.071426881136,0.07348141128184343,0.42318496079207,0.002260414,4088,-831.723140320449,128.49940885445724,-230.11259590041865,71.8244305866791,-171.90504903387549,6.190039197288299,-102.00732616150492,-39.02244226839282,-55.22960558984369,-55.48885474214444,-33.86428747475339,-50.80830340833369,-24.341855305761744
OSP_1_26_08_24_20240827_000500.WAV,513.00085,0.6365141682948128,93194.72694928214,5369.262057229416,0.0746335227995115,0.42528878763728595,0.002210027,4128,-852.5912714851482,142.17891414137878,-257.2485976254013,86.23198304697912,-196.6727982205494,17.63076665116638,-125.56642880052992,-31.893535234140096,-74.86507965297098,-51.38438534323194,-48.75056102062142,-49.30998466888782,-35.02632865076839
OSP_1_26_08_24_20240827_000600.WAV,514.0569,2.087868230621899,93244.77658582333,5376.643408270912,0.07460320415177854,0.4262162675097729,0.0022108038,4110,-863.9808769348585,150.18512087239264,-273.724048004627,94.1512340521316,-211.74373451074982,24.564510318120455,-139.13072795905703,-26.26733028498125,-87.4621425861043,-47.1345084299487,-58.91125383507443,-46.8753316847746,-43.60534936976332
OSP_1_26_08_24_20240827_000700.WAV,624.6807,1.8349752689239769,96024.22473000076,5369.625651138743,0.07434148318405616,0.4253918611550633,0.0023497664,4092,-802.3658425489173,107.90783728554692,-191.2289857299328,55.57062404293199,-136.31024287840629,-5.883450889680079,-73.7038229872201,-45.738277206028904,-33.808555075793194,-55.402812867354235,-19.192379885242143,-44.395548262166926,-14.81513745687318
OSP_1_26_08_24_20240827_000800.WAV,512.6588,0.8975010785945179,93258.70191956246,5372.358406818576,0.0745889739861793,0.4260859258655994,0.0022123114,4118,-849.5095835967934,139.73332253634524,-253.40002351088833,84.02364116306673,-192.61043078981942,15.514449138879609,-121.6573386378458,-33.327914131096676,-71.79737949033047,-52.379963280913685,-46.02725162377754,-49.687593555927265,-32.783935570451064
OSP_1_26_08_24_20240827_000900.WAV,694.3723,1.5120893238414321,633232.4444964869,4848.653050951629,0.05926566840042092,0.36874160141707,0.022583323,4111,-611.8183197483349,88.52069666171565,-80.49736994425056,24.075056781874366,-65.509815253628,-25.55812165568284,-28.113587841580554,-38.98511238625943,-10.869459424011449,-26.924208968507244,-12.165684831222357,-18.32683940255195,-13.852840791094652
OSP_1_26_08_24_20240827_001000.WAV,718.28674,1.2500343426772216,775142.109167883,4746.262798087433,0.056681347774321995,0.3498249749860387,0.02841521,4132,-594.091625833277,89.6715342403435,-71.37257848274514,19.14466854399642,-59.61149356879908,-28.32009060451421,-26.94074201879029,-37.02490194494239,-11.31510197537618,-26.19573589420468,-13.244623985135211,-15.976796015952287,-12.142783989531031
OSP_1_26_08_24_20240827_001100.WAV,779.5521,1.6877095905175152,1138888.9400134967,4230.743932221456,0.037435837974002975,0.28263772719722857,0.08545814,2023,-381.7307125779661,142.96153077480054,-118.76246634233158,32.992502882753634,-109.08839698086547,-28.377650857421237,-61.311723678563204,-46.918226439449676,-29.5208277055543,-43.292630541818774,-22.662519859244878,-38.53356877684991,-20.6114878534905
