filename,ACI,ADI,Bio_Energy,Spectral_Centroid_Mean,Spectral_Flatness_Mean,ZCR_Mean,RMS_Mean,Event_Count,MFCC_1,MFCC_2,MFCC_3,MFCC_4,MFCC_5,MFCC_6,MFCC_7,MFCC_8,MFCC_9,MFCC_10,MFCC_11,MFCC_12,MFCC_13
OSP_1_26_08_24_20240826_203400.WAV,651.83514,0.6677897797430886,127693.41387498565,3330.976758621752,0.009854698481296865,0.5227779749162323,0.008987039,2742,-837.2639658807802,-33.25314329645942,-178.35786329512004,16.676502470953796,-23.3858568931058,41.1490926089049,26.206677687583618,-7.167106863989251,6.481453857692073,-28.785829823531174,2.080236473721594,2.316328549063249,4.475285123003879
OSP_1_26_08_24_20240826_203500.WAV,651.5945,0.6993491072355024,178630.54816697692,3321.921214694628,0.008993071470502118,0.5237392672654505,0.0130737815,2732,-783.9184425859381,-27.40146690450574,-153.78445283006536,13.842646107419247,-12.544446964960157,33.72172131625789,22.170418571671338,-4.481723471702765,1.6974715506491913,-29.175014471766037,2.3866140958328916,8.381987112681083,5.257539952529207
OSP_1_26_08_24_20240826_203600.WAV,653.05176,0.6912717888263618,63607.38524897592,3353.8273201554052,0.008920583396022972,0.5269485439547654,0.004439219,2757,-861.8193718263278,-44.41202216051693,-206.97133399933594,23.84370481304753,-27.686577027057446,47.79010342039867,31.350281006279104,-1.042544581089917,7.203031147512229,-36.97454137250193,1.966396306943332,-0.6298878887592486,7.998991403422965
OSP_1_26_08_24_20240826_203700.WAV,694.5719,0.6514034141190808,172893.34292846036,3120.2086070841924,0.007741120616071158,0.46777271034996276,0.013635742,2766,-760.0630430948058,-18.0038659986715,-195.2991310369982,-4.549033034418205,-27.63446086505365,39.538966578357595,33.401299049384356,7.604816306787872,3.2451561018578463,-39.78483103707867,2.6478088195694127,10.643611193219233,7.517902579230424
OSP_1_26_08_24_20240826_203800.WAV,610.18567,1.0986122886681098,34316.167969332906,3194.2222512231506,0.008039980436924533,0.4822797171677215,0.0021042991,2764,-1034.4713693817112,-67.13129494611597,-410.49296302085986,1.8212272692188705,-143.34123781075147,74.0400338726105,3.336775918354027,34.48289828244995,11.216761521114634,-33.14402411452189,23.06385645864756,1.9936732565992852,19.827243298075324
OSP_1_26_08_24_20240826_203900.WAV,710.04083,1.0545302750733674,28563.259798247225,3287.6571873757325,0.00920616693698035,0.5070988022384587,0.001667665,2763,-1033.307846708398,-73.66116287509352,-368.04508065914973,12.885468069259247,-114.03432479582273,77.88187352711306,18.29465654695098,26.98949536598004,19.373836796715814,-30.967888915751352,20.53729372113515,-7.28163981669105,14.421156400768394
OSP_1_26_08_24_20240826_204100.WAV,573.40106,1.0986122886681098,25641.59076660681,3350.5796625676126,0.009900488541154483,0.5253091841958303,0.0014432588,2761,-1101.478974488292,-94.12594687785726,-435.5126438144023,10.895376044688664,-166.2347254054553,80.9472566526761,-15.48565477693402,34.80920209267596,10.731716294521366,-12.540494187955662,22.35916853774968,-1.9366093429895994,20.006510591406066
OSP_1_26_08_24_20240826_204000.WAV,573.8535,1.0986122886681098,26038.095632576278,3337.242595312303,0.009763105642211521,0.5209739156738645,0.0014687976,2763,-1117.1973655454979,-96.95561863307636,-460.0491872063868,6.973897272857721,-186.4168148604148,80.21375644350063,-29.33822410248405,37.03009685381169,1.7331990117903204,-11.374146025053324,18.96303346126628,2.7345949421318116,21.30411481534565
OSP_1_26_08_24_20240826_204200.WAV,562.0233,1.0986122886681098,25016.48681694418,3368.4640117957247,0.01009717777449365,0.5282326909205137,0.0013951788,2740,-1135.7658925250762,-103.83863930417726,-475.91603500623523,7.020258044831731,-201.02059889494416,79.42756643112727,-41.76419209548416,37.49887917651056,-3.2655932862894983,-5.181973255602567,16.088914626975054,4.067850337662292,19.662902112145186
OSP_1_26_08_24_20240826_204300.WAV,542.3575,1.0986122886681098,25088.477935061946,3372.771483546618,0.010084147543729854,0.5308915150316456,0.0014031538,2727,-1114.2230371638586,-98.46458078129304,-447.05671212712946,11.389771196224356,-177.36261933942907,80.20449862505578,-23.932710716344243,35.565891495555185,8.15281081229284,-9.006530408703453,21.00157137485826,-0.7766427757910548,19.917805140738782
OSP_1_26_08_24_20240826_204400.WAV,570.2781,3.1524687046725343e-305,26005.9946614227,3386.9858304383797,0.00979832509585729,0.5340804315199181,0.0015099492,2747,-1084.8014021424972,-93.36464760537027,-411.67249284804,18.612048575899475,-145.83400524481405,79.2202390825808,-5.7149304398234655,32.763671785531336,19.550889423667638,-15.780087016631148,23.0933352517411,-6.087575324590593,16.868600424484573
OSP_1_26_08_24_20240826_204500.WAV,574.1248,0.11056734640512034,28326.542325374197,3388.212950935601,0.009323776089537304,0.5338677401340283,0.0017831365,2741,-1033.739731301533,-81.49663350302046,-355.41234935332824,26.1945448571415,-100.22265729271912,74.06082980553168,15.163084310857684,24.921529653120054,26.201659722781223,-28.559974675706684,18.33642911183269,-12.01480294783702,9.834380238849738
OSP_1_26_08_24_20240826_204600.WAV,596.85205,3.1524687046725343e-305,30934.60861087305,3395.5128400627236,0.008299830927538778,0.5356834337769918,0.0021022242,2748,-1050.7324619480094,-89.09600635334202,-389.577428570293,27.49423739101441,-115.71100354013058,71.80675618039817,3.1828589731783623,34.558132189555266,25.666709490827767,-28.11973874588918,21.268860688165294,-5.597697250053999,12.268960295531725
OSP_1_26_08_24_20240826_204700.WAV,568.297,3.1524687046725343e-305,31296.771628103786,3405.020700485101,0.0077658203602919,0.5377838066595308,0.002200222,2724,-1052.2368176115183,-89.619515233388,-391.33926914985534,29.357348625566626,-115.61126466875179,69.16397248378493,2.9145093261618076,36.35545863611033,25.47828131817458,-29.298108787840086,22.987925651890187,-4.102620557551037,9.5483144645582
OSP_1_26_08_24_20240826_204900.WAV,549.1255,3.1524687046725343e-305,25226.369671977922,3395.082862974262,0.009768668531185623,0.5368323308358154,0.0014477447,2738,-1097.0653091488418,-96.11163622722228,-423.3119143677643,17.832945538624628,-154.29228016184584,77.68365787751456,-12.686589913110979,35.799017407221875,16.97208458306907,-13.357780308404664,23.16907356846858,-4.440579788396756,17.049414310469345
OSP_1_26_08_24_20240826_204800.WAV,558.10376,3.1524687046725343e-305,25740.149209504056,3389.0961628875502,0.009604936451857254,0.5342276794024572,0.0014872462,2739,-1100.259829757265,-97.12498377178869,-431.4020708040839,16.689290142871247,-158.92414539344182,77.85989157354491,-16.216977322518012,37.040613498057425,15.632184635225128,-13.17062760823124,22.979762864830462,-3.0229909739744896,16.987901517304596
OSP_1_26_08_24_20240826_205000.WAV,566.8832,1.0986122886681098,24507.571417867297,3389.799599779817,0.010265539923066879,0.5351111666976918,0.0013680655,2726,-1123.279732983242,-101.34633305179747,-453.79838849332407,11.798897231033132,-183.2111978919205,79.16863684882283,-30.03541816009794,36.33880167736728,6.895579269201553,-6.208942748598829,20.343736694913854,-0.9215607780220677,18.778886022490504
OSP_1_26_08_24_20240826_205100.WAV,618.80383,0.2640520518256287,25346.286562628964,3392.635612782973,0.010002600687298375,0.5354078439128817,0.0014723216,2755,-1057.3091030249102,-85.0285502262939,-370.9023588274585,22.661946419108073,-116.59648456618736,76.97684909539485,9.398231067083387,27.315523640993593,24.343543023365893,-22.11224689581956,21.451342914937158,-12.772104098627025,11.146138056828173
OSP_1_26_08_24_20240826_205300.WAV,550.04333,0.7442808372673102,24449.166700013982,3394.4130250656412,0.010238200716670294,0.5364462141660462,0.0013699373,2746,-1116.421204606673,-100.22433602658678,-443.4017008957524,13.868188237773214,-174.03261164246067,79.0620591490743,-24.351047656355398,36.22052161754294,10.588597339387842,-7.2658844874504585,21.238993018054902,-2.771549543670194,18.92284493364347
OSP_1_26_08_24_20240826_205200.WAV,532.4158,1.0986122886681098,24578.331800697182,3399.0858184851495,0.010082751114560607,0.537325702136076,0.0013815888,2756,-1106.4235560924858,-98.18218461858221,-431.09901947143754,16.327998231931442,-163.3456621535623,78.95012113909569,-16.70070802016591,35.192805883764386,14.748273281646044,-10.030954915576292,23.037558138355777,-4.432139446168117,17.735854601966288
OSP_1_26_08_24_20240826_205400.WAV,612.77795,0.4603601656130765,24801.602770605867,3398.7807152033183,0.010177657395908743,0.5373773297887193,0.0014089273,2719,-1048.0284866474913,-82.41945516022466,-356.30613340308645,24.20617402398737,-108.36151023588104,76.20310090073781,14.267453284386717,23.581081223034968,25.350934906813748,-23.20377643534515,19.697510069080682,-14.511081783845535,9.503671936644102
OSP_1_26_08_24_20240826_205500.WAV,517.3802,1.0746688668691302,24264.964168580103,3401.5660187296157,0.01018505287553346,0.5375874761494788,0.0013498376,2747,-1134.2151036244898,-105.53189735411173,-466.0072180344045,11.543794464144021,-192.37437755076647,77.99369962144428,-37.9037750892401,38.06010676100169,3.0041731662044526,-4.025164218559404,18.717693676386745,1.4605481616579836,18.750636138666387
OSP_1_26_08_24_20240826_205600.WAV,545.55566,1.0986122886681098,24159.09525768975,3397.243637805914,0.010340382430079433,0.5367490721565525,0.001340891,2724,-1141.2884591651316,-106.50928695521992,-474.6125501405834,9.659584925139633,-201.21225487345515,78.3426771757799,-43.580781152555026,37.1673192414426,-1.7847662547985998,-2.2342274589983626,16.180875910227908,2.1554607808300856,18.370999499910216
OSP_1_26_08_24_20240826_205700.WAV,550.8224,1.0366870960629893,24754.746729982657,3401.8793938364943,0.01004689165796232,0.5381495631282577,0.0014095677,2732,-1063.7490124084302,-87.21009293714215,-375.5447339296858,23.02547600530576,-120.59037046269464,77.27228654008759,7.2460640504879406,28.050722947602086,24.491831697796115,-20.324199222479596,21.720990316542185,-12.328703204443398,11.352263833297732
OSP_1_26_08_24_20240826_205900.WAV,531.0073,0.6731151552969876,24452.775407008372,3399.510798410446,0.010115572794118214,0.5381575617786671,0.0013696343,2738,-1128.3466234021726,-103.93449504225671,-459.25541542140905,12.430164642162511,-186.34939243949978,78.27463551802367,-33.54104582458179,37.707878582071515,5.959891812086118,-5.557558098635609,19.48783244248444,0.6989700637375285,18.676297479993966
OSP_1_26_08_24_20240826_205800.WAV,631.1818,0.6248998076695977,26018.285980704833,3399.5880597656023,0.009943933987203904,0.5372242647058824,0.001517909,2752,-1058.244960129216,-86.48643502143858,-374.7856830870982,23.704309767667883,-118.04079258306639,76.75118679948474,8.127389405234892,27.08799144930943,24.6338485137161,-20.56112626813509,21.514385417566174,-12.76013370740576,11.280091361698961
OSP_1_26_08_24_20240826_210000.WAV,554.58154,3.1524687046725343e-305,25888.05098957503,3409.8433195235525,0.009466222328305214,0.5392424696342144,0.0015539186,2761,-1094.2156537484263,-97.31723052127842,-421.11615713131664,20.621815081612326,-151.01292829517803,76.66594017287042,-12.102006116990228,36.12964633373034,19.31149803355003,-14.282772294998603,22.931331114678304,-4.515955979941511,16.14208655850695
OSP_1_26_08_24_20240826_210100.WAV,537.4129,0.37774574809633393,25922.252003574395,3406.5652492510435,0.00949000490383172,0.5392675563104988,0.0015465973,2730,-1059.2267590779318,-87.23668037545967,-375.69487806305386,25.409427089652326,-116.73025800817793,74.67642103900509,7.086469108190848,29.401494106619804,25.972099896939337,-22.88797196150906,21.109760344957763,-10.861768242962048,10.313781938252788
OSP_1_26_08_24_20240826_210300.WAV,524.4645,0.5854264066690856,25259.23775695971,3409.291514665842,0.009535989590550603,0.5395115151479896,0.0014716311,2757,-1101.687494631996,-98.86862466157504,-427.58581467842487,19.3075691904125,-155.8744916252028,76.95523159941992,-16.124888959588453,37.42681597837731,17.936094247049304,-13.175817737260823,22.77864244491464,-3.142067401587994,16.727325654659236
OSP_1_26_08_24_20240826_210200.WAV,565.8845,3.1524687046725343e-305,26821.58629812393,3409.4373653588036,0.009309147348217119,0.5390472298492182,0.0016726535,2750,-1071.8598656136494,-91.72104104896832,-394.6714117158307,24.800304605361656,-128.84849119108264,75.05570873562549,0.17508742481319883,32.768383476966484,24.628370641311868,-20.10039250656554,22.01739997977545,-8.340285572701909,12.94597822949218
OSP_1_26_08_24_20240826_210500.WAV,560.55994,0.056001534354847234,25721.434419736877,3406.9937696892653,0.009601008264091774,0.5387709128350707,0.0015091253,2746,-1082.4059124291696,-93.81173355891626,-405.66253118476345,22.292596690427956,-138.58591694544,76.3756066187796,-5.024607042512625,33.65157412226634,21.832260017396823,-16.637169668525672,22.609835308611846,-6.8822734628628215,14.692849264069052
OSP_1_26_08_24_20240826_210400.WAV,543.62103,0.37414640652033726,24633.771529396825,3402.548059841231,0.010011553887802681,0.5380081324460164,0.0013932881,2739,-1112.2503896743642,-99.7679410356593,-438.9471875393029,16.251549713761065,-168.44505495366502,77.5278454533499,-21.968681624420977,36.58380892458007,13.331783029227331,-9.077584566755231,22.07045948140558,-2.606505401041837,17.887617751170527
OSP_1_26_08_24_20240826_210600.WAV,544.92834,0.17913389545958538,25481.442321171515,3404.1490076060827,0.009646567272644522,0.537710000930752,0.0014853562,2744,-1105.3745057764029,-99.10814059733714,-434.5048338881068,18.2784415082754,-161.41996989181385,76.83059211688398,-19.088612736798762,36.780440172672215,15.893976049178068,-11.362470816869923,22.148314473739628,-2.6702876386632455,17.75293902661212
OSP_1_26_08_24_20240826_210700.WAV,710.6985,1.0382443383013475,26976.84550799177,3406.6886847805004,0.00961707039164742,0.5384651462444154,0.0016402712,2733,-1012.7063996265249,-74.6804043531134,-319.04756938405046,29.8576305328984,-79.81452112262599,69.17152246270491,22.718613451368043,17.41990940388128,25.345034698410252,-31.660985106664956,14.397178899282236,-14.227138680631128,4.910180256298052
OSP_1_26_08_24_20240826_210800.WAV,535.5403,0.25229910268754074,25595.31193497273,3405.039116725954,0.00956614505558351,0.5387058329067387,0.0014964849,2770,-1098.0787244086962,-97.23709818073726,-425.398884173518,19.598502007495785,-153.9328561724564,76.52054849595899,-14.000088902546747,36.0153935285353,18.45628418182158,-13.172079689017277,22.84267037835098,-4.1787695065632136,16.420558143088314
OSP_1_26_08_24_20240826_210900.WAV,578.4562,0.21264189780555728,26879.08076014797,3407.945441576304,0.009262671973038246,0.5393384534391288,0.0016666686,2762,-1071.5895395552398,-91.83407895589245,-395.81828760941045,24.536955685480123,-128.7448588119224,74.86244079605724,-0.39510156691224374,33.5101368285438,24.145826662636782,-20.064733123490527,22.194935281002323,-8.286389541555193,13.322784998108542
OSP_1_26_08_24_20240826_211100.WAV,540.2799,0.9061072645618904,27197.157590956605,3412.5687256940782,0.009078730019416607,0.5402401194852942,0.0017075244,2727,-1077.4128940182202,-94.17645261091035,-404.08860992672606,24.917953139703307,-132.73891045366727,74.65228375967895,-4.279590001183061,34.90888128614147,24.268973510680535,-19.088091029508565,22.246867662283623,-6.802922248682583,13.709760970920746
OSP_1_26_08_24_20240826_211000.WAV,544.80835,0.5150816990175933,25884.891980556273,3411.66130509362,0.009511058170074789,0.5403513734409903,0.001526126,2769,-1080.3798856855747,-93.69161111886396,-402.3926572049141,23.167225112903235,-135.63873064454364,76.39095379770801,-3.9235684447147636,33.496989482844846,23.201163975187217,-17.25619213576742,22.96543284437048,-8.357018319619137,14.156728390914802
OSP_1_26_08_24_20240826_211200.WAV,554.15845,3.1524687046725343e-305,25401.775499474956,3407.2815532803033,0.009776113918760298,0.538607304076694,0.0014919034,2758,-1099.7774258307509,-97.880484629514,-425.4936592415362,19.302457807095177,-155.1063082085045,77.30894600019778,-14.60824118373648,35.687614417806245,18.26891751951787,-11.955480503526896,22.70520692927207,-4.933230846578239,16.930946410236675
OSP_1_26_08_24_20240826_211300.WAV,534.1554,3.1524687046725343e-305,23975.514444311008,3405.6081386890087,0.010324634124625144,0.5390108723473567,0.001331698,2727,-1142.7642914028909,-107.55478524474665,-474.4835292569709,10.585877922233967,-200.62877192707074,77.43042399001291,-44.169996585721464,37.92292590133699,-0.33709810386142625,-1.9396082338823788,15.947589120031408,2.0457860800313976,18.29768187130652
OSP_1_26_08_24_20240826_211400.WAV,529.33716,1.0018365753003482,25806.60330059352,3410.4085451270635,0.009494551622294182,0.5399547130956813,0.0015332999,2786,-1087.2955895533532,-95.48297777673933,-411.94250364273967,22.253739566808516,-141.96175890318491,75.85772849109506,-8.422095095763078,35.36216522269028,21.590649636243494,-15.783138085746817,22.746843717858518,-6.464382701288366,15.690935165238015
OSP_1_26_08_24_20240826_211500.WAV,549.40186,3.1524687046725343e-305,26793.446654523857,3411.5600686703447,0.009158297379252486,0.5399499866204394,0.0016826204,2747,-1086.0036295024547,-95.50797897481057,-413.2568566561772,23.411237105735204,-140.9443247774728,74.32642714658907,-8.706965954825735,36.185762379685755,22.111631857268506,-16.665107351730903,22.728633146906418,-5.497860444117834,14.585027862882523
OSP_1_26_08_24_20240826_211600.WAV,540.4199,0.1494019395091446,31644.6558359437,3416.3248189206083,0.008625102449316208,0.5397845599869695,0.0023867677,2776,-1040.4269145337516,-86.90707849878928,-367.090881933902,31.99839600651442,-101.88615348563457,70.20244765851312,9.29518434802414,29.388589787886065,28.72847575124846,-28.896544907011375,18.69781634545479,-9.743083250831953,8.26751520946788
OSP_1_26_08_24_20240826_211700.WAV,570.9309,0.0506261338585597,31401.192406883172,3425.0165629548346,0.008715070200125661,0.5413384796165301,0.0022785421,2767,-1047.3319229328818,-90.16374666166546,-376.4388194321498,32.63050023931327,-108.75735841772682,71.18511389232715,6.361701008853109,30.047713610554958,28.877476156401922,-25.72689018428656,18.708814735455363,-10.467717108007761,11.55271021135793
OSP_1_26_08_24_20240826_211800.WAV,569.032,3.1524687046725343e-305,31994.751214506818,3412.349867427414,0.00864072490858094,0.5397078456580418,0.0023807504,2775,-1044.7557609971732,-88.24068742027899,-374.34047715547564,31.449898613314495,-104.67857258259592,71.01896376530637,5.469967023505057,29.95947873202976,30.93539105174277,-26.91464743192285,17.178934683919135,-10.666765726648846,11.830199356626485
OSP_1_26_08_24_20240826_211900.WAV,536.2529,1.041920455037633,27294.870607053792,3414.6037061923785,0.009175708409604867,0.5395369653992926,0.0016786987,2764,-1090.5448144181196,-98.55247536402898,-421.76203899650955,23.497243157038255,-146.5820029333771,75.66869644972071,-12.682700636379074,36.244642986443765,22.115891612622807,-14.280256464476958,21.30926652019596,-6.086351947284838,18.183879231845285
OSP_1_26_08_24_20240826_212000.WAV,526.8574,1.026562696224617,27268.94102756826,3409.0650570418147,0.009051816764872551,0.5393744473659717,0.0016712019,2776,-1092.2713711859783,-98.78623375505282,-425.6921745105456,22.44266111617038,-147.17838574139697,75.9574127205777,-15.913957787842463,36.340854321509994,23.084459656329823,-13.543252496316208,19.48477769972461,-5.319525943196824,19.9295172063007
OSP_1_26_08_24_20240826_212100.WAV,558.5232,3.1524687046725343e-305,26939.336530723394,3412.8985434219403,0.009139403218552842,0.5405149821993671,0.0016300279,2759,-1099.8587553474995,-100.46577509971144,-434.1128819199705,21.53546905485876,-155.44955006918872,75.46110764566174,-19.10457266441413,37.85868548706177,19.14201222904934,-12.409484397978925,20.798619355805073,-3.623467996737718,18.845256933955593
OSP_1_26_08_24_20240826_212200.WAV,544.4867,3.1524687046725343e-305,26949.415070948682,3413.287869107393,0.009380741367092152,0.5397507475102383,0.0016366496,2758,-1093.8157171608027,-98.83278207940856,-424.5758144129796,22.61659680645721,-149.92518178202113,75.94970077990016,-14.634105757511211,36.06450832519199,21.15487250078396,-12.97246232825925,21.397637622117568,-6.153229452540214,18.593517598263695
OSP_1_26_08_24_20240826_212300.WAV,558.9822,0.02804396003364992,28475.21386199834,3412.5702107310467,0.008866104612175548,0.5407967528387937,0.00185722,2773,-1070.6212789051558,-93.10728319901853,-400.24584365049,26.984746707023024,-126.30299010208267,72.7169446535421,-3.0980314381865828,35.01617617043791,26.081241962896915,-21.01986432382549,20.89837417110954,-7.580018243857455,14.20300747128865
OSP_1_26_08_24_20240826_212400.WAV,548.16174,0.8309785060943874,25773.304070633407,3409.568740906993,0.009826119175822651,0.5393711751908041,0.0015767693,2753,-1070.6336798855614,-90.08825221831151,-386.6272723287828,24.087618774728718,-125.65250974082602,76.41649485920165,2.515473302666049,30.091555174890182,24.987279304790224,-18.83455882573856,21.800855191763738,-11.209179767298728,12.608428767937074
OSP_1_26_08_24_20240826_212500.WAV,546.8191,0.8911813203569346,27181.40582551899,3418.385073400421,0.009218246976888852,0.5417933119648176,0.0017701001,2750,-1072.449076092895,-92.57392723844431,-394.76018820997086,25.815135013689975,-127.75326935143927,74.48529911857288,-0.9426006789277165,33.50858088859635,25.15080408464997,-20.39445947154195,22.318090190056303,-8.304418238040602,12.16593507340423
OSP_1_26_08_24_20240826_212600.WAV,560.71155,3.1524687046725343e-305,25026.06600484933,3411.0396137189414,0.009830587126402607,0.540353554891102,0.0014664799,2763,-1101.326628776436,-97.8552062077924,-424.49822732757093,19.254953909727952,-156.25722595960053,77.22862764729992,-14.532283957065326,35.51470802593088,17.872850956245557,-11.319203409700613,23.310471505075217,-5.456090711393139,16.719853393351656
OSP_1_26_08_24_20240826_212700.WAV,607.6692,1.0405823260109737,24376.073566705378,3410.4494259989824,0.0103779140065819,0.5399390793698808,0.0013843561,2761,-1040.819548902527,-80.51668925330144,-341.437087033034,26.209898700066237,-99.49588246337312,75.48077290806543,17.817774481829947,20.10458158658333,25.937874885527894,-24.101949781419236,17.71691373375884,-17.096986145666975,8.062030203361669
OSP_1_26_08_24_20240826_212800.WAV,520.70056,1.0171640595874063,23822.960981382468,3410.229766152864,0.010419485493921335,0.5398198267637752,0.0013201328,2740,-1148.6353148560827,-109.18155285981658,-481.0076305481643,9.904301018781492,-207.12213709319883,77.23549736944437,-48.82021559060505,38.04557229738396,-3.64035983661482,-0.9239318329503008,14.61646740815801,2.854761834035548,17.351962067105344
OSP_1_26_08_24_20240826_212900.WAV,519.0642,1.0799460666516445,23636.141923563056,3406.3141465896624,0.010478307934387981,0.5388730774153015,0.0013093894,2744,-1132.7008931548862,-104.47262130889769,-457.65230509885487,12.156806291690806,-187.81926084756182,79.24553962612394,-33.85991227826589,36.17972342864509,6.171846888552404,-2.8195682850926773,19.371313372080646,-1.4160895128866777,19.268974044335433
OSP_1_26_08_24_20240826_213000.WAV,533.6714,1.0986122886681098,23723.406810300672,3410.7104438060737,0.010477613313777405,0.5399848898222264,0.0013136656,2720,-1152.4930178369173,-109.94601062432436,-485.35758917669006,9.371398851221556,-211.21653635544916,76.92381496983255,-52.149087243876295,37.449750773533445,-5.9836995504852215,0.06595179696531413,13.049668424755803,3.227844186404873,17.385317984222866
OSP_1_26_08_24_20240826_213100.WAV,514.0503,1.0975915277035218,23716.03649418027,3410.1236002070486,0.01045860934480697,0.5403230145895384,0.0013133773,2748,-1131.7391446442257,-104.75401927272934,-457.2133092746797,12.95051817490233,-187.03497503138428,78.62023401539255,-33.46488329832075,36.48625555509739,6.553906185057475,-3.2786078840097694,19.659028445627264,-1.0259878753355283,19.035314409737957
OSP_1_26_08_24_20240826_213200.WAV,513.2213,1.095641474525473,23780.725168207264,3409.1069543363524,0.010376159649876367,0.5400488790255026,0.0013179036,2754,-1153.2769723332492,-110.18570283821393,-486.87246087676834,9.002658033509517,-211.7128501675521,76.88685206560916,-53.2440696309224,37.6640670534299,-6.343347662125275,0.05370156803512912,12.729303435842226,3.67455969288999,17.18252312209564
OSP_1_26_08_24_20240826_213300.WAV,557.6988,1.0986122886681098,23858.54489113152,3410.4897530811227,0.01038644469584619,0.540835291790767,0.0013260165,2736,-1108.3100216602438,-98.75746437429314,-427.1491194383414,17.33111369830246,-161.92669075181266,78.91817039972389,-15.840342469193214,34.26889805377062,16.104645752882096,-8.211840064672849,22.407713622785625,-6.3814028487352665,17.506541427601977
OSP_1_26_08_24_20240826_213400.WAV,513.913,1.0961397578767835,23722.155009087426,3410.6223540487613,0.010419848849056166,0.5397681991111318,0.0013141256,2733,-1145.9753255955272,-108.56539952133262,-476.2848901932699,10.466099485474022,-203.1581786783234,77.5777741730754,-45.434368125770426,37.69314160583678,-1.2713232977303024,-0.8771280013008977,15.51907074918437,1.8206429720385233,18.110192292230376
OSP_1_26_08_24_20240826_213500.WAV,514.0402,1.0924032324075321,23592.51052612855,3409.6316422994114,0.01046981767726234,0.539937988644825,0.0013055248,2743,-1148.1990660367144,-108.85026868807672,-477.95662326198124,9.858351613499906,-204.90993775967402,77.8119523166365,-46.85523041725297,37.051523552732924,-2.464929736998229,0.038728413658907127,15.364172111737096,2.0313016067953757,18.14923819786482
OSP_1_26_08_24_20240826_213600.WAV,513.5121,1.097319888741924,23614.14306074209,3410.444440065071,0.01046706835517692,0.5397220250837677,0.0013065015,2760,-1150.7398027283782,-109.54316505782211,-481.7497539327641,9.450586752576314,-208.4550419364673,77.63364844804326,-49.179218997787935,37.2409276686958,-3.9111298295217063,0.39084265445603866,13.892740302639094,2.498876945320597,17.624944665909634
OSP_1_26_08_24_20240826_213700.WAV,513.6461,1.0926898114716685,23817.69776194669,3414.1872213303873,0.010338561418976298,0.5406527771314222,0.0013201993,2752,-1146.7206799313713,-109.08632051676065,-478.2037511110203,10.836141807368676,-204.33238441405948,77.20757049052713,-46.74956315969191,37.61034778489711,-1.747658985308478,-0.7537305515561868,15.608640381396802,2.3238366237019665,17.80397007601573
OSP_1_26_08_24_20240826_213800.WAV,534.2617,3.1524687046725343e-305,23876.13499365081,3408.246798094519,0.010317738727771683,0.5395991367274758,0.0013311572,2750,-1105.0162635271233,-97.68125173139117,-422.93411910731527,17.766646682603394,-157.8429968610922,78.69076671982769,-14.088268213105163,34.07319647967251,17.215601814841676,-9.013857816561591,22.954826541558564,-6.896963680488667,17.00659196696489
OSP_1_26_08_24_20240826_213900.WAV,532.96204,3.1524687046725343e-305,23891.53808619414,3409.7872032511623,0.010360118476104779,0.5392242908832837,0.0013286523,2725,-1128.057870654494,-104.02271066020158,-453.70491028161246,13.662909259367067,-183.43103384627048,78.67023145537806,-31.22319318360096,36.64510197453758,7.874567501067153,-4.326740155519712,20.340505704681437,-1.6423695447634392,19.06913580836977
OSP_1_26_08_24_20240826_214000.WAV,527.7699,1.0338750044667182,26264.80918708733,3408.980735227047,0.009453729186554849,0.5395944102522338,0.0016456929,2744,-1084.7703814921638,-94.32202746421413,-407.04120747043476,22.569837089074973,-137.67219903227982,76.14926674762283,-6.8099093163964355,34.3681934573708,23.64007255324343,-16.54463464907563,22.009378487596592,-7.521254562778939,15.320769425681695
OSP_1_26_08_24_20240826_214100.WAV,550.7354,0.34848793010820517,38651.44099425564,3404.7542622424085,0.008301946988182412,0.5404957127233805,0.0033173272,2763,-1002.1114680952502,-77.47984637146034,-331.6665042457833,34.30171263892452,-68.50071626694033,66.09297945783261,15.659704050178817,19.852862701767954,28.187307523935083,-32.930747926769385,13.481547528641437,-12.931706479375961,3.6031805636617356
OSP_1_26_08_24_20240826_214200.WAV,590.63086,0.028940709673773095,35255.15529498439,3415.2448182148914,0.008739188290730683,0.5402153963840283,0.0027613724,2754,-1004.4316516095715,-79.0142449688964,-329.5944389781444,35.434248965972124,-73.86250485535493,67.51154087172132,16.78786360498483,18.816911541245965,29.22910762245046,-32.22275880315268,12.361249196641584,-14.71263956196154,6.9951412467329055
OSP_1_26_08_24_20240826_214300.WAV,569.32825,1.0182288380338025,25490.636034191342,3410.0553443277404,0.010052810427621905,0.5393300912137007,0.0015026623,2771,-1052.974096770004,-85.30615494138468,-362.0045052675416,25.413676717643042,-110.84728332795784,76.89655656872961,11.158039467484983,24.68121937569164,26.590123467694998,-21.988726575891093,19.43195919619382,-15.010418576568187,10.614548909447272
OSP_1_26_08_24_20240826_214400.WAV,536.0554,1.0638975434290188,24150.28321681225,3413.5120773979143,0.010318147808103015,0.5409170961699553,0.0013605105,2745,-1087.4949052480154,-93.7628778078611,-401.1046000475468,21.05305947450478,-140.8946428609688,78.56958297334302,-3.841967106102898,31.25126732373508,21.719985074852445,-13.218125084292724,23.047726241945316,-10.761241098000822,14.717203732564023
OSP_1_26_08_24_20240826_214500.WAV,518.3672,1.085427140134498,24496.152518700022,3418.653037861887,0.010063676636000472,0.5415246300260611,0.0013772699,2765,-1120.5657734769716,-103.77223745817554,-448.38447931695697,16.706455318108823,-176.35035456907224,76.93458843340899,-28.07044172905448,38.37599228762443,10.996110506384577,-7.006441290334037,21.635487839736484,-2.3220175803287346,17.783224409273863
OSP_1_26_08_24_20240826_214600.WAV,516.1298,1.0967234073634944,24081.530271896914,3415.7754661506374,0.010255931412066774,0.5407636675120998,0.0013450996,2770,-1123.8280908579038,-103.96050340403697,-449.2819839162431,15.380423757939221,-179.20725584798956,78.26978567432096,-28.635051931540445,37.39178560314017,10.035659498744383,-5.311097389581985,21.40388028588516,-2.619162794531724,18.441839008939624
OSP_1_26_08_24_20240826_214700.WAV,511.98145,1.0972796566070324,23666.326653549284,3410.9585810964504,0.010468142350294968,0.5402466638356291,0.0013092011,2746,-1155.1320335168466,-110.91054740500421,-488.3149556664349,8.528995353120388,-214.1064818397169,77.03180999163833,-54.22197641323879,37.92394419533866,-7.127779484673417,0.7422965071019628,12.641107535360133,3.3955796509245175,17.050859007463153
OSP_1_26_08_24_20240826_214800.WAV,514.0148,1.0981710426390423,23681.102468652418,3409.549854837421,0.010434643119352263,0.5402684783367461,0.0013161122,2747,-1118.6631877231905,-101.23935471379609,-439.03672889733394,15.243983101790498,-171.93171747847126,79.39715165645308,-22.57273456762345,35.43009592530838,12.934385992167599,-5.719621574757551,22.10179826859205,-4.698729614751084,18.388868196539548
OSP_1_26_08_24_20240826_214900.WAV,513.6077,1.0934397251303665,23593.169730782356,3413.1007951563397,0.010511896514028885,0.5407047683590841,0.0013037248,2735,-1160.2445445071849,-112.06920560043827,-494.57912862968954,7.807777597776092,-220.0687528918623,76.74254286448424,-58.805666922295615,37.409739008752226,-10.534406865375214,1.4468657800975315,10.46446367397973,4.216443874383851,16.190311837872013
OSP_1_26_08_24_20240826_215000.WAV,512.585,1.096930585078462,23744.34694082816,3414.4932121672236,0.010434808417629749,0.5412170455603127,0.0013134127,2751,-1153.1057465763404,-110.93616261811327,-486.3540260030759,9.44766866127189,-212.22086297891497,76.92819505166484,-52.55095304690111,37.83477752310845,-6.044940853429627,0.5674668031463261,13.173235915273803,3.08429306954001,17.19327768299784
OSP_1_26_08_24_20240826_215100.WAV,620.94446,0.4624425873001325,66790.79504364062,3383.740342888458,0.008199118345007446,0.538642207278481,0.0065618707,2775,-927.1046481028259,-60.28767859743233,-272.1298496822831,34.782753990617465,-27.503515325678055,56.400568208795576,24.26914425834623,2.1237518434622693,18.349318406370056,-39.79980164572691,7.278624515655503,-4.033637328444675,0.9813372506427757
OSP_1_26_08_24_20240826_215200.WAV,520.5246,1.0356231297679908,24581.051792348393,3415.7814100861838,0.009994876730590832,0.5423612161438943,0.001420929,2765,-1076.906646272186,-91.13506464075746,-389.390361453,23.323705860249998,-130.4053570692742,77.0186355189682,1.231161892298428,30.65975409352165,24.493437186425897,-17.44961499132348,22.541548769576224,-11.278766154823657,12.379693757462071
OSP_1_26_08_24_20240826_215300.WAV,552.9244,1.0986122886681098,23978.556075990542,3411.507647494029,0.010199303293226354,0.5409658152224497,0.0013403193,2754,-1132.600026499143,-105.29318198096861,-460.0242016722813,13.475240591916496,-187.58318490146004,77.39650509121753,-35.16496616088887,37.69603605128955,6.173838805276977,-3.514107443756972,19.547857439466515,-0.13373400554629958,18.509341979859094
OSP_1_26_08_24_20240826_215400.WAV,513.9448,1.0976707845894973,23606.4563624902,3413.5137530200154,0.01047194665270574,0.5412279528108712,0.0013069795,2743,-1133.939293069218,-105.81177351286826,-458.82699231080653,12.768719366992013,-188.84032752945055,78.89647176112753,-34.714072897006055,36.82752842789027,6.250758408359349,-2.4076165286477424,19.012854497911967,-1.2564826813501542,18.50622902890355
OSP_1_26_08_24_20240826_215500.WAV,511.635,1.0980106715502491,23602.845199388415,3412.685652541847,0.010437546068077144,0.5408567427168652,0.0013058939,2737,-1151.9516017742262,-110.24611353299775,-483.23101509749847,9.389667409923886,-209.40560336628198,77.24028120274755,-50.54268468782127,37.621182242516134,-4.489195730621806,0.5107615835282363,13.974418861625177,2.802788462151687,17.253035903199955
OSP_1_26_08_24_20240826_215600.WAV,515.77356,1.097452416760932,23617.114211727334,3413.3324789551266,0.010469967939535071,0.5409876297235666,0.0013092702,2757,-1121.3258045034552,-102.09591776610903,-442.1008849253095,15.316882054779692,-174.4544402787177,78.78116304701076,-24.90168809594797,35.67396614100363,12.14312181749213,-4.939408065584447,21.67487146563781,-4.131801213999629,18.3944588917462
OSP_1_26_08_24_20240826_215700.WAV,514.14935,1.0389209231718926,23566.00803589194,3412.016535813599,0.010463400530799123,0.5403637349916233,0.001304637,2757,-1144.0615292098564,-108.2216064475857,-472.2053441148083,10.989855610878116,-199.49094308286035,77.71610627782488,-43.47598772363577,37.672691067472826,0.45140041031024425,-0.5639189836009065,16.37300843348738,0.9783214142081467,18.341107499223618
OSP_1_26_08_24_20240826_215800.WAV,512.7388,1.0967247938944857,23557.982881786513,3413.0350670273538,0.01051059543983589,0.54134902329207,0.0013021244,2756,-1163.4746704286247,-112.88440601546345,-498.7641516587454,7.388144469945871,-223.08237563192583,75.65194132659425,-61.827344077861014,37.95804240597509,-12.424017894149422,2.0278792584165037,9.189019746855356,4.9709479156842,15.214332957707434
OSP_1_26_08_24_20240826_215900.WAV,513.4623,1.0971266313076025,23570.43327221115,3413.7179520291575,0.01049995908435413,0.5405138914743113,0.0013035627,2762,-1157.0017771618159,-111.57503387327654,-489.95712052108246,8.563167816959451,-215.5836034102818,76.43145077385596,-55.78760782813156,37.83273393992863,-8.058818115858386,1.3024187109055603,11.942326765751334,3.6177648056807525,16.484817233820163
OSP_1_26_08_24_20240826_220000.WAV,513.9933,1.0977419723972612,23561.767982516274,3412.3934802382987,0.010442388102171976,0.5402993822133284,0.00130475,2759,-1148.90180673304,-109.37865887930046,-478.48750629488876,10.143310203514599,-204.96958802969067,77.58871990038807,-47.567070697157675,37.5719312234701,-2.149891853749787,-0.036804811336491224,15.030217683163118,1.8777298769104964,17.9099368623166
OSP_1_26_08_24_20240826_220100.WAV,567.42505,3.1524687046725343e-305,23946.59661912077,3410.159538861292,0.010432401684216564,0.5404266334698437,0.0013546931,2743,-1063.7849559944846,-86.4665359882597,-368.81764615184005,23.834908227597957,-118.00651725602737,77.40680962789705,9.17254428735905,25.713408124991897,25.24591301754952,-18.893496812029163,20.730969213504565,-15.279736862323885,11.31415112258993
OSP_1_26_08_24_20240826_220200.WAV,517.42303,1.0953089771566114,25270.489156773965,3415.9388132905538,0.009734162974581486,0.5409978098240878,0.0014626515,2774,-1109.372700724386,-101.46927763440272,-436.67388069021354,19.246057638025924,-163.1306090921476,76.90563896864454,-21.50600279353819,37.320743847979536,16.52466053633024,-9.664451338168016,21.99401237019339,-3.6412869581422465,18.35181215511004
OSP_1_26_08_24_20240826_220300.WAV,517.2649,1.096177484821159,25874.042567095283,3417.640328123988,0.009473815051216803,0.5414969983246463,0.0015123208,2755,-1111.678884245183,-103.38383605306096,-444.0740874462204,19.58884931533243,-166.67433931412603,75.69683110993049,-24.67621750160279,39.41719247624319,14.82893054236471,-9.453737230923194,21.70835905261146,-2.530170760809158,18.511349440193378
OSP_1_26_08_24_20240826_220400.WAV,520.7776,0.9686804111680167,25194.304429937205,3420.2622109033805,0.00976008306822088,0.5417264141613924,0.0014450424,2745,-1116.7910679121067,-104.0226955776923,-446.59704813236596,18.72373109269353,-171.51418632944137,76.54639166072828,-26.12534502392251,38.39071465525135,12.83429766583319,-8.222116797614962,21.907650341941984,-2.233258567200417,18.638809413564204
OSP_1_26_08_24_20240826_220500.WAV,515.977,1.0724584534391086,24934.609815937598,3419.856473322192,0.009847223038617167,0.5414602772477662,0.0014143256,2772,-1122.2385282355776,-105.13520488435454,-453.26698964370485,17.200727422548237,-177.4858456786576,76.41426983155712,-30.44458765366665,39.0725808445911,10.61206226482257,-6.821774553342995,20.961351242634063,-0.9628610550407548,18.819769277460658
OSP_1_26_08_24_20240826_220600.WAV,516.7405,1.0976307089270925,25094.273667774658,3421.20168369208,0.009748573094370988,0.5424699250744601,0.0014294591,2774,-1119.4413737951443,-104.6548232707342,-450.25136459674303,18.117554548682982,-174.60031737715033,76.13681140248957,-28.2317560353195,38.917960302548295,11.504479853570343,-7.524701540465287,21.718312774439426,-1.8151132602713127,18.611768021397513
OSP_1_26_08_24_20240826_220700.WAV,533.648,0.030285839129713766,27610.457144255714,3415.659707701764,0.009207334166978094,0.5406989511587863,0.0018382889,2769,-1062.8048823743845,-89.97831711254432,-382.8712330626436,27.218547703765203,-117.34329627779542,73.74449969304979,2.8273805248102906,31.572629266171383,27.22689615870131,-22.24455710093743,20.875275257636797,-10.890684575636943,11.695153707392777
OSP_1_26_08_24_20240826_220800.WAV,528.54144,0.595497404759464,25455.200759620373,3408.8157658849664,0.009953820443978639,0.5403335582650782,0.0015529172,2735,-1074.0401321931076,-90.52490762807221,-388.11533461375353,23.333163187735,-126.76073447606421,77.10720670245031,1.6536921659905306,29.911608003991386,24.825504360731596,-16.90694023850194,21.663469296085307,-12.30633822373095,13.297978177068549
OSP_1_26_08_24_20240826_220900.WAV,550.43097,1.0986122886681098,25563.33976204082,3405.7995914780804,0.009846963606431777,0.5382789958348846,0.0014930357,2780,-1099.2832259968982,-98.2570863411399,-424.6966062798673,19.203210033559483,-154.9218636215339,78.45040424248135,-14.044308244205649,34.78192933129407,18.52316635311842,-10.902659735658483,21.637735839774084,-6.394699799478964,18.786563020842472
OSP_1_26_08_24_20240826_221000.WAV,531.5678,0.09618937502564377,26691.853060351186,3417.880785834512,0.009351958217257792,0.5395896837769918,0.0016257357,2772,-1093.0007603990937,-99.08369400395581,-421.87388687463795,22.802116172620842,-148.566702481808,76.73511740869743,-13.64855029088752,35.71747310404726,22.066517794272222,-12.835434829489765,21.007271054646605,-7.11265333432897,19.369710732092788
OSP_1_26_08_24_20240826_221100.WAV,523.7163,1.089045651578411,25478.987748094783,3412.328560169583,0.009709684174096872,0.5391101283274385,0.0015028744,2750,-1096.1645787081766,-98.0220113017846,-419.4214304992158,20.76126051468717,-149.5649030256853,78.18380956318978,-12.965289139265868,34.33522893432429,21.31573130758475,-11.29203721590252,21.478682196346522,-7.933961757851319,18.490892161846723
OSP_1_26_08_24_20240826_221200.WAV,589.8491,3.1524687046725343e-305,25553.717555429568,3413.069425467634,0.009908276052933311,0.5400405168000745,0.0015279109,2782,-1090.2654760470473,-96.0707537234798,-409.937266313016,21.64118899124228,-144.38520723030297,77.74408804944886,-7.617051195353619,33.46746108510845,21.636103187544155,-12.839418090276219,22.089219138233865,-9.393165397369904,16.88223190681338
OSP_1_26_08_24_20240826_221300.WAV,525.39966,1.095905239919883,24560.117648536,3413.233611449333,0.010174489728004946,0.5405026206487342,0.0014101255,2758,-1106.789367824915,-99.21773216376276,-427.6244059639948,18.4927421558618,-159.78218580552544,78.44299056391613,-16.562957268763352,34.72878648481427,17.672003140396942,-8.414235743162198,22.06806794560291,-6.912826208915541,18.435367721783024
OSP_1_26_08_24_20240826_221400.WAV,542.42883,1.088632968640027,26999.985694300492,3417.4046517414936,0.009586859837808217,0.5406149653294863,0.0016686162,2775,-1096.8682285585257,-99.63488062090002,-426.0183971988204,22.566652984754924,-151.59597344162748,76.12497614687737,-14.68350732211146,35.9591897643968,20.145944888138985,-11.034128329793797,21.98128904906671,-7.837219307588469,18.632974471925106
OSP_1_26_08_24_20240826_221500.WAV,542.9365,3.1524687046725343e-305,23866.419576274926,3412.172129231439,0.010419307041069503,0.5406451420560313,0.0013431052,2744,-1103.7375651516106,-97.5105894134668,-419.64007425879345,18.389722176074724,-156.25718109829796,79.20624509297728,-12.822430031068867,33.12979188953513,18.554234493918678,-8.763154557703166,22.62891337027383,-8.295181757082833,17.622802576981254
OSP_1_26_08_24_20240826_221600.WAV,541.0017,0.5063351441665238,24740.880572081216,3413.705468255781,0.010204363711737816,0.5400368810498883,0.0014436232,2749,-1088.6154842682565,-94.61598964766043,-404.0255205043915,21.347032292062668,-141.7714439855904,78.41669035397274,-4.999747723055528,31.85318460392944,21.955032832703818,-12.692076892957035,22.510129701570506,-11.010432229508819,15.78424636475184
OSP_1_26_08_24_20240826_221700.WAV,522.58606,1.0850625658105106,24397.151758365464,3413.113747687128,0.010096117382025883,0.5411574192572599,0.0013949104,2764,-1114.7417180605973,-101.31440555803967,-437.92661388679556,17.345023554029755,-167.41616156496798,77.90043720955431,-22.317069656638157,36.068673431772964,14.289875302510941,-7.169114661942859,21.738215840505212,-4.264671449956492,18.96626662788732
OSP_1_26_08_24_20240826_221800.WAV,516.81934,1.0948278072840683,23753.89774263151,3413.411457855109,0.01042111802470145,0.5409040074692851,0.001329115,2752,-1110.074441750788,-99.25432343714415,-427.4111116688393,17.43327044799338,-162.33738860567843,79.23390084393868,-16.611006161945355,34.23213619635686,16.372447257105872,-7.499148164743938,22.680168387856977,-6.851334605465587,17.858606109982084
OSP_1_26_08_24_20240826_221900.WAV,513.55865,1.0980472180188525,23477.844399728077,3410.428752606618,0.01052896079317596,0.539942715120067,0.0012998561,2745,-1117.222429871295,-100.77169309260091,-435.1776203602498,15.440242174149185,-169.93817881498467,79.80124991092872,-20.802213124973736,34.58060519806675,13.544175428581555,-5.591636270441252,21.707219882043166,-5.471317762051625,18.55443553146221
OSP_1_26_08_24_20240826_222000.WAV,513.4874,1.0481257662909824,23404.95153074597,3412.0990887277835,0.010534948593171004,0.5405927872533507,0.0012930606,2756,-1162.2448065891606,-112.38980085406385,-495.07484791988344,7.302620554963988,-221.016136948336,76.94216356667268,-59.39927333685751,37.441580057850324,-10.988821266251325,2.170708284577481,9.948748257556913,4.18264851658084,16.246305671206375
OSP_1_26_08_24_20240826_222100.WAV,529.831,0.1899604994058842,24655.246940891902,3412.884229549244,0.01000997826862114,0.5405168000744601,0.0014095643,2760,-1109.2568335791314,-100.2401067233843,-433.15215282179526,18.453604610776136,-162.4937263546478,77.60194010917189,-19.811141425297382,36.19541275342581,16.662653501292354,-8.947959417863938,21.61835182046635,-4.88130722464871,18.7147610444385
OSP_1_26_08_24_20240826_222200.WAV,514.38605,1.0963274534997498,23536.77268022624,3412.04302268887,0.010504766260314715,0.5403164702392033,0.0013047747,2724,-1129.776280981844,-104.20729426683323,-452.43856969846263,13.494431651550107,-183.75217050409728,79.06907746577251,-30.808219787623127,36.063788543425844,8.439625322506107,-2.983190482113633,19.97216399290509,-2.5849004982512023,18.954378905362308
OSP_1_26_08_24_20240826_222300.WAV,532.0519,0.5297061990576545,23571.501252340313,3413.042305603095,0.01049314936595102,0.5399161741437081,0.0013081627,2767,-1111.0971649124183,-99.39482947319927,-427.80287519424525,16.933567903090147,-163.62061022988064,79.4597482562027,-16.433617367122785,34.205375810281936,16.057810154209594,-6.943902042847115,22.666274341825776,-7.011256966707701,17.59315118596443
OSP_1_26_08_24_20240826_222400.WAV,528.4236,0.7115109075961608,25805.59866636621,3415.814045946608,0.009652224027367614,0.5400681485014892,0.0015665175,2737,-1063.6993450556206,-88.98727690984069,-377.8171072955072,26.4415125566522,-117.8789175720534,74.97631058942993,5.440778286907193,29.31780901098187,26.441264565930503,-21.336816548349635,21.111598572407498,-11.775666327896673,10.694116631322592
OSP_1_26_08_24_20240826_222500.WAV,574.58813,0.9709939885909775,25151.167378067046,3415.515212959927,0.010000927972815135,0.5402939285880491,0.0014841597,2765,-1077.768578722112,-92.2863098916563,-391.70409341475613,23.711380134987877,-131.24832990231994,77.45189527030686,0.4237845706793017,30.5996454030435,23.88623077253295,-16.465934856226518,22.246143370867273,-11.663844075309125,13.123213580209638
OSP_1_26_08_24_20240826_222600.WAV,515.79016,1.0909579984052877,23565.653702244825,3413.116106592831,0.010480061058601345,0.5409847211234177,0.0013053834,2749,-1139.2173554790907,-106.74221221530028,-465.3150162451423,11.912986132278789,-194.49589604368816,78.92418018468902,-38.98879149694888,36.53753638178446,3.3352974118013132,-1.5289599427261444,18.183143606106984,-0.4393675764544301,18.65250407300697
OSP_1_26_08_24_20240826_222700.WAV,513.4509,1.0979354708499232,23583.784934583797,3414.181605995838,0.010447707346185053,0.5403531913160834,0.0013072491,2752,-1137.163424240796,-106.36307513382681,-462.87140474614876,12.655494989289005,-191.97281255196535,78.04363490451027,-36.969200698907336,37.06403958235643,4.411825369151747,-1.9852614378822009,18.610729172170256,-0.5273124915735368,18.61599495464937
OSP_1_26_08_24_20240826_222800.WAV,516.16626,1.0974379534849632,23712.48569758651,3413.743141033058,0.010389476674514807,0.5404717167721519,0.0013233142,2763,-1123.9560019357434,-103.04441335034937,-445.79623501768026,15.119917615944448,-176.97823777715857,78.73175274797245,-26.743443786545907,35.9469732263968,10.638722277201987,-4.424357965364459,21.487832194248536,-3.2892701550120194,18.499312919134564
OSP_1_26_08_24_20240826_222900.WAV,515.14453,1.097499012606531,23652.212648940313,3413.2804309738403,0.010478343251726299,0.5408556519918094,0.0013140612,2753,-1121.7486097707601,-102.50856902476406,-442.6755061009408,15.195173935088446,-175.33944306839294,79.16614304068136,-25.13522658094189,35.61333008577349,11.568559824325652,-4.664072771163578,21.394896515792155,-4.066718519395463,18.960874327849616
OSP_1_26_08_24_20240826_223000.WAV,546.7219,0.9738208376564121,24227.62701786427,3413.3650440046617,0.010339546831798893,0.5407207656599032,0.0013852493,2726,-1053.2166904231265,-84.34212795338368,-356.475759769129,25.645898534696318,-109.15336473644541,76.63242752877231,13.204609290433064,23.22233157287982,25.621859179165636,-21.24213251126371,19.66712482276256,-16.701297723670947,9.94510855086021
OSP_1_26_08_24_20240826_223100.WAV,512.55023,1.0930760052836157,23469.705692818334,3410.840861343344,0.01052011424617853,0.5400321545746463,0.0012978702,2741,-1153.6542696763524,-110.13333266438117,-484.22358970637447,8.900548646815086,-210.60527227656556,77.42974081624297,-51.587366510441,37.41945099638729,-5.4950017610964315,0.7304997498739235,13.60276562154172,2.615347791916439,17.360332172961503
OSP_1_26_08_24_20240826_223200.WAV,521.26685,3.1524687046725343e-305,23512.500253189188,3413.142503293234,0.010464344468988201,0.5405317066502234,0.0013033069,2743,-1144.9336394097934,-108.02685402707363,-472.3760488989894,11.031628564595906,-200.28614759546102,77.79697831092327,-43.510467693649815,37.27000730733973,0.2696129878813448,-0.8991254341492592,16.358628205421635,1.1984218014548942,18.379050811699038
OSP_1_26_08_24_20240826_223300.WAV,518.84155,0.8909492650684236,23712.70460498026,3412.8720148330053,0.010375351941255957,0.540497167023455,0.0013270176,2777,-1102.2314363952432,-97.21163648262504,-416.82256771159433,18.674852007883537,-153.50632727616022,79.47803672148304,-10.955908736741401,33.05810927741674,18.431316613181387,-9.535647965285476,23.19009255469323,-8.75916464835336,16.49477273293749
OSP_1_26_08_24_20240826_223400.WAV,574.98157,1.0986122886681098,23464.16789949196,3412.223448320637,0.010555109366983551,0.5405589747766195,0.0012980162,2737,-1153.0553689113767,-109.85900057737115,-483.36078564957415,9.166617452856677,-210.7432948834535,77.09019114820966,-51.62700154886706,37.19989771355025,-5.327660080648778,0.854726723517246,13.406303854627433,2.652798792486083,17.40235228246166
OSP_1_26_08_24_20240826_223500.WAV,539.0115,0.6206212005770806,25242.530034210995,3414.706662357247,0.010020860291361337,0.5406226004048772,0.0015100059,2755,-1038.5141730139862,-81.05835099575634,-342.1312084103941,28.2706412906675,-96.49360088647016,73.75493430386769,17.04238938060739,20.803939645816552,26.713764815985694,-25.229791210660483,17.289103569055943,-16.704205603317448,7.704561233386725
OSP_1_26_08_24_20240826_223600.WAV,540.2999,3.1524687046725343e-305,24987.47431624311,3412.705201539911,0.010218179887820922,0.5397107542581906,0.0015141611,2750,-1071.2590843264636,-89.27601137051994,-381.066081644754,23.94469821023512,-124.60903699380074,76.84899038630093,4.530835621892419,28.36726952121484,25.27022994127743,-17.346653063022032,21.317782825689306,-13.597625996575738,12.329760038724903
OSP_1_26_08_24_20240826_223700.WAV,513.14935,1.0961445049548904,23444.417620233024,3412.1272635827763,0.010531964432357745,0.5397827421118764,0.0012956767,2742,-1148.1143217453537,-108.87122284903288,-476.4242651214482,10.067093063223279,-204.40860963576804,78.08699924838852,-45.95038635476846,37.0317561245159,-1.6412114486856206,0.32244723974225864,15.278109473275219,1.175874004126498,18.391395146589513
OSP_1_26_08_24_20240826_223800.WAV,663.47815,1.0929427419110551,24576.277272761734,3413.356916790864,0.010337771258156337,0.5408745578927774,0.0014183695,2756,-995.9146364518487,-68.25318271375188,-286.22229940208473,30.00075420997891,-66.43520429094936,67.20401205543783,28.118204989651492,8.360365309076238,22.27832146282485,-31.07144669361199,10.800867339688315,-16.55047514193807,3.3154337028005503
OSP_1_26_08_24_20240826_223900.WAV,531.6376,1.0795686076126114,24056.737815866916,3416.685280518913,0.010293338457534166,0.5416093430053983,0.0013489109,2755,-1093.6777176278608,-95.59051435620698,-408.61369193006436,20.57039760506201,-146.9753766236057,78.62297108252022,-6.66902165955594,31.956387812480497,20.59592980118653,-10.999175845174852,23.19757708678848,-10.207010654421984,15.966340430920743
OSP_1_26_08_24_20240826_224000.WAV,527.7838,0.5927749043961298,24186.07112328277,3415.687268292523,0.010179278310880632,0.5405066199739389,0.001360976,2764,-1098.5035324546434,-97.20572715002594,-415.60584015564035,20.082645221996994,-150.5941311898952,78.54788032385375,-10.045362363159033,33.568810456116765,19.228950959759686,-10.580969411992365,23.43322705975371,-8.913939106542275,16.322343281554602
OSP_1_26_08_24_20240826_224100.WAV,513.48956,1.0979293355942676,23607.649674554264,3413.0183677802365,0.01040757280844413,0.5405586112016009,0.0013078067,2745,-1153.5854681067608,-110.38389912084263,-485.2971377123344,9.257018196310236,-211.00221464589268,76.96043096998902,-51.85696216959784,37.563565745500426,-4.944820661994313,0.8058178896455007,13.182733356296804,2.8332060149178724,17.831176660233652
OSP_1_26_08_24_20240826_224200.WAV,513.39325,1.0979049245112695,23611.965534883657,3413.9832335872666,0.010456716642574151,0.5413926522943038,0.0013071211,2739,-1149.5469309612238,-109.88352317625143,-479.92580632885097,10.0957136716709,-206.56261705663823,77.73427720779347,-48.24531332600657,37.41505219648526,-2.8338629036503566,0.20999967010990142,14.653249318912794,2.1700371335232163,17.81704209274664
OSP_1_26_08_24_20240826_224300.WAV,526.5867,1.0929216355441385,23827.67151695372,3415.7205761148707,0.010445560073365261,0.5411854145336932,0.0013296239,2750,-1088.178170289941,-93.81981310633063,-399.5554563143801,21.010384673926712,-141.08483632151675,79.17695210371612,-2.628991660449933,30.70253801780059,21.73044008166158,-12.590810923026691,23.122680769195515,-11.80100674633354,14.898344122031908
OSP_1_26_08_24_20240826_224400.WAV,519.979,1.0956891525270707,23789.39333805653,3412.488510057103,0.010476752212395263,0.5411668722077438,0.0013290591,2754,-1097.9138615107822,-96.09415301329916,-411.6885249381127,19.237678747199883,-149.9100027921038,79.47300751980035,-8.680604571533518,32.083741889310915,19.86718224165861,-9.815608306963515,22.87315498341228,-9.942770813002566,16.204515544437164
OSP_1_26_08_24_20240826_224500.WAV,528.2073,1.0717505200830466,25162.19265069181,3413.0349838896095,0.009842357134592444,0.5402153963840283,0.0015198129,2731,-1089.8971073684147,-95.02402770697886,-407.6772350507009,21.74279006385234,-141.526832380429,76.73233593304795,-7.269857193539743,34.08975488341806,22.205741981446177,-14.109609672175264,22.64717730615453,-8.630954127061292,15.178943953358814
OSP_1_26_08_24_20240826_224600.WAV,518.63934,1.0964453425883482,24224.32316452642,3411.795772020854,0.010072492511907888,0.5402953828881236,0.0013765426,2761,-1115.3479964517082,-101.17880865474301,-437.9612785891587,16.777631721910865,-167.544464060213,78.12006491626768,-22.53139267538567,36.30136162186729,14.40876092041187,-7.575246035958856,22.095559002417094,-3.6151618226759323,17.85984165195954
OSP_1_26_08_24_20240826_224700.WAV,691.14954,0.6297138228545748,32884.65414460144,3395.018152737133,0.008366782062879734,0.5392846443363738,0.0024425336,2776,-907.2925477411856,-49.26959624188339,-216.38026790154584,32.11270453610982,-15.405886399284203,46.27342201603813,19.95911537952682,-4.180938840487411,16.938536673102778,-35.74221693090305,2.055602959596353,-1.0900127192286893,0.6673790642766051
OSP_1_26_08_24_20240826_224800.WAV,532.3832,0.26569372484714376,24354.137198919514,3413.583495793065,0.010154777420110625,0.5404746253723008,0.0013980991,2752,-1097.158837724574,-96.59414068779869,-413.4959850268316,19.892410593254212,-149.2068618277501,78.84962759670833,-9.56199908868959,33.30112834250588,20.201514376052828,-11.172579772176357,22.657419312284265,-8.501493133841707,16.720611692220118
OSP_1_26_08_24_20240826_224900.WAV,512.7818,1.0949703463544287,23665.625849669235,3413.8093154447156,0.010376795023201007,0.5407305821854058,0.001313353,2759,-1136.5461052009994,-106.48470130157153,-462.7077233138742,12.662552687963437,-191.07198171183683,78.22358396531851,-36.9781238938409,37.286583551674504,4.920281936960455,-2.4221678174663004,18.772340070011527,-0.17597684186620846,18.60136699307119
OSP_1_26_08_24_20240826_225000.WAV,532.1989,0.8097563454672805,23856.51976670072,3410.7971341467737,0.010346137626341706,0.5399550766707,0.0013376125,2747,-1077.6437432750067,-90.27328928728093,-386.25106111256946,22.24181456647875,-129.91588192613503,78.0565995435167,2.5998455347542406,28.99391778502928,23.725247267034096,-15.785997599354891,22.202070770150293,-12.772738981149166,13.071798089952095
OSP_1_26_08_24_20240826_225100.WAV,515.66595,0.6871202589496502,23611.8873079561,3414.121549674963,0.010456942816528954,0.5413762914184661,0.0013102457,2748,-1132.0674662301124,-105.16238497810973,-456.13449813110225,13.353664467413282,-186.50765110623544,78.72665141816084,-33.49791526714665,36.75905194438708,7.393717260561543,-2.9127224162667726,19.66515668794499,-1.6254840816956146,18.609605033801042
OSP_1_26_08_24_20240826_225200.WAV,708.84314,1.0053819037498692,25592.67607676019,3408.9831316975556,0.010249928042859334,0.5393195475381608,0.0015646887,2760,-955.1247577004723,-57.49916098156022,-241.93668190313747,30.46719615596455,-43.09225902349335,58.09602514260143,30.30799430287023,-0.22111038852411904,16.553625169200558,-33.99401828305412,6.578043578146425,-10.547306709907868,1.9174438772914761
OSP_1_26_08_24_20240826_225300.WAV,548.5962,0.95480004302474,24709.85390461078,3415.9471073376744,0.010027689680518327,0.5412930327392033,0.0014157662,2735,-1080.2422240723513,-92.6840358333831,-394.88974074843117,23.024279089645596,-134.16455152892954,76.84424110277897,-0.33319129102356376,31.8378056830051,22.712252975037984,-15.484493856756457,22.885516671298014,-11.317366315989217,13.505999794158422
OSP_1_26_08_24_20240826_225400.WAV,512.8795,1.0971061281090488,23690.79763637208,3409.986878345154,0.010378955200531833,0.540208124883656,0.0013158444,2747,-1137.653671574043,-106.31579072296967,-464.6472348655525,12.069137536431422,-192.32811037038465,77.75206754658124,-37.92583001153749,37.43786810875812,4.151827291685797,-1.996506586654718,17.99341955906923,-0.11107355757317447,18.54191609250551
OSP_1_26_08_24_20240826_225500.WAV,533.55444,1.0390470765283837,23902.94285800287,3408.3951526471583,0.010466109490309048,0.5398052837630305,0.0013329985,2768,-1095.596098087299,-94.9088389992344,-409.4382451390625,18.825352523976868,-148.81301323429466,79.8345363857224,-6.800177615574215,31.101587455926772,20.001552018148786,-10.141582966006444,23.150503430971,-10.154453357252057,16.175537111949378
OSP_1_26_08_24_20240826_225600.WAV,526.1005,0.09313363832327252,24012.481659352998,3412.591784755643,0.010288160423611551,0.5399201734689129,0.0013527184,2754,-1106.4180920416327,-98.58391738592067,-424.7038230096574,18.061554420258947,-159.1445575380296,78.98597674704972,-14.793638223692456,34.01439996846078,17.280305494541008,-8.573872286104185,22.66488043807871,-6.881926179127126,17.41795470675769
OSP_1_26_08_24_20240826_225700.WAV,554.7357,0.6716322004264516,25395.7685525035,3418.8267899623593,0.009815445677830537,0.5408945545188012,0.0014982173,2764,-1055.6025778812584,-86.88091918257241,-365.898365207703,27.12589021123977,-112.19011594866244,75.36382809515044,10.544217639439836,26.319569777545716,25.57206847056431,-21.855023281581804,20.503536785675635,-14.648611050336939,10.247223779361372
OSP_1_26_08_24_20240826_225800.WAV,593.3907,0.9191935266088621,24512.170841568204,3411.572401483679,0.010306386016466254,0.5405429774758005,0.0014080246,2746,-1050.935852655747,-83.34960253998464,-354.5450382488709,25.543358072530644,-107.21626623368444,76.13520125382652,13.693238399045255,22.743309500121132,26.182390062618044,-21.69701471505822,19.3829018094864,-16.670139327924325,9.119361340157512
OSP_1_26_08_24_20240826_225900.WAV,621.19415,0.951173725851161,28353.80404019803,3410.596201313094,0.010144619187265778,0.5396074989529039,0.0018602032,2741,-1012.3102370797616,-74.64241377578044,-315.12747319698644,29.338847176075145,-79.90897589874034,71.1631519793412,23.825528114325657,14.507329221899804,24.31269679243314,-28.93764728967226,14.603154361438099,-17.18050752535501,4.89580258953464
OSP_1_26_08_24_20240826_230000.WAV,616.022,0.27037522750411347,26805.842409696423,3409.344141590836,0.00968648861869878,0.5401521343307892,0.0017713712,2760,-1065.9417331108743,-88.63479659157902,-381.04426210690104,24.898272704691454,-119.6666734241383,75.72749101549155,4.042562486996404,29.133169718017015,26.23291415359142,-19.88682851930501,21.157395359271604,-12.628433189498159,11.66130241720988
OSP_1_26_08_24_20240826_230100.WAV,535.5913,0.021146115205130236,26733.879051385145,3412.1778311585254,0.009800020401853486,0.5410152614249814,0.0017862597,2745,-1048.300341383212,-83.74504800779317,-357.42464518727746,27.315914139273975,-103.71374616517576,73.76133525618646,11.986125446917084,24.825066549534355,27.52885907269533,-23.972996556905418,18.589363694839435,-14.638113400231063,8.524120697733958
OSP_1_26_08_24_20240826_230200.WAV,556.90515,0.34131324178704003,23707.608294299967,3412.3477945384907,0.010505907443579593,0.5405782442526061,0.0013275367,2759,-1073.9758596503825,-89.40461446328455,-379.9811177320004,22.560488811811627,-126.94156491587589,78.63029784200037,4.772253858810734,27.71391005372084,24.138380362947128,-16.539619501488787,21.767573756342507,-13.989992906594088,12.594021539607299
OSP_1_26_08_24_20240826_230300.WAV,513.3197,1.0583799097261761,23415.950608198105,3412.488199558384,0.010550442852761355,0.5405135278992926,0.0012943458,2757,-1155.987342634574,-110.79292613089875,-486.73679412882143,8.660028258629083,-213.30412383385743,77.60678350537341,-53.68003813125198,37.17548035124842,-6.922550014840058,1.3250463293270403,12.852536108719184,2.87294967477942,17.353299111483345
OSP_1_26_08_24_20240826_230400.WAV,511.54553,0.8462362079924983,23417.472533547432,3412.043417513113,0.010591104885182334,0.5400666942014147,0.0012932961,2738,-1158.4798744383709,-111.39167754051556,-490.30123129789405,7.97898031649551,-216.8498201854616,76.89899738340118,-55.81011219476418,37.46111028927513,-8.97357496189751,1.5770240137963902,11.213231572113733,3.5016399630633464,16.32167194405815
OSP_1_26_08_24_20240826_230500.WAV,563.66797,0.47771841282041927,24020.023347993516,3412.1065476620884,0.010321192865529086,0.5406702287323157,0.0013544618,2747,-1070.8003642602823,-88.74078412333174,-378.0829542152317,23.370718549422488,-123.93870862389491,77.81580427640698,5.974257224382095,27.245832131292232,24.29173971440519,-17.161739730592362,21.945041372694483,-14.109392578429416,11.715994398355942
OSP_1_26_08_24_20240826_230600.WAV,565.76416,1.0170276877717574,24739.253955602955,3414.2752764946,0.01015102753764318,0.5408032971891288,0.001435886,2759,-1050.2279687297114,-83.74560918091288,-355.049785993342,26.501905614554083,-106.47916823397341,75.17681205695509,13.909823590841553,23.562678783416857,25.713633843147793,-22.329486075285715,19.70604844791501,-16.24373389114325,8.67738438058896
OSP_1_26_08_24_20240826_230700.WAV,518.8188,0.12974069471942834,23510.537247341003,3411.9518941876604,0.010506371540608274,0.5397194800586373,0.0013014649,2754,-1139.58245852446,-106.85962453438316,-465.37991790329374,11.58568689035799,-194.55663643764402,78.52571747909697,-39.103795697702346,36.8857634267181,2.9347968354194047,-1.3894484618012943,17.958104170493215,-0.10072580381746786,18.886351499536985
OSP_1_26_08_24_20240826_230800.WAV,710.85315,0.27879181856627905,27860.595347124447,3409.0631472862165,0.010271614850443018,0.5400616041511541,0.0018257413,2738,-990.3207524568397,-67.77182493897976,-285.6893461007816,29.884804871091745,-64.57037839610567,67.04714334633537,28.25979723841178,8.387874401584684,21.4069139069911,-31.760301452310365,11.070513637252954,-16.57545573448095,3.437524624533455
OSP_1_26_08_24_20240826_230900.WAV,679.8938,1.0986122886681098,25712.869572075866,3411.9870534153283,0.010355023889503066,0.5398114645383469,0.0015695855,2742,-1043.6458628477774,-82.01450081050386,-346.2900348299591,26.46625240551719,-101.97308265002516,75.77947180825252,16.840804580658318,20.88064694091165,25.147529803595962,-22.99491105836339,18.62908712827225,-17.324854772910406,8.48968063230994
OSP_1_26_08_24_20240826_231000.WAV,725.31714,1.0986122886681098,24796.349440190956,3405.490146634437,0.010549321741846397,0.5393751745160089,0.0014434792,2733,-1038.1229337935958,-78.57976253710018,-337.2280491359241,25.577034939935107,-98.02358464602693,75.16460801757742,18.82944789340896,18.780893180169745,25.435938921851786,-24.17056143882393,17.525420534258146,-18.168256974709806,7.683867326084827
OSP_1_26_08_24_20240826_231100.WAV,625.82697,0.0988243018926907,25108.522005589464,3412.779194880787,0.010359536507577271,0.53968203183172,0.0014934826,2748,-1047.2909330222608,-82.87480218685832,-350.6248250054319,26.102173236366486,-105.3174283375112,76.00477971633994,15.563040149857928,21.66053361954852,25.70858892102098,-21.945249640196003,18.66240798080316,-17.011774229388426,8.924842828566968
OSP_1_26_08_24_20240826_231200.WAV,722.4769,1.0765949513660935,28861.241623689988,3411.934839163319,0.010303476155482362,0.5393893539417349,0.0018495021,2741,-984.5149586184026,-66.69582496933607,-278.51827623420917,30.317186768832517,-61.278676775897665,66.75012479878696,28.948385576296136,5.651219165304604,21.131415932153924,-31.58102139710191,9.643632716825536,-15.881949942824312,3.557989110726205
OSP_1_26_08_24_20240826_231300.WAV,694.468,0.9174528948332266,28879.515616618566,3412.9002945927227,0.010335321357776907,0.5399416243950111,0.0018664425,2739,-972.594827458666,-63.408934502019264,-263.7375069424135,30.744932341368997,-53.86713246050984,63.37337261212857,29.80144008777756,3.460310153898456,19.153253778291344,-32.68946685366547,8.439526342280033,-14.385757668504219,2.5275879352262955
OSP_1_26_08_24_20240826_231400.WAV,601.2316,1.091517474726754,24063.544273214884,3411.424663192243,0.01049666697409545,0.5401186854290767,0.0013654341,2752,-1044.8908459495099,-80.89167329261373,-342.99901055721034,25.874440555840216,-101.51209444494275,75.73899762152664,17.55982134742515,20.27015486258343,25.76934103756533,-22.87589787522344,17.976211252285324,-17.873428674144133,8.224491153048557
OSP_1_26_08_24_20240826_231500.WAV,740.4155,0.9456779684681482,29060.160828913973,3409.3914080980308,0.01011972348602536,0.5395267852987714,0.0019184734,2751,-999.8361487977088,-71.4380867730274,-300.2554255699612,29.97918292041661,-70.58742739949098,69.11364612409449,26.40200520640044,11.638534762858168,22.967726124959775,-31.327324855374563,11.955038109454884,-16.636411968767753,4.244410287785663
OSP_1_26_08_24_20240826_231600.WAV,592.8562,1.0797583473627088,24107.353207808497,3413.033377832261,0.01044933541926399,0.5404273606198808,0.0013684571,2743,-1080.8759283503605,-91.73722443723848,-390.0022537338683,21.8680792551979,-133.87546218163408,79.17455295723313,1.7965991346518504,28.966365570644598,22.76063614075585,-14.171563350742456,22.3195624756387,-13.125771990786335,13.942100106442371
OSP_1_26_08_24_20240826_231700.WAV,586.98114,1.0490125121985592,25939.53546528797,3405.683190383902,0.01036802495787595,0.5383724346146687,0.0015386569,2742,-1034.2076290973746,-79.19096696331769,-335.9633143065165,26.158108460095185,-95.36751779112159,75.47858628544846,19.368452964551793,18.65688714333509,25.1208041748457,-24.536235436768152,17.00360032903893,-18.217860856128688,7.858682328771467
OSP_1_26_08_24_20240826_231800.WAV,513.87036,1.0964288104944298,23670.01187059216,3411.9164770423536,0.010369764638787594,0.540449902271035,0.0013182965,2772,-1137.6245145235519,-106.32815390666849,-463.9373931257264,12.495670091193041,-191.63464301953596,77.98229788690612,-37.73880723855592,37.16503010301504,4.493159628649201,-2.0322238420537504,18.17710764720384,-0.4709559129144628,18.686645587921184
OSP_1_26_08_24_20240826_231900.WAV,513.18945,1.089888360967715,23402.31340061818,3412.8044415927343,0.010507513765457402,0.540386640217796,0.0012949442,2753,-1144.9840308672194,-107.92296873564264,-471.4847657026495,11.06197482840066,-199.68431506754354,78.07715546343343,-42.97378949614032,36.939485423977615,0.6969369606877907,-0.32146221163939726,16.705696324972507,0.229058057880504,18.287566069502937
OSP_1_26_08_24_20240826_232000.WAV,685.68256,1.069086187570072,26701.57700149806,3409.82414290636,0.010341743283455395,0.5402975643382353,0.0016423344,2733,-1018.4512451765272,-75.26248223973226,-317.61462581043037,28.116308894389434,-83.89371189754337,72.66375660260434,23.52567635438349,14.56990295469772,24.85754313181053,-27.331550358376155,14.747642148403964,-17.967710399101527,5.400040054093396
OSP_1_26_08_24_20240826_232100.WAV,572.44086,1.0747056246823878,24895.739524413464,3410.4834265871546,0.010288486857684936,0.5394442537695457,0.0014280124,2763,-1077.2694194527596,-91.06450833972934,-389.38232162599525,22.269218954415102,-131.7398041069799,78.8916014109871,2.3677534514582708,28.732334532806565,23.404932380908644,-15.561825227579446,22.389316687294407,-12.80780910448752,13.50133267806607
OSP_1_26_08_24_20240826_232200.WAV,791.0995,0.901934544790332,29477.323669494366,3407.8373662456497,0.00970519504823652,0.5387200123324646,0.002027677,2742,-956.5026816280603,-60.43202161476549,-253.63391601997677,31.764592382718664,-43.74486285818492,58.865466971672085,27.93386491050412,3.202651525023543,18.499702539691974,-35.98702545547011,6.4273136175614525,-10.035063481313488,2.7784126598969956
OSP_1_26_08_24_20240826_232300.WAV,774.5123,0.9487455765076794,29107.57913403942,3407.3102336456836,0.010210690766421096,0.5394667954207,0.0019089594,2755,-954.7156522346642,-58.607747604500595,-246.29323647189003,30.336836676129153,-44.64037495725806,59.806031891818705,30.555600849760634,-0.23472152282609182,16.480756368336387,-33.593441366931025,6.95134433861261,-11.594005903581571,2.3435338392811884
OSP_1_26_08_24_20240826_232400.WAV,629.8203,0.9420846141575742,26259.254257773926,3409.3469847423917,0.010267818246846461,0.5395853208767685,0.001638306,2763,-1023.1549068425013,-77.09071138665993,-324.5505716519688,28.117585274481645,-86.96369273264216,73.06501811514786,22.146672080253,16.859290312062505,24.67604920345652,-27.21964631159146,15.472090435326942,-17.611836144332408,6.293349250841143
OSP_1_26_08_24_20240826_232500.WAV,520.7798,0.6859298002523729,23494.44070634053,3412.064481858893,0.010476939171643608,0.5399823447970961,0.0013017268,2753,-1132.7466398346105,-104.94239369784243,-455.8214608378979,13.116461959105672,-186.4055831714538,79.27001257473272,-32.8275944602746,36.44270295601738,6.916435186942815,-3.0895095310575704,19.63821512279294,-1.9121174968425558,18.7937103713573
OSP_1_26_08_24_20240826_232600.WAV,516.829,3.1524687046725343e-305,23829.415293869868,3414.1020759217326,0.010248952468203652,0.540780391962956,0.0013375505,2748,-1123.4547010446404,-103.04653989749838,-445.87642552753954,15.542169211631357,-175.8375716069857,78.28255174556337,-26.98141702886971,36.634748789505785,11.22815503492251,-5.31778054897679,21.285290845343127,-2.9315196487955113,18.422205653340697
OSP_1_26_08_24_20240826_232700.WAV,653.86816,0.9951662250042848,26149.168997865334,3416.4933965296586,0.010227484445373155,0.5404524472961653,0.001599855,2753,-1020.082343480236,-76.36627088584285,-318.10711387999174,29.331558766107698,-83.83131521004731,72.18611182186466,23.08876612140267,15.328953534009628,24.735962954996836,-27.77397705929547,14.719704147995468,-17.55104357332961,5.584107094209997
OSP_1_26_08_24_20240826_232800.WAV,802.3861,0.8742657677257394,29528.22823954666,3407.492198490547,0.010294912234576258,0.5394278928937081,0.0020025729,2737,-998.193656201756,-70.42304804538436,-296.4321669501592,29.190403715009158,-69.58549262749523,69.66022518598818,26.06271003018531,9.901693515985304,22.87932202742508,-30.346888050401567,11.844453683600882,-17.094568381632754,4.552328165907554
OSP_1_26_08_24_20240826_232900.WAV,544.1122,0.9982018566344976,24032.56715587987,3412.6445776984924,0.010494539444699904,0.5405495218261355,0.0013682328,2767,-1035.0283593590634,-78.54704897409414,-331.583907730495,27.21878055739444,-93.48268369669992,74.21622213126429,19.830498524704446,17.77603435730176,25.62592079768796,-24.763616629947318,16.604801522473675,-18.05061503856571,7.447714204707077
OSP_1_26_08_24_20240826_233000.WAV,515.51807,1.0893252505264925,24096.548100926637,3410.8353814435327,0.01015254483392242,0.5399979785228965,0.0013552469,2743,-1117.0405485850608,-101.53992905325359,-440.01557692747156,16.51051002615475,-168.7475539382297,78.21145477114464,-24.181346069859078,36.00946010254804,15.064917688258236,-6.290473024210267,20.184392348195892,-4.155297521786376,19.81578880593836
OSP_1_26_08_24_20240826_233100.WAV,541.2768,1.0691182824179484,23505.87585506748,3410.624861490661,0.010539384443809285,0.5399856169722635,0.0013087307,2749,-1092.1584331822648,-93.80026273101961,-401.80719707939375,19.797502138434844,-142.98939239032035,79.67752405443213,-4.00764205324706,30.56293692138649,21.131477599688935,-11.287089979076258,23.14073476405079,-11.817771760303993,15.39664233243412
OSP_1_26_08_24_20240826_233200.WAV,570.6361,1.0508543433342903,24042.661062591804,3413.6144283241074,0.010500149941318733,0.5404698988970589,0.0013711513,2750,-1048.6358138816472,-82.43948836081373,-347.8065160546671,25.73445762698874,-104.44112202452911,76.65437827059047,15.487080145032778,21.058987433686173,26.16679126575796,-22.03898615098155,18.645203763037863,-17.55905142772393,8.759847093481886
OSP_1_26_08_24_20240826_233300.WAV,647.4101,0.9599432272821393,27006.483760662686,3407.5514018129898,0.010211063264340002,0.53972929658414,0.0017284807,2759,-1027.5236911429304,-77.99563433775296,-330.94830503681555,27.446059835606036,-90.27896615541516,73.8860045460032,20.491492557940635,17.698707749026127,25.425234121933972,-26.004264425262267,16.4128259804519,-17.654603629947044,6.528316066375963
OSP_1_26_08_24_20240826_233400.WAV,512.8057,1.0974209676440485,23359.667765788516,3411.820352862057,0.010532986461035562,0.5403800958674609,0.0012910521,2764,-1160.2827997537418,-111.6901448905716,-492.0266808533456,7.870211892771417,-217.9974410075037,76.69873044223093,-56.80538592736273,37.41869637456315,-9.266434772031584,1.7518935144595518,10.836340679413698,3.8583620323418324,16.635208157834924
OSP_1_26_08_24_20240826_233500.WAV,513.3476,1.097042708272063,23470.590685213698,3411.872007434707,0.010498420876417799,0.5399805269220029,0.0012975838,2740,-1158.9020599355254,-111.81262877589695,-491.0105964204264,8.071645686793437,-216.71830970864903,77.30303490565501,-56.00242528509032,37.28461332487253,-8.70844854716484,1.3929379956464334,11.49306222099864,3.7758067833740365,16.72480937345465
OSP_1_26_08_24_20240826_233600.WAV,547.7833,1.0471834402292495,23624.536304310946,3410.0960143401812,0.010507843180456503,0.540363007841586,0.001319166,2771,-1085.6470629227779,-92.11479766570743,-394.2907899612904,20.647733777117246,-137.1840631423955,79.52197903661512,-0.5707762368968817,29.24193008223755,22.464958953348205,-12.871992318630669,22.3459162822884,-12.404536571394852,14.46612818367962
OSP_1_26_08_24_20240826_233700.WAV,513.93896,1.0707896672288952,23514.5527048958,3411.2178234935504,0.010500373252892319,0.5406873167581906,0.0013037813,2748,-1128.4575420848741,-103.80984139474904,-450.2585759651556,13.730311863468275,-181.7063481978691,79.55367520980175,-29.232091984881453,35.776586679698966,8.89690352911997,-3.359325433899763,20.564213038456494,-2.948088938719089,18.744909395444136
OSP_1_26_08_24_20240826_233800.WAV,706.4501,1.0870984978744798,25121.791080413077,3412.7000583801573,0.010499336002607306,0.5406556857315711,0.0014769197,2749,-1042.6126978845239,-80.93420222838083,-341.3984258898834,26.312456389531494,-100.15232776052876,76.05814002075135,17.955592946104915,19.359160836933118,25.743082231601512,-23.132167879145957,17.83237011201186,-17.722442035205287,7.95628384452674
OSP_1_26_08_24_20240826_233900.WAV,512.10034,1.097346995512479,23306.269957515415,3412.529292102552,0.010550215652034277,0.5402859299376396,0.0012882152,2761,-1164.3576247308438,-112.6096051069204,-496.81601411889153,7.275103023758289,-222.35193477097332,76.79014996162216,-60.503671108993416,37.19418615663436,-11.91358963990927,2.2675620053887586,9.291985717289673,4.216365497092247,15.50452153683619
OSP_1_26_08_24_20240826_234000.WAV,513.62946,1.0800956999641738,23386.5107090206,3413.473876517131,0.010526122720485627,0.5407963892637752,0.0012953975,2736,-1115.0748536171802,-100.11876809748541,-431.0137016780188,16.513583285520895,-166.27167495504253,80.05210314905912,-18.14760612429414,33.98720449826777,15.061069800899725,-6.417201538845579,22.4188620401038,-6.61717087612436,18.108691346784394
OSP_1_26_08_24_20240826_234100.WAV,569.4889,0.7743056973637518,24482.034243034388,3412.1376302146887,0.010224570837733501,0.5405200722496277,0.0014015883,2735,-1063.4898148264242,-86.94766596988975,-370.3169831688856,24.560765944104194,-116.9478866187736,76.86523506888621,8.536157825144763,26.18951392064048,25.526657252778836,-19.351380246492464,20.90708199577053,-14.289318055339516,10.869618532287735
OSP_1_26_08_24_20240826_234200.WAV,522.1559,1.0746456035711005,24573.919571020917,3412.807602311366,0.009867425028416189,0.5412752175632911,0.0014287543,2753,-1088.6727503168877,-94.32803808905466,-404.5949920901716,21.69329177154894,-139.55384230361926,77.15504991487684,-5.817541045503851,33.46904345595603,22.476216589787562,-14.780652788918264,22.75531929038766,-8.9416785550637,14.529200505198583
OSP_1_26_08_24_20240826_234300.WAV,529.553,1.0717392950543605,24773.55487054916,3413.7216453301808,0.00990927140356907,0.5410407116762844,0.0014858579,2761,-1084.3634869216564,-93.19240496569144,-398.0250805218944,22.524532119850367,-135.35867012291317,77.19690634876628,-2.4421712632143344,32.293373937638556,23.168299358208955,-15.534707274887431,22.46641240755426,-10.291033794690303,13.837586284532469
OSP_1_26_08_24_20240826_234400.WAV,525.37695,1.087236218768969,24071.49102103253,3417.170690351269,0.010195142294754211,0.5414071952950484,0.0013707889,2745,-1095.7921631072736,-96.15344715234077,-410.0109524113892,20.86674423967503,-147.096423921182,78.46785007588451,-7.533695098745604,32.711271768993456,20.254590416912624,-11.22013184034511,23.024477590213472,-10.214095985120688,16.162783069869935
OSP_1_26_08_24_20240826_234500.WAV,529.06396,0.7941645215520653,24955.390118154755,3415.3400606938244,0.009988433164662386,0.5408047514892033,0.0015230234,2745,-1079.5187382793142,-91.78426576499788,-391.0598815702396,23.32278599153541,-131.1134193002239,77.07452454515672,0.4536998747837405,30.89924692494579,23.969018165504824,-16.640548474247066,22.40514020282044,-11.415330960968499,12.668657398514823
OSP_1_26_08_24_20240826_234600.WAV,520.26074,1.0886611493237994,24328.40013957916,3413.4421635879216,0.010003044161910264,0.5410236236504096,0.0014207857,2736,-1101.359611645207,-97.22847448659914,-418.2494803349187,19.66547532347674,-151.98927474767476,77.8189818071109,-12.304477464493445,34.516021646283605,19.60313570419887,-11.00251965282415,22.78173088619493,-6.806549981103857,16.16483638964842
OSP_1_26_08_24_20240826_234700.WAV,521.06323,1.094295726465187,24430.954071986067,3411.746507673716,0.009989414664475194,0.5406440513309755,0.0014317601,2755,-1105.32986928407,-98.49980578735345,-424.05262435182937,18.430856311142495,-156.45922713956878,78.16386782104193,-15.283909443105099,35.616226988169046,18.269201847899645,-10.162543150808165,22.245033587652294,-6.120090696875308,17.296023348064576
OSP_1_26_08_24_20240826_234800.WAV,521.8611,1.0907898123316677,24916.313808030183,3413.7937423231488,0.00974156529147553,0.5408214759400596,0.0014930491,2750,-1102.4579444057997,-98.23615388157165,-422.7568336672263,20.003304543328984,-153.06662970759578,77.00711965232618,-13.859796189179958,36.017901365539956,18.758985310056236,-11.698013541755428,23.140759909778794,-6.01271959198145,15.949441746038456
OSP_1_26_08_24_20240826_234900.WAV,525.8358,0.058900234729443675,26583.167289106288,3415.0812395465236,0.009526939596224663,0.5404579009214445,0.0017644214,2769,-1063.0880170211844,-88.2008512865338,-376.045392795001,26.53931919242228,-115.57759174844048,74.39460069466953,5.8172086766570965,29.341701204347512,26.53392734114398,-22.256281777880982,21.01435102006507,-11.526929972615932,10.338600566513866
OSP_1_26_08_24_20240826_235000.WAV,522.7206,1.0612686868635426,24491.444533422586,3416.105819624285,0.010095204550228921,0.5412457679867834,0.0014427025,2756,-1088.4419807862807,-93.94874889171844,-401.3015500922243,22.145485707556197,-139.52830559781526,77.64592347186925,-3.33334640956401,31.68072637424088,22.22263644289997,-13.790726999246107,22.93503158441098,-10.383541286471338,14.083155706848535
OSP_1_26_08_24_20240826_235100.WAV,537.90137,0.6030483627255687,27041.055066393605,3420.51652330452,0.009328116234048587,0.5419743723240878,0.0017444837,2764,-1069.3388803066407,-91.46235768220616,-388.21995831916644,27.564210886026714,-122.44099690446528,72.77304046566034,2.2409570267614054,33.16045285751091,25.001143118584785,-20.972168925870196,22.78695682439821,-10.462922683774906,10.607420074807393
OSP_1_26_08_24_20240826_235200.WAV,547.4522,1.0648166911400108,24724.33677503056,3418.1805088079254,0.010072661212048807,0.5410607083023082,0.0014512922,2750,-1074.782974051458,-91.01145612206768,-385.5641303552694,24.07188333223001,-127.93716830436415,76.92641000895804,2.799651897973372,29.879370873522003,24.216890878679354,-17.33718927861623,22.523435658809944,-12.460794438322072,12.180563891754671
OSP_1_26_08_24_20240826_235300.WAV,512.7595,1.0974543904201772,23340.98130489425,3412.918083966562,0.010550880299618303,0.5403375575902829,0.0012896581,2733,-1164.0246605642121,-112.73005723688614,-496.8494637434054,7.2955458978229695,-222.00164019512275,76.93167607213104,-60.68153332300587,37.28920015710415,-11.729335994219209,1.9369601219648822,9.292864786134002,4.264167858823196,15.71329101470244
OSP_1_26_08_24_20240826_235400.WAV,512.6958,1.097673616680632,23324.24637559404,3410.0951358467582,0.010556784840971124,0.5393210018382353,0.0012891048,2734,-1158.5305510919102,-110.94053236952581,-489.2600842616049,7.863547381449401,-215.6559881702864,77.39668699614936,-55.5515327171295,37.071075183936934,-8.054961541425486,1.5198183294447303,11.848584076732484,3.4881715874835315,16.933322351649203
OSP_1_26_08_24_20240826_235500.WAV,512.33276,1.0977827605610702,23355.77499559532,3412.869242448597,0.010538391755545981,0.5407473066362621,0.0012909971,2741,-1152.7518477821332,-109.8598719898707,-481.60050560182776,9.561486234589541,-208.73243471321348,77.57903389630015,-49.75873195534095,37.246143423894495,-4.142245686749608,0.7752648562853077,14.052340944333046,2.0749299468791595,17.713747866715877
OSP_1_26_08_24_20240826_235600.WAV,512.6072,1.093616843483867,23301.72974464091,3413.291769151495,0.010574278394738588,0.5402492088607594,0.0012880447,2747,-1143.081213386897,-107.55282094200359,-468.0047563842468,11.358468760881225,-197.31486175019495,78.37781536964722,-40.82979049722997,36.63854352188078,1.6824652101444688,-0.6033035839114234,17.199753057168657,0.21485430772503017,18.594349918340313
OSP_1_26_08_24_20240826_235700.WAV,684.3458,1.0936478155492377,24179.887341445763,3410.7209559831613,0.010539936229988051,0.5397318416092702,0.0013941226,2728,-1001.7813269058622,-68.8017080916095,-289.56598946832014,28.86054092373774,-69.4514786289086,68.92286411628876,27.750302853378297,8.45737316195004,22.757132995585305,-29.956738219236257,11.27922505166288,-17.376849921842545,3.9092247742287567
OSP_1_26_08_24_20240826_235800.WAV,512.97253,1.0979166522750852,23346.966109125253,3412.2619820986984,0.010523311209587662,0.5401743124069248,0.001291017,2758,-1145.399361295466,-108.21876383405566,-471.35729153292607,10.670838759168857,-199.90197986619168,78.63213535855962,-42.978565073401235,36.85106291400687,0.4139616353059675,-0.18366832571564784,16.691064885835058,0.666904545349557,18.501163746900552
OSP_1_26_08_24_20240826_235900.WAV,522.2587,1.0919881033734886,23678.336790223948,3411.431258269195,0.010386343519789365,0.540306290138682,0.0013250079,2760,-1107.1438318581108,-98.29481560854607,-422.98117309437555,17.80616542175802,-158.16437908366217,79.49880990813317,-14.229117045642033,33.84872759195167,17.70083058445418,-8.714592952173238,22.601674622205095,-7.166815596922438,17.410462576001287
OSP_1_26_08_24_20240827_000000.WAV,515.6037,1.096813286000441,23614.536137105664,3412.696198892439,0.010440790093378251,0.5400085221984363,0.001316407,2744,-1108.204487229585,-98.6491413398546,-423.91692072941805,17.520315163645385,-159.94534162413677,79.7646863593141,-14.428202254774444,33.83325690922932,16.902240754586703,-7.996490503130382,22.695090324086074,-7.66503873524991,17.61366340067502
OSP_1_26_08_24_20240827_000100.WAV,514.3594,1.095548609403793,23385.60639989062,3411.457418609093,0.010559505042700246,0.5401190490040954,0.0012939111,2738,-1123.1075242383392,-102.10897126953638,-442.32986436884767,14.72960922812846,-175.4985604537082,79.44110460204624,-24.932321928216396,35.21047418002499,11.466129096671674,-4.508490446162569,21.429028587942973,-4.507832572497376,18.766356394373886
OSP_1_26_08_24_20240827_000200.WAV,511.89435,1.0981106064278512,23404.171430230024,3410.8194959908974,0.010539397004915785,0.539900176842889,0.0012928515,2736,-1160.418010046854,-112.01247479927426,-492.817008677201,7.6650531198959735,-218.00656551450717,77.12473064920108,-57.326662213879544,37.575579203787456,-9.79499054715888,1.6516126215211882,10.77474617062952,3.746897106015557,16.234892598846425
OSP_1_26_08_24_20240827_000300.WAV,533.07446,1.0665077511114585,23658.93973967004,3411.151729016209,0.010502543082711464,0.5401325012797841,0.0013280085,2749,-1091.178984857515,-93.73527100422562,-401.4309331383799,20.122787581780987,-142.63436201637174,79.47739558900341,-3.674950397215913,30.4773792952211,21.56094840755931,-11.831269988483957,22.535969596802577,-10.925729170968207,15.50545966018117
OSP_1_26_08_24_20240827_000400.WAV,519.2086,1.0846076476120003,24131.43002525204,3412.538007057976,0.010256901381710846,0.5405913329532762,0.0013632781,2755,-1097.1742283225715,-96.19694734757591,-412.79791207844124,19.95448408420311,-148.5334986261901,78.60680411468935,-9.277380100114735,32.89874600944443,20.554314179110527,-10.774871635841116,22.604785244571882,-9.222175711648903,16.80201664367103
OSP_1_26_08_24_20240827_000500.WAV,513.8248,3.1524687046725343e-305,23352.692176731118,3411.0145172309194,0.010552100600797521,0.5395504176749814,0.0012907961,2756,-1150.9643558962143,-109.22218641897231,-479.2801026772272,9.62680074841474,-206.82122745107355,77.64110111510351,-48.19133938992173,37.40452022263679,-3.2665058016975737,0.46646250631218694,14.872497108417868,1.3285271078575445,17.84420834931033
OSP_1_26_08_24_20240827_000600.WAV,512.7009,1.0933327638263066,23344.967476558115,3414.8769199224794,0.010535820396562527,0.5416736957836932,0.0012900416,2762,-1162.1142255662119,-112.47550319724456,-494.04179701410067,7.769119714890317,-220.040363876825,77.10613788552634,-58.5586626300144,37.103333420957156,-10.297016371041448,1.9282832987235838,10.057134497820504,3.8457366326223164,16.13749319322094
OSP_1_26_08_24_20240827_000700.WAV,629.33746,0.6887588669096504,24542.95922048386,3413.277423123865,0.010444366717344476,0.5405026206487342,0.0014322546,2731,-1045.2495958629595,-81.92565738253992,-345.55235965908304,26.233331672369925,-102.10480018360946,75.75504199104597,16.53183367028819,20.96940752518667,25.855098020497653,-22.66897119247778,18.176476746256377,-17.576080403922543,8.271670859699512
OSP_1_26_08_24_20240827_000800.WAV,516.8884,0.6365141682948128,23385.54189378239,3413.0251783121603,0.01054166320231803,0.5407854820132166,0.0012931661,2743,-1138.0154029634252,-106.10001602807392,-461.94275241666014,12.280874426603361,-191.7960585347858,78.98552626821225,-36.690324399690425,36.44131021323972,4.836304373052817,-1.803646783301099,18.52443541119004,-1.17179631636177,18.516688150360476
OSP_1_26_08_24_20240827_000900.WAV,720.0967,0.7303739548038715,216237.36071555375,3242.441988760711,0.008384633339150729,0.5017760639659344,0.016415024,2760,-755.478584146332,-27.51550490055623,-196.32458566290975,6.6975586964564755,-24.98788747839455,41.537255722092894,22.36520406983938,0.6430271235658654,4.520389651271184,-35.43014346193289,5.383692737273532,10.344179817162331,9.567945887789868
OSP_1_26_08_24_20240827_001100.WAV,808.24805,0.8786712265303246,419885.10907957767,3121.434544831232,0.007551443568468857,0.47614164453717756,0.067997955,1332,-506.70869750334884,-35.19434221988161,-305.1566005363898,-6.2919364170996195,-69.1774465284457,55.844526221508985,20.041120675688447,13.832782200450476,7.568187467057389,-26.826958584050693,21.00617911389009,-2.5269216503867713,2.128124250355178
OSP_1_26_08_24_20240827_001000.WAV,735.3099,0.6117483033580329,273960.3987623459,3216.0895331779407,0.007852695396703092,0.4933051296072226,0.021394167,2767,-731.8252838296825,-23.510735299015664,-194.00051248584185,4.474229866970191,-26.085663083226326,38.616714202656624,24.039078500337325,0.4817073296172449,2.9199896332704496,-35.23759168668686,4.407971590564339,11.968100430684109,9.177002374421285
