filename,ACI,ADI,Bio_Energy,Spectral_Centroid_Mean,Spectral_Flatness_Mean,ZCR_Mean,RMS_Mean,Event_Count,MFCC_1,MFCC_2,MFCC_3,MFCC_4,MFCC_5,MFCC_6,MFCC_7,MFCC_8,MFCC_9,MFCC_10,MFCC_11,MFCC_12,MFCC_13
OSP_2_25.08.2025_20250825_204500.WAV,607.78955,1.9459101490553132,208769.9588777205,42337.03840155262,1.201633000885799e-05,0.724174706822368,0.0026480958,4128,-1204.3118094258743,-107.87548041336399,-42.73656945349112,145.10041038460145,-127.5595025395485,25.35160553284453,69.45139710905377,-93.2006552993489,52.080786112394726,3.859439484643227,-33.8904704402585,32.97116911390589,-18.915930203332984
OSP_2_25.08.2025_20250825_204600.WAV,621.56775,1.9459101490553132,360182.15151618555,42323.99159697059,3.598696949987552e-05,0.7255899217326507,0.0046430356,4085,-1163.3874048968994,-107.03257009308815,-44.75830345364826,144.50510723598435,-123.91323591531116,23.336461665162755,67.17424620671271,-90.0016806586408,51.77389714145792,2.2157302726721038,-33.08800156886732,33.269573173675624,-18.93774659644577
OSP_2_25.08.2025_20250825_204700.WAV,639.5204,1.9459101490553132,208544.47408640958,42382.29515269368,0.00014295812500771677,0.7257451907604175,0.002772876,4100,-1161.4706730775401,-98.19370037107416,-36.04676799391128,130.6201941998969,-118.72680779291625,27.05705197660702,62.44143479275233,-88.30880674353904,51.49144667568536,3.009471402138645,-33.91606218915717,32.949105640391366,-17.426979682923037
OSP_2_25.08.2025_20250825_204800.WAV,729.44,1.9459101490553132,127300.50040275618,42383.40242141519,1.1002381901036202e-05,0.7252791515858948,0.001619004,4089,-1242.8905050563383,-109.0071628134791,-40.51128659135353,145.822807005148,-131.23273488767802,27.52715457005221,70.87653211309247,-95.74868745626382,52.879717869089035,4.660628520720636,-34.26995195273493,32.312464809591795,-18.703710732566872
OSP_2_25.08.2025_20250825_205000.WAV,543.4732,1.9459101490553132,110245.1018318729,42370.98461044648,1.0793422749777572e-05,0.7241452699189971,0.0013529159,4142,-1553.5436331983742,-180.29930965650433,-100.36711312937055,253.3513887289844,-179.75142031757784,5.662656845029801,104.97734368678994,-109.14579155173641,60.6252194590988,-11.079615894327732,-23.700540009297068,40.468236267057854,-37.741014451858106
OSP_2_25.08.2025_20250825_204900.WAV,577.30835,1.9459101490553132,109849.3133131763,42368.020196515354,1.1034682660324033e-05,0.7241381911367147,0.001346158,4124,-1542.1057661005698,-177.11281139279882,-97.07640545123316,248.55556597881323,-178.3090048510685,6.7603519812998005,104.22411221766752,-108.89334224496726,59.680189746991964,-9.961147419442653,-23.77266977580824,39.765072997759354,-37.22041545668385
OSP_2_25.08.2025_20250825_205100.WAV,541.2153,1.9459101490553132,110174.29990755851,42368.863233857955,1.001874757321808e-05,0.7241952855774182,0.0013531096,4112,-1523.9845752824056,-172.27753633035965,-91.72572958924592,241.11729353712752,-176.4253862723012,8.781995926923322,103.11567018900635,-108.83917026677406,58.44097251499578,-8.126605181062375,-24.091372800222754,38.66468916903183,-36.27717285040676
OSP_2_25.08.2025_20250825_205200.WAV,543.14136,9.457406114017602e-305,110593.03836205356,42372.06038322445,1.0656469502248934e-05,0.7242256508456785,0.0013596575,4095,-1515.2707106760529,-170.06283518861994,-89.27294701319128,237.74192383023927,-175.5176828151276,9.641512628570434,102.53747017395405,-108.74653102845038,57.9666291446205,-7.370160098262793,-24.28940089564153,38.23594668440153,-35.8862667301047
OSP_2_25.08.2025_20250825_205300.WAV,528.6724,1.9459101490553132,110432.9622152954,42366.15491426495,1.0132049311372228e-05,0.7240255495301235,0.0013561675,4121,-1576.073370827224,-186.50378840588226,-107.51543049131439,262.8625728954418,-181.95710418734473,3.199731608709359,106.20984097426677,-109.44487751992698,62.47829693805829,-13.21798122567686,-23.639634455999488,41.82513253134591,-38.68610506310975
OSP_2_25.08.2025_20250825_205400.WAV,528.6023,9.457406114017602e-305,110646.03971793776,42369.69876334258,9.998084122071891e-06,0.7241267026212074,0.001361178,4121,-1562.735399491439,-182.89673483239585,-103.19419476078927,257.36458283538235,-180.8123774566463,4.592229748964306,105.60143993599326,-109.24790624686291,61.333146868360124,-11.987364917318079,-23.624550484542205,41.02908017088972,-38.187361266009034
OSP_2_25.08.2025_20250825_205600.WAV,569.5559,1.9459101490553132,110291.02604316389,42364.69220485353,1.0036109951520226e-05,0.7240196312039531,0.0013511576,4103,-1518.8693262917502,-171.0555627251131,-90.40352657849358,239.29041400794756,-175.90119351013658,9.160989788326381,102.86637943109908,-108.73707413042854,58.04137227200365,-7.609356292265271,-24.168322486347197,38.2980143130048,-35.959372052563765
OSP_2_25.08.2025_20250825_205500.WAV,539.60406,0.35464167348624803,109879.04073585327,42364.12185863992,1.0332891052169528e-05,0.723998975085162,0.0013452246,4102,-1522.632864898026,-171.90062250649348,-91.25798373929413,240.6300682307372,-176.30644077059193,8.732114329650543,103.19282916846579,-108.75203578963834,58.16505202712364,-7.868609749276469,-24.109972796182156,38.46531687221317,-36.11420883039036
OSP_2_25.08.2025_20250825_205700.WAV,538.63477,0.3872123751863606,109618.8042540018,42361.37210813641,1.0100217374447034e-05,0.7239585912124693,0.0013398187,4111,-1574.5962303121162,-185.98681211190925,-106.85702539099668,262.1047875643395,-181.76618877442084,3.2790634320059464,106.1240614464958,-109.25516995261918,62.17651715790456,-13.018019659851925,-23.548063150352235,41.52387831352899,-38.46599501759659
OSP_2_25.08.2025_20250825_205800.WAV,539.0657,1.9459101490553132,109385.08597341155,42357.20364668905,1.0801156952317286e-05,0.7238377490493544,0.0013361141,4114,-1595.2438311012818,-191.6620277723417,-113.78029653117237,270.71661578489017,-183.3797159903372,1.1706216792637438,106.74900186406082,-109.52436441391707,64.23571095442713,-15.005080826602446,-23.658456291707918,42.63124008493181,-39.12855380404354
OSP_2_25.08.2025_20250825_205900.WAV,550.1024,9.457406114017602e-305,109746.64829593211,42356.12629404877,1.086868848594215e-05,0.7237944253545117,0.0013422256,4106,-1586.0615765682976,-189.2013944440651,-110.85166102282403,267.0604707100725,-182.67879878333108,1.968536745601828,106.61384586197303,-109.41468878076999,63.252712020395705,-14.10223067383546,-23.618226293605648,42.225093203780354,-38.92148250082419
OSP_2_25.08.2025_20250825_210000.WAV,536.0216,0.42709385971193514,109843.39845033023,42357.88067792094,1.0260197001864346e-05,0.7238588693505902,0.0013436,4089,-1567.0009002112533,-184.03837786562934,-104.917848946418,259.2009296817091,-180.867269292258,3.9060713878847855,105.74695746273916,-109.13574652984758,61.52772166195845,-12.283590877897407,-23.568663260590785,41.12867221972087,-38.23789643109851
OSP_2_25.08.2025_20250825_210200.WAV,599.7601,1.9459101490553132,110256.85102686411,42358.57311264399,1.0063327777094643e-05,0.7238734137338588,0.0013498804,4111,-1462.957488581749,-156.45031752762668,-76.28545890569592,217.0758633024636,-168.1453064001426,14.544867695391112,97.95662795970549,-107.83291013362143,55.35559164738059,-2.4476213900728916,-26.11266131038532,35.22817881630159,-32.15043025212718
OSP_2_25.08.2025_20250825_210100.WAV,622.58496,1.9459101490553132,109666.9844857935,42356.02027776842,1.0025543933966434e-05,0.7237498638398162,0.0013413292,4116,-1610.876217765442,-196.08503161253492,-119.587023006092,277.41847964705966,-184.38786415151748,-0.38538354164376903,107.11600240462592,-109.92942635249162,65.97537247293293,-16.384552953931127,-23.873457826726995,43.40957179894855,-39.633938427661924
OSP_2_25.08.2025_20250825_210400.WAV,616.76514,1.9459101490553132,110222.31770426255,42362.64108575518,1.0860849326624536e-05,0.7240005610418482,0.0013495873,4139,-1531.368126081097,-174.3985556422342,-93.9540541823847,244.46894900541426,-177.3763796322588,7.718668135190711,103.85992686997884,-108.810814005808,58.7088707607768,-8.781806228755595,-23.862646536662638,38.99571190726651,-36.64961125943414
OSP_2_25.08.2025_20250825_210300.WAV,555.1982,1.9459101490553132,111143.92105829464,42363.725872568975,1.0234907848982819e-05,0.7239818003347065,0.0013598204,4135,-1576.772904051817,-187.18929943625824,-108.6815739987182,263.8761394024766,-181.9617508258622,2.974319409117886,106.20766040897139,-109.41815304984748,62.621172425108256,-13.46176758504064,-23.481139789618876,41.79123921778772,-38.736553252444374
OSP_2_25.08.2025_20250825_210600.WAV,562.0378,1.9459101490553132,110270.78664615234,42356.41973975012,1.0118722416057873e-05,0.7237896288025826,0.001348897,4115,-1576.4539070651122,-186.75560134435082,-107.99700175021434,263.3580769338517,-181.87994897741947,2.884127608385131,106.24765136932936,-109.31553464327642,62.478865962414496,-13.266485921156566,-23.67275300028414,41.83177981386738,-38.611532139088716
OSP_2_25.08.2025_20250825_210500.WAV,642.86145,1.9459101490553132,110393.03827130016,42357.95429225812,1.0203625742948397e-05,0.7238407275533748,0.0013540272,4089,-1367.4994327974277,-132.9566637314266,-56.839087787954746,181.5220432994427,-151.96462611057342,22.151370098069513,86.38749632986655,-104.0292768527802,53.44866253825329,3.322519137380765,-30.51394518662915,32.149263034424386,-24.815954826105443
OSP_2_25.08.2025_20250825_210700.WAV,534.7157,1.9459101490553132,110149.64488543505,42356.41660945057,1.0707760404008888e-05,0.7239154222451082,0.0013468326,4116,-1593.5443082171964,-191.58921619481345,-114.13002471840016,270.7019084228985,-182.99704128796296,1.0324700118326167,106.56905284698647,-109.47797669401106,64.35355464922988,-14.957409424276452,-23.837823388641134,42.669865494347086,-39.06138193493446
OSP_2_25.08.2025_20250825_210800.WAV,617.38525,0.9516795112676467,109809.0608967836,42352.99103364064,1.0685335435972857e-05,0.723618036025509,0.0013421546,4129,-1471.1168181054172,-158.45188904318957,-78.19216217847291,220.17659767604357,-169.26944694036825,13.704719501356163,98.7929725301212,-107.92395444665875,55.51950306739074,-3.06174605938801,-25.733322835219116,35.533572086645556,-32.69683284205949
OSP_2_25.08.2025_20250825_211000.WAV,625.48645,1.9459101490553132,110127.91570404114,42358.622654387764,1.0032658325442743e-05,0.72391070305692,0.0013479771,4104,-1459.9311645942066,-155.66092128459562,-75.606924343657,215.87166972736546,-167.61228781703167,14.794455136058463,97.57553459730464,-107.65318315051493,55.2076821432349,-2.259100138025295,-26.137142135275266,35.017647211352376,-31.926841979379805
OSP_2_25.08.2025_20250825_210900.WAV,564.0911,1.9459101490553132,109717.51052260553,42358.1666764247,1.0064790072117185e-05,0.7239448204666086,0.0013410231,4118,-1610.4278609284265,-196.03515249249827,-119.35471919819685,277.38012353176737,-184.47101860910752,-0.4567956735417244,107.19583339078851,-109.85032979275734,65.86141228757364,-16.37408608116145,-23.8049828913495,43.35535070934211,-39.631974884209434
OSP_2_25.08.2025_20250825_211100.WAV,571.7529,1.9459101490553132,110117.85341641128,42361.494763149894,1.053059850135345e-05,0.7239618791714529,0.0013455332,4127,-1613.5741758316797,-197.17957347660487,-121.00678737565997,278.9650027116352,-184.63471654069943,-0.5547347131888393,107.07360727543586,-110.09994557939847,66.41461004388685,-16.70578502700195,-23.72671159518895,43.385321543236614,-39.82937827082979
OSP_2_25.08.2025_20250825_211200.WAV,558.43176,1.9459101490553132,110038.374179999,42356.22433905292,1.003865435577244e-05,0.7238232433479561,0.0013448782,4112,-1616.118635706642,-197.79156309800777,-121.87651926433004,279.96292772026254,-184.71768959368217,-0.907761379875037,107.19191782770409,-110.16037722103816,66.66100883759971,-16.832626655677974,-23.93010511013439,43.60960130414375,-39.801960360471696
OSP_2_25.08.2025_20250825_211400.WAV,580.1944,1.5590002253531665,109680.61138612343,42355.262916963395,1.0829170972228407e-05,0.7237945800819932,0.0013408124,4074,-1494.5424125655322,-164.46569206226323,-83.9040361287526,229.36370913590596,-172.56983359960552,11.403239089476028,101.00592426617727,-108.29864818115203,56.45167304349198,-5.110085088447996,-24.856535264169533,36.76789886526725,-34.336142221156116
OSP_2_25.08.2025_20250825_211300.WAV,636.41956,0.40609642111261124,110122.44842715158,42349.4204346579,1.028148105729436e-05,0.7237361317758259,0.0013495325,4116,-1365.4458333091798,-132.3161060111361,-56.46183851550119,180.6604057963271,-151.42858025232087,22.153330349641745,86.19782387039241,-103.91282454001555,53.30351324356225,3.6117431480476303,-30.770828008205584,32.11544114640935,-24.513181979321764
OSP_2_25.08.2025_20250825_211600.WAV,578.23895,1.9459101490553132,109580.34737090381,42352.14423889339,1.0129155426954856e-05,0.7237113753787728,0.0013375777,4100,-1680.9649547085983,-216.13959620415014,-148.42094226891015,307.04907806885643,-186.926889338275,-5.722178278272321,106.7083206031766,-113.40574721507177,75.1443802563289,-21.112981416869374,-25.03370830842989,45.07337413295276,-41.764078418417945
OSP_2_25.08.2025_20250825_211500.WAV,598.8655,1.9459101490553132,109748.24772055182,42354.148402568295,1.011866526311755e-05,0.7237415472376812,0.0013403533,4109,-1589.9629347335188,-190.3890137690946,-112.31098238809574,268.849091290165,-182.98162918854675,1.515477214571888,106.70557536630191,-109.41075944629881,63.64864931335456,-14.51295249275633,-23.61605200695747,42.38328478800292,-38.970242918238235
OSP_2_25.08.2025_20250825_211700.WAV,587.1674,1.9459101490553132,109682.36916134896,42354.19683766947,1.0057851110204716e-05,0.7237562463484314,0.0013397794,4092,-1540.4131462201497,-176.75327411736853,-96.59441395814369,248.1326192478534,-178.23775107762873,6.606375655958644,104.44129648762309,-108.7696501927446,59.25317764988691,-9.631084546706013,-23.800256576971876,39.57929062178315,-36.97442864177122
OSP_2_25.08.2025_20250825_211800.WAV,627.308,1.9459101490553132,109881.99983967257,42350.12958907657,1.0229680826444732e-05,0.72371597852135,0.0013430434,4090,-1559.6335461193385,-182.0219369273493,-102.51771257786864,256.19741787231595,-180.26194116632016,4.519942779307754,105.62687707264871,-109.00768511442851,60.691388496952044,-11.464789686063108,-23.607707730639973,40.69963707703797,-37.87971393620427
OSP_2_25.08.2025_20250825_211900.WAV,554.1571,9.457406114017602e-305,110107.8243787105,42357.0618371963,1.0646265133947145e-05,0.7238970870385407,0.0013458844,4109,-1606.9496424904903,-195.19758781381762,-118.2295647066642,276.1115593639894,-184.3443091556292,-0.125553794102448,107.18622390172156,-109.8408764982357,65.54171831010932,-16.10960400812683,-23.786495180292757,43.2909052296695,-39.604119271685946
OSP_2_25.08.2025_20250825_212000.WAV,543.943,1.9459101490553132,109592.72195193073,42356.502325689784,1.039358649699425e-05,0.7238070356442605,0.0013376747,4108,-1622.9616154917987,-199.5929197081266,-123.9969439275436,282.7003548352165,-185.2364637267897,-1.5882264007234312,107.32528436960004,-110.21290020765143,67.36721907856908,-17.44624486606293,-23.98557345518909,43.830530634921665,-39.94474061125606
OSP_2_25.08.2025_20250825_212100.WAV,573.81903,1.9459101490553132,109953.71120389052,42355.88563927747,9.984020683095271e-06,0.7237885070283411,0.00134406,4104,-1456.7432487302801,-154.82741830357187,-74.87908904118538,214.6539346282718,-167.12104740073912,15.029911438366868,97.304529273367,-107.58573399345711,55.064896560247796,-1.9564781592210652,-26.308468740162102,34.88998492536555,-31.688426733756415
OSP_2_25.08.2025_20250825_212200.WAV,632.742,1.9459101490553132,109943.36135128053,42355.241950074334,1.04466697267898e-05,0.7237898222119346,0.0013434018,4073,-1451.709672052695,-153.57061774135477,-73.77079741145222,212.74857675582336,-166.3442176385817,15.465910665017393,96.78254467242834,-107.45612784414541,54.90065290862139,-1.5582197895224503,-26.52658348869818,34.65545840127585,-31.298438190863695
OSP_2_25.08.2025_20250825_212300.WAV,644.3001,1.9459101490553132,109948.30072911535,42355.35894748921,1.0279600718807764e-05,0.723780770654262,0.0013442745,4110,-1539.4322509193914,-176.5224932640127,-96.35696366336605,247.7838859929123,-178.17904297933714,6.723425154218532,104.43210435544447,-108.80324713144348,59.17182988932313,-9.539368195700803,-23.771800985803573,39.530579369263556,-37.023143831862036
OSP_2_25.08.2025_20250825_212400.WAV,610.2219,1.2130421751199765,111177.81365251601,42358.39924271897,9.968919219767146e-06,0.7237956631743643,0.0013679242,4115,-1343.60304837796,-127.44502604090368,-52.75976718620601,173.2828379679936,-147.64951919330997,23.65444168268932,83.24821058198422,-102.75516076752704,53.331533050814265,4.206326548386669,-31.76453119840819,32.01137763902715,-23.13575556317418
OSP_2_25.08.2025_20250825_212500.WAV,610.3285,1.3822083075267764,109939.34562181469,42353.10006285219,1.0007387420946806e-05,0.7237627062207874,0.0013437994,4106,-1490.5707149380185,-163.5542692686558,-83.12614711110021,228.01570165308885,-171.99707672857636,11.65850054047747,100.68110165797059,-108.19794111303817,56.29461747357243,-4.815187721616057,-25.007438909791553,36.64579177433533,-34.12604112241515
OSP_2_25.08.2025_20250825_212600.WAV,610.8384,1.9459101490553132,110026.1534271994,42350.97316792933,1.0163871231906879e-05,0.7236632551320011,0.0013449283,4097,-1482.406411333648,-161.40832374759214,-81.02969990031342,224.7330648632606,-170.91700493280692,12.545495084842338,99.97698380735845,-108.20177801278386,55.977418544595956,-3.978629577850426,-25.41096233384122,36.20730167669249,-33.48998745152492
OSP_2_25.08.2025_20250825_212700.WAV,576.76556,1.9459101490553132,109918.48571181437,42351.8346770942,1.0183042091349119e-05,0.7237643308593441,0.0013434676,4105,-1493.3940966865973,-164.2461984419786,-83.76195268949284,229.06288852108298,-172.41498463112265,11.435015661978058,100.96750351936934,-108.32780370007089,56.44036283038413,-4.9861814804794555,-25.006922338181674,36.81338923810972,-34.2481527919813
OSP_2_25.08.2025_20250825_212800.WAV,644.1111,0.9128530798517054,110451.15037963241,42356.09389699064,1.0231658903755314e-05,0.7238424295556722,0.0013529625,4147,-1403.552290302854,-141.6595342680348,-63.67587985261751,194.6588757554201,-158.40087054900476,19.50843409806089,91.11393250430493,-105.81313888318451,53.896002536183154,1.6038584302538776,-28.799796865570965,32.94938308800139,-27.57247585305713
OSP_2_25.08.2025_20250825_212900.WAV,657.84045,1.3612161670079177,110200.4249421701,42352.921213893125,1.04323950196019e-05,0.723727041536283,0.0013496531,4095,-1312.4121526865815,-120.16029951400976,-47.799887053740676,162.49902356951685,-141.39485587511638,25.14774986450277,78.8062296250259,-100.33021327863644,52.8821495637782,5.0183896711819145,-33.00445759844748,31.746085518212634,-20.90729592847621
OSP_2_25.08.2025_20250825_213000.WAV,580.2313,1.9459101490553132,109625.58407215065,42352.94348729988,1.020666673780815e-05,0.7237418566926443,0.0013385508,4134,-1665.8423246079392,-211.8054042880238,-141.6281700344934,300.80598903422396,-186.7180967659868,-4.99545107120802,107.09567299759549,-112.22223853335574,72.98556136123291,-20.43574375049675,-24.79312145735368,45.04335876117759,-41.271737755566924
OSP_2_25.08.2025_20250825_213100.WAV,628.432,0.6931471805599453,110492.30041426737,42353.982724002584,1.0523404496545634e-05,0.7238013880911828,0.0013527597,4128,-1357.3950885464983,-130.524814948169,-55.12773520422086,177.94057506833315,-149.993860071268,22.678951501519062,85.07580214219527,-103.39802406118251,53.24893417847156,3.791304453050209,-31.01283449732843,31.988269240675773,-24.031268297132108
OSP_2_25.08.2025_20250825_213200.WAV,528.99994,1.9459101490553132,109767.09806628381,42347.99713575686,1.0093421538967779e-05,0.7236068569649647,0.001340725,4088,-1692.9010758209097,-219.6283856152111,-154.2716849048253,312.1530216515625,-186.8533649770663,-6.400224967206783,106.38274187148491,-114.42464236637299,76.86326050187095,-21.546717361061447,-25.267414009259408,45.14965512201118,-42.2389006874284
OSP_2_25.08.2025_20250825_213300.WAV,568.30096,1.9459101490553132,110247.78865179751,42352.124099163935,1.0684411373725182e-05,0.723733501408639,0.0013496374,4124,-1314.2019689203144,-120.59471098742937,-48.08502104222641,163.14537685847355,-141.7886470048381,25.0693142452482,79.08521374152066,-100.49286385644956,52.90818615501326,4.98147400990908,-32.934868275490366,31.762907185875324,-21.046678424728945
OSP_2_25.08.2025_20250825_213400.WAV,579.255,1.9459101490553132,109799.38201973635,42350.640090774396,1.0124244963178902e-05,0.7235342124123624,0.0013403628,4089,-1677.3179498469474,-215.26044050722217,-147.28768043725992,305.824857080087,-186.68182121191919,-5.670836941501599,106.68377410749044,-113.09015288194131,74.76208163993236,-21.012813684108693,-25.049728881312955,45.10709242254214,-41.62054082306018
OSP_2_25.08.2025_20250825_213500.WAV,567.9196,1.9459101490553132,109687.60019415064,42349.50891092838,1.0465990746564029e-05,0.72362596580894,0.0013390931,4100,-1638.192604613408,-203.92826111978064,-130.21118167623868,289.2318609316268,-185.79160232066337,-3.0022300886160043,107.36238754031369,-110.80996947040839,69.29725863744285,-18.54435452323462,-24.360438318954944,44.38493868541096,-40.34669399249803
OSP_2_25.08.2025_20250825_213600.WAV,585.8152,1.9459101490553132,109942.46765858836,42348.92880939203,1.0014839139662053e-05,0.7236069343287055,0.00134335,4132,-1632.4794754459456,-202.3301923339857,-128.022246091365,286.90868380260076,-185.57573054557037,-2.603888994535483,107.49861478232319,-110.64708848687727,68.54586176205842,-18.04386010070913,-24.35482994619126,44.28223137859953,-40.1995631996476
OSP_2_25.08.2025_20250825_213700.WAV,548.58954,1.9459101490553132,109714.00786244508,42352.804171416145,9.981657179408916e-06,0.7236918797160936,0.0013405964,4102,-1603.9543199800096,-194.21482576611055,-117.16453819963414,274.70230866964005,-183.9574837616412,0.0625147521194241,107.12461842342287,-109.70659387580613,65.10907589062447,-15.745141994194823,-23.80198941730906,43.139729805930756,-39.4607220059739
OSP_2_25.08.2025_20250825_213800.WAV,566.1314,1.9459101490553132,110539.05953817336,42362.295587933455,9.877306049211946e-06,0.7239240483022062,0.0013525188,4103,-1599.321027730142,-193.21574070238628,-115.52922125311211,273.0328765536467,-183.9769167631079,0.7097330889763163,107.00861909174465,-109.73770266272759,64.82437981026017,-15.518013017237854,-23.694808330737843,42.967346155785926,-39.40245498963359
OSP_2_25.08.2025_20250825_213900.WAV,528.7993,1.9459101490553132,109852.1372272754,42355.716029619565,1.047912822319356e-05,0.7238481544724907,0.0013427462,4116,-1623.3054210519845,-199.69869892429023,-124.24051381776096,282.923210291623,-185.20243775595375,-1.717527383014244,107.3698960610907,-110.22358762658514,67.42880554189829,-17.494896931694104,-24.056577978308148,43.99131277349621,-40.039601989515056
OSP_2_25.08.2025_20250825_214000.WAV,596.8683,1.9459101490553132,109735.00081738559,42350.813845009674,1.0309172935540856e-05,0.7236672780465222,0.0013405912,4100,-1551.9730706716934,-179.83677759276418,-100.05317174806211,252.9166669134583,-179.45924192370376,5.314692772062428,105.22141300255501,-108.94059914931907,60.11159045965182,-10.705285958053059,-23.77192532999167,40.37746557118087,-37.5570920947197
OSP_2_25.08.2025_20250825_214200.WAV,620.7706,1.9459101490553132,110738.1851023966,42360.1101568758,1.0206939856041224e-05,0.7239636585374911,0.0013574618,4097,-1543.9621809311566,-177.97896254860137,-97.90643612252346,249.98486016521971,-178.8267111859071,6.253300886816829,104.74801878128973,-108.96047372829547,59.67635647948432,-10.084684125282859,-23.759936872557468,39.91667670125314,-37.336863814305175
OSP_2_25.08.2025_20250825_214100.WAV,575.8295,1.9459101490553132,110638.04907832044,42361.06820484827,1.0022216501264328e-05,0.7238676114532996,0.001355038,4120,-1579.8050136913616,-187.78348095427788,-109.13865962061881,264.92985164047775,-182.25780922712943,2.4806650120035054,106.41697537034372,-109.34542228710869,62.84569045519374,-13.682728450784404,-23.673107182561417,42.08606406564606,-38.793594328904135
OSP_2_25.08.2025_20250825_214400.WAV,693.89636,1.9459101490553132,111019.67672300935,42354.14086017366,1.0529680669037253e-05,0.7237470013814069,0.0013638906,4102,-1317.9805451107586,-121.517828524806,-48.765541062996654,164.53589968546763,-142.54065785742273,24.830514045099257,79.65382634879845,-100.77697060814367,52.9516127747628,4.875096651457208,-32.77474833411668,31.805683343079764,-21.347480625471164
OSP_2_25.08.2025_20250825_214300.WAV,555.3811,1.9459101490553132,110019.45160172987,42355.23617746822,1.0517943234238404e-05,0.7237731890076646,0.0013444815,4111,-1652.0970548066175,-208.00604581284264,-135.85449787298876,295.2126599433181,-186.46156678186392,-4.027444347307207,107.31490303650612,-111.49905904837762,71.17416381915034,-19.61659776534155,-24.546120588968268,44.80421560183596,-40.86725433061145
OSP_2_25.08.2025_20250825_214500.WAV,644.3418,1.1895225013879953,110629.80273001619,42353.5062045254,1.0401271130822637e-05,0.7237367893676226,0.0013565317,4120,-1369.5670508188068,-133.44644862281015,-57.23992623865174,182.2929629611783,-152.3474137999029,21.969472009098595,86.74845415315353,-104.22372324015338,53.47894259797939,3.3336481224834964,-30.562459895696488,32.26399395582035,-24.917562061736582
OSP_2_25.08.2025_20250825_214600.WAV,632.91565,1.9459101490553132,110250.65600316803,42352.91526615137,1.0129554818904024e-05,0.7237431718762378,0.0013491163,4098,-1434.8452303860174,-149.35979999841706,-70.13776227293033,206.3721243690333,-163.64428269473007,16.88691194064635,94.96834611061288,-106.99627408473395,54.41362982700215,-0.24622006477272282,-27.327224878398493,33.921893120385626,-29.95949590113417
OSP_2_25.08.2025_20250825_214700.WAV,584.56586,1.9459101490553132,109653.04226053067,42348.255786061105,1.0287575741132705e-05,0.7235743641938327,0.0013390459,4108,-1674.852589272572,-214.40707209911744,-145.92553438938015,304.58535590646807,-186.74061868385272,-5.434757564904904,106.85255944006279,-112.96118342829882,74.26671307745389,-20.805632038990773,-24.974654399535325,45.10575063108324,-41.519754866402074
OSP_2_25.08.2025_20250825_214800.WAV,655.0372,0.6917614988524178,110197.78944370057,42350.31353289878,1.050483613734391e-05,0.7235625275414918,0.0013483856,4109,-1410.949800556849,-143.41903060276132,-65.1845982078421,197.372364785211,-159.59128365050086,18.838182029108445,92.07186939667379,-106.07582795630996,53.91620461176837,1.2661095326997232,-28.458082938095856,33.11061841245412,-28.06347889748945
OSP_2_25.08.2025_20250825_214900.WAV,609.7058,1.9459101490553132,109956.21992318411,42349.222832723906,1.0403170951329122e-05,0.7236002036832567,0.0013439114,4115,-1491.1712735261297,-163.72208907369424,-83.24124459496055,228.24501442615232,-172.14076641226956,11.653197844055184,100.77338252697182,-108.27339778838227,56.30095431974504,-4.778450330694714,-25.025967233621962,36.598002480534895,-34.03356368777135
OSP_2_25.08.2025_20250825_215000.WAV,561.6315,1.9459101490553132,109681.97811694884,42349.89683553479,1.0531608056178887e-05,0.7235729716464985,0.0013386789,4102,-1687.3426720101622,-218.09415490080528,-151.4465917981764,309.889996710881,-187.05978144792374,-6.119570148030149,106.59938006569159,-113.80834252017071,75.96051869976932,-21.515365799644194,-24.98012794262691,45.13079883971499,-42.02900117753399
OSP_2_25.08.2025_20250825_215200.WAV,630.855,1.9459101490553132,110356.63182219033,42349.99296361033,1.0277772614318521e-05,0.7235746736487958,0.0013496934,4119,-1474.1282969064637,-159.4667431143689,-79.2382322020159,221.7282474367401,-169.72532060531285,13.254846646724632,99.11711926511519,-107.90179300741677,55.64743487533216,-3.43100682145319,-25.57082058978035,35.739524198884666,-32.929661729706126
OSP_2_25.08.2025_20250825_215100.WAV,542.0236,1.9459101490553132,109629.13537462238,42353.60597128482,1.0463163773925424e-05,0.7237429784668858,0.0013398146,4127,-1593.35443543996,-191.23647214053068,-113.39244656373742,270.2062738729086,-183.19552108549493,1.0851281028955795,106.85781534050373,-109.42010564030721,63.92259144089436,-14.811773019456806,-23.639220690291,42.597953021162226,-39.125208023012505
OSP_2_25.08.2025_20250825_215400.WAV,586.9225,1.9459101490553132,110151.0581090183,42347.53894038159,1.0099348453170106e-05,0.723621362666363,0.0013450029,4098,-1496.2039415517802,-165.34701699194244,-85.1715042534284,230.81694777406244,-172.63428590658276,10.784444105267934,101.1196729704491,-108.0867350413286,56.62366116705708,-5.5086009609399245,-24.815913794651895,37.023232896384506,-34.42549990904038
OSP_2_25.08.2025_20250825_215300.WAV,615.20135,1.9459101490553132,109841.86554144624,42353.609841199504,1.0403740575001109e-05,0.723718724934148,0.0013414519,4129,-1505.5876973061047,-167.540590943432,-87.0370295388953,234.06185839874425,-174.03049176653428,10.188194718251792,101.91255618706533,-108.3773661232729,57.08178102954881,-6.288278536505141,-24.49545026366178,37.499180473154304,-35.090565042053186
OSP_2_25.08.2025_20250825_215500.WAV,680.89746,0.8435714438045143,111204.94661672003,42348.23414538265,1.0442837319188005e-05,0.7236260818545512,0.0013636773,4108,-1339.234281076729,-126.61871193264928,-52.43313272694575,172.17156101426903,-146.72504241132145,23.527383406150353,82.7826243997647,-102.24318183149941,53.034496275998485,4.34634089333226,-31.788632416366106,31.843488609854955,-22.7938703848098
OSP_2_25.08.2025_20250825_215600.WAV,716.57916,0.8921178708188162,111072.04420563688,42351.36821499981,1.0017993147795273e-05,0.7236053483720193,0.0013633538,4102,-1392.1563536458093,-138.99648236048304,-61.59884943118932,190.6730746154092,-156.46447145507767,20.28910542888288,89.77422523063335,-105.35028353670214,53.71150964587347,2.2669863961968137,-29.415597960722728,32.68461590259012,-26.646168702009348
OSP_2_25.08.2025_20250825_215700.WAV,617.19916,1.9459101490553132,110058.27300106817,42352.68338915491,9.966760774996662e-06,0.7237750844193139,0.0013443059,4122,-1543.4495458421259,-177.67679538568706,-97.57211156698752,249.5502786367642,-178.69165040109712,6.30132164839658,104.71933471881712,-108.92025489252835,59.53401569159802,-9.916761366001104,-23.81843897966749,39.84781000577895,-37.18308033722876
OSP_2_25.08.2025_20250825_215800.WAV,670.3233,1.658323497647983,111029.37024420162,42350.47954248339,1.0188497210391108e-05,0.7236682064114117,0.0013636997,4138,-1325.5014976460488,-123.23578956431686,-49.92416712641921,167.08149628036756,-144.02641137134586,24.462344326359045,80.74755120049132,-101.37333722587591,53.016406107228775,4.764177510299609,-32.52975902362819,31.838515869258803,-21.78874062577244
OSP_2_25.08.2025_20250825_215900.WAV,576.901,1.9459101490553132,109978.2217815935,42353.56567234516,1.0276826725690759e-05,0.7237377950962529,0.0013429312,4106,-1626.1345569574755,-200.66614517726086,-125.52223180151191,284.2847491450061,-185.39030525866332,-1.901095170006143,107.35575329471179,-110.39222788842036,67.81691405618623,-17.6878347911066,-24.06272296085994,43.958836735554016,-40.056752487983616
OSP_2_25.08.2025_20250825_220000.WAV,594.3966,1.9459101490553132,109751.7483614569,42352.90984502574,1.0230059822133143e-05,0.723675478603046,0.00133995,4097,-1640.7968945167695,-204.68252092620992,-131.12849997912707,290.29561904597506,-186.0413856788089,-3.106255256235825,107.4069285483791,-110.98289959637118,69.62658410010648,-18.732231317448274,-24.37946155461799,44.431202114174575,-40.413117412431575
OSP_2_25.08.2025_20250825_220200.WAV,592.23096,1.9459101490553132,110080.18297305319,42352.70869768034,1.0561828889914249e-05,0.7235858527093401,0.0013442843,4114,-1609.1635018002723,-195.87857899924376,-119.22809729479741,277.127238638679,-184.42320641117274,-0.35031143249414326,107.20739649253906,-109.91799481824984,65.78992125333001,-16.242829043322317,-23.836586118211404,43.30572669420348,-39.56243819213162
OSP_2_25.08.2025_20250825_220100.WAV,584.0128,1.9459101490553132,109879.52599527722,42352.39374335851,1.188682914556047e-05,0.7237209684826309,0.001341742,4108,-1653.9494823293762,-208.5444881293484,-136.86988468202276,295.98102896537125,-186.35453891184153,-4.104227979701449,107.15501535802701,-111.63699206570715,71.50944222076525,-19.683751791598834,-24.645732007931926,44.75806128797546,-40.79231230436276
OSP_2_25.08.2025_20250825_220300.WAV,648.8386,1.9459101490553132,110366.55074742329,42351.898412733506,1.1428994034093795e-05,0.7237275444005982,0.0013501202,4089,-1413.4614963689914,-144.14090574526858,-65.7106011833143,198.43172669950474,-160.15354057831476,18.687044757644507,92.42132560034274,-106.24529657461325,54.00709272822903,1.0956411572258415,-28.321939992529575,33.18302199801391,-28.29223016048838
OSP_2_25.08.2025_20250825_220400.WAV,665.0653,1.19682136650077,110758.92459906368,42354.13555383118,1.0123362006478489e-05,0.7237260358076527,0.0013561918,4123,-1365.5261713243328,-132.6143647175706,-56.6518674102464,181.07193137289977,-151.68231542705055,22.158514593617394,86.28998997907172,-103.99542742795416,53.40135763190634,3.486294623729186,-30.69920507918108,32.16361174501698,-24.628465083820146
OSP_2_25.08.2025_20250825_220600.WAV,600.2078,1.9459101490553132,110149.96230174243,42354.444095062834,1.0108691664182582e-05,0.7237559368934683,0.0013458871,4102,-1511.4079698591597,-169.1670534964083,-88.62031094225546,236.52577947085754,-174.87467792837856,9.603390341007998,102.43742876970695,-108.51010807249627,57.425192627889096,-6.8348334342007755,-24.348411891297033,37.85013805775377,-35.45487096596182
OSP_2_25.08.2025_20250825_220500.WAV,557.8883,1.9459101490553132,109684.05063646195,42351.72832364155,1.0137056648496601e-05,0.7237421274657372,0.0013390352,4136,-1660.1138664778698,-210.19605476186769,-139.20623803217322,298.43623606428145,-186.61517828399786,-4.53067274758675,107.17338157225643,-111.97462538378612,72.23702630195709,-20.030448861654314,-24.71747464351683,44.897416642237054,-41.048359786167126
OSP_2_25.08.2025_20250825_220700.WAV,641.0002,1.9459101490553132,110297.64501743818,42353.49349226211,1.0053691782834718e-05,0.7236290603585717,0.0013488483,4074,-1536.3255515072606,-175.86881131784878,-95.70530917081604,246.78157579158596,-177.8565082296855,6.991429699795893,104.24033737677522,-108.81729624828304,59.03443297701834,-9.233898142494153,-23.88088856032029,39.347630986600294,-36.804088948308625
OSP_2_25.08.2025_20250825_220800.WAV,533.4518,1.9459101490553132,109708.57030984787,42347.146006891715,1.0024414031309624e-05,0.7235674788209023,0.0013390093,4099,-1705.484577690068,-223.34823633893714,-160.58756526271176,317.43043958363927,-186.78326454703998,-6.858668362929822,105.98874596186039,-115.55370837538356,78.5667586613623,-22.09625162096415,-25.163346767452754,45.153112590471984,-42.93210710693202
OSP_2_25.08.2025_20250825_220900.WAV,641.6764,0.6517565611726531,110178.29554628299,42352.621794586354,1.035548017650914e-05,0.723718531524796,0.0013474763,4137,-1455.822466720644,-154.68776843692186,-74.81540766749812,214.46844213171767,-166.98790633174224,15.012466144475209,97.26297940583575,-107.51977971733155,54.967882052073634,-1.8733050578275536,-26.295931208178484,34.78248779661751,-31.5877148561114
OSP_2_25.08.2025_20250825_221000.WAV,548.0816,1.9459101490553132,109877.75237845552,42354.68387823029,1.046730518882403e-05,0.7237770571947041,0.0013419462,4123,-1658.5472953695958,-209.79776966650232,-138.57967745435903,297.86410641563504,-186.60945359508062,-4.4534568645311445,107.2180361569827,-111.87670919404736,72.03540105966768,-19.97112521482025,-24.67040173645484,44.87572302003331,-41.02636210981913
OSP_2_25.08.2025_20250825_221200.WAV,543.01807,1.9459101490553132,109535.4170096844,42346.92133565281,1.014156044749336e-05,0.7235897208963796,0.0013372581,4132,-1675.968291997023,-214.7962492126143,-147.0278701016603,305.1876494573955,-186.28282391284876,-5.607934784446359,106.53942601225584,-113.0965995726776,74.60868205428874,-20.678168878932667,-25.099729168818847,44.88141653325126,-41.54401535890297
OSP_2_25.08.2025_20250825_221100.WAV,525.43494,1.9459101490553132,109763.21718508934,42353.635844979144,1.0061699728369782e-05,0.7237789139244831,0.0013399186,4113,-1683.2850243210146,-216.98518622327123,-150.3426273535449,308.28310428724586,-186.52852548458128,-5.856312686723732,106.39179419536717,-113.69485845791992,75.65946885308267,-21.184961764990152,-25.0625902624115,45.038561913014384,-41.9545143565113
OSP_2_25.08.2025_20250825_221400.WAV,524.18286,1.6032450441564576,109835.20868395375,42348.11170759421,1.0608579419575805e-05,0.7235499559336133,0.0013413789,4105,-1684.9851605422211,-217.39641652492966,-150.81388361249108,308.9659456298737,-186.67511096290053,-6.098664157439244,106.53890401636339,-113.77770220675002,75.81238938837814,-21.201798434953105,-25.23282648341372,45.14142848889002,-41.9272197349841
OSP_2_25.08.2025_20250825_221300.WAV,521.08984,1.9459101490553132,109635.52396216229,42349.94741987041,1.061785974649108e-05,0.7235085663322902,0.0013387569,4095,-1713.4944717244305,-225.5288112177983,-164.31143799554624,320.4488379597744,-186.7551776745094,-6.9177651561949745,105.70537641103162,-116.47059174557488,79.70810939132299,-22.2890919743246,-25.176387435727737,45.139753621035496,-43.42951088089405
OSP_2_25.08.2025_20250825_221500.WAV,527.25854,1.9459101490553132,109492.92237042313,42348.98984617272,1.0323891876369271e-05,0.723691918397964,0.0013362766,4111,-1694.039201871993,-219.94266318740154,-154.81404804232116,312.5845230288066,-186.82517817153678,-6.455677449485296,106.33394075693623,-114.43199815558835,76.93022569506877,-21.6587441833298,-25.121614010274087,45.10521098005849,-42.33967427360082
OSP_2_25.08.2025_20250825_221600.WAV,525.93933,1.9459101490553132,109759.37668443698,42355.191925196035,1.010258959184885e-05,0.7238114066956152,0.00134072,4136,-1642.8272668352524,-205.28025905612313,-131.96550446336963,291.2003123653397,-186.09230810968532,-3.3309510401475997,107.37408104642346,-110.99476891228038,69.87094309068016,-18.959855591412804,-24.31984651467503,44.51357568502843,-40.58983929367248
OSP_2_25.08.2025_20250825_221700.WAV,522.2624,1.6667885052301699,109841.80539655333,42354.585017343714,1.0541621547422096e-05,0.7238056044150558,0.0013420173,4090,-1616.6729615956046,-197.87111895664546,-121.82777513124937,280.15095931014525,-184.81171003579684,-1.0813354806396391,107.27485524445603,-110.08022592604868,66.6780139111992,-16.884474210254016,-23.998323562996113,43.67441296765415,-39.79773183191015
OSP_2_25.08.2025_20250825_221800.WAV,527.8367,1.9459101490553132,109665.31889719192,42351.368199528326,1.0403410172368105e-05,0.7236528110269944,0.0013388906,4100,-1684.0094620117611,-217.11994954426828,-150.24933269107362,308.4719801847947,-186.72193480605492,-5.893868361152149,106.43602720767207,-113.68731391764187,75.75959108543863,-21.251580174264706,-25.159928139415335,45.08371023732657,-41.87395891790002
OSP_2_25.08.2025_20250825_221900.WAV,557.3638,1.9459101490553132,110556.52297904644,42364.0795076608,1.1010475182230042e-05,0.7240980393552444,0.0013529101,4120,-1620.8092991203364,-199.32272316030347,-123.87449981674366,282.2139619164127,-184.99726003361505,-1.2769043862574283,107.02733833356584,-110.35468188011849,67.5669612497194,-17.378427959981178,-24.07298046917835,43.811679172487295,-40.02618173402632
OSP_2_25.08.2025_20250825_222000.WAV,519.9596,1.6364267703830513,109859.72502014019,42355.768068912635,1.0548673933103572e-05,0.7238431645112097,0.0013427034,4112,-1522.4171235166418,-171.9593425759983,-91.54612859450447,240.8561305750965,-176.15112306310004,8.41242970169105,103.291003960332,-108.60681935241676,58.02295315991599,-7.8355008569249325,-24.124516553193924,38.50582196359127,-36.09573190078122
OSP_2_25.08.2025_20250825_222100.WAV,526.0302,0.8156548852792372,110059.63091215726,42357.95110353075,1.2141294041201824e-05,0.723857089984552,0.0013454582,4097,-1574.2952719199395,-186.07965634755965,-107.120878664601,262.3401315937545,-181.70888832885754,3.098336051024593,106.19497134790868,-109.22667311208565,62.15749907273345,-13.024987623360351,-23.573459036236137,41.614778560725185,-38.54901451414323
OSP_2_25.08.2025_20250825_222200.WAV,538.7613,0.6193762897414468,110283.00603936329,42350.52503675276,1.0402860082905463e-05,0.7237624354476947,0.0013477262,4090,-1603.5293250001553,-194.41624514049403,-117.93955027560177,275.0446848732843,-183.5530078950684,-0.05853464525972735,106.82698074513378,-109.8000962854088,65.49242483082888,-15.678897421870738,-24.137972965583348,43.13403331298321,-39.289129165115256
OSP_2_25.08.2025_20250825_222400.WAV,533.23267,9.457406114017602e-305,109641.75550028571,42351.82176535384,1.0562460968403153e-05,0.7237344297735285,0.0013391011,4114,-1607.7024954143194,-195.282873668856,-118.43280210788228,276.2760898350843,-184.26728205588648,-0.2562888853981019,107.18059623993528,-109.77529358522244,65.51896860638283,-16.094908144974788,-23.804821979058417,43.25165376317541,-39.52078789367538
OSP_2_25.08.2025_20250825_222300.WAV,523.0593,0.7168467159276566,110077.0364045902,42355.07004407718,1.0257140457946454e-05,0.723906989597362,0.0013442676,4141,-1642.2730445485124,-205.2951198257131,-132.2156621109508,291.2095261783015,-185.9060126362242,-3.26907630869724,107.18697402236772,-111.08244939044543,70.05869985131662,-18.901876601394044,-24.445167194822172,44.467050646224685,-40.543563242651366
OSP_2_25.08.2025_20250825_222500.WAV,532.75806,1.9459101490553132,109870.69498024575,42355.05931281666,9.95788471700922e-06,0.7236963668130595,0.0013421478,4107,-1677.1146430975243,-215.17587732803995,-146.6991661587725,305.66415006735184,-187.01014629787355,-5.584244728293805,106.82785916452885,-113.0270014205154,74.62304413038984,-21.11280074673705,-24.899107977993364,45.16678525607812,-41.70660647710418
OSP_2_25.08.2025_20250825_222600.WAV,520.241,1.6940292137445698,110287.4104688683,42364.179439469815,1.0282886487379606e-05,0.7239408362339579,0.0013491103,4098,-1574.7427005341824,-186.28115970382055,-107.21781917314601,262.5926728534802,-181.86351829268472,3.110205317598106,106.19258195972361,-109.23153540433698,62.283618601700184,-13.204512136300997,-23.53461335322834,41.71325123009299,-38.63242393898724
OSP_2_25.08.2025_20250825_222800.WAV,525.246,1.9459101490553132,110407.74506600173,42362.09987428944,1.0562513179392425e-05,0.7240240022553077,0.0013513907,4112,-1563.7993345651653,-183.3195389404048,-103.86806856353435,258.0723707027302,-180.7850415883616,4.265310059712039,105.65132121557744,-109.15906544562273,61.392484077113174,-12.075799823345788,-23.670788204021104,41.08220612748866,-38.09968713697539
OSP_2_25.08.2025_20250825_222700.WAV,529.8258,1.2835180654414193,110240.94702917208,42357.85723834659,1.0294673888284439e-05,0.7238989437683198,0.0013469618,4093,-1599.7450148509054,-193.41765037741285,-116.33926307621452,273.35608513871784,-183.51956113473142,0.5919348190451668,106.62614552423203,-109.69450325828605,65.11929715285777,-15.539950901423044,-23.83022992355751,42.867375542494365,-39.275398625080925
OSP_2_25.08.2025_20250825_222900.WAV,523.77094,1.0171337271621177,110324.45678438526,42362.78200529056,1.0096680509295334e-05,0.723914919380793,0.0013513754,4089,-1534.8593637268127,-175.41758096281632,-95.06053454454977,246.04630151541681,-177.7530858627994,7.229437546499697,104.09570776026462,-108.77601106897785,58.98259700274534,-9.20360281381857,-23.847169800019,39.3160683040956,-36.832671568429596
OSP_2_25.08.2025_20250825_223000.WAV,523.32214,1.7162693219979637,110030.18758009239,42359.09134287787,9.976497002218595e-06,0.7239605253059891,0.0013449537,4117,-1557.4142778722069,-181.4761004522632,-101.72235769733969,255.32537685362715,-180.17991591269475,4.835859659185448,105.47496493227841,-108.98465626244477,60.592906586856124,-11.384916330908569,-23.529832043077672,40.59141586124158,-37.89638602687711
OSP_2_25.08.2025_20250825_223100.WAV,529.30273,0.8702315752370458,110209.28845314165,42348.30019643418,1.0640895356749604e-05,0.7235958326319021,0.0013460445,4101,-1629.4104634348175,-201.74282392727307,-127.9663014254192,285.9336891805046,-184.92593038705078,-2.194444660062845,107.07717500386548,-110.7501108635906,68.46070362102942,-17.765406958381643,-24.2469116683953,44.04414863640362,-40.230564419373636
OSP_2_25.08.2025_20250825_223200.WAV,521.7241,0.6931471805599453,109567.02698409863,42354.03943928134,1.0362737861635142e-05,0.7237660715435118,0.0013373477,4114,-1687.32890051814,-218.00735489397468,-151.4189191973492,309.7368250277393,-186.9683746114499,-6.023919103833597,106.49044956151874,-113.84963133425124,76.04001099968075,-21.519180446420478,-25.000107659295097,45.157316473144505,-42.08408581088979
OSP_2_25.08.2025_20250825_223300.WAV,523.7071,0.6554817739013927,109693.36547253435,42354.12703611886,1.0503557034161672e-05,0.7237686632288284,0.0013385299,4082,-1641.9717890984098,-205.0495211781744,-131.66929037374666,290.848589640245,-186.02698312360565,-3.238879257557738,107.31764722010747,-110.97865464981422,69.83907375201699,-18.895093846493964,-24.37847051104708,44.49176280725383,-40.493890076909224
OSP_2_25.08.2025_20250825_223400.WAV,529.61505,1.0596032543794007,110126.31678818166,42350.58873194595,1.0491540706952453e-05,0.7236864642542383,0.0013463089,4112,-1529.041536788246,-173.83914573353218,-93.63630273339919,243.76069722885313,-176.9239420757959,7.663964917965465,103.76480985029112,-108.71818270945097,58.52790801175289,-8.476326775004352,-24.098018451942334,38.973155763770485,-36.40635315850988
OSP_2_25.08.2025_20250825_223500.WAV,582.41864,1.9459101490553132,109846.73028085848,42348.86241510807,1.0589597850865601e-05,0.7236753625574348,0.001341645,4104,-1665.3137050743867,-211.83195833256966,-142.3343749346708,300.8609807224438,-186.16807066211686,-4.968751449337521,106.68118395552173,-112.33644433856526,73.3125464321846,-20.29517254631247,-25.03788768041646,44.935950224531155,-41.153049678722525
OSP_2_25.08.2025_20250825_223600.WAV,541.6412,9.457406114017602e-305,110093.2895704887,42351.27603863918,1.0406224436060541e-05,0.7236716877797473,0.0013459066,4084,-1632.7743159286238,-202.57191353453987,-128.66421201667816,287.2163183354971,-185.28801172858488,-2.568191875699692,107.09542943896624,-110.68893707551669,68.96636990230456,-18.16189930762222,-24.493124689467066,44.27054551889477,-40.15416206848407
OSP_2_25.08.2025_20250825_223700.WAV,527.78156,1.067746677069236,110064.94701352774,42356.51375055631,1.014724690869577e-05,0.7238817690178642,0.0013457807,4110,-1611.03583444292,-196.31267136909818,-119.81528992253163,277.8585807995404,-184.47326861909102,-0.6489012337157838,107.25453701181978,-109.87728420947012,65.98643093339322,-16.468332490166045,-23.871659463955428,43.51623647125668,-39.751215307687986
OSP_2_25.08.2025_20250825_223800.WAV,523.00037,1.6171727143212908,110092.48191284921,42358.83994848815,1.016146212034849e-05,0.7238953463543729,0.0013467531,4115,-1570.218743404008,-184.96489997808507,-105.7738299176517,260.6540719507257,-181.37031865553288,3.4902650216606133,106.0595765932679,-109.15950331726448,61.78147001358218,-12.65767338341953,-23.594645311758743,41.451333872642074,-38.40424944548123
OSP_2_25.08.2025_20250825_223900.WAV,530.1968,1.164369484960431,110352.01332446319,42355.71466117222,1.0043133572718956e-05,0.7237382205968272,0.0013523599,4123,-1530.1062418637757,-174.0993665021905,-93.76535387560136,244.07877257343685,-177.1337988675301,7.700568997828562,103.8036950208912,-108.8053695196604,58.68323061048762,-8.626902936459587,-24.072162328409217,39.09394664004202,-36.56418211510218
OSP_2_25.08.2025_20250825_224000.WAV,523.7234,1.4594933032784252,110039.6310542662,42355.30872778687,1.0041227203148405e-05,0.7238750770542858,0.0013452367,4129,-1573.4988879678697,-185.94933201019012,-107.1416440934169,262.1722689709599,-181.48269652694646,3.038873232821802,106.07931865213902,-109.13396644666878,62.16269095361646,-12.998899867689968,-23.666871080058026,41.620617702793915,-38.41771264055634
OSP_2_25.08.2025_20250825_224100.WAV,537.1832,9.457406114017602e-305,109764.00083867018,42350.86920523253,1.0099543186089242e-05,0.7236494843861404,0.0013414137,4127,-1584.638911950286,-188.92729282553105,-110.79682681025086,266.73588535551966,-182.32703394431618,1.851804931452657,106.47884536033364,-109.25444778567477,63.1785183910002,-14.025205081801031,-23.708920109176734,42.230757779229776,-38.82730825223376
OSP_2_25.08.2025_20250825_224200.WAV,533.2838,1.9459101490553132,110131.8830055863,42355.60688428534,1.0078640337466733e-05,0.7239093491914561,0.0013463869,4125,-1588.133155088281,-189.99501308179364,-111.96868637859556,268.3255466175944,-182.7670857772858,1.5491045303466187,106.66685624421817,-109.39564481803306,63.554477113380095,-14.369001655784905,-23.69832784816709,42.40717408207176,-38.97525853973398
OSP_2_25.08.2025_20250825_224300.WAV,538.3463,1.9459101490553132,110193.4452148972,42356.44311280179,1.0981554640436903e-05,0.7237735371444981,0.0013459873,4123,-1650.291591668063,-207.61192199792274,-135.3897074882947,294.6422303894051,-186.34056192215817,-3.8948218946137656,107.2365896828055,-111.45610561872252,71.06648400383968,-19.498620628205785,-24.564490858743646,44.71723392276525,-40.76924685263238
OSP_2_25.08.2025_20250825_224400.WAV,524.3746,1.6550271174921691,110062.87861954643,42356.51720243126,1.0634028934389014e-05,0.7238637045843896,0.001345197,4118,-1583.6577043511975,-188.7155723368565,-110.21460299410404,266.33601563932376,-182.56664079973788,2.1127763991775614,106.60425949318788,-109.38181742597939,63.03669166572565,-13.903240260556993,-23.608980439242572,42.106659525893875,-38.84216743159244
OSP_2_25.08.2025_20250825_224500.WAV,527.40576,1.612293759828971,109882.68665817329,42350.80586349954,1.1184998027845305e-05,0.7237123811074031,0.0013420989,4107,-1604.5259440246991,-194.58598907683623,-118.14877586612711,275.3020743607863,-183.5997363708393,-0.12912329213570936,106.842322658684,-109.75408071797497,65.49345014126709,-15.785307576326241,-24.014360766744574,43.126726861317195,-39.390406481371144
OSP_2_25.08.2025_20250825_224600.WAV,523.5973,1.651252133865984,109876.21660615315,42351.112222939155,1.016630318849033e-05,0.7237534999356333,0.0013428971,4103,-1631.9348113349424,-202.19555819677674,-127.91550912430218,286.6975957932482,-185.4243332139003,-2.578766339351952,107.35546307212203,-110.56995250259732,68.5633522892634,-18.065224711331357,-24.3414235509992,44.258301849830225,-40.19695743805955
OSP_2_25.08.2025_20250825_224800.WAV,522.46277,1.6104984402378257,109939.31162696575,42353.21128727428,1.0747430234858638e-05,0.7237191504347223,0.0013427815,4128,-1680.2580058649785,-216.0571677903397,-148.2927895680545,306.9871430120103,-186.93766396511063,-5.786372330029139,106.77376204948911,-113.34498239952791,75.07011400936177,-21.15711516240789,-25.009175356875247,45.18270317009784,-41.824847632637734
OSP_2_25.08.2025_20250825_224700.WAV,539.2881,1.9459101490553132,110084.93072338785,42353.87681072903,1.0282833020506316e-05,0.7237199627540006,0.0013442085,4126,-1650.6277658348943,-207.66796881004552,-135.76228293884733,294.68770487832376,-186.17526373134794,-3.8375311743023066,107.18698713503397,-111.56551000773068,71.08658356544719,-19.459407652244497,-24.527869569350138,44.75373185329322,-40.8651117912036
OSP_2_25.08.2025_20250825_224900.WAV,521.15674,1.5948370182716298,109481.16028184716,42349.39206232611,1.009039409335288e-05,0.7236890172576844,0.0013364856,4126,-1689.2529427910565,-218.47675524946146,-152.2492911845286,310.4840577253588,-186.95285143293367,-6.234583786804548,106.58351437715731,-114.0123785043799,76.20321380693596,-21.494988354158266,-25.118804851109292,45.234790731865345,-42.13521066644461
OSP_2_25.08.2025_20250825_225000.WAV,524.31213,1.6515030329531952,109873.75391993125,42349.90156676325,1.0959503926068225e-05,0.7236626749039452,0.0013425888,4100,-1527.831305859457,-173.50904510267353,-93.53464880684753,243.31216308724203,-176.5349057440573,7.652453572244206,103.5371263456549,-108.57780347980777,58.49744080824494,-8.39896717213091,-24.157734770756992,38.88158942649348,-36.283872811916375
OSP_2_25.08.2025_20250825_225200.WAV,522.4195,1.5541688987356321,109968.16263962409,42354.04479191627,1.0539303611897225e-05,0.7236783023795849,0.0013435534,4108,-1592.9570828206668,-191.31198856929393,-113.74603375555425,270.35566804738585,-183.00330183850036,1.0197616863017593,106.72191948123854,-109.44548350380504,64.09637427237723,-14.810055839484386,-23.786262111914823,42.636578623839284,-39.085370135913564
OSP_2_25.08.2025_20250825_225100.WAV,522.33765,1.4818070840192703,109843.26600672495,42353.329510232885,1.025274210369219e-05,0.7238874165709419,0.0013419255,4116,-1676.7354211880686,-215.03923492452947,-146.92526752901995,305.5039757697176,-186.69004885254773,-5.576650447768079,106.70684690375039,-113.12923601841621,74.67086143711634,-20.90204057210189,-25.025421614104175,45.058080607231226,-41.65850468395673
OSP_2_25.08.2025_20250825_225300.WAV,540.0569,1.9459101490553132,109951.6311509194,42358.424489766076,1.0006642238757019e-05,0.7239971570372534,0.0013438447,4104,-1610.87787710997,-196.28737343127074,-119.72448109726155,277.740323024823,-184.49009484346317,-0.5091668454087362,107.16443092280127,-109.89344360434326,66.01347666431968,-16.47670678006003,-23.813790890756707,43.41591694781027,-39.71019409152178
OSP_2_25.08.2025_20250825_225400.WAV,525.85364,0.5982695885852574,110181.06313909544,42357.561052174235,1.0623709115277756e-05,0.7238873778890715,0.001345896,4121,-1569.3907984083228,-184.96627705532288,-105.94439665774718,260.6233107538028,-181.1689257566344,3.4862840881374146,105.85887074485052,-109.05888943666316,61.83255665381193,-12.687114742333481,-23.584746832486957,41.33874366851263,-38.2574433875618
OSP_2_25.08.2025_20250825_225600.WAV,526.7011,0.5623351446188083,109893.41091956233,42356.40475775464,1.014795201080193e-05,0.7239172789748871,0.0013422165,4105,-1616.5647629671466,-197.87052563485753,-121.75666617714377,280.13522245816364,-184.86540222723008,-1.050295210570508,107.2749823367401,-110.0614412182548,66.66546829869856,-16.91395185132449,-23.964786509698094,43.65247316598911,-39.757416755557905
OSP_2_25.08.2025_20250825_225500.WAV,526.621,0.8683054925798157,110225.90971538848,42353.88728324005,1.0429207898617444e-05,0.7237919883966767,0.0013478586,4088,-1547.1964882484542,-178.84866511534787,-99.18817723244364,251.37819492923637,-178.82659436935685,5.73295319833961,104.73151243287901,-108.85131224937913,60.011994176461826,-10.399946721175924,-23.874363013131763,40.111626585342854,-37.29428366413833
OSP_2_25.08.2025_20250825_225700.WAV,524.6389,1.9459101490553132,109833.69675205457,42351.303275831844,1.0195802140929603e-05,0.7236662336360216,0.0013408838,4109,-1714.3928682029193,-225.90133349109374,-164.988016733312,320.91993507811827,-186.79372861581965,-6.8423033044173485,105.73351917422215,-116.66964937686154,79.79957012354946,-22.34474833622061,-25.074775491418432,45.18210572755804,-43.527262899899306
OSP_2_25.08.2025_20250825_225800.WAV,550.10767,1.9459101490553132,109903.41757598806,42350.44729284054,1.0409495552091722e-05,0.7237135028816446,0.0013421228,4095,-1598.5260804948387,-192.88114593700337,-115.7696394634733,272.69143542376577,-183.36632547766854,0.5100389410958498,106.83296094754313,-109.58618944963247,64.68375680539471,-15.290655618233876,-23.80138692173219,42.84952133117395,-39.25289791484793
OSP_2_25.08.2025_20250825_230000.WAV,523.6787,1.371182485658542,109806.79683010606,42351.70640810289,1.0183824565696092e-05,0.723542296923275,0.0013409028,4098,-1684.278920660434,-217.18534156865059,-150.41685405399127,308.57249134150555,-186.7663875030579,-5.87176618191871,106.56425137258285,-113.78931011910251,75.64761165747512,-21.216771186405776,-25.00381330195248,45.10933274529215,-42.08795333477469
OSP_2_25.08.2025_20250825_225900.WAV,533.65674,1.9459101490553132,110045.63336993438,42354.47909036197,1.013911659426817e-05,0.7237258037164304,0.0013439764,4089,-1602.5554977667744,-194.0739523563065,-117.25245321546507,274.4372329711396,-183.68766320925738,0.22695402868209164,106.84584186123692,-109.74526640156859,65.24277682138418,-15.694967474169994,-23.844048891471125,43.03782767272565,-39.40536940540033
OSP_2_25.08.2025_20250825_230200.WAV,527.92834,1.9459101490553132,109865.85684266368,42355.105797343465,1.0180997904592141e-05,0.7237352807746772,0.0013422355,4109,-1590.2468925233331,-190.49825435440138,-112.37662313941507,269.027505672457,-183.06128895062156,1.4566942866072556,106.7642222319375,-109.43966561556537,63.69752124506435,-14.534958724288337,-23.67260732426482,42.44140862130004,-38.94536657056873
OSP_2_25.08.2025_20250825_230100.WAV,527.1826,1.9459101490553132,110051.335572514,42356.93190356001,1.0527771469250385e-05,0.723812953970431,0.0013451896,4108,-1617.436384089819,-198.14424959286018,-122.34151976742118,280.5619528313576,-184.77238815470056,-1.154626932431808,107.23461904722829,-110.12905487236148,66.82970627900912,-16.993949121148063,-23.999035377883732,43.767904190077175,-39.89986626411798
OSP_2_25.08.2025_20250825_230300.WAV,524.17566,1.1571033753566948,110233.37166266765,42363.991436591954,1.005602951190367e-05,0.7239717043665334,0.0013461941,4104,-1645.6229673929397,-206.3391526729272,-133.21410937517123,292.624480382802,-186.386995909074,-3.375082098357639,107.20878314891115,-111.14180744314446,70.45553852511516,-19.40905021632792,-24.246105247210668,44.59232482215969,-40.72405394580412
OSP_2_25.08.2025_20250825_230400.WAV,525.766,1.9459101490553132,109899.7671292209,42360.08209310169,1.0086391825843875e-05,0.7238927933509269,0.0013419128,4120,-1665.8994471790975,-211.99418229642794,-141.72483504087447,300.92880302663275,-186.8451273268914,-4.720040563651424,106.90198132053575,-112.33451118340206,73.18781894280355,-20.54691457024271,-24.665412763748595,44.92201160944642,-41.30686983912491
OSP_2_25.08.2025_20250825_230500.WAV,527.7166,1.9459101490553132,110054.31991824685,42350.41428077507,1.0070403858518535e-05,0.7236174171155827,0.0013431533,4095,-1693.5223993362947,-220.19238593510678,-155.33903979089774,312.82450196604697,-186.63980120773144,-6.342764185090171,105.98632349571264,-114.47104629459999,77.25182096972554,-21.775586592359467,-25.153030462483905,45.03650958311511,-42.288013570574364
OSP_2_25.08.2025_20250825_230600.WAV,527.7969,1.4603658074703396,110624.55856639276,42355.97869094653,1.0054829381444415e-05,0.7238603005797948,0.0013516062,4087,-1591.8650142404952,-191.5039908971501,-114.29842932273775,270.54586408952025,-182.67867867503674,1.0604226783541257,106.2866612329605,-109.41282234117367,64.4710966579255,-14.932002536538674,-23.907726125270855,42.54802226016976,-38.91657690117838
OSP_2_25.08.2025_20250825_230700.WAV,525.7881,1.4920419683417414,110161.7210426911,42351.732975637824,1.059169496232776e-05,0.7237635572219362,0.0013449499,4128,-1692.578626998477,-220.04502428908253,-155.34142017519454,312.65987319636787,-186.38356011193173,-6.416561067655131,105.75988939439806,-114.28461799073072,77.37289936846123,-21.905791647308533,-25.285844175687696,45.14304311436496,-42.15212953506795
OSP_2_25.08.2025_20250825_230800.WAV,530.93915,1.9459101490553132,109693.8505755833,42349.60792977559,1.035494020336738e-05,0.7236829828859027,0.0013387427,4094,-1684.5879170645028,-217.33368293117525,-150.4683591909141,308.7436385821178,-186.8754171159263,-5.899011227622408,106.58719123258707,-113.74066177578895,75.64340493446076,-21.271381070372396,-24.990288233574873,45.063388591654224,-41.9358161149762
OSP_2_25.08.2025_20250825_231000.WAV,533.7013,0.5402041423888608,110348.30916705188,42359.88010726735,1.0309489388676187e-05,0.7239726714132932,0.0013483287,4090,-1555.5143623109393,-181.25888579392952,-101.80325783948521,254.95225934712911,-179.7509843905007,4.960935683454332,105.04755135478155,-108.90782420739941,60.8041828899764,-11.407853106098907,-23.666219841211028,40.56891290070679,-37.75722388285265
OSP_2_25.08.2025_20250825_230900.WAV,524.4258,1.7214128967126143,110187.1159619613,42358.25248932462,1.0091598535687342e-05,0.7238231273023449,0.0013458184,4107,-1636.469021606226,-203.6634772813801,-129.55572018370276,288.67821041319263,-185.9571358439694,-2.603939791831549,107.2446556278137,-110.85834771088902,69.3186345952831,-18.600096558829097,-24.271876446451657,44.36371308018914,-40.356024194480234
OSP_2_25.08.2025_20250825_231100.WAV,774.2207,1.9459101490553132,113729.90068118086,42357.740664404984,1.047575105213031e-05,0.7238382132317991,0.0014067496,4123,-1354.0594782506257,-130.56671794609915,-55.13134461274874,177.8936966734302,-149.98175046457942,22.840203654490303,84.8492594584913,-103.34532830453388,53.40767472644833,3.6098795638216745,-30.954342527483877,31.9954307736148,-23.99550420649296
OSP_2_25.08.2025_20250825_231200.WAV,692.2606,1.9459101490553132,111284.04063141663,42352.90664866948,1.0514676820345718e-05,0.7237364025489187,0.0013648245,4120,-1436.778050655132,-150.17341586307316,-70.90781181172134,207.56610755991687,-164.09362504790715,16.673184333835078,95.17464374465438,-107.01873871862298,54.576966416267624,-0.6226990386935919,-27.124192354376245,34.10810845924606,-30.247268237440352
OSP_2_25.08.2025_20250825_231300.WAV,688.7465,1.9459101490553132,111019.21223610792,42345.36794955114,1.0065464064350613e-05,0.7236052710082785,0.0013584574,4101,-1398.3678163270818,-140.67336952473912,-63.17099487940631,193.34709858620204,-157.51905751647232,19.49757562854165,90.75775442116986,-105.56413744471159,53.66868936487408,1.9773623117671106,-29.099119825319413,32.85342666516121,-27.157663137689326
OSP_2_25.08.2025_20250825_231400.WAV,660.12744,1.9459101490553132,110188.55045364078,42347.798730847775,1.0520143614835704e-05,0.7236817063841797,0.0013472073,4099,-1511.5963573961385,-169.16848846858005,-88.86582608668142,236.66513021767707,-174.74827733096097,9.384396913187523,102.56397137776558,-108.50121401437369,57.33034344656628,-6.718311493218346,-24.44876308015016,37.89949933654912,-35.422715384423654
OSP_2_25.08.2025_20250825_231500.WAV,622.4076,1.9459101490553132,110314.68599911525,42356.41839435777,1.030546945491628e-05,0.7238051015507407,0.0013495707,4083,-1554.7326679793625,-180.7832764935329,-101.15997594711709,254.31801301431727,-179.77978716698902,5.027085421319774,105.33609946954863,-109.0084113594457,60.4538145446085,-11.084830483355825,-23.711237592807358,40.57218709324033,-37.77781409611993
OSP_2_25.08.2025_20250825_231600.WAV,595.1563,1.9459101490553132,110234.85021592441,42353.0204234493,1.0225764804563704e-05,0.7237088997390676,0.0013476126,4113,-1551.9762788468477,-180.04383974676617,-100.41454867357727,253.23822875344766,-179.45045488517928,5.215945697507808,105.24088033867926,-108.94001023304051,60.15871122810634,-10.791105934239217,-23.715810484846244,40.413357598538155,-37.66975767020801
OSP_2_25.08.2025_20250825_231700.WAV,614.95685,1.9459101490553132,109867.65899818913,42350.18505433685,1.0491515924930431e-05,0.723713734972867,0.0013426039,4122,-1534.464538663408,-175.15663746523626,-95.01977212076788,245.7904411102245,-177.50472999103425,7.0934903329084635,104.14496133577906,-108.71931224572923,58.79806740752837,-8.987067939201879,-23.970564476757627,39.308402904018685,-36.703908385123775
OSP_2_25.08.2025_20250825_231800.WAV,594.57526,0.9002560512685369,110275.06726519596,42350.70711107945,1.02353383086473e-05,0.7236878954834429,0.001351602,4104,-1422.5817117367121,-146.32400294465035,-67.58060669209824,201.78103689656265,-161.61966365045984,17.903445575736466,93.52542687132402,-106.56924575281593,54.15751808481286,0.5629958318595143,-27.9389769760139,33.518913648297016,-28.970610320222043
OSP_2_25.08.2025_20250825_231900.WAV,658.2505,1.9459101490553132,110273.64381300406,42352.92600223099,1.0405427507187162e-05,0.7237562850303019,0.0013496589,4107,-1403.5222217633875,-141.6558781522945,-63.69100913044963,194.66806716993247,-158.38128298546334,19.468011689235357,91.13270490429456,-105.78447911274861,53.849020780714014,1.6238878003541142,-28.791137155490905,32.938958694664926,-27.558210582214397
OSP_2_25.08.2025_20250825_232000.WAV,576.8709,9.457406114017602e-305,110430.92636933498,42356.088787792556,9.996585219818376e-06,0.7238115227412263,0.0013542814,4116,-1452.32004652495,-153.8204942177264,-74.05513389582681,213.1566462456663,-166.45596098591716,15.34240737275905,96.87850343007386,-107.49386328509455,55.000415021806376,-1.678800064938462,-26.556944743272172,34.846349958237916,-31.448391333050516
OSP_2_25.08.2025_20250825_232100.WAV,594.38385,1.9459101490553132,110562.14781254952,42356.40336669923,1.0893635598466807e-05,0.7237939224901965,0.0013539762,4103,-1580.2062177627472,-187.9339446797628,-109.61981417444066,265.2152277150301,-182.0385884597968,2.2930817295973216,106.30019008682133,-109.25610941020669,62.95457410465299,-13.742285432327453,-23.770354056291932,42.13361673738473,-38.70543990109022
OSP_2_25.08.2025_20250825_232200.WAV,625.7302,1.9459101490553132,110390.73276054302,42345.74000741228,1.0236999050815769e-05,0.7236342437292046,0.0013506494,4097,-1447.2191138645958,-152.62801545770597,-73.23303219340046,211.44377579381816,-165.50483753185307,15.518578988360547,96.36530961095067,-107.19703110904949,54.73083513340521,-1.263460777410413,-26.78441120564066,34.58092255934886,-30.934640910494835
OSP_2_25.08.2025_20250825_232300.WAV,625.33746,1.0062966420993065,110276.09049844518,42351.340601283766,1.0747153590089064e-05,0.723694161946447,0.0013499749,4113,-1385.009736295806,-137.15196532814815,-60.181045869709095,187.91299373586094,-155.06431213377732,20.777194523283235,88.7879345592606,-104.90308316108549,53.545233844987294,2.6197737542420296,-29.702973977854757,32.47149194591076,-26.098255711149527
OSP_2_25.08.2025_20250825_232400.WAV,570.7495,1.9459101490553132,109906.5625068835,42352.67269348828,1.0453583038337156e-05,0.72364944570427,0.0013421483,4126,-1570.6935198009176,-185.10771513203494,-106.08104107331543,260.92534579399256,-181.30658301489447,3.3117614501239743,106.10027325146847,-109.10300843024002,61.751141472280835,-12.650004573478872,-23.615938562235378,41.44306884502149,-38.34060055254204
OSP_2_25.08.2025_20250825_232500.WAV,586.7347,1.9459101490553132,109941.64172198092,42350.67343706295,1.0107658502093308e-05,0.7237002350000991,0.0013428943,4133,-1694.703317733302,-220.30382938177524,-155.75366627240092,313.0711644595341,-186.59494223487914,-6.4134129653784875,106.10082414562733,-114.60863800626225,77.3038790575138,-21.790000600858196,-25.23262289268898,45.28922068937701,-42.447193260725776
OSP_2_25.08.2025_20250825_232600.WAV,592.2311,1.9459101490553132,109594.44208435717,42349.22652150078,1.0283218434878427e-05,0.7237363251851778,0.0013386114,4108,-1652.7867843015185,-208.0227333849662,-136.32009209532507,295.3398439503357,-186.1546810184199,-4.166108636415831,107.21516071114546,-111.51145881186063,71.24421795391689,-19.50970192617241,-24.699517165544872,44.79072993683271,-40.76197466081938
OSP_2_25.08.2025_20250825_232800.WAV,580.4524,1.9459101490553132,110172.19754363925,42357.43933093652,1.0329009306113013e-05,0.7238497017473065,0.0013472062,4099,-1537.432425876296,-176.17634215740497,-95.97894589228099,247.23755230114793,-177.99132577379896,6.864160649214299,104.26131564459887,-108.72939816819951,59.11859869235591,-9.485060846635902,-23.760766964146978,39.46527636136524,-36.96532789317721
OSP_2_25.08.2025_20250825_232700.WAV,670.61316,1.685497135866322,110603.97559761934,42353.70935999659,1.0011145040085265e-05,0.7237344297735285,0.0013560528,4102,-1262.9328405801261,-109.29918174046082,-40.91254531528074,146.57538788217872,-131.50367903707158,26.94462411843079,71.7260655237084,-96.01547265035165,52.38203991594463,5.3634017584694185,-34.54840257258829,32.07950498427734,-18.354255142416353
OSP_2_25.08.2025_20250825_233000.WAV,577.77673,1.9459101490553132,109584.27206948835,42351.659320541774,1.0226960500493001e-05,0.7237013180924701,0.0013372893,4121,-1694.1580514771442,-220.05718395179224,-154.9612056482833,312.58352114941914,-186.89933621974734,-6.207687733503029,106.2668084091261,-114.52824750632841,76.97803111548319,-21.793339412811093,-24.95290150206398,45.18303049755352,-42.485681711147464
OSP_2_25.08.2025_20250825_232900.WAV,692.17053,1.9459101490553132,110554.85831349455,42348.29667326809,1.0439425504227736e-05,0.7235894114414164,0.0013547826,4132,-1435.0905081194808,-149.4813800400256,-70.31905641734518,206.5861411806744,-163.66578985642468,16.794869665366427,94.99991729821939,-106.95649786747705,54.40440129272434,-0.2882529847576647,-27.312921706875056,33.95485496284907,-29.951631754816646
OSP_2_25.08.2025_20250825_233100.WAV,590.0324,1.9459101490553132,109952.71437342156,42352.84015139202,1.0610115142072412e-05,0.7236842207057553,0.0013438523,4096,-1551.6730450095567,-179.87535093493298,-100.02305931438926,252.88269938025772,-179.49504210524728,5.442864576448312,105.09480961742388,-108.90209885388309,60.17105232454106,-10.820978844157858,-23.664864339542593,40.34044987678808,-37.58902403207553
OSP_2_25.08.2025_20250825_233200.WAV,624.7471,0.666278442414676,110322.02168403167,42349.98377978908,1.0452405821842154e-05,0.7236723066896736,0.0013513172,4108,-1504.7853858384078,-167.36787028312605,-86.98226240775138,233.87579135189625,-173.9147844194162,10.162498951891008,101.97059036977645,-108.44230698256203,57.016631709100245,-6.110704495076801,-24.627735079205234,37.51584002779337,-35.04547245375644
OSP_2_25.08.2025_20250825_233300.WAV,647.42456,1.9459101490553132,110055.20955713461,42351.55048844793,1.0079560448485018e-05,0.7237179512967401,0.001347103,4135,-1385.1791849502138,-137.12063190078882,-60.1153906686823,187.840203431968,-155.06876096835077,20.83512725966514,88.7480739252989,-104.89848644779538,53.553216211194304,2.604728776174131,-29.676935244934054,32.449563465155165,-26.103817347483027
OSP_2_25.08.2025_20250825_233400.WAV,582.97644,1.9459101490553132,110032.38780410837,42351.64978146469,1.0107919784095029e-05,0.7237384526880496,0.0013446187,4105,-1425.212739698384,-146.99558081665168,-68.09168072957814,202.76987625754694,-162.0974417580902,17.717768719922248,93.82322840189819,-106.65295364031742,54.224124622331864,0.33747555847812666,-27.75042359532609,33.60777021396322,-29.251187718193982
OSP_2_25.08.2025_20250825_233500.WAV,601.0005,1.9459101490553132,109736.67789988339,42350.75517069993,1.02967452579272e-05,0.7236570273508675,0.0013403841,4113,-1664.606175931221,-211.5371909270883,-141.4585127272709,300.3453494062451,-186.5611701485779,-4.775232168288452,107.01361733148467,-112.29866033838763,72.86516052514602,-20.272317808125393,-24.71608491129965,44.928703827367144,-41.28849928992377
OSP_2_25.08.2025_20250825_233600.WAV,554.6721,1.9459101490553132,109923.31141611676,42349.67588838045,1.0063464340390816e-05,0.7236487107487325,0.0013429414,4077,-1611.7172116561626,-196.5868249052485,-120.39267527292863,278.2647950215495,-184.33114667324045,-0.7699113890485808,107.14967567877213,-109.8790039524417,66.11775353192772,-16.474988443973498,-23.949573217134475,43.47693132401389,-39.62975843936344
OSP_2_25.08.2025_20250825_233800.WAV,525.118,1.9459101490553132,109769.41662578541,42351.88879089021,1.0955239040364044e-05,0.7237284340836172,0.0013410444,4137,-1671.3849445560163,-213.39697149103537,-144.27782920478577,303.1545639177228,-186.72098045175417,-5.308917272133648,106.98902429054587,-112.70449892336596,73.77150990088428,-20.65919691212571,-24.90524219667848,45.15794677310009,-41.55070878132109
OSP_2_25.08.2025_20250825_233700.WAV,526.12646,1.2935490896330215,109633.7100310109,42350.58976941448,1.0151478702490184e-05,0.7237025172304523,0.0013388499,4142,-1633.2214476356382,-202.51365915959417,-128.34716125959034,287.1560448236976,-185.48689403849446,-2.649895253070016,107.34406962471364,-110.57078731611537,68.66305137908216,-18.20964847339099,-24.262036858178057,44.30337598845613,-40.291143301863315
OSP_2_25.08.2025_20250825_233900.WAV,629.13605,9.457406114017602e-305,110111.77755330106,42352.076757623,1.0254883326186433e-05,0.7237329985443238,0.0013467879,4119,-1419.9051549999494,-145.61990211187754,-67.0207375964845,200.74229683717792,-161.13222539499543,18.098839756994675,93.20870854167303,-106.4667783740263,54.106944958090445,0.728260140232028,-28.078975543849673,33.467444093030885,-28.818237784032267
OSP_2_25.08.2025_20250825_234000.WAV,648.6704,1.3862677398344458,110483.8970666783,42350.59732740395,1.0810812052788002e-05,0.7236048841895746,0.0013530629,4104,-1346.0471411874764,-127.96719269992968,-53.26547870299507,174.13042964345857,-147.9455648288401,23.31542128066116,83.61799002390443,-102.74744530696108,53.14222762294484,4.218865736197994,-31.588459254533895,31.891685550895566,-23.182063156980806
OSP_2_25.08.2025_20250825_234200.WAV,594.9506,1.9459101490553132,109704.99039515243,42349.11302889904,1.0090932516000226e-05,0.7236759814673611,0.001340128,4090,-1527.2845268260396,-173.19782058221523,-92.949520118517,242.80174125656438,-176.63930449456953,7.841615456512705,103.64491944053232,-108.63061777505345,58.294349816106305,-8.261280631933072,-24.089390925206306,38.84116597075478,-36.31802017314734
OSP_2_25.08.2025_20250825_234100.WAV,581.9302,1.9459101490553132,109857.84000390061,42351.54104601944,1.0109485376533365e-05,0.7237389942342352,0.0013407439,4103,-1677.043165101681,-215.1573733664741,-147.053048424318,305.6554139823477,-186.81355400821974,-5.562355334386832,106.81948519320723,-113.14748740535296,74.60499647116147,-20.979458323716027,-24.921634117515616,45.130708769783,-41.71743096279282
OSP_2_25.08.2025_20250825_234300.WAV,585.2765,1.9459101490553132,109552.88507367704,42350.62315717209,1.0615632690669482e-05,0.7237396905079022,0.0013378726,4103,-1653.2117805495357,-208.21073242443356,-136.4692949410106,295.5676117816242,-186.25490637850794,-4.178888764989972,107.24362825094549,-111.48209951972743,71.21136215241705,-19.61403740167703,-24.50488279299294,44.73879755869055,-40.89910491309587
OSP_2_25.08.2025_20250825_234400.WAV,617.0963,1.9459101490553132,110445.25281547138,42350.34057687398,1.0055054894525916e-05,0.7236710301879505,0.0013544862,4081,-1321.7357691383527,-122.30575194625521,-49.340690860543724,165.73024264131914,-143.18322211750854,24.596154565481708,80.16493273647005,-100.98574230618965,52.914291054938566,4.824358673132924,-32.60793025326506,31.771913557478268,-21.53814413146923
OSP_2_25.08.2025_20250825_234500.WAV,630.75745,1.0498619138355578,110184.40889196887,42351.14645234107,1.0445145700709717e-05,0.7236718811890993,0.0013475106,4080,-1486.0127062172835,-162.46743401787884,-82.17779270539026,226.37562579459774,-171.33186355281165,12.02431077848992,100.27175673488553,-108.11315764447681,56.12089532583974,-4.421023975436135,-25.203518595987546,36.423836896464564,-33.77899332215053
OSP_2_25.08.2025_20250825_234600.WAV,649.30566,9.457406114017602e-305,110646.37130966289,42348.26194671308,1.0080240552923438e-05,0.7236168755693971,0.0013565697,4107,-1355.1607262270725,-130.0571469140393,-54.83275478790973,177.30316395217972,-149.61779551547065,22.71574778152644,84.90326190328214,-103.31704516113425,53.18457890620245,3.9748041679534944,-31.214328527268364,31.978670239424435,-23.786621390048072
OSP_2_25.08.2025_20250825_234700.WAV,711.37427,1.3754218650244736,110657.19273622833,42348.88738453904,1.0374827623982934e-05,0.7235856979818586,0.0013566461,4123,-1331.8189726000157,-124.62189297264895,-50.93176359583832,169.17324630563473,-145.1735476586249,24.096751225421123,81.62721028415015,-101.79439535205609,53.035814266769506,4.6429976480066815,-32.28127475546656,31.851234538258552,-22.173712041547724
OSP_2_25.08.2025_20250825_234800.WAV,582.4202,1.9459101490553132,109558.62064769844,42347.12874427231,1.0174361238810016e-05,0.723542103513923,0.0013370235,4098,-1635.976285369771,-203.27403565299312,-129.4167505698758,288.2943260588758,-185.61172044149657,-2.8968470643225217,107.40169492539692,-110.70446633210197,68.95845305186678,-18.329690718095986,-24.34877012486133,44.3286739949511,-40.27298394356512
OSP_2_25.08.2025_20250825_234900.WAV,534.6304,1.9459101490553132,109571.12731288467,42350.180141576435,1.0223219464522776e-05,0.7236630617226492,0.0013376492,4101,-1712.8767484090552,-225.37435840653984,-163.9292144290023,320.2198430121959,-186.87390734197547,-6.937803184651433,105.8512182947415,-116.31332310776278,79.46093351693926,-22.363378792290437,-25.035312798117452,45.17687750010912,-43.39973246085324
OSP_2_25.08.2025_20250825_235000.WAV,605.07666,1.9459101490553132,109771.25650150276,42349.137545311474,1.0794658304811484e-05,0.7236101449239484,0.0013412454,4083,-1454.4409468003857,-154.21843813128714,-74.48492089637469,213.82044245229127,-166.6345450908792,15.042867217490173,97.13266928747532,-107.45307159012555,54.884569372937364,-1.7065328853606274,-26.452487727253775,34.81197646178965,-31.487813592918524
OSP_2_25.08.2025_20250825_235200.WAV,600.7807,1.9459101490553132,110061.96416541452,42347.93388926468,1.0098885438195138e-05,0.7235533212563376,0.0013466176,4122,-1413.800174455289,-144.08724108694076,-65.84148229851094,198.4375615628392,-159.97572151371998,18.513349229860335,92.42017988910021,-106.12152798203381,53.93125064689039,1.0823608893463732,-28.333759944039627,33.26237693664143,-28.320805448727036
OSP_2_25.08.2025_20250825_235100.WAV,618.95154,1.9459101490553132,109795.21476162568,42349.08259774593,1.0631711557548823e-05,0.7236371448694843,0.0013421703,4096,-1467.1621955108892,-157.42811013632175,-77.45079266338887,218.74367200463854,-168.52607872248848,13.833603186980017,98.453105911907,-107.71962899559888,55.28370742513202,-2.731567259801799,-25.922729296234444,35.43576434925271,-32.440555755541936
OSP_2_25.08.2025_20250825_235300.WAV,576.76245,1.9459101490553132,109953.24378687053,42349.10128026722,1.0223687702436732e-05,0.723631149179573,0.0013430787,4104,-1628.8098973914334,-201.35639141531738,-126.76334861697794,285.4168283383551,-185.30514749289705,-2.2568864413955962,107.34715747852151,-110.51286640287515,68.20916078943732,-17.826216039071635,-24.30720740306812,44.20655617970128,-40.12799528509787
OSP_2_25.08.2025_20250825_235400.WAV,532.6383,1.9459101490553132,109544.87423373117,42347.43984933348,1.0086637455293254e-05,0.7236168368875268,0.0013372476,4113,-1706.8749763645333,-223.61836224655275,-160.99238167566142,317.7836352757105,-186.83411482122528,-6.863018642145717,106.01915971663266,-115.65752841006459,78.65945115843651,-22.174596341625644,-25.132944924052314,45.27250872367717,-43.049067484472054
OSP_2_25.08.2025_20250825_235500.WAV,543.8335,1.9459101490553132,109714.41417011361,42352.912673609055,1.0361168424983849e-05,0.723832526996851,0.0013400487,4107,-1641.1614387716343,-204.7261310422774,-131.39235222877358,290.4467146965627,-185.89100107142102,-3.240328373322836,107.36169609618177,-110.96521430624185,69.71201182286492,-18.78077124643399,-24.447367510325225,44.58372793566635,-40.53847946890431
OSP_2_25.08.2025_20250825_235600.WAV,627.96375,0.6931471805599453,110084.47702561702,42348.873511559745,1.0076695255362211e-05,0.7236600832186287,0.0013461689,4101,-1424.5791843181178,-146.77747522398914,-68.03684562489333,202.51415833654778,-161.8676599507196,17.65447067823436,93.78080041769255,-106.60757947345434,54.16621775146224,0.4514846000619589,-27.86399619516435,33.62049183015366,-29.16319199767353
OSP_2_25.08.2025_20250825_235800.WAV,544.59656,1.9459101490553132,109706.18330727462,42349.237097171484,1.0850258619577005e-05,0.7236873539372574,0.0013400555,4082,-1665.256378853777,-211.6311312182723,-141.48815602085938,300.6158865371086,-186.63927392931538,-5.020642870923856,107.15136561063852,-112.24155153194283,72.88762829190654,-20.29862172431305,-24.863331438140854,45.05385372375591,-41.23207280412913
OSP_2_25.08.2025_20250825_235700.WAV,569.78735,9.457406114017602e-305,109884.8660998365,42348.58373821497,1.0591322347636328e-05,0.723578696563317,0.0013424281,4110,-1498.1862338175833,-165.5424163232356,-85.15622032070411,231.10686179464582,-172.99020570777523,10.823144362974677,101.39212508973833,-108.31789055454797,56.63269448309904,-5.438473594000743,-24.84191484909421,37.073128439539126,-34.53485365879178
OSP_2_25.08.2025_20250825_235900.WAV,589.6583,1.9459101490553132,109846.96758805642,42346.398464303464,1.0359283176823001e-05,0.7235984629990889,0.0013405578,4114,-1695.1062269310619,-220.32559943314735,-156.49355705315958,312.9498553802328,-186.49225947943245,-5.991567494077913,106.39394555184911,-115.12113115510013,76.90438643356434,-21.483956425123672,-24.833156688363445,45.220432085340185,-42.72926847955956
OSP_2_25.08.2025_20250826_000000.WAV,587.89233,1.9459101490553132,109735.9140852858,42347.25358943021,1.0390638008161082e-05,0.7235356823234373,0.0013409143,4120,-1514.2618498325864,-169.6954501437597,-89.34370397422624,237.47172337446017,-175.03150594284253,9.169386663066126,102.73874762808555,-108.52405121102183,57.44392912560354,-6.902048719636642,-24.424648467526435,38.03633819352518,-35.52658014680113
OSP_2_25.08.2025_20250826_000100.WAV,629.87994,1.605329681464547,110107.88758039972,42348.51710434692,1.0231279245395557e-05,0.7236685158663748,0.0013478351,4101,-1349.5378433117512,-128.620736818173,-53.817611377558606,175.18604090754545,-148.45566331716023,23.03965377514008,84.1027247945034,-102.93603449015646,53.10975538122293,4.192197041122664,-31.510080454236427,31.95433736408466,-23.386397767427486
OSP_2_25.08.2025_20250826_000200.WAV,690.59064,1.1860050731694671,110903.05535297783,42349.930714789305,1.0062424219859503e-05,0.7236233354417532,0.0013609519,4116,-1302.4494272195348,-117.99275521885053,-46.489631084862076,159.38593902965073,-139.41577186923018,25.426756925241563,77.48930213789866,-99.5119833665131,52.74851914990621,5.158942183951046,-33.37056311999659,31.845831690341548,-20.420148182172774
OSP_2_25.08.2025_20250826_000300.WAV,580.2136,1.9459101490553132,109676.03754783192,42346.95665983214,1.0400161904424733e-05,0.7235054717826587,0.0013389944,4086,-1664.6795199389685,-211.46628064268404,-141.30378640489636,300.3840776583561,-186.62219075835318,-4.961283838798167,107.17746539202471,-112.24560171212077,72.80293469306152,-20.22457499494471,-24.8867877990055,45.040452028263495,-41.15923333621928
OSP_2_25.08.2025_20250826_000400.WAV,621.3773,1.9459101490553132,110189.95303150425,42350.23079632696,1.0611328534371647e-05,0.7236549772117365,0.0013484479,4095,-1393.733945011286,-139.18044441509568,-61.77489290533366,191.001126053506,-156.59651909833102,20.14832117346672,89.95697319818707,-105.3962998783366,53.68174132884373,2.2654624374236967,-29.4114373470267,32.751178945782186,-26.74646575859262
OSP_2_25.08.2025_20250826_000600.WAV,635.731,1.9459101490553132,110182.92564705253,42352.77295498564,1.0209325069361005e-05,0.7235843054345242,0.0013472214,4104,-1566.3574411898846,-183.93148516618564,-104.70536144398248,259.1361072677841,-180.95879115528356,3.783758769792442,105.97622348393291,-109.1317659444416,61.37454749407416,-12.177311947901957,-23.661707702717912,41.2062437128009,-38.21001082569965
OSP_2_25.08.2025_20250826_000500.WAV,606.5443,1.9459101490553132,110029.8721221209,42349.373076874755,1.019889484196322e-05,0.7235762982873525,0.001345915,4124,-1426.5101064520697,-147.18369539099794,-68.3181999906522,203.10449917733513,-162.19839075955736,17.586428236226293,93.97975686201724,-106.72620795910778,54.24701220863613,0.3447752235808532,-27.822656499589424,33.722368782492225,-29.305675131558743
OSP_2_25.08.2025_20250826_000800.WAV,618.8716,0.963674216795241,110234.6755802204,42350.24204393703,1.054074260290275e-05,0.7235480218400935,0.001351019,4082,-1289.2210135340003,-114.94164860596577,-44.46008039365995,154.87018378183893,-136.7222244907849,26.02501971741668,75.52734222301686,-98.3954774537879,52.622191614114406,5.348033665466433,-33.86434736133234,31.86528558964771,-19.575598511511757
OSP_2_25.08.2025_20250826_000700.WAV,679.99255,0.5623351446188083,110440.59884093112,42349.47078065979,1.0740707135449558e-05,0.723658458580072,0.0013538152,4121,-1446.081649867226,-152.23814341252483,-72.87883650622318,210.79580684489954,-165.2745929835767,15.743858861668086,96.1667514098714,-107.17427875120946,54.67886466226633,-1.171705395317102,-26.751475095956156,34.449330891096174,-30.885007112925695
OSP_2_25.08.2025_20250826_001000.WAV,638.9994,1.9459101490553132,109940.94979228334,42347.172546179405,1.0278883332726067e-05,0.7236029887779252,0.0013448701,4107,-1464.0478909054916,-156.65867489081603,-76.73340019266071,217.55252579118883,-168.08134215947538,14.13603819890529,98.1634160462644,-107.69820777514937,55.17615009021686,-2.4208209742504314,-26.08822371123159,35.25111512735466,-32.14636537085288
OSP_2_25.08.2025_20250826_000900.WAV,563.5005,1.9459101490553132,109693.65919955105,42350.90474878708,1.0068525966022483e-05,0.7235669372747168,0.001339993,4108,-1679.574821673104,-215.77304597678264,-147.94130983377048,306.58722115549614,-186.8695195370256,-5.775880947715195,106.82933628229881,-113.26206155267994,74.86090466072699,-21.06448049283831,-24.958511852209224,45.138624824284975,-41.82207306179879
OSP_2_25.08.2025_20250826_001200.WAV,714.7699,1.478665817929382,187750.6426661636,42328.758041981564,0.0016798695852484496,0.7238119241363549,0.004391278,2510,-869.6381793393475,-52.82847353197205,-16.12169710119214,68.541208305986,-67.48398244760644,20.44915572946877,32.43357933335673,-53.82108490404543,36.031779215273296,-0.32221026971228944,-25.143220366412145,27.21070991481968,-12.848927582390472
OSP_2_25.08.2025_20250826_001100.WAV,656.1267,1.9459101490553132,116775.12930521442,42347.35556897612,1.0491291753197971e-05,0.7236044200071299,0.0014366498,4094,-1343.978610769882,-129.57619287638724,-54.648865318512335,176.60640396387794,-149.05821231035017,22.761453011249863,84.48050239104322,-103.06166268397712,53.25133065334297,3.8827117487003626,-31.316255091896604,32.12250300526688,-23.732792456500817
