filename,ACI,ADI,Bio_Energy,Spectral_Centroid_Mean,Spectral_Flatness_Mean,ZCR_Mean,RMS_Mean,Event_Count,MFCC_1,MFCC_2,MFCC_3,MFCC_4,MFCC_5,MFCC_6,MFCC_7,MFCC_8,MFCC_9,MFCC_10,MFCC_11,MFCC_12,MFCC_13
OSP_2_25.08.2025_20250825_204500.WAV,609.94476,1.9495849392934648,1512572.7152501934,15464.469607526213,0.0019515829383731406,0.6298290942909996,0.026515583,4134,-691.9741836424444,-130.11009941892007,-242.6637497913568,120.18296410630975,-27.217352364736918,58.29124264552136,-5.853568820451253,-28.243225842736265,11.674147061143014,-18.472483059747198,25.492210600555023,-10.44704912850725,0.5807668872743429
OSP_2_25.08.2025_20250825_204600.WAV,634.5097,2.078207466686392,2264191.5546317464,15292.028326454309,0.0020426822449172584,0.6269152223043094,0.03969585,4133,-616.367313836382,-118.3318229917172,-236.26252769266486,110.4996713604567,-24.97581752267346,50.81394110645094,-5.142389649678495,-24.572695871322004,14.417029345129214,-16.296200357121617,23.254244955759305,-11.056390322669673,-1.9325195395819348
OSP_2_25.08.2025_20250825_204700.WAV,680.6942,2.0608550144820863,1223958.738136686,15215.722861172431,0.002536702311247249,0.6203805976009866,0.022230428,4126,-667.1878975386619,-103.05790556667996,-206.18363120210978,102.01285742612998,-15.100770664151208,42.408963625533616,-4.7579436951733705,-27.254646464631307,14.192716214500523,-16.597178458153266,22.451593712344533,-6.804830430042791,-2.595556518827028
OSP_2_25.08.2025_20250825_204800.WAV,889.4657,1.2002349081530208,302833.9444088775,15349.809665859722,0.002699414071898977,0.6246468777631702,0.0055201384,4112,-810.8839402692532,-121.30601861085853,-226.61806441638038,113.92895849542253,-16.171723215635016,58.456798620355215,-8.253487274541461,-32.087720552015305,9.69275611612747,-20.757617949750134,26.698031653023897,-7.85254758960715,3.831791010781908
OSP_2_25.08.2025_20250825_204900.WAV,691.9109,1.4186109171026404e-304,218909.30948333562,15296.698609654057,0.0024879194694194945,0.6205953795432334,0.0034321758,4119,-935.5830077954191,-166.3612980558449,-323.17145337686554,123.58359218375348,-38.827221338202456,97.54346909258635,-9.293060191264317,-14.44150294604734,2.3991626625758125,-27.10597215323515,23.009338473124647,-18.14114203209086,11.53363382678289
OSP_2_25.08.2025_20250825_205000.WAV,585.121,1.8149762194842687,220159.5713108762,15302.657415294501,0.002462414868919962,0.6209283233665301,0.00353769,4103,-924.5443328641569,-161.29267216759544,-311.39470996264896,123.56267492665164,-34.43070665791078,93.6630601151595,-9.81674929880475,-17.85043171081653,3.1892261844313676,-27.5814756493018,24.009067966679186,-16.504119108087192,11.497921700566257
OSP_2_25.08.2025_20250825_205100.WAV,570.0862,0.6934808598093303,212961.04926499908,15306.87067240724,0.0025111138927330218,0.6210255796840097,0.0032920311,4116,-975.9008863910609,-185.97043449743026,-363.8774076583367,121.65984298098887,-55.93800482420379,111.78435794986505,-11.69382722451874,-0.6309670930794604,1.1559890360539962,-23.490414072110934,19.80261047453505,-21.794154766307216,9.751726215267912
OSP_2_25.08.2025_20250825_205200.WAV,566.32526,2.0998462947173087,213903.02806824027,15286.645635749626,0.0025009768867511775,0.6196262703311151,0.0033071188,4117,-990.0471631074884,-192.79817418413037,-380.5427005913588,120.63424124394733,-63.00081859526669,115.74090425129027,-12.682190953517807,4.646784308333625,1.2348346967117398,-21.303235598929923,18.67353323760328,-22.025417121294495,8.492977285754664
OSP_2_25.08.2025_20250825_205300.WAV,541.82983,2.302585092994046,211687.65494168454,15277.845640200036,0.002530285663891465,0.6193121415150317,0.003240241,4112,-1034.14015535224,-215.76154965386596,-432.1195549273968,112.8836604953115,-91.05429720453375,126.37565171420223,-21.117945554867045,23.116456434193687,0.4627304382400933,-8.873495866586396,16.6775264930158,-19.74408498656069,4.698351056072028
OSP_2_25.08.2025_20250825_205400.WAV,532.36084,1.0183341735827858,212170.84748559038,15276.906417082833,0.0025054863003762624,0.6194379384714724,0.003255825,4112,-979.2981277146366,-186.72203820834955,-368.40526502046663,121.55131767164764,-56.94039488750738,111.88119208815496,-11.242119764137868,0.6002527107975204,1.1125225333725586,-23.38872104707744,19.61347233682542,-21.701291411246423,9.419338442776061
OSP_2_25.08.2025_20250825_205500.WAV,570.507,2.068952767815205,215719.52851953148,15275.160880042118,0.0024916047927630814,0.61921543056008,0.003339432,4084,-952.6325703037681,-173.76527444452458,-340.70359387961673,123.43102066374578,-44.55413327486596,102.77570077288777,-9.726401272927804,-9.057470179790167,1.8266365803653029,-26.58054667757729,21.790842308423848,-19.355271824919775,10.903532562993824
OSP_2_25.08.2025_20250825_205600.WAV,608.3093,2.221109304618583,219538.41637817863,15269.871964311787,0.0024861144260352325,0.6183946599555565,0.0034343307,4105,-890.0493728559421,-143.4421949430801,-275.72767298819036,121.82159943235398,-22.26571567303313,77.5538479725192,-9.273525463019665,-26.343969594145005,4.9300912669073655,-25.9055320205824,26.96440154460227,-12.018820449406606,9.19176825978544
OSP_2_25.08.2025_20250825_205700.WAV,563.5072,2.1892644195026896,213134.1773045374,15275.494511915176,0.0025009996723311116,0.6193247757469286,0.0032858816,4116,-982.8532300599305,-188.30887722967736,-372.3805873800902,121.26250314200428,-58.74957792907722,112.75188286612514,-11.591188874782004,1.8764561675648377,1.4810100076163943,-22.868435010805975,19.043113621222915,-21.666160626290093,9.292216594208377
OSP_2_25.08.2025_20250825_205800.WAV,570.43195,2.208098138263998,215555.44601509045,15268.826629772711,0.0024815268714252557,0.6190163732373883,0.0033299832,4098,-937.4607066216197,-165.84811962833692,-324.2723624711926,123.78007656420935,-37.98003711702159,96.60126238012498,-8.76967692472941,-14.449517912082477,2.060429010737696,-27.119466394052992,23.023086818862367,-17.623578971800036,11.51593713753945
OSP_2_25.08.2025_20250825_205900.WAV,583.3181,2.1898734837953384,218328.8347009456,15281.891899603152,0.0024849744450806217,0.6196706264833861,0.0034007628,4108,-963.0725632121595,-179.25572114825616,-352.1694969744994,123.19740415184269,-49.73203815282223,106.4782297385728,-9.701447940599223,-5.545860491965233,1.2886239300322682,-25.190800211333105,20.667250489909456,-20.408443986234655,10.494225352121587
OSP_2_25.08.2025_20250825_210000.WAV,560.2833,2.1461628068972116,234170.3380465051,15299.249323937835,0.0024105297201261738,0.6201843579846892,0.0036725618,4119,-976.5883156822292,-190.49996160640808,-373.78001083146046,123.67909444385634,-59.00701304286544,112.45114267608773,-11.322564874412185,1.753125430430197,0.921924297634882,-22.581121655365262,18.651153436967142,-21.322294517581398,9.82542770024367
OSP_2_25.08.2025_20250825_210100.WAV,739.0392,2.2798818278191217,230998.29568593332,15281.937904558496,0.002458326316421104,0.6196998942723846,0.0037242374,4111,-881.9381952855986,-141.32376719541963,-271.48053224557253,121.58158020555044,-22.05358469405367,75.73942574918063,-8.39523153358234,-27.96194099950079,5.494857370349282,-24.95323856579019,26.732856327719336,-11.628813323609585,8.803417518678634
OSP_2_25.08.2025_20250825_210200.WAV,719.57764,2.273127124536056,231090.03072839763,15262.76508150107,0.002470402224332064,0.6186559795001861,0.0036753027,4116,-882.2418741822003,-142.18929177885792,-274.8438266379807,121.641548828689,-22.130685215811837,76.31632691630223,-8.589733055435367,-26.72099345560138,5.170121918103244,-25.724554459105352,26.682802604137162,-11.739301202571843,9.60280228315823
OSP_2_25.08.2025_20250825_210300.WAV,583.56165,2.0027525064616905,250272.56815427277,15302.32764981934,0.002441956464325514,0.6205432974218168,0.003981976,4120,-914.3015609198043,-159.78619197234315,-307.95454411633443,124.87165588755579,-33.20753360301669,90.66710861817066,-8.867490152560642,-19.02479974014119,2.8331023310439996,-26.915857611802796,24.421960911958266,-16.015093879575787,11.408911261754232
OSP_2_25.08.2025_20250825_210400.WAV,729.4158,2.2699533017583224,224951.79807768596,15273.012431273622,0.0024930674772338625,0.6193927642754096,0.0035485679,4133,-917.5146885374133,-157.16415846733938,-305.81715946070545,123.20067681895269,-32.18392756972882,89.75386142469719,-8.370929120938433,-19.436527622802767,2.8136597463590536,-27.249785778273754,24.857921975945047,-15.668669278478143,11.161825239638622
OSP_2_25.08.2025_20250825_210500.WAV,777.32916,2.240058274556343,229687.25967460545,15271.381496882368,0.0024720441500413084,0.6192954170641753,0.0036840383,4088,-882.1000429382955,-140.90076554265096,-271.6263221020184,121.29306375073098,-21.8532210037073,75.38645262140008,-8.21443690146477,-27.666081984063958,4.984959937221232,-24.874037084181737,27.052630296460208,-11.854027127184548,9.158234442578514
OSP_2_25.08.2025_20250825_210600.WAV,622.8479,2.1952756178543424,234066.2890110384,15289.92407833192,0.002383351379135755,0.619946034559987,0.0037027516,4101,-933.2190979397732,-169.08821412579377,-328.42110156305927,125.87578922602894,-39.32702840011955,97.39503151924309,-8.907583570659948,-13.342091683080733,1.3649657502048325,-26.856945766743163,23.082775734155984,-18.16776838670553,11.803132952815613
OSP_2_25.08.2025_20250825_210700.WAV,548.48047,1.7023248870911398,221377.34540845375,15270.860848341343,0.002422960280042823,0.6190054659868298,0.003438069,4107,-997.2441686429139,-198.98664595398913,-395.1745863739417,120.21257291169911,-68.80986915089656,118.43234609006416,-13.701778492805474,8.86388836778737,1.0180276904177787,-18.252095104904793,17.703888227150074,-22.704299318558235,7.822614391860401
OSP_2_25.08.2025_20250825_210800.WAV,746.49146,2.2743567833128964,226191.7390642258,15259.328841727769,0.002461997966798018,0.6188215879211653,0.0035942118,4100,-892.7648666414165,-145.52963109675423,-281.6497029425495,121.79637184061711,-24.019069883152778,80.12645663761164,-8.836795231275518,-26.12025843951727,4.666295149394825,-25.214376700978857,26.514766918224144,-13.552885628272893,9.796651297536629
OSP_2_25.08.2025_20250825_210900.WAV,608.24255,2.0743102986638062,215223.46652767732,15252.074651586874,0.002518175240664647,0.6181244328229709,0.0033303194,4118,-986.0258413362416,-189.93722668659737,-377.5528236778235,120.07357591820643,-60.54926680691228,114.6624302086224,-12.407583731924227,2.8674117588459542,1.5964237341372387,-21.39866454664636,18.717537823193904,-22.815624292194613,9.147983036328451
OSP_2_25.08.2025_20250825_211000.WAV,802.0012,2.271993814585319,231493.73723243418,15243.300502438047,0.0025055626452515347,0.6179889102347822,0.0037607716,4102,-875.8104710473882,-136.90155189747793,-264.9071067460213,119.15550619752865,-19.57023588724462,73.2846571699637,-8.896053867005595,-29.189634159470128,6.12876760503079,-23.75951131295573,27.092812956337937,-12.08760153286863,8.347225989524668
OSP_2_25.08.2025_20250825_211200.WAV,622.9186,2.17934416312424,229743.57759198846,15263.60665395026,0.002410831091803542,0.6186904282332,0.0036233333,4097,-964.673665399385,-183.5334833977432,-361.1657357767585,123.7762769990122,-51.78103693775214,108.61941023441234,-10.772899550816897,-3.18837500450915,1.3505950550618187,-24.047166486508914,19.532652669588906,-21.182253721538213,10.598434701911707
OSP_2_25.08.2025_20250825_211100.WAV,717.02856,2.041633174052005,230439.099748642,15256.988204420913,0.0024610732966735918,0.6182934043128723,0.0036762655,4088,-931.4372121825447,-165.75622199606394,-323.62838389943823,123.7880170424936,-37.11128331696828,96.6902466156161,-9.640560743216678,-15.223608392434429,2.3883957430428833,-26.39353663521518,22.79554422149415,-18.14299788418415,11.822487821499656
OSP_2_25.08.2025_20250825_211300.WAV,746.9675,2.2316969020420734,232801.6176254819,15251.088465259481,0.0024666987950898453,0.618258319323576,0.0037864356,4113,-799.3900679220234,-104.5095538723816,-196.43564200370713,107.22282739790977,-6.5944731732488355,43.35216777687698,-9.167758497420303,-34.77448151087906,12.518167546071304,-14.738193068382403,25.607224092212366,-6.849975551539476,-1.2533933299889544
OSP_2_25.08.2025_20250825_211400.WAV,549.05334,2.2075440523693226,215103.94955219957,15249.348943751096,0.002518873595008431,0.6177692200297841,0.003344925,4100,-912.7579559605635,-152.8375489029993,-297.42435828424436,122.0820826437015,-28.431213706787165,86.9581882106752,-9.090961020092294,-21.90441474455408,3.4386595610254935,-26.45826954749653,25.293713705920975,-15.410402835461225,11.052900185404066
OSP_2_25.08.2025_20250825_211600.WAV,668.00793,2.239635136694177,216579.2859896297,15243.745951731495,0.002517177027028707,0.6176069746777271,0.0033626305,4093,-954.5775223978094,-173.77970904174228,-342.6588024872853,122.17737284018267,-44.63724465716234,103.75403714587671,-10.112826637115264,-8.91520923992258,1.88425241019457,-25.677029301207952,21.2352929670874,-20.08629235309965,11.177661799580513
OSP_2_25.08.2025_20250825_211500.WAV,739.1545,2.2914954571475152,220749.33397326732,15241.69680151251,0.002518520003022779,0.6175966127896966,0.003471558,4108,-917.5411427051292,-155.94246151143346,-304.7485782958666,121.99244168726597,-30.689541689589134,89.97425608792634,-9.246056568537895,-20.142037054435654,3.2927232537174245,-26.8501586052859,24.61925637789097,-15.89435960598486,11.288262452055557
OSP_2_25.08.2025_20250825_211800.WAV,762.44666,2.2341695991078376,232187.40390345553,15259.284547938036,0.002460715814289296,0.6187692331184848,0.0037573883,4127,-824.061681547316,-114.99128726372015,-217.47071897643613,112.2181768952327,-10.099097461335926,52.8316583809113,-9.201202784167748,-34.53570064030121,10.360403493321364,-17.71290380014663,27.01287954395812,-7.803351263186164,2.0601829198857318
OSP_2_25.08.2025_20250825_211700.WAV,693.7001,2.2626082110973376,219159.9073479341,15234.51182915876,0.0025468390921910803,0.6175542563000279,0.0034396388,4104,-907.4744504532063,-150.45318559612278,-294.21548657357295,120.93287440586032,-27.68984748120726,85.5829808583056,-8.897201500248537,-22.561919155861297,3.912350089404466,-26.427647450071806,25.410087731873464,-14.706411963966685,10.694684534135575
OSP_2_25.08.2025_20250825_212000.WAV,538.07043,2.1129861312914073,209521.81085942723,15244.434493989684,0.00254422658725364,0.6174993564722171,0.0032164978,4111,-989.4281075679571,-190.01543018187022,-377.74702485772485,119.38720962249793,-60.634003923257204,115.07314066221872,-12.291052158035386,3.1728298501771257,1.3648634734394336,-21.162467005520266,18.344335036097615,-22.50660026904685,9.102114695388213
OSP_2_25.08.2025_20250825_211900.WAV,589.17725,2.193378517145629,215434.82117423965,15246.124928113586,0.0025270805516107776,0.617988183084745,0.0033627576,4093,-912.6223734694767,-152.8355918168912,-297.5138901008436,121.63124161852932,-28.759919684287247,87.32610681053862,-9.09047461367097,-21.739456305344735,3.475704817976548,-26.473486315508232,25.048837401036426,-15.20464880822818,11.142058351111004
OSP_2_25.08.2025_20250825_212200.WAV,711.72754,2.1886010898826367,219804.8570589565,15236.97895259607,0.0025231891925173193,0.617551347699879,0.00345734,4127,-924.2599725867219,-158.50028325052577,-311.068151770975,121.630995705561,-33.23463764321523,92.28710842394072,-9.072437529733744,-18.197572005856145,3.001311666973882,-26.77697872359267,23.920357727359566,-16.75332273748165,11.558749398991107
OSP_2_25.08.2025_20250825_212100.WAV,622.4503,2.2449382889682705,215803.09511537003,15237.026189823535,0.002535297679202548,0.6173613797526526,0.0033729074,4079,-900.0492514147902,-146.19078953932444,-284.44754896178006,120.40445047862784,-24.694541783590353,82.04998258295944,-9.172948400450688,-25.0550405852954,4.418726960030346,-25.640013369627923,26.19269828214656,-13.800121548865254,10.21808710095444
OSP_2_25.08.2025_20250825_212300.WAV,763.8667,2.280133495501996,224570.20861927082,15241.011270454925,0.002539995201098201,0.6178030325065152,0.0035718956,4102,-882.8815895923806,-138.9965896144796,-268.9726645690065,119.2660183960687,-20.48995505585511,75.46484727225906,-9.2419206536731,-28.174415654938063,5.830692989001922,-24.599952417294094,26.65040757303164,-11.842426944445787,8.896251400887907
OSP_2_25.08.2025_20250825_212400.WAV,681.58167,2.267796284904076,221708.41153251225,15242.221840077504,0.0025364249975264085,0.6175429854744509,0.0035188263,4080,-862.1769544482446,-129.03797127656057,-247.79841124616627,116.67420477118085,-15.274612229016636,66.56475239171765,-9.485838719110975,-31.590630786580302,7.455342531443495,-22.30712938137174,27.480243456872405,-9.944660782176998,6.621561743379306
OSP_2_25.08.2025_20250825_212500.WAV,682.30383,2.259637515069937,217451.25866625493,15244.65460736912,0.0025363431154145424,0.6178572960780435,0.0034048122,4105,-916.6305162704457,-154.7401690915243,-301.65274652391963,121.75009747245836,-29.958304873495198,88.98872353225242,-9.295649074761728,-20.71390400671127,3.3887390725514526,-26.698991539913994,24.82602929272672,-15.595049880096703,11.059072726851932
OSP_2_25.08.2025_20250825_212600.WAV,710.0746,2.2546856375872206,218494.83615297903,15243.094020824221,0.002520308310016753,0.6176851433067293,0.0034230417,4091,-913.7038508917268,-153.27471095595817,-298.66682252031205,121.66348158210491,-28.820824357326725,87.81513685356843,-9.285797493294677,-21.589587887570815,3.6710250480936213,-26.784030352510708,24.89057479077197,-14.999644662920192,11.120969838657318
OSP_2_25.08.2025_20250825_212700.WAV,614.67944,2.255949322780836,218152.3968005108,15239.463860300708,0.0025374727006798195,0.6174842681089445,0.0034098167,4082,-892.8167084390222,-143.4336727287356,-278.4108301914244,120.17949843635017,-22.840671878457133,79.33631708701789,-9.29964503706002,-26.374748495966006,4.947055323398753,-25.302491574031755,26.404312143799853,-12.819837244943274,9.726504993867964
OSP_2_25.08.2025_20250825_212800.WAV,822.9881,2.271125330675081,233358.5676205329,15224.858536386,0.002532172028409956,0.6169600838258563,0.0038178465,4105,-869.6806138035378,-133.68965788547524,-259.5391658972757,117.51574996019137,-17.863068138200205,71.11647464248571,-9.137776190056853,-29.648746014604658,6.534373443937031,-23.74625672202457,27.290701735384655,-10.737604212776438,7.800415779732756
OSP_2_25.08.2025_20250825_212900.WAV,785.51654,2.2807514818754604,226573.7024628625,15236.89061002553,0.0025260989901921852,0.6173182052191921,0.003638321,4089,-873.6842099758541,-134.59385240258902,-260.0272001878666,118.15642903444922,-18.003649027528194,71.62045269756162,-9.387230381440252,-29.77038742189212,6.470765647685131,-23.71683807221023,27.178570666498796,-10.901231862635944,7.9828346675642505
OSP_2_25.08.2025_20250825_213000.WAV,631.9582,2.2130513330923436,214659.78296398898,15238.490193072987,0.002541421742882782,0.6173548354023176,0.0033421076,4099,-912.9032403345337,-152.38224242686968,-297.42480825017225,121.24751849106518,-28.48540067212527,87.26570785974391,-9.082548082671945,-21.70406623215276,3.6955539598758085,-26.785843807128078,24.98703338697198,-15.061300845307862,10.935369661887002
OSP_2_25.08.2025_20250825_213100.WAV,672.40466,2.261284644672573,229678.6728088549,15244.668464547665,0.0025335431176482593,0.6177470419536486,0.0036825275,4102,-782.8800837751431,-95.1134521355299,-177.3463532021728,101.16261576050738,-4.382175311883784,36.20474310190158,-9.114466028120917,-34.21935989149272,14.001316965283262,-12.075287816702723,23.859964076626703,-6.223837105359691,-3.9815025540656537
OSP_2_25.08.2025_20250825_213200.WAV,530.63586,2.193529875543997,208178.73131940732,15243.83398136028,0.002546764347053364,0.6178001239063663,0.0031842468,4103,-1038.0698605472678,-215.31255978948852,-434.113715565687,111.20388830079484,-91.47328146085381,127.15069873323343,-21.45891086831309,23.135043956722228,1.0389510275090308,-8.248084229356488,16.185707797740225,-19.529607818084973,4.56491784123998
OSP_2_25.08.2025_20250825_213300.WAV,763.804,2.2800853019363716,219973.41522739409,15248.841783475298,0.0025122709252389124,0.6181549731245346,0.003458726,4109,-879.4269487423486,-137.11392183038103,-264.27351541951657,119.18138673228978,-19.294598722216403,73.57466501741494,-9.196221853243937,-29.26014472237417,5.928700712122525,-24.00149695165326,27.197012048806936,-11.60714400885101,8.31005271409247
OSP_2_25.08.2025_20250825_213400.WAV,670.1184,2.196505794519694,217788.08441569048,15248.546070216542,0.0025294462812285013,0.6180803493519639,0.0033998427,4088,-945.4688154770795,-169.06618144008732,-332.4738295509851,121.96056131805267,-41.2556073603625,100.32024436483626,-9.591930709100355,-11.637787562151619,2.0191069916066637,-26.400470308286863,22.033416448828586,-18.96231952575139,11.488385734389164
OSP_2_25.08.2025_20250825_213500.WAV,666.9373,2.1022426491029935,214786.30693790392,15246.591969623885,0.002523549500214668,0.6180002719541139,0.0033308223,4099,-965.9681679684146,-179.10981654509462,-354.3291093952869,121.48498213784916,-49.829828593694614,107.63379783315575,-10.366446395510248,-5.230042457864413,1.663159517208204,-24.556029743630802,20.061884562347572,-20.927119938250215,10.527686527660459
OSP_2_25.08.2025_20250825_213600.WAV,644.7529,2.2707964070952755,218893.950624545,15243.801762931553,0.0025263308032337744,0.6177528591539464,0.0034352152,4110,-905.2661421270498,-149.27368839850186,-290.09051213228946,121.22022397499174,-26.274395997233757,84.27357304959548,-9.451345528023612,-23.621522302241896,4.309743472757862,-26.108137129387135,25.613680563612654,-14.419583268570982,10.409319815260156
OSP_2_25.08.2025_20250825_213700.WAV,639.75793,2.2501571031605763,214981.9490646026,15250.44589637925,0.00253256399223427,0.6183006758132445,0.0033392264,4101,-937.3929372004242,-164.9535313683154,-323.3775865364599,122.17973140803095,-37.763116495817854,97.1222314892981,-9.339311946781564,-14.535612177724301,2.388813010009236,-26.56881123161183,22.92742611996066,-18.386185041573498,11.320334155586611
OSP_2_25.08.2025_20250825_213800.WAV,629.9077,2.161335292051174,213550.29024957507,15244.375202903082,0.0025441681775810634,0.6177107753455418,0.0033155393,4111,-944.3782267446813,-167.5615487582725,-329.1921102402879,122.03686319729611,-39.791434756205334,99.30382717323313,-9.369988547199673,-12.885418437033293,1.9994831499736743,-26.345437352275063,22.365544663889867,-18.78563768994661,11.372720985172649
OSP_2_25.08.2025_20250825_214000.WAV,649.50916,2.201481551772281,212406.57366285805,15249.1251994399,0.00255095459231165,0.618060080044676,0.0032815237,4128,-916.9556229702588,-154.18844427045315,-300.38923748082533,121.83977907253734,-29.829949506460203,88.53094539820951,-8.701713993484493,-21.438822692469742,3.1642475193243835,-26.330795003055393,24.874518657494527,-15.630386252280298,11.042738133111367
OSP_2_25.08.2025_20250825_213900.WAV,542.7844,2.169854670749293,210641.17021342737,15256.480054993095,0.002539101695865254,0.6184542862586094,0.0032349862,4097,-1023.996041127141,-208.75859203393136,-418.87083874486353,114.51226632237744,-82.78669224852047,124.16650582356004,-17.868831075894217,17.602272556265582,1.1270825768840007,-12.153020112269946,16.656933825927766,-21.50455070553826,5.427715608693718
OSP_2_25.08.2025_20250825_214200.WAV,750.0861,2.2461328134693996,222258.9352364724,15257.24781054774,0.002529373772576067,0.6185824464526712,0.0035488636,4095,-861.099076693476,-129.3367101709682,-247.71701279548313,117.10330291037933,-15.883158567219981,66.56293570576888,-9.147012623606772,-31.942664839758873,7.475855770651114,-22.000917070666066,27.662057500936196,-10.169484780789592,6.148796625084373
OSP_2_25.08.2025_20250825_214100.WAV,587.1695,2.1862724508772082,216283.03485639408,15263.683082090016,0.0025197961961134557,0.6192715120067014,0.0033692333,4109,-918.2638648169983,-156.13828680159216,-303.68504492275696,122.35709446587028,-31.300164058048434,89.92358427640545,-8.702108335771895,-20.571270004535045,3.0896112207751076,-26.56824882309928,24.538874230452123,-15.825176285689968,11.251907943659877
OSP_2_25.08.2025_20250825_214300.WAV,619.87305,2.2488757387552276,213742.91989565192,15253.825139900304,0.0025292974922633753,0.6183538486597171,0.0033144073,4101,-933.4561714324672,-162.90545231135042,-318.13392243836637,122.4607865615973,-35.75669273690059,95.49332467843253,-9.302658960006475,-16.43986559164271,2.430716001013955,-26.47761665041465,23.232890692441302,-17.612504877279957,11.492732131337014
OSP_2_25.08.2025_20250825_214400.WAV,844.8266,2.291320133978964,241929.31822625405,15240.805692699125,0.002515225900615624,0.6177664023233898,0.0040100557,4100,-848.0854552385124,-124.21798641765061,-238.56760300496393,115.18758142185028,-13.571193594573977,62.06039448590871,-9.199317942674243,-32.93102672468252,8.440446496087649,-20.78610004077082,27.693954068014005,-9.21000221830405,4.96073112463856
OSP_2_25.08.2025_20250825_214500.WAV,779.0642,2.258553101061069,228803.51179614992,15246.5476541011,0.002558085575706092,0.6180241770115878,0.0037229368,4121,-853.5772973835492,-125.90619319693342,-241.71858638777965,115.73171557774889,-14.612455392238173,63.7722634442845,-8.973673017666512,-32.77100765571047,8.246176450528216,-21.12207299626886,27.373019692384496,-9.485836811797792,5.619941458314751
OSP_2_25.08.2025_20250825_214600.WAV,703.76135,2.282939173708119,222997.27861126442,15256.570994433734,0.0025440184731726494,0.6186086238540115,0.0035437443,4100,-833.5983241601224,-116.90569550418643,-221.57778374229508,112.30302638419049,-10.91761554154238,55.72201993810813,-9.53371448294174,-34.48299551885311,10.187107669203115,-18.640573488207142,27.121597266970365,-8.063620863512869,2.871485028008146
OSP_2_25.08.2025_20250825_214700.WAV,651.56885,2.2606542587241987,219611.5271826712,15242.699711630814,0.0025517293691792106,0.6178311186767033,0.00344232,4085,-932.5113985211243,-162.7434176059522,-319.0105872142067,121.56809771470006,-36.161761672457416,96.023038868696,-9.658457534832333,-15.95911675490621,2.785873173461315,-26.65745886919299,22.942906502672706,-17.477466768707053,11.820957156531195
OSP_2_25.08.2025_20250825_214800.WAV,747.414,2.2817258850369733,226981.74566921234,15241.887108693501,0.002540193514192486,0.6176800532564687,0.0036267922,4103,-870.6511104512607,-133.315701747261,-256.75095531227333,117.8217090151733,-17.380499626562262,70.62662125336313,-9.506191969452267,-30.67409471152391,6.7419386468696185,-23.035061403002356,27.29553684188578,-10.710352073036557,7.672038211208296
OSP_2_25.08.2025_20250825_214900.WAV,773.48145,2.277051957645558,222233.45730818118,15242.058665417375,0.002542127748128908,0.6179471900013961,0.0035459932,4097,-867.8807058189327,-131.70519076273027,-253.34370812252092,117.1896067075809,-16.694563064139405,69.3429030298186,-9.678531687016052,-30.78063979662729,7.188694100696541,-23.11767947191373,27.349339561196235,-10.394852141804051,7.3822176550443395
OSP_2_25.08.2025_20250825_215000.WAV,592.3269,1.9645975127937332,212316.61501420778,15242.822086426657,0.002548620037768787,0.6178113038381887,0.0032871382,4099,-957.8297597430619,-174.2560798543405,-343.6144829957406,121.54964518322264,-45.20558328590276,104.56069471936637,-10.261248597339074,-8.367730491150354,1.922864066814973,-25.76038929317471,20.92687240409355,-19.931533352531275,11.155666010632531
OSP_2_25.08.2025_20250825_215100.WAV,567.35974,1.925614719730674,210603.77180894904,15245.218992781014,0.002543696683150057,0.6176272439850149,0.0032371196,4109,-983.0817846230958,-187.32385533417343,-371.18177122856605,119.80921708986567,-57.56093161484492,113.23732460699972,-12.262013797346748,1.2140566498997767,1.6355714006278663,-22.33059085205607,18.54695617998275,-21.677156626362287,9.423954431858911
OSP_2_25.08.2025_20250825_215200.WAV,783.08105,2.276116120281312,228283.456191287,15249.732558715075,0.0025292090628878596,0.6180894387274293,0.0036729502,4126,-874.4202933498512,-135.1201951395712,-259.9433028925882,118.4313378382377,-18.428203536739947,71.93070658546635,-9.559004066418554,-29.706880099514635,6.59765687204338,-23.79845831185549,27.152934458974837,-10.86825826318463,7.899783562909316
OSP_2_25.08.2025_20250825_215400.WAV,690.5364,2.277414727743018,214184.99807229172,15253.243551936946,0.002537675675679655,0.6180192687488366,0.0033455698,4126,-880.4160307369964,-137.41805623408544,-263.7245511601162,119.14988312607217,-19.137464106977532,73.838134411766,-9.831198116874711,-28.846618190910725,5.9276147803284,-24.391078253318966,27.21609612729985,-11.265529968166016,8.445551736614245
OSP_2_25.08.2025_20250825_215300.WAV,729.44604,2.2770169972861107,228082.07576124874,15225.49259897264,0.0025568265536157976,0.6170719740378351,0.0036511247,4088,-901.1753434749138,-147.90325841778537,-289.7795222273634,119.98077027342212,-26.57972580498192,83.9212646075166,-8.98966434989175,-23.767667563691976,4.508830047232617,-25.951595444445697,25.549105769982603,-14.026069250464937,10.553670579794531
OSP_2_25.08.2025_20250825_215500.WAV,852.84705,2.27286941552918,247934.45735054725,15241.578368793347,0.0025111035373485183,0.6179501894952997,0.0041355323,4140,-802.1477805257305,-105.35385683291508,-198.75162380608805,106.79563446309665,-7.045855426123242,45.07312356688432,-9.302521085536576,-34.62428497624364,12.09572418655022,-15.149367031677707,25.93513403188946,-6.928230823558267,-0.9858301973390958
OSP_2_25.08.2025_20250825_215600.WAV,795.36334,2.289512248660922,237519.26524750964,15235.998461725192,0.0025343998263482577,0.6176129736655342,0.0038797793,4101,-854.2491768266722,-126.77919559750923,-244.29158299144692,115.7272452576773,-14.812043724543782,64.48029105936055,-9.276707048881297,-31.593484733011838,8.097304296607117,-22.06539134095588,27.384281320703046,-9.370591461180807,5.933073711722356
OSP_2_25.08.2025_20250825_215700.WAV,730.96436,2.2488629031196377,220606.63357107012,15236.89015963736,0.0025444858226023434,0.61771777416465,0.0034848729,4121,-902.2789635179696,-147.90144272708082,-288.1687330817335,120.69210274165401,-25.7321686438495,83.40593857633844,-9.202750627497958,-24.167327782027822,4.413345847203608,-26.04018235599019,25.65150128396063,-13.879857757887104,10.520310231378716
OSP_2_25.08.2025_20250825_215800.WAV,786.68207,2.2573578190880013,231403.81102072907,15238.942973758096,0.0025439765319879896,0.617764766235806,0.0037625676,4113,-873.915084343165,-134.96443040155026,-261.2569632671712,117.99290576975648,-18.90065310197602,72.18799513526014,-9.109172050392,-29.544378901806276,6.462853450805191,-23.7495416146866,27.277997327167117,-11.136365767050604,7.83979139797936
OSP_2_25.08.2025_20250825_215900.WAV,667.9873,2.265349254939567,217404.63866431825,15239.758960092395,0.0025568936664924955,0.6176777809126024,0.003387028,4093,-927.8564661881611,-160.20749698341305,-314.406715110568,121.49058750160839,-34.62339076603495,93.81670553763419,-9.404968718279283,-17.308633151554204,3.0360745796947852,-26.572806198552534,23.63148430309206,-16.914700244038052,11.451306651366414
OSP_2_25.08.2025_20250825_220000.WAV,675.8993,2.251316247475827,220147.01612399422,15245.06191067798,0.002537015228537976,0.6178043050190805,0.0034924618,4096,-906.8891128889861,-150.0192648580921,-291.8019726426257,121.04716620501308,-26.98499960997035,85.25977479971661,-9.389025566693613,-23.26464982107605,4.13918250318581,-26.313206859495434,25.431941428633237,-14.372748944399975,10.79806274768833
OSP_2_25.08.2025_20250825_220100.WAV,695.4482,2.281539298694877,221322.7813751132,15242.735636299481,0.0025389909593982857,0.6177850355430938,0.003492207,4089,-885.8675395005716,-140.70894801538677,-272.70325674906496,119.58280812541511,-21.583715415311712,77.02793865584712,-9.17353103980606,-27.390894090982442,5.511472819905889,-25.128567706491264,26.727385699638027,-12.100057486914691,9.186466604548105
OSP_2_25.08.2025_20250825_220200.WAV,717.69885,2.266652244838588,223970.489642336,15240.73711986971,0.0025395787584548218,0.6175278062174236,0.0035656285,4103,-892.378556279094,-143.734147681372,-278.9555561125778,120.0455157452294,-23.223592297755914,79.69404125119439,-9.325262079266086,-25.91300112678912,5.0059551543500085,-25.72842009418191,26.349687330255115,-12.641408146863828,9.791395584029376
OSP_2_25.08.2025_20250825_220400.WAV,802.9564,2.273831839708907,227883.72854048965,15248.913922443277,0.002547039630283208,0.6182435945353221,0.0036760208,4078,-857.6506942712244,-127.8345149511951,-244.74874377776686,116.37500075989936,-14.999420659723441,65.32335360074127,-9.587391165957788,-31.918123904505066,7.869071848579886,-21.990188349547726,27.534316889694537,-9.414771836594976,5.994615935431829
OSP_2_25.08.2025_20250825_220300.WAV,795.5028,2.236177282321073,227665.6955215307,15234.221617534495,0.002555647916080661,0.6172091327136076,0.0036658586,4153,-897.2823800782951,-145.82635047903224,-283.9978668714228,120.18113941965889,-24.479584396615824,81.70298960492127,-9.236152797039303,-24.989346092020092,4.694019178021672,-25.88763774090866,25.823501648082647,-13.222022050391994,10.22121892540201
OSP_2_25.08.2025_20250825_220600.WAV,627.85754,2.2656261846303263,218777.31536853037,15239.005025682687,0.0025612278689979085,0.6175789794012937,0.003419744,4105,-870.6521749437114,-132.61348672620085,-255.71859023380682,117.40661426309157,-17.325659351079008,69.97149437531176,-9.501382993101188,-30.159899237806687,6.940037052239762,-23.416751442355757,27.31110781512815,-10.444781149249248,7.421983363688782
OSP_2_25.08.2025_20250825_220500.WAV,598.89984,2.263226675545612,214228.1882201366,15246.582386470618,0.0025722028513071623,0.6177453149723101,0.003321181,4100,-995.2882460713337,-193.99053198716936,-386.8539852766344,118.11226292999085,-65.64143816909193,117.35337242126737,-13.577707961959282,6.535909064395574,1.5409411412976566,-19.79102909723767,17.778405841979097,-21.911749732974098,8.417236582998944
OSP_2_25.08.2025_20250825_220800.WAV,534.50775,2.1566003512885956,209706.8834993281,15252.11469437858,0.002563436816815518,0.6181961479953928,0.0032157383,4092,-982.7192717396513,-187.09288828370134,-370.2592933827818,120.0209735637212,-57.24063230565549,113.17234042008948,-12.078877785960396,0.9108008239289114,1.4535439449109153,-22.57367163677519,18.767014110531836,-21.686151250798776,9.496173927383973
OSP_2_25.08.2025_20250825_220700.WAV,781.3589,2.268281859801121,228243.62143556794,15238.233147662595,0.0025644490216994585,0.6178041232315711,0.003679032,4098,-886.4697114478125,-141.00728401069728,-273.7959379589524,119.34068125823264,-21.98890124308286,77.3044970730566,-9.195951741790463,-26.74297422111054,5.460659362951366,-25.198978909764968,26.51253979686286,-12.303128233720503,9.41348216695647
OSP_2_25.08.2025_20250825_220900.WAV,772.4171,2.285136069562497,224233.6384538121,15252.927147337987,0.0025492054335036077,0.6182907683939873,0.0036120943,4091,-878.7130082676828,-137.0772017714586,-263.8156871557874,118.85327322504546,-19.44035083280228,73.84542492163048,-9.737679524767001,-28.992365000884362,6.254612657266741,-24.318061338559847,27.24491313330689,-11.408296689339382,8.391604450599083
OSP_2_25.08.2025_20250825_221000.WAV,608.01917,2.275502146738823,211555.59056451984,15247.42751678751,0.002549803597243269,0.6177897620183358,0.0032727993,4103,-957.6273944792082,-174.19516237043163,-342.83146967749826,121.6552998615015,-45.12158244509078,104.37132671925038,-10.37775829782259,-8.378146861228245,2.082756050516794,-25.847617292110222,20.853918667312566,-19.78015007907574,11.055720869967253
OSP_2_25.08.2025_20250825_221200.WAV,593.5361,2.210796396630991,208504.21835053846,15249.894755886868,0.002566834132731399,0.6182400496788906,0.003196467,4073,-957.6236405224024,-173.48672258531423,-341.25747703542334,121.59549724570758,-44.641956036825114,103.9951400624113,-10.041910057771359,-8.85765719065007,2.0110953932133184,-26.042981664377233,20.8973335157696,-19.617168323211096,11.083985432466623
OSP_2_25.08.2025_20250825_221100.WAV,528.572,2.0562857499342293,207435.644904925,15245.114006859078,0.002566297328988993,0.6176361515729709,0.0031701908,4095,-1040.153192587084,-216.63935575246975,-436.06273769227727,110.64995827909698,-92.66477478687331,127.39766800122456,-22.322869975579394,24.03247150688576,0.6387905789856416,-7.2221264710434605,15.990217498988182,-18.9114071150539,4.420753139559544
OSP_2_25.08.2025_20250825_221300.WAV,520.0653,1.9466558110905414,207456.53937374987,15247.403136149185,0.002559625937597148,0.6179243756689781,0.0031679966,4110,-1038.2192308374113,-215.50799631795238,-433.76278772336934,111.5319768709822,-91.05975184257686,127.0585914477876,-21.560439907746808,22.920753193245403,0.8254968495113947,-8.1417504921815,16.075871479270837,-19.581481520537547,4.797213606280468
OSP_2_25.08.2025_20250825_221400.WAV,524.8003,2.279664135269057,208484.76788747738,15247.497468357933,0.0025451810089695244,0.6181697888065432,0.0031896366,4118,-1018.0683471105195,-205.09024635791602,-410.60599435072845,115.3012599025057,-77.71187162561534,122.87615665585967,-16.633801100495436,15.16872388905951,1.2144365855054975,-14.59453569674744,16.68414572206021,-21.433203860193096,6.235846892214531
OSP_2_25.08.2025_20250825_221500.WAV,533.2025,1.8686736278789966,207659.40775601345,15248.897167291423,0.0025576892056924797,0.6179748217028108,0.0031745692,4093,-972.0264613678205,-180.8521669753796,-356.88582205102233,120.88787581425481,-51.113276920435155,109.07959444698166,-10.819536757113118,-3.6989777640823673,1.5391218285324826,-24.280007243648356,19.544051112104555,-20.964880605229176,10.281463555573305
OSP_2_25.08.2025_20250825_221600.WAV,542.50336,2.06611161146945,209049.10171698942,15248.13209737292,0.0025516459889215228,0.6178203932136541,0.003201849,4101,-1016.6634916955798,-204.49513080000634,-408.86108909222907,115.70488222580789,-76.56402849163939,122.67624672755153,-16.514900553295632,14.43343897571598,1.360249752253967,-15.031010161516335,16.53235036702997,-21.649787878351393,6.412749847505487
OSP_2_25.08.2025_20250825_221800.WAV,532.4238,2.1172914478996057,210001.87979629033,15260.302993197414,0.002534490709586615,0.6187273310975894,0.0032224283,4116,-966.1638997520765,-178.8918717315806,-351.93248553227755,121.62619521788282,-49.212606052788864,107.51232706647814,-10.607773852617068,-5.354252542099631,1.5913807167641554,-24.981379043288076,20.239020414818395,-20.662063664463552,10.614636959833659
OSP_2_25.08.2025_20250825_221700.WAV,519.9735,2.2008472509156607,207933.4314393723,15253.26637424894,0.002556481075447383,0.6185697213270197,0.003176984,4108,-1006.4110835049696,-198.87377672746118,-396.3181257384727,117.35611347963678,-70.13418757482161,119.9042967568206,-14.608447485118193,9.976480357371594,1.4324529659915315,-17.80928752840368,17.21537496959347,-22.157244491565127,7.308728534433182
OSP_2_25.08.2025_20250825_221900.WAV,591.0756,2.2330688838846204,212685.07899922796,15248.555733081133,0.0025240185033212595,0.6179938184975335,0.0032691227,4098,-966.00995493015,-179.08259175309198,-353.08900251791783,121.61837907652915,-49.02068882742458,107.61027730770701,-10.623452567651363,-5.3576668237429015,1.7340020131893903,-25.00722322651116,19.891692545660586,-20.389541405254363,10.61173778793153
OSP_2_25.08.2025_20250825_222000.WAV,518.94403,2.2785983754396315,207959.82647091337,15245.46953221952,0.002547767926907649,0.6179545523955231,0.0031750177,4085,-1040.9924316466597,-217.07789285485399,-437.7551667376421,110.75064772579063,-93.41334350881819,127.5210567983801,-22.42593373166433,24.19617943680547,1.1155629014044934,-7.195973216966141,15.901184073838566,-18.897242945478027,4.432799528291105
OSP_2_25.08.2025_20250825_222100.WAV,539.9403,2.097956782271397,208447.77223734037,15244.682663159536,0.0025467106964661254,0.6175644364005491,0.0031884878,4079,-1006.8480347656168,-199.22398151554452,-397.27213591231754,117.06689904825517,-70.26828973151653,120.07778354856818,-15.03634523304362,10.479188457111936,1.4269436264847963,-17.591387148053997,17.092047072109093,-22.07438673893395,7.4501644588093905
OSP_2_25.08.2025_20250825_222200.WAV,556.84863,2.194931646260925,210147.91997180905,15252.260072853982,0.0025430093332540504,0.6182505933544303,0.0032314477,4103,-965.2163623616777,-178.08324599560632,-350.83476071753944,121.40254012218962,-48.53438224884641,107.05607598706767,-10.738007472306215,-5.5321338330362595,1.8612656552821365,-25.268225420177114,20.233439863162495,-20.517784333806585,10.611585053765742
OSP_2_25.08.2025_20250825_222300.WAV,526.3909,2.0917017882250977,210901.79228798524,15254.331988316948,0.0025234947516083943,0.6180332663870532,0.0032366016,4122,-997.9424280439019,-195.6463016076388,-388.5178247312577,118.66774796399746,-65.8194071739174,117.85718823986915,-13.92034516996136,7.600494726669332,1.4023023977541278,-19.666098038196747,17.53519668483647,-22.12490042607497,8.275136970782924
OSP_2_25.08.2025_20250825_222400.WAV,527.2872,2.2522532666012967,210305.16674138381,15250.8835705684,0.00253266722077626,0.6179106507120253,0.0032314397,4084,-985.2905292020131,-188.59572607229404,-373.13805594370183,120.14836011198666,-58.187295922053615,113.77477252823758,-12.329358336804146,1.9331083541189014,1.472862798426721,-22.29161718018311,18.405834080392324,-21.64459034877974,9.329316689329872
OSP_2_25.08.2025_20250825_222500.WAV,553.075,2.118825206792416,208620.50314752263,15249.686157655948,0.0025472043098411,0.6180972555903295,0.0031937324,4100,-975.9405854586138,-183.30535852540646,-362.005209301322,120.66363647764409,-53.234067548526696,110.63969699414127,-11.434911236937003,-1.8136798648509926,1.5185540691604007,-23.856916363743746,19.25457710889049,-21.17570317121112,10.127356818740031
OSP_2_25.08.2025_20250825_222600.WAV,521.3955,2.282528975331725,208336.76522835315,15250.698630646844,0.002540210857149551,0.6178981073738831,0.0031848892,4114,-1041.963946924356,-217.86663469327826,-438.9182798535393,110.75009507873733,-94.26120551974093,127.7663876054142,-22.53339645332695,24.591081026795123,0.8463364270838634,-6.833680504948387,15.898244996741443,-18.674382540654072,4.395020533846502
OSP_2_25.08.2025_20250825_222700.WAV,530.64996,2.130586955511986,208073.44433677732,15246.806393465777,0.0025441367367455207,0.6179886375535183,0.0031814345,4112,-1024.6372324241634,-208.50402839316416,-417.7058841892791,114.13104473889867,-81.68914965550803,124.34907705261553,-18.20281615129955,17.516815340042683,1.2266938980515742,-12.361820914203859,16.364795226859282,-21.0379133207572,5.686216110467022
OSP_2_25.08.2025_20250825_222800.WAV,531.04736,1.9205314936867777,210958.1159506242,15251.538251172507,0.002536314423499851,0.6179916370474218,0.0032384596,4117,-1014.2783071852972,-204.05229899723116,-407.2875507172276,116.27516416903946,-75.64782219953247,122.10606003337976,-16.33126936840537,13.929024767340671,1.276662927455637,-15.402862840957624,16.582123157649512,-21.663171540632774,6.715749980693022
OSP_2_25.08.2025_20250825_223000.WAV,524.1636,2.0934364623061743,209003.49325582018,15250.185292442273,0.002542069936307599,0.6181408845925633,0.0031975394,4084,-1018.7337777417462,-205.89239236412843,-411.59311875375016,115.32715216668095,-78.1945263606989,123.18975754948563,-17.194088765210687,15.484783901067008,1.3503077760692457,-14.233914626790307,16.56819192894413,-21.330590366616054,6.285434968755019
OSP_2_25.08.2025_20250825_222900.WAV,528.06537,2.122793038773588,208230.5745840781,15248.63223808211,0.002561894232277806,0.6177039583139426,0.0031826426,4091,-1013.750912113203,-203.00437757490434,-405.27061789768464,115.97231618577096,-74.7943171936446,122.06418682186644,-16.348523238405722,13.373235171537404,1.3683119604227767,-15.828507572907004,16.741118838077814,-21.675028275719693,6.7907697608259285
OSP_2_25.08.2025_20250825_223100.WAV,533.6094,2.177652786268666,237908.23771373866,15289.514545171369,0.00240200703495983,0.6193567703485666,0.0037175883,4097,-979.158488127337,-193.8494865770167,-379.14509876214726,122.71911988630575,-60.526178432223375,114.99546756229329,-13.141642185590182,4.1923022112278625,0.7796241453760872,-22.030713225600458,18.193916942800023,-21.494394763339592,9.393102455081543
OSP_2_25.08.2025_20250825_223200.WAV,519.43567,2.0754472468775282,208616.87349929073,15253.426791667669,0.0025318463487268676,0.6179155589747766,0.0031880615,4106,-1042.0637467240854,-218.37152482983143,-439.0350808113218,110.85074550048961,-94.18815731613073,127.84558239327046,-22.694692360616465,24.780819981573934,0.760253847499506,-6.592293378856136,15.985619808142458,-18.75323415466807,4.233659842876115
OSP_2_25.08.2025_20250825_223300.WAV,524.26746,2.1820484917450993,211433.59669300375,15264.6306741041,0.0025029555736880865,0.6187601437430194,0.0032455302,4122,-1029.0383933607145,-212.6163063112202,-425.1114641549174,113.88282833166532,-85.96608853842672,125.72782957301254,-19.647647263615337,20.211548237979848,1.102075359840216,-10.875793479714467,16.032906684659046,-20.36250732151957,5.5214109203375425
OSP_2_25.08.2025_20250825_223400.WAV,549.87305,2.0853430998009976,232035.2485135275,15298.070312782544,0.00231570489064642,0.6197465227685219,0.0036437956,4114,-965.2338764889289,-186.93187634894093,-364.79656037976815,125.32003630339806,-53.34375516767325,109.86874323955328,-11.542375701452343,-1.2739200070072796,0.8391301739542869,-24.78831910149124,19.746577181373436,-20.84196284764044,11.063408442910124
OSP_2_25.08.2025_20250825_223500.WAV,580.4407,2.232395251527714,215272.70411977882,15250.270581169894,0.0025076374671678995,0.6178406625209419,0.0033415616,4084,-947.7026566390713,-170.51072548021358,-334.45617414174177,122.47756774911056,-41.37100251681908,101.12729882271958,-9.919948363515367,-11.071922807907297,1.9061143233273783,-26.657602095250308,21.735349707526666,-18.750570361079753,11.489740853459349
OSP_2_25.08.2025_20250825_223600.WAV,546.06177,2.1337126301165186,209818.69802219927,15252.502991121824,0.002529342597664282,0.6179989085477942,0.0032216571,4108,-984.363648028128,-187.9367238661216,-371.876969303223,120.32030447026298,-57.62136144156074,113.30812030336632,-12.14575514617294,1.5273570034777393,1.4767658972364326,-22.61817556682474,18.6612967603658,-21.571906663392582,9.33301904203555
OSP_2_25.08.2025_20250825_223700.WAV,544.13495,2.125741134443234,210816.08487125358,15254.066800815082,0.0025163542262749694,0.618129159298213,0.0032364223,4104,-993.1271776328392,-193.11028595111057,-382.74274304417264,119.41495624274533,-62.79493160359689,116.30868262023436,-13.282563287338652,5.584388318974161,1.2930583046064636,-20.896159015567083,17.88607111135349,-21.86490622585056,8.709055330688955
OSP_2_25.08.2025_20250825_223800.WAV,521.45154,2.1879761867765555,209003.87840527337,15254.091339188764,0.002529879910630745,0.6181340675609642,0.0031966069,4084,-1043.3605909032392,-219.11341014189918,-441.0296382786947,110.50925789039749,-95.54380655688108,128.0679314275907,-23.1379345719761,25.454263553531977,0.6698738617889168,-6.198658073821838,15.964670518158572,-18.378873766072253,4.1646447932137605
OSP_2_25.08.2025_20250825_223900.WAV,532.5123,2.1220173586752056,209211.71655461815,15244.000887913915,0.0025371496169713298,0.6177064124453183,0.0031977147,4092,-1030.4631207853665,-212.13291014326288,-426.10607053534847,112.8490562294765,-86.22042983061398,125.6532274969446,-19.848513734513638,20.64471075299945,1.2453615455937064,-10.536371353112948,16.062182711306786,-20.255728720398235,5.189107158573122
OSP_2_25.08.2025_20250825_224000.WAV,526.43414,2.148948677016429,211493.43899671143,15258.797606618311,0.0025091741068995646,0.6186547978813757,0.0032431222,4089,-1011.9754146487421,-203.33437941010936,-405.32902393459545,116.853296038429,-74.57708718857869,121.71224046562108,-15.986426348274284,13.257579321668306,1.4240429055187647,-16.02030564978281,16.656975213036812,-21.753681458973475,6.8649866317873505
OSP_2_25.08.2025_20250825_224100.WAV,543.71326,2.131948543019598,211810.76169847138,15253.928866144166,0.0025163839682101966,0.6184103845751117,0.0032588274,4097,-967.4411109420904,-180.11854571010048,-354.8247243458094,121.8201277044825,-49.90552203326284,108.0023314390466,-10.761663900832824,-4.497339831099693,1.6423414793355513,-24.877914606203007,19.713578170398147,-20.578545180004852,10.710638398462432
OSP_2_25.08.2025_20250825_224200.WAV,587.1388,2.1897218014768027,213994.10306430745,15252.99946906392,0.0025016538474193833,0.6180719871265358,0.0033089004,4102,-960.31660166712,-176.7692159992268,-347.8563889411366,122.1476121916471,-46.84263502596133,105.66299753675028,-10.278082936143937,-6.843220495021761,1.7187113900029818,-25.636861808315754,20.362885750040256,-20.007850381665172,10.966426428701526
OSP_2_25.08.2025_20250825_224300.WAV,546.94714,2.180754702539285,210259.69715603968,15250.139911120523,0.002526928433348875,0.6182329599660276,0.0032267536,4110,-1006.6249799911673,-199.7616561736736,-398.1407197996909,117.32190854713095,-70.82836579415672,120.08074325320038,-14.861009193597372,10.836392600529775,1.3045331577359183,-17.652660970592677,17.086263689764788,-21.80086794582635,7.245503453703413
OSP_2_25.08.2025_20250825_224400.WAV,528.735,2.237927257491365,221047.95174747595,15258.276055165026,0.0024393610141959085,0.6180590802133749,0.00342368,4106,-997.8190732909189,-199.0266971594433,-395.05259360351107,119.57796642192352,-67.95585579332406,118.69564415849389,-14.395683283267106,9.666556185936962,1.1261563453423526,-19.10997016806179,17.04884239685487,-21.751143966190245,8.41803628419053
OSP_2_25.08.2025_20250825_224500.WAV,523.60364,2.264677285077854,211015.90118098952,15258.4640614114,0.0025081396276029205,0.6180770771767964,0.0032346665,4111,-1035.1710762776722,-215.63289371443622,-432.535694330426,112.51954563406098,-90.23240798425293,126.73421208965705,-21.05041183226225,22.76883245989406,0.8089551547495533,-8.911604866244732,15.91448288134878,-19.297424164128945,4.833378670519617
OSP_2_25.08.2025_20250825_224600.WAV,527.6329,2.1976722693156936,212229.38110577813,15258.620548994875,0.002500266209773995,0.6183169457953276,0.0032618798,4080,-1003.166704493893,-199.07691030415353,-395.5128593250625,118.41170320488193,-69.28269642786701,119.30863181262828,-14.582480147948885,9.852053300776717,1.2196787518877368,-18.274461168443175,17.200491431007077,-21.834761209898275,7.617504847769811
OSP_2_25.08.2025_20250825_224700.WAV,547.4547,1.956618192100392,225582.32962709529,15280.19333321675,0.0024431579767255655,0.6192774201007539,0.0035256536,4090,-920.0281491295924,-160.1101180615745,-309.15415730023125,124.35201621808359,-32.499921033938826,91.34293796450514,-9.477539461660955,-18.707009588344203,2.716253966835621,-26.90834040652541,23.974404771827075,-15.912114515041978,11.720060371102777
OSP_2_25.08.2025_20250825_224800.WAV,530.53394,2.1568188692046766,209046.33387376196,15249.927121246908,0.0025423004195444265,0.6178135761820551,0.0032042668,4071,-1011.3201798525439,-201.90958992570503,-402.80730201152824,116.50475646738667,-73.53002689248814,121.31394412704655,-15.651414218330347,12.473692634028863,1.2023239613268897,-16.24612194611448,16.867024063140608,-21.767900581044067,7.00527294070609
OSP_2_25.08.2025_20250825_224900.WAV,521.5801,2.103873895111318,207911.92212617517,15250.935964339784,0.002550471338401965,0.6179512802203555,0.0031772275,4081,-1008.469671095175,-200.08359123633264,-398.59004532183576,116.94647849840884,-71.35722305161094,120.46514963801543,-15.062896455869398,10.994321865393058,1.3053091224251199,-17.171183654286402,16.988355681412216,-21.86828213377863,7.144073587960385
OSP_2_25.08.2025_20250825_225000.WAV,519.80786,2.2214997451477747,207199.9553890104,15244.271949015043,0.0025597216322256,0.6178207567886728,0.003164259,4103,-1031.9771282975137,-211.99194946267252,-426.0137419362172,112.55188842835689,-86.51179255134238,126.05997549407707,-19.71093911018608,20.36646269376258,1.094178569575077,-10.379815762314921,16.245179879841192,-20.234864003053904,5.008360829153014
OSP_2_25.08.2025_20250825_225200.WAV,524.33203,2.1695184009974815,209022.8462610559,15254.24384645626,0.00253805979753829,0.618264863673911,0.0031980327,4113,-1011.6593193977372,-202.41673968551072,-403.205099680844,116.55225856094962,-73.6902017434935,121.61664808120909,-15.877415996621481,12.643322175383572,1.2262983529760978,-16.227130371870437,16.678369826231886,-21.785859650232368,7.162128330568006
OSP_2_25.08.2025_20250825_225100.WAV,521.2412,2.208697483072715,208514.62548955463,15245.51772237325,0.002541020230516438,0.6179597333395384,0.003189016,4113,-1010.8330948187847,-201.4967522427234,-402.0468542655686,116.46574722099037,-72.82545360797991,121.17426585924868,-15.571767348084547,12.14764263062937,1.3743049170377588,-16.376448737045965,16.65257383259189,-21.8788330778886,7.027373868153428
OSP_2_25.08.2025_20250825_225400.WAV,533.14575,2.0902419241531387,211050.33841061822,15257.617788024125,0.00253232615615905,0.6184478328020291,0.0032339273,4109,-1014.6450032829968,-204.64543925361696,-407.9212934261295,116.07746320111544,-76.28922182764627,122.50515810664244,-16.570157085887033,14.342290478191615,1.2843083034560845,-15.23340575227794,16.62361052158447,-21.579744161533156,6.51633638524049
OSP_2_25.08.2025_20250825_225300.WAV,562.1295,1.9232047692910945,210159.7810667617,15253.548628979717,0.002537272287871108,0.6181780601382166,0.0032266048,4114,-978.5744938593552,-185.11965811518255,-365.7743454983322,120.604507335625,-55.065823054618185,111.77866391393852,-11.561400584791288,-0.6906572831505073,1.5300128288208978,-23.45666225120306,19.063463942290156,-21.323924457548163,9.871883264403056
OSP_2_25.08.2025_20250825_225500.WAV,525.3275,2.1275110736260197,208778.1952586702,15247.315172910674,0.002538706138202265,0.618039083587351,0.0031973096,4094,-1010.997701336548,-201.60221796891614,-402.1609526678419,116.58425222432942,-72.83954865263087,121.18605969444398,-15.779782532636748,12.239681046058934,1.4203921310248837,-16.555869829536018,16.855357721997034,-21.641557171710044,6.854540133482631
OSP_2_25.08.2025_20250825_225600.WAV,533.25055,2.133352894730818,208874.40863920897,15252.794104221459,0.002540447791462429,0.6181746970692945,0.0031995738,4082,-988.5854361015112,-189.95629848885437,-376.406494111128,119.47284117006522,-60.16022235979264,114.8121262803449,-12.328559272557923,3.1957516888733504,1.362970111510182,-21.699809507976273,18.104134551710626,-21.823370291309537,9.081468101300358
OSP_2_25.08.2025_20250825_225700.WAV,530.2831,2.0668909279089553,213961.2813570242,15265.079811293857,0.0024987469707351416,0.6187740504874814,0.0032975005,4099,-1010.4091909911543,-203.57954494331813,-404.8551805642508,117.2993731370483,-74.53041275204184,121.63233760115567,-15.74041259157618,12.975778644931525,1.1874281321123104,-15.895650387364451,16.6412891558268,-21.591011603768436,6.793777601141702
OSP_2_25.08.2025_20250825_225800.WAV,613.38416,2.0020627599922305,223069.33412039973,15269.848565400018,0.0024358902239823353,0.619006465818131,0.0035122791,4077,-952.988638472579,-176.09731779584035,-344.67278972279615,123.36178015473114,-45.72565807351638,104.40110134244696,-10.245140295258821,-7.988994712571625,1.746560491290844,-25.940429545763962,20.87070051186263,-19.588466829404567,11.01870043026833
OSP_2_25.08.2025_20250825_225900.WAV,543.79877,2.1243186895447312,227212.15283027533,15277.541469806401,0.0023912237723027795,0.6190758177529319,0.0035383569,4100,-983.3279012017206,-194.03750350287982,-382.02230152320476,121.71402706176556,-61.906588400569426,115.78107355438915,-12.972267360847745,4.674729049705852,1.1458553877328554,-21.449877494240575,17.89681602616006,-21.705944888045195,9.23845175006623
OSP_2_25.08.2025_20250825_230000.WAV,526.98846,2.108974943660012,212145.9450935113,15261.033028008645,0.002496471517680632,0.6183344882899758,0.0032589373,4082,-1017.039677251878,-206.55350512050168,-411.58031465418105,116.11305040274348,-78.037248166743,123.1399795162232,-17.00138895662057,15.595073985437761,1.1243703598455284,-14.514769971330614,16.539727405765678,-21.320638980610486,6.106559120952981
OSP_2_25.08.2025_20250825_230100.WAV,542.48193,2.1846091919086335,214110.2456469151,15257.359187472815,0.0025243559947132487,0.6185452709070178,0.0033125537,4098,-942.0689654121851,-167.31918784085644,-326.835519508518,122.63959587881959,-38.779501987876166,98.82687575948415,-9.639140791886854,-13.53943399659513,2.137852688617098,-26.96449610814274,22.29840247381796,-17.705646193312766,11.518719604404797
OSP_2_25.08.2025_20250825_230200.WAV,539.95764,2.116122235047184,209024.73486324167,15249.1378794988,0.0025496363119166315,0.6180454461501769,0.0032046982,4098,-978.949221321537,-184.7301662612959,-365.2359487557035,120.3148378248428,-54.84451609450329,111.8069806165059,-11.601254501195202,-1.0190758168228058,1.5406364040219798,-23.417012379560422,19.124100064078505,-21.03919557128316,9.692547689950455
OSP_2_25.08.2025_20250825_230400.WAV,524.5831,1.684781217827756,207388.77731303978,15247.707544194085,0.002554855633487682,0.6181067085408135,0.003170525,4113,-1000.9195893896433,-195.6270912093988,-389.3264653882128,117.86735182533563,-66.42748445136226,118.34602486195348,-13.934460948848699,7.642328167695384,1.6312980730231064,-19.34026196084047,17.347091644254633,-21.903117207446684,7.860362233199959
OSP_2_25.08.2025_20250825_230300.WAV,524.0172,2.149326037344055,209013.21464365144,15243.790147558017,0.0025440140062521588,0.6177321353778853,0.0031963938,4092,-1023.9675064973005,-208.43433555400406,-417.75313890689296,114.13060766723467,-81.47958354489087,124.43364774493902,-18.126706612337635,17.572776902716388,1.2637174751822708,-12.689891546385386,16.266872452415903,-20.881288329752785,5.729541373128405
OSP_2_25.08.2025_20250825_230500.WAV,534.2837,2.168311885210223,208652.390226807,15246.082732576782,0.0025467082694391545,0.6176961414510425,0.0032026048,4107,-935.8084099169885,-162.83674185467274,-318.10557964133704,121.9333356893964,-35.46765934149933,95.89687799077147,-9.75734864383788,-16.0020095362521,2.6129805459899935,-27.167536826066925,23.28550778582043,-17.081117971998562,11.311869176213161
OSP_2_25.08.2025_20250825_230600.WAV,526.5679,2.2583175299640565,212235.5417076793,15270.915000528466,0.0025033452357843427,0.6191981607466959,0.0032653639,4095,-988.7554016713469,-191.79753695368217,-378.41760474591155,120.12966662381058,-61.43146712674985,115.73818363778646,-12.845723568606775,3.5927684036542593,1.588165531473602,-21.497767174964636,17.997737493355192,-21.458023127844644,8.79588009128308
OSP_2_25.08.2025_20250825_230700.WAV,525.6913,2.2692898020463845,209438.58176519172,15250.313162189848,0.002532875598915673,0.6179877286159717,0.0032074468,4108,-1024.0885286662287,-208.80625804488102,-418.2259044761127,114.16960190952953,-81.95453417441962,124.59448088063071,-18.070259102471354,17.730824136194347,1.2730636576388497,-12.679896557838793,16.17009019902812,-20.72748617188911,5.792326056260418
OSP_2_25.08.2025_20250825_230800.WAV,539.91943,1.4186109171026404e-304,212079.0094391169,15259.607703852413,0.0025087234054466793,0.6184795547224032,0.0032660363,4076,-1007.479400927405,-201.30948756653004,-399.9947110040718,117.44889211052696,-71.72369379700395,120.75478458997942,-15.497856855662738,11.614754419739404,1.2902388935847957,-17.28093168081596,16.954753284066864,-21.755651754262512,7.164809369282839
OSP_2_25.08.2025_20250825_231000.WAV,560.3562,2.11393681292622,212164.76641006654,15267.480280251535,0.0024970267294055198,0.6189290243391661,0.003267494,4086,-947.6228436177636,-170.44011020028523,-332.86382821706184,122.97938282927811,-41.24165710866913,100.98254710637039,-9.834789165001851,-11.834811612868064,1.9800183237281495,-26.61079301571774,21.808718838398995,-18.419712707359334,11.48510537880018
OSP_2_25.08.2025_20250825_230900.WAV,524.44775,2.2554188682996323,210853.80525921084,15263.500550411289,0.0025121372851021886,0.6187784133877048,0.003236097,4085,-989.0507466449524,-191.43251035219265,-378.1313715878512,119.91197062615042,-60.97392867228637,115.43893430052405,-12.755734327309835,3.754461764132266,1.2318083570842049,-21.401587968729192,18.12859937148926,-21.738150390167085,8.941000265691539
OSP_2_25.08.2025_20250825_231100.WAV,906.99097,2.2581371300704096,329518.66874223365,15199.477738674768,0.002424202167659565,0.6171014236143428,0.0061299712,4096,-830.6405075421461,-125.59329418365982,-247.4944652365562,114.77701588037543,-15.6634895831063,63.698295956180516,-7.480464144397758,-31.62638257123348,8.430065046569673,-21.440708664937556,26.461835478687803,-9.43448523249856,6.160642946677373
OSP_2_25.08.2025_20250825_231200.WAV,834.11285,2.2693978464207167,277876.8613778957,15227.720383390828,0.0024557965059376304,0.6175976126209978,0.0048215934,4102,-845.5935510185664,-128.3857453993961,-249.10044406794268,116.59018303693038,-15.707002562467315,65.43831085217724,-8.637415583717129,-31.431596251282393,7.688090686317406,-22.022473385419488,27.23737523486658,-9.584464641231481,6.423124007336017
OSP_2_25.08.2025_20250825_231300.WAV,840.3093,2.2721982700243304,265051.5538133158,15217.917754730443,0.0024863324008852195,0.6173852848101266,0.004511363,4086,-840.0368459649706,-125.57959835811593,-244.68933198046963,115.2645361313787,-14.882933822113033,63.71190814753303,-8.325373287028787,-32.294536871138384,8.428179037166203,-21.643949993477847,27.14763239878758,-9.120560880467414,5.967947317602655
OSP_2_25.08.2025_20250825_231400.WAV,803.4546,2.2819108971520294,243643.6996997209,15256.326231140512,0.0024467835657865627,0.6184471965457464,0.0040078815,4111,-881.9382539326062,-143.07716195802453,-276.29718139832244,121.19656987787066,-22.3339608317353,77.88479363709294,-9.299825460194695,-26.791365339829884,5.082542703998901,-25.5150217480321,26.68449777405312,-11.931512031218636,9.7672052267548
OSP_2_25.08.2025_20250825_231500.WAV,742.27057,2.26514623806726,236065.19610441333,15235.336935870599,0.0025011843195574183,0.6175716170071668,0.003844678,4089,-917.6083556925853,-157.68591744502461,-309.81541316092364,121.61255898429202,-32.80149335884597,91.57268057724056,-9.113681127507371,-18.875540149898487,3.2832901024639236,-26.997190582283842,23.93780293899762,-15.652166294515059,11.44840592206406
OSP_2_25.08.2025_20250825_231600.WAV,688.82996,1.77297175082777,217642.56426151795,15252.981927416655,0.002540593908311944,0.6185108221740041,0.0034056364,4096,-903.8539377918612,-149.26772271244155,-289.1554595467228,121.0312412860825,-26.31837342233674,84.35003000416353,-9.56300808633683,-23.440409792057686,4.1205974914188515,-26.46620429332587,25.39961876024981,-13.522995656893304,10.777814936835696
OSP_2_25.08.2025_20250825_231700.WAV,736.19214,2.2838736318255277,218555.32147851444,15239.76755619533,0.0025379144402464388,0.617781036217889,0.0034362483,4114,-903.8983276328771,-148.6316681084494,-289.1489541559289,120.76125980885845,-25.954015550756473,84.04644127302204,-9.404939563830503,-23.55745278018398,4.149925760192413,-26.60902251757056,25.733102234902656,-13.649040205653447,10.489453607449338
OSP_2_25.08.2025_20250825_231800.WAV,644.45074,2.272105261676929,222328.59105780852,15247.172005522643,0.002520783397149896,0.6179685500337397,0.0035218943,4118,-896.1542226854755,-145.2387962724626,-281.50318807992113,120.53278686017646,-23.878812379463636,80.89357196726408,-9.37649294425226,-25.448565173605175,4.709913358667784,-25.994894760330606,26.276172551495524,-12.841120469798852,9.971909026612591
OSP_2_25.08.2025_20250825_231900.WAV,702.53516,2.213197908227661,223184.64549911168,15241.82778463352,0.0025228786444948864,0.6178290281203462,0.0035551367,4096,-867.6825902184589,-132.39941672634026,-254.82068617184223,117.82885649282373,-16.776717002076246,69.39955521349668,-9.480259718015269,-30.554206165941572,6.851264859599997,-23.282625536287796,27.338097314982324,-10.268206290825272,7.596037803633563
OSP_2_25.08.2025_20250825_232000.WAV,664.3456,2.2426516955201388,223493.63417297025,15252.282665163151,0.002504890171431117,0.6184475601207651,0.0035065382,4099,-953.0315495098515,-174.98684419098876,-344.3708656379623,122.19014112110322,-45.70946274055236,104.3599033947834,-10.259821857214972,-8.264121902821524,1.8199795653739925,-25.670752174467463,20.772891945915504,-19.32023508558531,11.297184358317338
OSP_2_25.08.2025_20250825_232100.WAV,690.6249,2.2571515774213147,221632.08647919566,15251.858755528283,0.002511408130691127,0.6182363230349497,0.0034884114,4120,-898.7285922678337,-147.6654375764561,-286.06034018093186,121.27928131442283,-25.237685672732542,82.74126475134086,-9.41120771757609,-24.549592167701913,4.535692776359459,-26.380537356129942,25.89457293975965,-13.174598384877259,10.428937649814637
OSP_2_25.08.2025_20250825_232200.WAV,800.75586,2.0972714480269152,228415.45963951212,15223.659253144877,0.002556175541540232,0.6171848640811151,0.0037016247,4098,-874.2219883629078,-134.95373165562944,-262.42626998134705,117.65511927412811,-18.608777427042277,72.51756086178919,-9.204664591364116,-29.312237136399673,6.257912010330115,-24.06558811604517,27.225016956761692,-10.908078075800962,8.194943900628012
OSP_2_25.08.2025_20250825_232300.WAV,747.6062,2.230723558413457,226045.2080534805,15246.874647546256,0.0025471684640530077,0.6182244159530901,0.00359692,4103,-863.6144308982643,-130.26631160471672,-250.22167686911533,116.9037868162876,-16.217254551045574,67.84130559904662,-9.421379428705595,-31.204048299601705,7.261310894801687,-22.739299179769564,27.45943320679021,-9.865686336081037,6.873477220252497
OSP_2_25.08.2025_20250825_232400.WAV,623.7853,2.157733056926583,214076.2892129968,15242.29711250634,0.0025514448723183863,0.6180292670618485,0.0033223422,4117,-978.2148706472267,-185.16882777339904,-367.4922005929428,120.0287097833247,-55.9679208629656,111.8442087828747,-11.654811245891096,-0.056330445138989486,1.418475948032907,-23.23785652385408,19.12744124325572,-21.254935192940394,9.883879165985197
OSP_2_25.08.2025_20250825_232500.WAV,616.5025,2.206365666688762,220700.50465517284,15254.791998869741,0.0024825518590398383,0.6183392147652178,0.0034369947,4130,-955.1486489107551,-176.0410361213479,-346.204300970916,122.44514070939782,-46.17715376186291,105.22057301625242,-10.41146208745676,-7.623387377440462,1.7417574851683346,-25.867034749192314,20.84877914117189,-19.77552057643174,11.407907388060966
OSP_2_25.08.2025_20250825_232600.WAV,675.11304,2.2501683224577382,219503.09039478362,15262.225873872836,0.0024911630340242285,0.618675703444946,0.0034219716,4104,-907.5894168605766,-152.1337238666969,-294.69389961800664,122.41947363702825,-27.929444568683135,85.9845706444947,-9.201815045319833,-22.517435076638044,3.673807638811195,-26.707821462315362,25.272425130504804,-14.180443749248584,11.131556301761556
OSP_2_25.08.2025_20250825_232800.WAV,649.60974,2.2877113998712755,215129.97094509684,15254.486926693042,0.0025437709456095333,0.6183044024571854,0.0033429416,4087,-938.2929951939926,-165.4707365485303,-323.2686655008858,122.2321757952451,-37.697433785164925,97.70297198268581,-9.77185731795746,-14.41216575736164,2.3003616497141572,-26.95198684380031,22.685624895972396,-17.604815588542834,11.647630047799387
OSP_2_25.08.2025_20250825_232700.WAV,764.67004,2.243938154309797,235190.42554618805,15237.855034046033,0.002523190382630944,0.6177531318352103,0.003840869,4091,-839.6256035608968,-120.74169764941459,-230.93003818042078,113.72722797877655,-11.828557663776426,58.923612116410055,-9.613647912134278,-33.259566970847345,9.166285054301055,-20.017799131087596,27.31164680434691,-8.285750521371739,4.156852838042515
OSP_2_25.08.2025_20250825_232900.WAV,826.4508,2.2564340025791254,241617.1675841687,15238.259467783448,0.002523049911869691,0.6177843992868113,0.004026768,4130,-858.5215945469258,-129.1875639619921,-248.93608047658032,116.5994991772673,-15.819374849568634,66.76316210436566,-9.07554765772826,-31.56363008084307,7.39333665300396,-22.22755206276608,27.371983070748886,-9.739538129954017,6.611819914356056
OSP_2_25.08.2025_20250825_233000.WAV,662.14453,2.23706035605705,220823.88513271764,15264.62566656914,0.0024991408379112477,0.6187198778097077,0.003464326,4117,-926.2955742039069,-161.2717705259596,-313.48535480449436,123.01240311254597,-34.09758994784588,93.69314678915015,-9.622816679947592,-17.456768191525434,2.707470833276337,-27.030931674790498,23.57887466202032,-16.470415083583937,11.830305814202077
OSP_2_25.08.2025_20250825_233200.WAV,784.8202,2.2744215799252077,227351.20259129975,15252.663318137384,0.0025374520713910974,0.6180973464840841,0.0036272346,4115,-902.2608946233465,-148.91614478601812,-289.0035792095298,121.1237653799291,-26.482985625810624,84.06757928102304,-9.241328204961569,-23.976068831585376,4.267078390021949,-26.18214714830497,25.678620436393135,-13.706007993163968,10.423655162981479
OSP_2_25.08.2025_20250825_233100.WAV,636.3237,2.219111506591413,213945.19079893277,15252.274963876263,0.0025559070549420796,0.6178492974276341,0.0033386655,4132,-853.7630357686054,-124.53784366226792,-237.31103282700366,115.08542199429473,-13.468619993333617,62.62138117488485,-9.846262721000862,-32.699248150871604,8.49956072431615,-21.28286105210098,27.565010021247325,-8.738453105518698,5.084251645249081
OSP_2_25.08.2025_20250825_233300.WAV,795.2671,2.256552941714848,218566.12255444718,15243.122642851413,0.002561270208777715,0.6175284424737063,0.0034751352,4125,-862.7144774913469,-128.5129067369814,-246.47489605072505,116.19667569395801,-15.172989260876777,66.5267003209458,-9.670961489826809,-31.753337825621667,7.611636325375391,-22.385033530986686,27.514126814298848,-9.498976101100407,6.396710167507275
OSP_2_25.08.2025_20250825_233400.WAV,663.3258,2.258665568972969,220212.08749474798,15238.38393376431,0.002560424728234717,0.6175507114435964,0.0034787788,4107,-897.3054316972809,-145.3691270512453,-282.5047743865893,120.25843810067168,-23.94531389830904,81.28453989325872,-9.195177904302634,-25.46867940172368,4.635218584347154,-25.7174341276963,25.874246325214965,-13.024996185315867,10.161937867617143
OSP_2_25.08.2025_20250825_233600.WAV,641.1427,2.2619379463904004,213375.71140987612,15254.000018296934,0.0025512293315806604,0.6183123102138403,0.0033095125,4119,-897.8579621917547,-145.24693915710003,-280.4992698536877,120.58097524488078,-23.803666161840695,81.01874698819469,-9.50487604512056,-25.71882037453982,4.805445734840907,-25.92506540844599,26.027082093318832,-12.857573344805067,10.205257602734878
OSP_2_25.08.2025_20250825_233500.WAV,696.7589,2.26030280484349,217029.86053681897,15248.274205696704,0.0025384296990317193,0.6182528656982967,0.00339992,4115,-940.9317365044022,-166.7312099824849,-326.72525269836615,122.03092159516929,-38.802738836114756,98.8582380431903,-9.682979032426937,-13.757528957065922,2.385697527502599,-26.760278154303215,22.145755207820155,-17.860813348074792,11.708715602598156
OSP_2_25.08.2025_20250825_233700.WAV,546.8664,2.091878298862291,211336.1381503351,15259.807736221588,0.0025327075455595046,0.618384298067526,0.003254338,4113,-975.1025995517313,-183.99942767523308,-362.45510382885533,121.04402641084823,-53.78343301346489,110.87847118282342,-11.222624656212831,-1.8946312535687029,1.4975669002708758,-23.674246980599836,18.992555854599647,-20.91152317284115,9.966132309020807
OSP_2_25.08.2025_20250825_233800.WAV,533.70984,2.1615366031604677,209706.7882215834,15253.682822508044,0.0025498596572183143,0.6180841668896594,0.003220264,4130,-960.9054397686602,-175.97939625058024,-345.7013008522531,121.80203660372624,-46.26564778890087,105.62054261283099,-10.49115108472855,-7.556581814781855,1.830318555669718,-25.707412213053615,20.558057102225266,-19.681210853363147,10.961496473341514
OSP_2_25.08.2025_20250825_233900.WAV,725.13574,2.2716683346585547,221922.24566781142,15255.490108943874,0.002536002156606696,0.6183110377012752,0.0035195553,4093,-896.5620821378963,-145.82099466038287,-281.6835722755804,120.66812390434356,-24.2212260889773,81.4907311037047,-9.580102075506494,-25.438251711785203,4.779207060286465,-25.930750876916985,26.027820334438992,-13.098604024856591,10.38424076257374
OSP_2_25.08.2025_20250825_234000.WAV,798.36365,2.2813908840446664,227695.60603540487,15257.281945899967,0.00252013869737095,0.6187049712339445,0.003660822,4102,-868.1938834488985,-133.31707274133151,-255.60694884221016,118.07311194833498,-17.66924965878056,70.19815213793379,-9.60962053953176,-30.26680858224471,6.8789638567197775,-23.404096729882443,27.293005697449043,-10.340176721838029,7.753629845969064
OSP_2_25.08.2025_20250825_234100.WAV,661.90015,2.2427962525347573,218053.5149580488,15258.171819627463,0.0025356068763223317,0.6188173159146966,0.0034184388,4108,-921.0273241605084,-157.29657467480638,-306.2229154701626,122.00366452756533,-32.086960007586576,91.11805975310543,-9.015511039128233,-19.499479751187234,3.0830159933900223,-26.9063670447693,24.040360241605295,-15.646887182863214,11.453201926746214
OSP_2_25.08.2025_20250825_234200.WAV,711.1782,2.101573805823086,220627.50047199664,15265.499663524404,0.002512740480803468,0.6189749256852662,0.0034662238,4122,-934.37853637915,-164.90468443304442,-321.96278286096356,122.49326449217847,-37.79074002396086,96.97451810756172,-9.317420685017703,-14.785991683920505,2.416410779222257,-26.956787227410867,22.576704096437407,-17.53655642304497,11.925338636146773
OSP_2_25.08.2025_20250825_234300.WAV,677.0221,2.275375088102113,216277.7980244434,15247.202805859293,0.0025377255471377516,0.6185103677052308,0.0033686978,4097,-934.5284127650345,-163.57929763412363,-320.43669317725033,121.81292209517999,-36.74334634255272,96.37751035817558,-9.504858289510112,-15.24525850749526,2.693492826461557,-26.9369739025858,22.724386250573698,-17.294603088834094,11.637416226051057
OSP_2_25.08.2025_20250825_234400.WAV,868.0996,2.2730236695797146,234331.92794454112,15254.545288320733,0.0025210506470986186,0.618356211897338,0.0038120656,4103,-856.6534139167184,-128.36266929918156,-245.48598813057322,116.6162566321436,-15.311018185422554,65.68779151050045,-9.606322211301448,-31.674997104294288,7.635217760930673,-22.26194446631722,27.711321253063513,-9.396143067730124,6.26837115823273
OSP_2_25.08.2025_20250825_234500.WAV,765.5633,2.260724591812672,226201.09009262457,15247.277506591532,0.0025358499808167496,0.6179188311499442,0.0036349772,4088,-877.5843414190515,-136.84836886340238,-264.04637982239234,118.655976247534,-19.54327775162346,73.73810146279993,-9.473909279172508,-28.973295761773528,6.237456662605979,-24.390064003698683,27.083035376676378,-11.010682387800323,8.551805438843918
OSP_2_25.08.2025_20250825_234600.WAV,786.7183,2.278593088221116,228840.18914001939,15255.804877739012,0.0025302245279240298,0.6187651428995253,0.0036550649,4091,-862.5610388417036,-130.52567765316272,-250.137907384909,117.27877251092863,-16.525963599619793,67.5890091809111,-9.400848117436905,-30.96836757433812,7.266683507153583,-22.787424114399407,27.480172344714045,-9.858201688713029,7.021374876045902
OSP_2_25.08.2025_20250825_234700.WAV,781.3285,2.2819000656389834,235518.25281609138,15260.873078739363,0.0025095533323481675,0.618628438692526,0.0038291586,4105,-853.9158177574694,-127.8102681407595,-244.00134414598924,116.64581579250462,-15.268846599978714,65.01138911039386,-9.494675988688076,-32.01961416721063,7.9822077855531655,-21.935283641753347,27.417086116046764,-9.281433899806494,6.246002249582013
OSP_2_25.08.2025_20250825_234800.WAV,671.28516,2.2499905048097393,218103.07364373555,15255.71283921071,0.0025345260620944733,0.6183663011041046,0.0034011605,4117,-945.6023639304307,-170.04184936886503,-333.1277282868506,122.34155231689452,-41.46457553759602,101.10690748597683,-9.979235826236513,-11.490436840740442,2.1392340714230773,-26.68806186054265,21.695419295932176,-18.580744300812494,11.828747360488334
OSP_2_25.08.2025_20250825_234900.WAV,532.7578,2.0461300840279435,208678.50860685628,15252.078311024168,0.002569195043786542,0.6181242510354616,0.0032008253,4089,-999.9012262528025,-195.61545176346817,-388.7710115419858,117.8295656414509,-66.48392740204133,118.41591443853032,-14.053245146043475,7.760002343733471,1.4451927549406403,-19.5061275610544,17.562715910288492,-21.938140975440678,7.902517833866419
OSP_2_25.08.2025_20250825_235000.WAV,702.21436,2.25238924194368,215358.5154757673,15245.264386191255,0.0025718238538075806,0.6181284321481757,0.0033731682,4100,-860.1657263230347,-127.50363108668732,-244.42020617683485,115.91250964849125,-14.86635506936333,65.47460439295195,-9.554504085710718,-31.75952260031846,7.810989759633952,-22.359915530430204,27.53140005552533,-9.242526404987613,6.034351991574406
OSP_2_25.08.2025_20250825_235100.WAV,749.58636,2.2703012747249374,214331.44994191878,15254.129678551344,0.0025435910128871614,0.6183190363516846,0.003327893,4110,-910.0689740768676,-151.09585507980862,-293.0570865330718,121.34094589076585,-27.53651528560789,86.12920639310288,-9.284637568870366,-22.780891314661236,3.748477230992109,-26.71242302888349,25.33809256470669,-14.369385398219421,11.02194272556808
OSP_2_25.08.2025_20250825_235200.WAV,719.39716,2.2963026517116636,222309.5397158952,15256.963175326178,0.0025624700764439205,0.6182571377047654,0.0035030874,4108,-880.1641569898586,-136.8799156093318,-262.9538284935639,118.78862985665542,-19.418361707531965,73.68132925719505,-9.576323669257773,-29.022145515223965,6.070153779994477,-24.411425162838118,27.25182060134474,-11.156555254358024,8.309366616518913
OSP_2_25.08.2025_20250825_235300.WAV,637.7401,2.279720474344764,216821.69082825255,15244.530118398592,0.002544986273671971,0.6179316471693503,0.0033952782,4096,-914.7261194299716,-153.71654086616078,-299.6306884656724,121.44946048148226,-29.317149248694022,88.38971586938632,-9.176149353660374,-21.237269531957295,3.447612181597777,-26.889892105613946,24.851179750099927,-15.000252844380848,11.167758893197584
OSP_2_25.08.2025_20250825_235400.WAV,554.1083,2.2641346491342533,208701.85288981858,15255.846072181825,0.0025673742943037635,0.618439197895337,0.0031990448,4133,-985.9632144180542,-188.38591115486332,-372.85638100779363,119.44997584665668,-58.86897984429826,114.25616291440865,-12.23385474909641,1.9872657376800493,1.5064947261680637,-22.275187448787957,18.518106970852788,-21.690613689130377,9.19232037520709
OSP_2_25.08.2025_20250825_235600.WAV,676.7702,2.280873452796689,219439.01622109348,15244.047638384982,0.0025620474817318033,0.6178956532425074,0.003469652,4115,-863.9151393468618,-129.86727017105994,-249.42796686157791,116.77348249945125,-15.846401974863728,67.53405113810814,-9.535940926832367,-31.302812348922874,7.406892424890907,-22.75535186789051,27.39495233708007,-9.746330149614773,6.813157456013932
OSP_2_25.08.2025_20250825_235500.WAV,578.82715,2.2315832653917758,211870.00025255835,15242.291046857777,0.0025536594790471394,0.6177507685975894,0.0032655168,4063,-990.4749331013701,-191.04683830517564,-380.2396338940108,118.59706230859061,-62.134067708508184,115.70152739329463,-12.767747453659721,4.3347991016858085,1.6732219619302557,-21.029567118914304,17.851552586831094,-21.690029870198273,8.858593204836662
OSP_2_25.08.2025_20250825_235700.WAV,576.74316,2.261730413803616,211749.05570597938,15245.717101817545,0.002575896095799185,0.6179776394092051,0.0032750252,4117,-919.2609691135602,-154.7530739908141,-301.3670700516372,121.29799626100383,-30.047586435165247,89.56927375975339,-9.294350619555521,-20.751790539717177,3.277068206229132,-26.89268627821714,24.59775556218167,-15.229095728320003,11.227175349059962
OSP_2_25.08.2025_20250825_235800.WAV,567.2199,2.0486401931252027,209526.69764752104,15242.085287964654,0.0025656208513412907,0.6179063787055565,0.0032238292,4098,-973.6975279162772,-181.82601783190037,-359.7097718488922,120.25909756091656,-52.45973352082492,110.06239746089894,-11.366556579178582,-2.641774790542752,1.613649363034418,-24.220901453568604,19.5584742070745,-20.75150766015343,10.18667758038204
OSP_2_25.08.2025_20250826_000000.WAV,693.1338,2.271990830546881,219329.29153142884,15233.62127702021,0.0025712388559098655,0.6176066111027085,0.0034432167,4113,-876.0375319654992,-135.31696991023418,-261.97570190341906,117.84780253966103,-18.847886226664812,72.70951964775533,-9.344838697548093,-29.054659317858267,6.368869471462251,-24.32345750899593,27.184646842621902,-10.937364177722857,8.134309119672189
OSP_2_25.08.2025_20250825_235900.WAV,638.5338,2.112938711211922,249149.47652247734,15291.58194442023,0.002355691801670999,0.6201178237562825,0.003962114,4083,-931.4735824989571,-172.02477187398722,-333.4518102757684,125.69855780654036,-40.90946911183355,100.19555315444757,-9.936147600462373,-11.982377137547537,1.5846733110732132,-27.353053469493315,21.91476011491229,-17.65294898221029,12.764514231158289
OSP_2_25.08.2025_20250826_000100.WAV,723.9901,2.301311187313715,214792.51275952847,15239.99866892658,0.0025689011036883597,0.6174302772186802,0.003346392,4106,-875.8672324293892,-134.51244680837468,-259.10583525043916,117.90151535651256,-17.893624368449085,71.92159202234879,-9.609393003562118,-29.805578061307344,6.527549583558996,-24.035267356533073,27.158171602535383,-10.541946216353075,7.942370363074417
OSP_2_25.08.2025_20250826_000200.WAV,851.1855,2.294158916161162,245558.80272627578,15241.652066294811,0.002520984395303639,0.6178455707836932,0.0041018003,4108,-848.5642075423922,-124.87070742964407,-239.9006260161947,115.06017361918978,-14.098224454552156,63.03126323854391,-9.32960793669955,-32.51186010955313,8.44985079677165,-21.444438572386716,27.54888518898994,-8.824423098923383,5.323855869625488
OSP_2_25.08.2025_20250826_000300.WAV,624.8406,2.2879681749851413,213624.6490492938,15242.68843096605,0.002565277754346754,0.6177153200332743,0.0033266325,4093,-951.6903502735753,-171.1439764061172,-336.6722564165661,121.47634303208736,-42.636265461890204,102.27532962067403,-10.005306526468923,-10.275549207671961,2.0065834044916504,-26.270300954398873,21.353483990831744,-18.975067069509674,11.296888965385927
OSP_2_25.08.2025_20250826_000400.WAV,740.766,2.2403342172385363,226355.10709366237,15238.977380738437,0.0025424039501320585,0.6174763603522897,0.0036394293,4109,-885.7494576811339,-140.8237919337368,-273.20904399227913,119.46530686658144,-21.716351382174853,77.26567991355273,-9.231210072354573,-27.269158887113843,5.434113647819195,-25.18800658044445,26.629379968702263,-12.05488452786562,9.363724406996733
OSP_2_25.08.2025_20250826_000600.WAV,772.0532,2.2873797523379014,228759.8009315944,15233.497641745314,0.0025517259423359405,0.6172026792570272,0.0037129659,4117,-910.2171980095121,-152.06894441376653,-297.89525043732635,120.69792810869751,-29.040370392499558,87.49487622522487,-8.931728616026081,-21.80563147261843,3.927652763153093,-26.805156645213167,24.937573079585608,-14.831736722286498,11.040265409108436
OSP_2_25.08.2025_20250826_000500.WAV,763.4535,2.2871370399017676,222082.22863545365,15237.786599296192,0.0025570732776524384,0.6177552223915674,0.0035422128,4125,-907.4156380440382,-150.3209836475782,-293.4949549117674,120.72431937913687,-27.586997864822667,85.73343824146009,-9.185877431132164,-22.785101605946146,4.056863527038292,-26.464452114105327,25.48701506679605,-14.42526052637179,10.583321956937668
OSP_2_25.08.2025_20250826_000700.WAV,789.8539,2.2881781076689824,250714.73821660358,15240.148537269046,0.0025360378652376173,0.6175448942432986,0.004255759,4104,-876.0861842042685,-137.17240345796554,-265.15406066852233,118.58397483976127,-19.579426370592675,73.91859727176352,-9.604179287084863,-28.678058882595714,6.1055510078660005,-24.240771901204486,26.952081949131745,-11.291861134546947,8.611315509632163
OSP_2_25.08.2025_20250826_000800.WAV,806.9358,2.260615597245503,217276.45345755585,15239.836294008313,0.0025581872709324687,0.6176539667488831,0.0034380243,4135,-845.9682487558676,-120.9381240926922,-230.7852542976949,113.54597130558433,-11.943505067884217,59.62265587143568,-9.832133606701912,-33.33673938700289,9.068698536161094,-20.270579020269206,27.573777183735118,-8.430477193156804,4.182585908217474
OSP_2_25.08.2025_20250826_000900.WAV,614.11316,2.289809750282588,211263.41147767418,15242.590243979172,0.0025728045095190933,0.6177787638740228,0.0032634337,4113,-949.9467657251024,-169.72258142832283,-333.6173664177783,121.26877649006306,-41.626607357576304,101.76799225032778,-10.032738395164591,-11.39969630583367,2.290654326820673,-26.537942208396725,21.665852544526157,-18.777221319956524,11.308260414296235
OSP_2_25.08.2025_20250826_001000.WAV,732.6992,2.288052986898778,220518.30893123432,15241.352910576217,0.0025476232457763005,0.6176005212211467,0.0034848605,4119,-914.5495074293841,-153.37248594456,-299.08111905384493,121.37827012774916,-29.007553106884018,88.10531363262687,-9.268732617924094,-21.447434965043378,3.631895005381316,-26.853112232366065,24.820515574730766,-14.888666494132108,11.010228724889478
OSP_2_25.08.2025_20250826_001200.WAV,666.74084,2.126630921549695,1521064.8013936004,15224.36893089598,0.002884529618827943,0.6175106164738469,0.043868195,2535,-605.7121166879676,-128.81711677647712,-260.66092815263903,118.54833661275846,-23.32007522225578,55.44491836008763,-6.213671029727499,-23.473786751615044,11.856887040390278,-18.585268274046705,24.838558730457954,-12.383845040524516,2.0162025426472048
OSP_2_25.08.2025_20250826_001100.WAV,787.30316,1.332194464456213,333728.1181011258,15295.704761084038,0.002290121546592543,0.6199329458593168,0.0056632687,4142,-832.6475106431867,-135.13017858454972,-257.98227149894257,122.38174137272742,-18.38813476391775,67.08121392503043,-8.906701624153092,-29.921023001282787,7.746810214174544,-23.46533143880845,27.621201014343573,-10.356384220160987,6.965863944544291
