filename,ACI,ADI,Bio_Energy,Spectral_Centroid_Mean,Spectral_Flatness_Mean,ZCR_Mean,RMS_Mean,Event_Count,MFCC_1,MFCC_2,MFCC_3,MFCC_4,MFCC_5,MFCC_6,MFCC_7,MFCC_8,MFCC_9,MFCC_10,MFCC_11,MFCC_12,MFCC_13
OSP_1_26_08_24_20240826_203400.WAV,611.504,1.9459101490553132,156530.3052583673,42498.74092646136,9.19780347793701e-06,0.7276504276048681,0.0019576566,4134,-1229.524101945105,-110.68850911705191,-40.57418592016744,146.92653050678783,-132.87953215077212,29.495549447065763,69.46208008082561,-95.96472680071284,54.79637743697304,2.2644773673266125,-32.89186497303424,32.44641224709257,-19.827543050439747
OSP_1_26_08_24_20240826_203500.WAV,619.7787,1.9459101490553132,161466.0840316938,42509.04178161702,8.356126544852228e-06,0.7279553567891943,0.0020115625,4103,-1172.8626850492572,-99.99694589255381,-34.41835900006835,131.52951494904136,-122.30536166786864,30.307795123944935,62.08118003005623,-90.37929270659387,53.82724580325846,1.6903561842301627,-33.42163217464083,32.94243387760197,-18.19086227645632
OSP_1_26_08_24_20240826_203700.WAV,691.65405,1.9459101490553132,139226.2106660146,42504.16759228729,6.133554874482262e-05,0.7277674015809436,0.0017513986,4125,-1226.2442773051941,-107.37371298348205,-38.36511492337916,142.0777285563581,-129.8343365351356,29.90660279095455,67.24801158313639,-94.34841734383568,54.45796851486032,2.1955531962038544,-32.99394530328397,32.39092372866118,-19.2622335119363
OSP_1_26_08_24_20240826_203600.WAV,586.29877,1.9459101490553132,129376.53157349266,42506.040932421056,9.012493609095256e-06,0.7276682599471204,0.0015876321,4110,-1492.7108660011447,-171.87625707182508,-87.62607126911749,238.25439507756457,-178.85025257283712,13.18578985314836,101.55055762437716,-109.94304090544667,59.68746552904337,-9.313748733970273,-22.18038883960753,37.24225014348567,-37.11235828176476
OSP_1_26_08_24_20240826_203800.WAV,530.97473,1.9459101490553132,125067.96804813905,42499.588992738696,8.575325172294224e-06,0.727535929268498,0.00153143,4125,-1585.2578867700913,-195.3384705113335,-113.56780758908491,274.03720473849717,-187.96266598060788,4.16981112801343,106.42817729891799,-111.04615401309312,66.53850132303218,-17.60236737326061,-21.52096765728793,42.244151357230265,-40.97632802594697
OSP_1_26_08_24_20240826_203900.WAV,540.5837,1.9459101490553132,128600.78056483828,42503.970399940474,9.206484868669369e-06,0.7275840108333993,0.0015736812,4111,-1532.1662112078848,-182.20930625683485,-98.25759208047756,254.1072757323506,-183.58913723157502,9.076448168736015,104.40613284303102,-110.43312520236367,62.21544303503696,-12.960436664107634,-21.599349714598276,39.60412519107284,-39.1580916150042
OSP_1_26_08_24_20240826_204000.WAV,524.00903,1.9459101490553132,128581.74870530759,42500.243337524575,9.038039097508538e-06,0.7275600667556247,0.0015714361,4107,-1605.082035257734,-202.5377827650704,-122.64214601041185,284.8143541352004,-189.76023701937436,1.818710915778398,106.86952277251268,-111.64504083480779,69.42343107852642,-19.917776511330498,-21.75162687165722,43.32399356760249,-41.694239269558146
OSP_1_26_08_24_20240826_204100.WAV,523.0464,1.9459101490553132,128526.68260533702,42500.434498373055,9.202592503601467e-06,0.7275170138338747,0.0015704236,4092,-1641.6334673101396,-213.00794309861038,-137.36417398486222,300.30242171476414,-191.30839854118267,-1.067992821768282,106.76275316989678,-113.18870314517441,74.05270480443313,-22.65413974178472,-22.16882248196258,44.301230598381174,-42.85236507011311
OSP_1_26_08_24_20240826_204200.WAV,521.91046,1.9459101490553132,128763.72050167299,42503.00017155003,8.920069998142325e-06,0.7276324018532638,0.0015733116,4124,-1692.428287289169,-227.73545962741798,-161.070112998195,321.3197338124796,-191.84780491805637,-3.1760682103472586,105.56821164636288,-117.40569979030468,81.00612073455702,-25.13856921893961,-22.34776958054001,44.793281431465296,-45.13701310665118
OSP_1_26_08_24_20240826_204300.WAV,522.2573,1.9459101490553132,128735.57423222839,42503.3323231124,8.427080867274627e-06,0.7275117917813713,0.001572671,4151,-1662.2679913076704,-219.02040455396087,-146.48489718460135,308.9750726410232,-191.81296659918291,-2.1980575046402198,106.39634727284164,-114.60959408250604,76.89752420654696,-23.885825991171536,-22.348786906179164,44.61751495691556,-43.66043424599568
OSP_1_26_08_24_20240826_204400.WAV,523.006,1.9459101490553132,128604.09202717684,42499.51366627069,8.635406734415907e-06,0.7274586042095778,0.0015717178,4128,-1682.2909169699567,-224.7260043758521,-156.0006976257991,317.1321815593394,-191.80872032577133,-3.004995265706342,105.8719429311379,-116.35299729907489,79.61233035315422,-24.69204393323108,-22.494921186505408,44.76623451605031,-44.51058478682029
OSP_1_26_08_24_20240826_204500.WAV,534.65845,1.9459101490553132,129043.01472681841,42497.8871975044,8.530072567562609e-06,0.7273658837662402,0.001576617,4115,-1615.0806221586724,-205.57325508555857,-126.69309059482988,289.31977534683955,-190.3678588652819,0.9201050861857856,106.97575455945103,-112.04425677551549,70.68927568765673,-20.73904997897411,-21.88580380379595,43.66153833489775,-41.98223084290282
OSP_1_26_08_24_20240826_204600.WAV,531.8896,1.9459101490553132,128640.49178208415,42501.507417430395,8.496947529853315e-06,0.7274854107457617,0.0015719366,4117,-1688.4554944609774,-226.56502325984087,-159.02519813368383,319.6812663926812,-191.89842672177372,-3.094430812656127,105.72734610847347,-116.97986296706378,80.39814778337492,-24.965501929528525,-22.327110222202194,44.737119998811124,-44.92847534531728
OSP_1_26_08_24_20240826_204700.WAV,523.5211,1.9459101490553132,128823.03748738821,42500.451673743446,8.288072130278153e-06,0.7274329194476352,0.0015739984,4114,-1688.8728539892234,-226.75458734793364,-159.47574526211844,319.9564522849747,-191.7965728279444,-3.116778629451053,105.65509644746186,-117.08324127753161,80.54914081817319,-24.954669539584494,-22.399874153998784,44.75761609964202,-44.9410164515886
OSP_1_26_08_24_20240826_204800.WAV,522.7838,1.9459101490553132,128548.69664085793,42500.63601070426,8.308447528877284e-06,0.7274726070466608,0.001570326,4107,-1645.931534919409,-214.2852116626487,-139.24833641457008,302.1167586979166,-191.42708742015958,-1.2847817039855698,106.65239630391841,-113.47595284144714,74.68491720133338,-22.9366785448657,-22.22216608422956,44.35823329284619,-42.96758146926279
OSP_1_26_08_24_20240826_204900.WAV,521.92883,1.9459101490553132,128731.09979548659,42499.164790415874,8.22484602823079e-06,0.727440423730492,0.0015725507,4121,-1664.3103607155865,-219.6343877879802,-147.58853126867197,309.83227732210355,-191.72501761698052,-2.284038803311131,106.29095818512425,-114.81246315846752,77.21500705008431,-23.92345091342196,-22.42651375497556,44.62310870114135,-43.68529439771122
OSP_1_26_08_24_20240826_205000.WAV,521.5087,1.9459101490553132,128456.00803289092,42499.564122432996,8.926947218045553e-06,0.727473303320328,0.0015699955,4106,-1645.7408025474713,-214.16782807083945,-139.14937760498995,301.9761670796708,-191.35353705842695,-1.3265227920106129,106.66533837056973,-113.42810527518076,74.61248777955721,-22.892205030241087,-22.240893902545928,44.36377109319671,-42.95275960884338
OSP_1_26_08_24_20240826_205100.WAV,527.16003,1.9459101490553132,128694.47001003903,42499.521523443174,8.239216833412033e-06,0.7274263435296681,0.0015721421,4129,-1687.0071619128207,-226.1579751425347,-158.42843343406156,319.1406338372175,-191.83102794095183,-3.10674256741838,105.76978700467248,-116.86164652939809,80.20608184316814,-24.848305098712153,-22.368714345457928,44.70765619492849,-44.848868521437325
OSP_1_26_08_24_20240826_205200.WAV,519.8876,1.9459101490553132,128756.09162869165,42499.44750618156,8.671137207716674e-06,0.7273690169977423,0.0015729876,4094,-1674.5499132794719,-222.54989713906627,-152.32065219143823,314.03822319966497,-191.8372962672853,-2.7267619652109203,106.0912427661358,-115.69162227602216,78.597893337163,-24.35887712223534,-22.509600901072563,44.7158183422492,-44.13218792990356
OSP_1_26_08_24_20240826_205300.WAV,522.3058,1.9459101490553132,128661.44535930755,42501.21159332517,8.710731087018337e-06,0.7275052932271449,0.0015715517,4106,-1687.1207161418617,-226.15273605346675,-158.4006378711447,319.0680980467805,-191.82418683518756,-2.9818901841774146,105.6560620133085,-116.91509380433821,80.35183680153014,-24.899409333068427,-22.441346122510854,44.77024089869648,-44.82494364024164
OSP_1_26_08_24_20240826_205400.WAV,538.88806,1.9459101490553132,128570.21510892145,42501.49452030597,8.359404486941248e-06,0.7275214622489702,0.0015708222,4138,-1656.9135976327861,-217.40964235642915,-144.09585643688467,306.6614219131485,-191.6267457447719,-1.9182097954221775,106.4726602285194,-114.23450150289142,76.15583278036868,-23.516093911825443,-22.352624054222808,44.505208170634795,-43.39017011865119
OSP_1_26_08_24_20240826_205500.WAV,517.94275,1.6219952000425577,128688.08922309702,42501.52910864377,8.446683112064397e-06,0.7274979823536402,0.0015727238,4101,-1686.5655892346401,-225.98361168874158,-158.1181216879059,318.8583909283338,-191.8268891382143,-3.0222535656248017,105.7302010683643,-116.86604739781362,80.23973854320755,-24.82890259584667,-22.47167709086676,44.75143724276613,-44.76623358160826
OSP_1_26_08_24_20240826_205600.WAV,521.9824,1.9459101490553132,128505.04671357764,42497.23287713586,8.338207347239158e-06,0.7273506431093044,0.0015694253,4089,-1689.899938373423,-226.9683188160845,-159.8615115693304,320.2584001948974,-191.7668875608035,-3.1630910938971635,105.654562290715,-117.16401273559458,80.60576006465185,-24.916343657131762,-22.398353894033672,44.70733153177752,-44.94576885343127
OSP_1_26_08_24_20240826_205700.WAV,548.8667,1.9459101490553132,128500.17362502243,42500.25142229357,8.487791531966575e-06,0.7274483921957934,0.0015703676,4129,-1652.1486325348437,-215.99478207455016,-141.88493713420726,304.6071518939607,-191.54773326067297,-1.643077260812502,106.57388163234766,-113.90177448159288,75.50122980904264,-23.24885225674981,-22.336158088482595,44.48341368234195,-43.203543798496334
OSP_1_26_08_24_20240826_205900.WAV,520.7081,1.9459101490553132,128088.02993794657,42498.234515239354,8.604508688286815e-06,0.7274850239270577,0.0015645955,4105,-1680.7402155985205,-224.1443314080226,-155.17630564569635,316.312627850587,-191.6965604648177,-2.9522378964434575,105.86062565864772,-116.11197320808925,79.30662376141083,-24.641238502643194,-22.406909156221968,44.723680118183445,-44.44723883083554
OSP_1_26_08_24_20240826_205800.WAV,541.7648,1.9459101490553132,128345.44663356917,42499.14936980878,8.265959108811463e-06,0.7274563993429652,0.0015681651,4103,-1550.8172847537555,-187.30331020572058,-103.986772959555,261.8573443669891,-185.44431633220816,7.074403419095925,105.38059192228637,-110.56827029009186,63.685938397239866,-14.800240513016112,-21.4447971710373,40.670763020405985,-39.90888375995953
OSP_1_26_08_24_20240826_210000.WAV,522.0635,1.9459101490553132,128351.36508343901,42499.11878345087,8.526747810134187e-06,0.7274627818515804,0.0015672427,4116,-1637.7652270774504,-211.84147748999817,-135.6754246918299,298.58934495000295,-191.16188797074943,-0.7833831207432218,106.80711074288557,-113.00385194946575,73.53153236931489,-22.335387935578883,-22.174781262578843,44.19963980091779,-42.647291933795714
OSP_1_26_08_24_20240826_210100.WAV,519.9255,0.6931471805599453,128185.69450354269,42501.293398055626,8.511089633685904e-06,0.7275157760140221,0.0015660649,4109,-1654.9373971865912,-216.69121074440417,-142.9398156763153,305.61321337218925,-191.58241506487516,-1.7986263294033542,106.4934617518472,-114.00305631101209,75.83701441918372,-23.45662394760072,-22.32635633600781,44.54251503492111,-43.30855456600497
OSP_1_26_08_24_20240826_210200.WAV,523.19745,1.9459101490553132,128674.2895749098,42498.60384168827,8.501738427726474e-06,0.7274172919719956,0.0015722569,4124,-1685.3737369873293,-225.67595780045647,-157.61639240427402,318.44004279035414,-191.8019653308747,-3.020673274596958,105.73518586725984,-116.73044901751594,80.10245415775825,-24.78353632127497,-22.504996347946733,44.74146566262705,-44.66782073166188
OSP_1_26_08_24_20240826_210300.WAV,518.8911,1.9459101490553132,128579.53660802975,42500.15375151767,8.231214819421538e-06,0.7275088132773508,0.0015710273,4123,-1688.9095689556937,-226.6474296153554,-159.17314496542818,319.7530141280003,-191.8530786607866,-3.0529522971815015,105.65349548337215,-117.05417350369663,80.51341359009022,-24.943301930606296,-22.409371655184508,44.73862231634888,-44.863540290602934
OSP_1_26_08_24_20240826_210400.WAV,522.22327,1.9459101490553132,128209.85696859549,42499.0952613878,8.395592364103443e-06,0.7273652648563139,0.0015663685,4101,-1684.09542140223,-225.09181932690686,-156.65184126984653,317.6197171113975,-191.78483279756367,-2.988438946993552,105.79555512134009,-116.49181417341042,79.8024515849114,-24.767663823755207,-22.45419541210515,44.79659300814654,-44.63664236296756
OSP_1_26_08_24_20240826_210500.WAV,522.86285,1.9459101490553132,128420.2654256498,42502.86876074904,8.87684866191149e-06,0.7275763905049315,0.0015685374,4106,-1693.5212071666708,-227.87901622598346,-161.41694028065015,321.49597185335244,-191.79103633049547,-3.12575186153866,105.52925686476787,-117.5334111071022,81.08306937624415,-25.10572562050699,-22.326260147030496,44.777277766108675,-45.22204718944212
OSP_1_26_08_24_20240826_210600.WAV,518.8334,1.9459101490553132,128451.03081861252,42498.9103551209,8.67122241467223e-06,0.7274380254545274,0.0015689224,4116,-1671.7446868603556,-221.66585461417208,-150.9302603868184,312.760276609701,-191.75587898944536,-2.602168564580411,106.12217652637935,-115.40913934367734,78.16649397308973,-24.20899674712414,-22.462611196973885,44.63609021455742,-43.984690292280106
OSP_1_26_08_24_20240826_210700.WAV,548.8596,1.9459101490553132,128425.99936697735,42499.85016435276,8.443159695933488e-06,0.727350991246138,0.0015692285,4112,-1614.8852504329243,-205.27353895171572,-126.33626339700595,288.86009719165145,-190.26377660962842,1.0347577190539545,106.8951893386943,-111.98862624833735,70.61388844331891,-20.71107684609879,-21.85530176353398,43.65366731029398,-42.01126850309866
OSP_1_26_08_24_20240826_210800.WAV,520.19434,1.9459101490553132,128832.72657784526,42498.85260787808,8.808940871710524e-06,0.7274242160267963,0.0015738949,4114,-1644.732073087634,-214.02384271508205,-138.84207373760785,301.7504383473582,-191.41686030608173,-1.257069558707729,106.71039009094287,-113.45248520782283,74.57904162976948,-22.848871853464193,-22.303921869680885,44.41815980308732,-42.917127029430446
OSP_1_26_08_24_20240826_210900.WAV,527.3318,1.9459101490553132,128537.06184842017,42499.890091698755,1.0367155302108094e-05,0.7274587976189297,0.0015702998,4107,-1696.1235453334414,-228.7278721778659,-162.8874505813532,322.69924922901845,-191.7724935202737,-3.2286494350111905,105.4823177988841,-117.82487171446111,81.41935152107803,-25.161064338930082,-22.306170201476245,44.74365315910813,-45.34112441597806
OSP_1_26_08_24_20240826_211000.WAV,564.93274,1.9459101490553132,128373.06003496563,42499.31732288119,8.307801580749205e-06,0.7274185684737187,0.0015695523,4104,-1512.9002848240655,-176.92810058782598,-92.7236152907252,246.10545406511662,-181.26470100648714,11.014099074372526,103.15239237488593,-110.19294714397613,60.81600055040696,-11.012222428136434,-21.95601544708209,38.48462591027534,-38.16544611019769
OSP_1_26_08_24_20240826_211100.WAV,522.91223,1.4052593456145752,128581.34236729344,42499.14485023097,8.627388896078852e-06,0.7274309079903747,0.0015709654,4117,-1683.440406200777,-225.04415927579612,-156.52727475712828,317.5602488067642,-191.83783480950902,-2.986785585387806,105.85691956951216,-116.48873296445592,79.73756756036434,-24.734771408741604,-22.442553476268237,44.77507508140961,-44.618645117089244
OSP_1_26_08_24_20240826_211300.WAV,518.982,1.9459101490553132,128101.22927508979,42500.655313803996,8.290191203202206e-06,0.7274319524008754,0.0015650116,4143,-1684.7047480417289,-225.2243485900359,-156.89268261298028,317.79980805306093,-191.78855843850943,-2.985846594798807,105.81049954821883,-116.57988019322006,79.84362981547139,-24.74094916372608,-22.43223207460724,44.75363717683619,-44.67691903542821
OSP_1_26_08_24_20240826_211200.WAV,521.6719,1.9459101490553132,128347.38069569002,42499.8385220147,8.446184637141454e-06,0.7274856041551137,0.0015683265,4121,-1688.466110075397,-226.40815818513823,-158.93712461908981,319.4618138720622,-191.76504533535652,-3.049952495418793,105.65643197737074,-117.03250312594376,80.44251551068454,-24.83490588043056,-22.487506153891406,44.713115092328806,-44.79822714530436
OSP_1_26_08_24_20240826_211500.WAV,523.3982,1.9459101490553132,128353.26507783904,42500.16543572464,8.31553427052977e-06,0.7274066544576369,0.0015685332,4109,-1668.5731152439064,-220.64168382018062,-149.36004261934528,311.3198673655196,-191.67993338389644,-2.453001516920316,106.17203174881608,-115.13618974037216,77.76289165159584,-24.09039449516812,-22.50661317245983,44.73602090706462,-43.892303875478575
OSP_1_26_08_24_20240826_211400.WAV,519.9706,1.6495641100733278,128351.33790000748,42500.723787618976,8.23946487850419e-06,0.7274474638309039,0.0015685061,4124,-1656.823715127617,-217.25989490369312,-143.8821063074506,306.43942938086246,-191.60006390972006,-1.8737204678697088,106.45901376442049,-114.22489417488345,76.13853560269378,-23.49234701816445,-22.411236775323225,44.5702825156255,-43.3711033279078
OSP_1_26_08_24_20240826_211700.WAV,523.7224,1.9459101490553132,127921.72736173122,42500.86866426648,8.274798080204983e-06,0.7274116831007883,0.0015631263,4121,-1674.7840628625706,-222.2790234951684,-152.02407877782062,313.64307329692144,-191.69924577407969,-2.6979206088515553,106.02617752122595,-115.58514477091883,78.50207596480456,-24.3584250416079,-22.46907129903702,44.73561334399595,-44.17788157241262
OSP_1_26_08_24_20240826_211600.WAV,520.76624,1.9459101490553132,128331.45145211004,42502.827078247115,8.602414493909874e-06,0.7275216169764517,0.0015677572,4125,-1691.4989085275076,-227.31966664282933,-160.49994053723248,320.71321688340277,-191.7217732128184,-3.112110371849936,105.49644705937942,-117.2771407900001,80.89317214224576,-25.10024467627151,-22.369936628210823,44.812721632820015,-45.1158706635407
OSP_1_26_08_24_20240826_211900.WAV,521.27625,1.5486211283087679,127408.23833947344,42495.65926733347,8.415560979491844e-06,0.7272926589855818,0.0015566389,4115,-1670.6717230246784,-220.84611605542358,-149.77941398868646,311.59451476829344,-191.66620237388153,-2.434894607808315,106.19984613573045,-115.28301746217178,77.79560430677046,-23.994215515440388,-22.516615405912,44.640834224363694,-43.82120037980589
OSP_1_26_08_24_20240826_211800.WAV,521.7583,1.9459101490553132,127912.75770868047,42497.018900252384,8.456788275406848e-06,0.7273166417452269,0.0015626055,4097,-1682.4756975688836,-224.54513837424201,-155.89901502404754,316.8918990744186,-191.6592456175554,-3.024016858215904,105.85419836304669,-116.29865994485212,79.4927823391342,-24.611579377494262,-22.46228956901558,44.72379994851686,-44.51676768015829
OSP_1_26_08_24_20240826_212000.WAV,518.6861,1.7313823812710019,128354.18700448348,42499.89257306894,8.342195055033309e-06,0.7274151257872534,0.0015681745,4113,-1655.046547865368,-216.76835659119396,-143.10698225181844,305.74829268648676,-191.57068980786667,-1.837197898039989,106.5311965549272,-114.08217666714967,75.87823265950354,-23.387078688349185,-22.419787329507116,44.55678259931121,-43.263317663371986
OSP_1_26_08_24_20240826_212100.WAV,521.90576,1.9459101490553132,127876.279336729,42499.20956465237,8.828627047841787e-06,0.7275635094420898,0.0015624183,4103,-1647.2513264336267,-214.391117746001,-139.595500677148,302.3002568256292,-191.2801585621663,-1.3871085940568209,106.60844882997819,-113.48093437145069,74.73382329781784,-22.92008048260807,-22.25841335227498,44.367842617814595,-42.994277598610424
OSP_1_26_08_24_20240826_212200.WAV,522.06335,1.9459101490553132,127892.49893712184,42500.54956680125,8.976831515863204e-06,0.7274880411129486,0.0015627707,4110,-1691.979516231696,-227.25932718531013,-160.48765720461344,320.6741174981378,-191.6679542690355,-3.1904153803667334,105.54525391636204,-117.22706274547336,80.77995795023142,-25.03116005297325,-22.358948667311044,44.76377135836057,-45.05378754287224
OSP_1_26_08_24_20240826_212300.WAV,521.77374,1.9459101490553132,128375.71967157218,42497.705740916994,9.024179635906097e-06,0.7274440598263091,0.001568264,4120,-1683.7563850768104,-225.05758096408766,-156.70164158035536,317.6049020293424,-191.73030585100352,-3.021242170091966,105.82132169409131,-116.5079479975386,79.76148802933884,-24.698827958541486,-22.47665785870582,44.78029478857298,-44.623698444456956
OSP_1_26_08_24_20240826_212400.WAV,519.23596,9.457406114017602e-305,128594.18025006693,42498.41336562916,8.508304754777153e-06,0.7274649093544522,0.0015708708,4113,-1664.0646350593383,-219.49025168670428,-147.40123024854077,309.6708705239357,-191.71217673202568,-2.3017816228192896,106.32697714833421,-114.77965708021071,77.14717619630514,-23.889528562488028,-22.443645047941693,44.65286112950109,-43.69288352778536
OSP_1_26_08_24_20240826_212500.WAV,522.4832,1.9459101490553132,128253.30003767884,42499.255903753,9.422929940219916e-06,0.7274311787634675,0.0015671484,4134,-1672.4276783771286,-221.74426037168692,-151.17816892350706,312.90746885555563,-191.69051681808241,-2.6521938874402977,106.11651117106332,-115.44371737179118,78.2109445593135,-24.213766272813693,-22.474354022713317,44.666106425825724,-44.047869568592915
OSP_1_26_08_24_20240826_212600.WAV,521.1389,1.9459101490553132,128498.85345770567,42502.01479287679,8.408439315468376e-06,0.7275162788783371,0.0015705199,4092,-1654.3350722786963,-216.60865418692075,-142.83796244767476,305.494078240928,-191.57391695193562,-1.7640137408007301,106.51210407467075,-114.03771010047079,75.81425096728672,-23.40595612077861,-22.34166017301474,44.542545815128896,-43.33319160736469
OSP_1_26_08_24_20240826_212700.WAV,541.43835,1.9459101490553132,128630.33560576136,42498.87498489553,8.472601780798656e-06,0.7273365629084806,0.0015721208,4121,-1593.5227636091552,-199.3236737354154,-118.56743985337923,280.02138807424495,-188.96864056435106,2.791821722034271,106.72832479134038,-111.29602407635397,68.0520011765386,-18.93106388000263,-21.588729274766834,42.86980973788632,-41.40886238553205
OSP_1_26_08_24_20240826_212800.WAV,517.57227,9.457406114017602e-305,128958.22562724704,42499.71504344528,1.0050142832415588e-05,0.7273831745623069,0.001575854,4125,-1620.1090150718685,-207.0006282447564,-128.65876362689974,291.4182156794771,-190.57599548162605,0.5382075618813518,106.87660362239407,-112.18176221523817,71.39953076790454,-21.25155966808744,-21.94256948468823,43.91119726575206,-42.19650112735137
OSP_1_26_08_24_20240826_212900.WAV,518.23584,1.6174699278871438,128293.80116796553,42500.15347785156,8.621590869339395e-06,0.7274324552651905,0.0015678396,4109,-1687.575100287272,-226.1348496393494,-158.50997105803512,319.10160066440466,-191.73233424273104,-3.0933515435265853,105.7014450446436,-116.87354771261991,80.26338544778713,-24.859874207507502,-22.412909422749138,44.76751054984398,-44.86536297723065
OSP_1_26_08_24_20240826_213000.WAV,517.5555,1.9459101490553132,128313.31901798076,42503.10430617867,8.935696670771592e-06,0.727600605355799,0.0015674446,4123,-1624.5927820567142,-208.03832107969492,-130.20025574365428,292.96803894804873,-190.6629292465558,0.2257153997903512,106.83773606273259,-112.32311313061655,71.85238012695864,-21.505059034076986,-21.94267434244629,43.91878920177051,-42.32820051109105
OSP_1_26_08_24_20240826_213100.WAV,517.43677,1.6728404363211058,128410.85549524117,42498.863392774394,8.303861657020711e-06,0.727446496784144,0.0015688275,4106,-1651.246280282078,-215.7407711832713,-141.55614165371955,304.26003230919,-191.47095615414625,-1.658759601526385,106.59678661313238,-113.82310489917238,75.36443495243378,-23.173307510221978,-22.348976127461754,44.47326806198285,-43.16273531058013
OSP_1_26_08_24_20240826_213200.WAV,517.8477,1.719453493482932,128785.03094160288,42498.95636618455,8.418715460798233e-06,0.727398453901113,0.0015732384,4127,-1638.2529758321336,-212.13891950199852,-136.11068209597184,299.0277096405491,-191.19053142978032,-0.8692708776672227,106.79619436627499,-113.03698113983731,73.66965475514235,-22.455201144070987,-22.164641011016826,44.29813183126347,-42.76989625439416
OSP_1_26_08_24_20240826_213300.WAV,522.0771,1.9459101490553132,128460.65414117384,42501.52782886184,8.486814804217554e-06,0.727498059717381,0.0015702104,4100,-1691.7797238090373,-227.44788344110455,-160.72215524830634,320.8841571130862,-191.72310104680105,-3.1135141528888184,105.5128071135029,-117.35670007029057,80.9054659174733,-25.02415418000203,-22.371607415837957,44.71934188390899,-45.06679898066646
OSP_1_26_08_24_20240826_213500.WAV,517.3269,1.7325156621444067,128140.90725898114,42499.710428066894,9.489859017304088e-06,0.7274675010397686,0.0015652508,4115,-1679.3216409602126,-223.70210950010505,-154.37742203186073,315.64387805671294,-191.72665466702867,-2.8153837297518836,105.86850499385453,-116.05748145907393,79.18712065692091,-24.547711366397575,-22.46947306001559,44.72567052170436,-44.3861855497404
OSP_1_26_08_24_20240826_213400.WAV,517.29517,1.7360049548798488,128227.07850937972,42502.09531162175,8.247749404487012e-06,0.7275836626965658,0.0015666377,4109,-1639.7401037814775,-212.31697434866774,-136.3365364311198,299.20799394888576,-191.213144436391,-0.7654590152120003,106.68547464545712,-113.15452366948577,73.87353975919392,-22.482824896351776,-22.227108365765524,44.266538808459345,-42.73166030168019
OSP_1_26_08_24_20240826_213700.WAV,517.15247,1.7502300121944538,128381.70056116125,42499.59841956025,8.821301439765189e-06,0.7274918706181177,0.0015684658,4125,-1682.9255811879912,-224.85434686482296,-156.27379467851952,317.2681170933798,-191.78072930005138,-2.9299977737702467,105.82712521780977,-116.4442550631301,79.64213734806492,-24.685232875760715,-22.375842419392477,44.69739258925848,-44.64211328370868
OSP_1_26_08_24_20240826_213600.WAV,517.02515,1.7618800298647304,128312.82191877607,42501.70822912237,8.26795372472539e-06,0.7275666813554622,0.001567733,4091,-1685.1972125780705,-225.46846057595369,-157.28746691170676,318.1204404510645,-191.79904378285732,-2.9333296678126826,105.71348171148581,-116.66965622336897,80.00744125658859,-24.796489168924712,-22.410857335785078,44.725207639202225,-44.72353347940068
OSP_1_26_08_24_20240826_213900.WAV,518.3914,1.9459101490553132,128341.1176784062,42496.914537983874,8.407219920685025e-06,0.7273529640215282,0.0015681685,4117,-1673.5839441762687,-222.17701441773616,-151.81285509600116,313.50212862532726,-191.7171788823465,-2.7406246006653965,106.0881498940805,-115.4904305346571,78.34437928813715,-24.32635317195929,-22.403991860526467,44.689913018548346,-44.14754223269601
OSP_1_26_08_24_20240826_213800.WAV,521.7768,1.9459101490553132,128083.79473265992,42500.20726075234,8.650887796288514e-06,0.7273535055677137,0.0015647364,4118,-1646.4336582212245,-214.16418265152754,-139.09715075730776,301.92142565104973,-191.40141215928432,-1.199301826183331,106.6289879265129,-113.53554130446454,74.70573819966086,-22.863410043911852,-22.30691130587184,44.371744763421056,-42.92460466451144
OSP_1_26_08_24_20240826_214000.WAV,519.5261,1.6994361420920625,128316.91412110323,42501.0483044251,8.47119295748538e-06,0.7275086198679989,0.0015678004,4125,-1686.8413406596806,-225.94875125454982,-158.181125453341,318.80874464339763,-191.738741401201,-3.0323176666277467,105.71092759591619,-116.84979150512477,80.19132159943868,-24.801210651208887,-22.431144652626855,44.716618632603414,-44.779984845191
OSP_1_26_08_24_20240826_214100.WAV,532.2322,1.9459101490553132,128007.89260224928,42501.819441405896,8.702278211867361e-06,0.7275570495697338,0.0015638642,4125,-1615.1756572598463,-205.1906632718243,-126.30054683128665,288.7472989477102,-190.2044576564088,1.0617083469899524,106.86461440226381,-111.98175595250518,70.60355757285328,-20.709481014336735,-21.847278435801382,43.662074533342,-42.02639785034045
OSP_1_26_08_24_20240826_214200.WAV,529.36426,1.9459101490553132,128652.95341933957,42502.28699499536,8.25393656778088e-06,0.7276397900905094,0.0015724277,4116,-1674.3940115643213,-222.50544378732687,-152.39397525998677,313.9523577376918,-191.72551872766272,-2.7113605562519916,106.03795432811974,-115.64664395244365,78.55394642697047,-24.41425501765738,-22.392392396985684,44.73286905209927,-44.263660713327326
OSP_1_26_08_24_20240826_214300.WAV,527.44464,1.9459101490553132,128654.12056391983,42499.99958285786,8.344183555109287e-06,0.7274472704215519,0.0015720472,4097,-1687.972723835812,-226.3943125941238,-158.83736349298505,319.4407533986984,-191.8255646093645,-3.074679794151055,105.73911349196796,-117.00892270637483,80.35358120017597,-24.849811619228742,-22.4074970055142,44.73496539638874,-44.884998009306386
OSP_1_26_08_24_20240826_214400.WAV,520.4122,1.6598417020638196,128701.55498082332,42500.12762700557,8.45890815109642e-06,0.7273667347673889,0.0015726676,4117,-1682.7100166727148,-224.89677505267338,-156.3142928932649,317.3316581117738,-191.78875180913138,-2.9538146474376092,105.82255829260396,-116.4527513333584,79.70259892858867,-24.71595501508543,-22.435699524761436,44.77357285428284,-44.64497917357374
OSP_1_26_08_24_20240826_214500.WAV,519.43005,1.7164781195650862,128469.58160103393,42496.96801462892,8.76303989616939e-06,0.7273288652162719,0.0015694564,4090,-1680.4407412937628,-224.183629413412,-155.19562004918055,316.3426058431557,-191.74076555487687,-2.885661702202715,105.8687713240889,-116.21786662243822,79.33921323144243,-24.556487632064822,-22.426774344063848,44.66550243182466,-44.46471457595291
OSP_1_26_08_24_20240826_214600.WAV,517.05786,1.7518109924201277,128530.24523925518,42503.2661694531,8.733245927278653e-06,0.7276262901177414,0.0015704241,4104,-1667.8227276232697,-220.524771857282,-149.03055147078865,311.1084007827769,-191.76432889729608,-2.3925658370940686,106.2085525998855,-115.08062036288551,77.64675965656393,-24.09346293301778,-22.388506818229764,44.65562487249738,-43.9308973440541
OSP_1_26_08_24_20240826_214700.WAV,518.05615,1.7526222668329154,128595.29980596388,42498.39337598161,8.50164150327023e-06,0.7274666113567496,0.001571396,4114,-1666.3687986240673,-220.1646558867451,-148.46708367485812,310.6202628522583,-191.74572408092098,-2.3937739506037996,106.28596798439457,-114.97007143658429,77.43074038984571,-23.979438163386867,-22.43180340549512,44.63315558386056,-43.7703085765729
OSP_1_26_08_24_20240826_214800.WAV,517.4471,1.706003994739969,128387.33313171795,42501.26284226401,8.632917951876827e-06,0.7275730638640775,0.0015691656,4122,-1656.4621973844964,-217.14755465104932,-143.7507104494593,306.2567475859175,-191.55987544897687,-1.795864665443624,106.405962843841,-114.24358181875431,76.14780198499845,-23.450980730989567,-22.43056693404923,44.5262288282107,-43.33109355327885
OSP_1_26_08_24_20240826_214900.WAV,518.06573,1.7304873691441405,128832.58994853572,42501.26489572885,8.703958398164342e-06,0.7274602675300047,0.0015741213,4123,-1663.5742336864334,-219.4298849586188,-147.28379851410588,309.5553106524327,-191.73620512168463,-2.219896405492599,106.3130413185722,-114.80382408469943,77.12142878808461,-23.85518143200738,-22.390319698025102,44.56233104063358,-43.70471549665637
OSP_1_26_08_24_20240826_215000.WAV,517.55,1.7357829311753463,128746.89935041146,42502.03742508648,8.89534253215072e-06,0.7275542644750653,0.0015734739,4136,-1653.818297973335,-216.56566857852144,-142.78261351778957,305.4372818573424,-191.58410831487453,-1.7210560160070485,106.50075996832668,-114.06384068436486,75.82990048882624,-23.383669325471615,-22.374218329537662,44.55321211524371,-43.321859364768656
OSP_1_26_08_24_20240826_215100.WAV,530.421,1.9459101490553132,127896.27620601562,42504.35426037817,8.73200369510783e-06,0.7275860609725303,0.0015632048,4099,-1607.1458954374607,-202.8978937436799,-123.19927667388446,285.33289536669264,-189.73426343159454,1.7087556071731962,106.76237317791211,-111.60187414106318,69.61607217347982,-20.148643197369775,-21.662846199637446,43.38492047621363,-41.85694833726006
OSP_1_26_08_24_20240826_215200.WAV,521.27185,1.5827780774857507,128174.55766004571,42500.77762545023,8.73112499379155e-06,0.7275171298794859,0.0015671188,4128,-1565.41894206351,-191.24248019116826,-108.52404063589098,267.7926497736281,-186.78893986039873,5.69560053211478,105.91433281072871,-110.7635858451511,65.05071297837048,-16.2482058453522,-21.391547974918367,41.447683923813884,-40.48410766585937
OSP_1_26_08_24_20240826_215300.WAV,520.6745,1.9459101490553132,128642.25061904642,42502.42749865121,8.255288664973045e-06,0.7276617227110235,0.0015721491,4135,-1631.9609149010844,-210.20454474764207,-133.249816690327,296.15486906204546,-191.00501993275267,-0.3021493211042241,106.8212786086444,-112.75667427353801,72.88649348492424,-22.013868918505693,-22.14906917041027,44.19159825318081,-42.52454765626773
OSP_1_26_08_24_20240826_215400.WAV,516.0679,1.7801769318787881,128639.75937647185,42502.85514639845,8.963816153742053e-06,0.7274414681409926,0.0015720098,4131,-1665.7428538595022,-219.97495936392545,-148.20753928516197,310.34803334763916,-191.70916959843112,-2.334978137500165,106.24051447123439,-114.92436790215565,77.41221145515277,-24.000674516133934,-22.425466971040617,44.65854154252294,-43.80132009798237
OSP_1_26_08_24_20240826_215500.WAV,516.5818,1.80141575656788,128521.66905895104,42500.89180732153,8.444499331358807e-06,0.7274111802364731,0.0015707865,4092,-1635.6026735805322,-211.25868441749756,-134.78352409404255,297.68955175573757,-191.0955148376325,-0.6152427040553831,106.79364768905826,-112.87572487585527,73.28685960893809,-22.26699833709647,-22.110337797555008,44.215315619381336,-42.679499969318755
OSP_1_26_08_24_20240826_215600.WAV,518.20526,1.7069954396804292,128594.59626063808,42500.68128457977,8.309622756917675e-06,0.7275179421987642,0.0015711194,4087,-1615.9419367693379,-205.6474980218773,-126.85939254415531,289.4232548948526,-190.31076034045952,0.8915438512025143,106.92177033502689,-112.05035348344326,70.76226525936339,-20.768388444931688,-21.890964822557084,43.66210704081359,-42.03642624784508
OSP_1_26_08_24_20240826_215700.WAV,517.7391,1.7011467711471786,128686.30297425464,42502.14089100536,9.32093916824084e-06,0.7275964277137963,0.0015728079,4130,-1635.1420287696008,-211.1718354669222,-134.73431910245844,297.5818073966323,-191.02971871101983,-0.5874458903414262,106.73397058158766,-112.86207739687175,73.31687061009224,-22.275289264713972,-22.137014842574,44.225761615785075,-42.66433436829646
OSP_1_26_08_24_20240826_215800.WAV,517.46375,1.8009579358769867,128844.350628774,42501.29697315267,8.270064635662594e-06,0.7274908262076171,0.001575213,4102,-1562.563448885363,-190.69413429462253,-107.89166750274035,266.99937404746487,-186.63412984335028,5.867838320486144,105.89192953171741,-110.77792657473513,64.88742720279298,-16.045904371424104,-21.459456500732408,41.43157168139039,-40.44176744878404
OSP_1_26_08_24_20240826_215900.WAV,518.00684,1.7618261479899007,128955.10361278003,42500.44076876766,8.352701450300823e-06,0.7275042874985146,0.0015758118,4115,-1647.9509488976646,-214.97550668926445,-140.34839131750627,303.14134022090207,-191.46352483415214,-1.4465756305491215,106.65279877375941,-113.6977634157013,75.01932523231801,-23.006219591397507,-22.31131343160061,44.419537883446026,-43.08832893164843
OSP_1_26_08_24_20240826_220000.WAV,517.85364,1.7604144788763982,128558.13760553577,42501.432548229495,8.287897989729428e-06,0.7275804134194526,0.0015712641,4098,-1603.3299743104503,-202.02217221578175,-122.0478534922137,284.055525986524,-189.57526949542105,1.9327857316999395,106.83651794257497,-111.5777870403896,69.22357374538453,-19.78866698898063,-21.728419486878813,43.31902321636435,-41.75270708296342
OSP_1_26_08_24_20240826_220100.WAV,522.93396,1.9459101490553132,128805.35668205649,42500.017256115236,8.677303608437783e-06,0.7273143208330033,0.0015739395,4097,-1650.2663257956362,-215.5465591245985,-141.25723333022555,303.9837061362184,-191.49860852444095,-1.5512509319844152,106.59984612783138,-113.84339524221406,75.33592739400667,-23.148733519223835,-22.37216931907941,44.51947517895748,-43.17440684598425
OSP_1_26_08_24_20240826_220200.WAV,518.1064,1.7620229282928903,128707.06625357318,42501.78204620811,8.212306307229818e-06,0.7275317516264953,0.001572975,4145,-1628.0038302281116,-209.17799554735493,-131.78281045792295,294.6419475121286,-190.84703756446788,-0.08528536853140002,106.87052615801633,-112.52826682832428,72.31531096578846,-21.72372297301205,-22.011194314332613,43.98008204973028,-42.39169903833968
OSP_1_26_08_24_20240826_220300.WAV,518.6849,1.765702554308099,128793.04202056464,42500.14592707648,8.456298933989416e-06,0.7274692804058068,0.0015735918,4097,-1684.4941535189523,-225.44307678105946,-157.25155013876815,318.0815401295381,-191.7944305958796,-2.943607809500685,105.76198017312109,-116.70932370270833,79.98140105908773,-24.726540439330634,-22.458827199834772,44.720546468590214,-44.68481808546326
OSP_1_26_08_24_20240826_220400.WAV,519.0612,1.7568028698485443,128459.34719990977,42499.22335174895,8.849960525445217e-06,0.7274264982571497,0.0015704199,4109,-1668.901769477274,-220.76090137547794,-149.45960073823844,311.46257672434353,-191.76804232483994,-2.416255395323623,106.21780134941544,-115.23231006077313,77.79287535292733,-24.052163938068176,-22.50773831616675,44.69523742343074,-43.89173994694822
OSP_1_26_08_24_20240826_220500.WAV,518.18945,0.6920129648318738,128767.78518268501,42501.55082021066,8.337613171399163e-06,0.7275896970683474,0.0015750937,4112,-1491.0740096874383,-171.29493297481514,-86.94443896341699,237.49855247674103,-178.61679944655933,13.214080438746757,101.51073282243767,-109.95474400836405,59.5912892259696,-8.983723605406839,-22.47004353579751,37.23486860306055,-36.93840921884814
OSP_1_26_08_24_20240826_220600.WAV,519.49524,1.7762652560117596,128808.14006152573,42500.63046386214,8.28137423917641e-06,0.7274616213954685,0.001574541,4099,-1615.7660921396903,-205.6670418330658,-126.85656995508832,289.45190144456956,-190.34822171287274,0.9156695263026554,106.9156510731772,-112.05220938243907,70.77593381618624,-20.8007691650897,-21.8650351736549,43.67188511781736,-42.057888104635815
OSP_1_26_08_24_20240826_220700.WAV,519.8733,1.4226767636942887,128465.46872303079,42501.91584149099,8.45768165426137e-06,0.727513416419928,0.0015708891,4144,-1602.2700962512085,-201.6789012457337,-121.5361212505416,283.50864477721916,-189.54633284465996,2.116250420149278,106.79325849423803,-111.56362086473364,69.1036897847183,-19.686595602348667,-21.702187321023473,43.22150603776622,-41.66582711664494
OSP_1_26_08_24_20240826_220800.WAV,519.7269,1.5067030312018872,128768.72136527942,42501.534654701645,8.551861616034088e-06,0.7274989107185297,0.0015739041,4129,-1642.6559539134805,-213.3855193927897,-137.95913418837407,300.80878653075644,-191.30509376282492,-1.0855340226666115,106.68882789354512,-113.32337466186286,74.29173186632026,-22.723197434853287,-22.209500579021675,44.32852859255988,-42.91347666397462
OSP_1_26_08_24_20240826_220900.WAV,522.0383,1.9459101490553132,127859.46564708142,42500.04776719861,8.845722701975151e-06,0.7274584108002258,0.001563418,4116,-1682.1250169872244,-224.27795488348292,-155.4231010751998,316.44075039606685,-191.71658105738925,-2.8221986845060667,105.861674191341,-116.3619213999834,79.4431697015259,-24.539621758514453,-22.485569997204674,44.73550581852637,-44.513163203634704
OSP_1_26_08_24_20240826_221000.WAV,519.1036,0.9957374991778266,129217.91824185695,42501.24815896893,9.132105353919126e-06,0.7274832058791492,0.0015794155,4116,-1688.7256182445979,-226.83486453660092,-159.59989952087548,320.0646557728531,-191.81304025774153,-3.108335107022913,105.68099899437888,-117.17899183320797,80.60250231450924,-24.920465466816953,-22.43358516465351,44.7921186306398,-44.99673056373948
OSP_1_26_08_24_20240826_221100.WAV,517.25934,1.7295457296178767,128802.21411811764,42503.826451643115,8.88912093276381e-06,0.7275886913397172,0.0015743463,4113,-1626.047623797723,-208.57884796979152,-130.91148028802337,293.7378473467365,-190.79138855073379,0.14844048695748885,106.83967884951996,-112.47950713486291,72.13556084202735,-21.623242908591656,-22.00968941001039,44.00390209804053,-42.38423214883008
OSP_1_26_08_24_20240826_221200.WAV,526.76404,1.9459101490553132,128873.79380580208,42504.2635772855,9.225195021623081e-06,0.7276001024914838,0.0015765929,4105,-1596.0826314215308,-200.05126944060416,-119.4081319396472,281.0694949669549,-189.19896068991008,2.665942790716389,106.68293936903524,-111.39260681013545,68.49073423610122,-19.282919263470777,-21.622875915077756,43.09436750383995,-41.59085302913136
OSP_1_26_08_24_20240826_221300.WAV,519.6859,1.7084711839142563,128893.421482261,42500.04759936634,8.903256646140759e-06,0.7274813104674998,0.0015747527,4099,-1672.2040449140948,-221.97013018151745,-151.37629281388922,313.1878302977235,-191.8038855063868,-2.6262681555652168,106.10893164167857,-115.50970714785967,78.31907765794146,-24.273759925487283,-22.455725744994556,44.65875943779101,-44.072196993227244
OSP_1_26_08_24_20240826_221400.WAV,524.14075,1.6748737534876754,128832.7339301479,42503.92397988018,8.365176555168262e-06,0.7276051311346352,0.0015759387,4081,-1604.9995913846749,-202.55197249060572,-122.6346457392692,284.7961188315329,-189.7947437140461,1.9221054612758721,106.8213914833838,-111.72364438346484,69.52611770527275,-19.945990680695882,-21.77312753886536,43.36078004181884,-41.76102988714002
OSP_1_26_08_24_20240826_221500.WAV,522.3092,9.457406114017602e-305,129224.08035332931,42506.641717751685,8.300605269153979e-06,0.727644161141864,0.0015814188,4122,-1551.2548561452488,-187.64671771340915,-104.24596666261472,262.32256823745377,-185.69247590514536,7.110981862499839,105.39817474453885,-110.66314692652514,63.90804498598959,-15.021768086074617,-21.39418230648721,40.80901393642595,-40.11906487229604
OSP_1_26_08_24_20240826_221600.WAV,521.48865,1.9459101490553132,129249.6487713157,42500.85059958107,8.228436734907927e-06,0.7275178648350233,0.0015793205,4100,-1629.55318980605,-209.8215153124228,-132.6779796812864,295.58564660171214,-190.9586044245964,-0.21781366176254272,106.83959045175918,-112.66750120093353,72.67272035162627,-21.900504300010713,-22.10599944976543,44.0966889044275,-42.44296634785946
OSP_1_26_08_24_20240826_221700.WAV,518.06934,1.763830040113207,128549.98460403418,42503.54241727002,8.86590936022827e-06,0.7275564306598075,0.0015716541,4111,-1572.3980882279711,-193.35597905322533,-111.05694765843572,270.9840926177685,-187.42428427779765,4.958108785856671,106.11186317474504,-110.86521441055092,65.87771283032882,-17.065393374730938,-21.418077084577185,41.91389849396392,-40.789148048747855
OSP_1_26_08_24_20240826_221800.WAV,517.85547,1.7624108235392077,129098.15900315721,42501.8246294304,8.516978782721269e-06,0.7274458005104769,0.0015780173,4108,-1689.364528565635,-226.97077706127467,-159.82304658717473,320.22506737828576,-191.81623851938863,-3.070061861029657,105.65006892751914,-117.25087704906028,80.65697725758797,-24.909643047430613,-22.389931586982243,44.71273002302242,-45.022421307990626
OSP_1_26_08_24_20240826_221900.WAV,518.33777,1.7618291162623452,128937.91956995528,42503.995661198496,8.316918657775477e-06,0.7276540250188148,0.0015758708,4119,-1665.249033411943,-219.94579041356732,-148.0724672496302,310.268982054026,-191.76927701798706,-2.2906373278620773,106.27830166658427,-114.95685459055485,77.38415498641942,-23.96557919463159,-22.405903210652134,44.62515276024516,-43.83220503788563
OSP_1_26_08_24_20240826_222000.WAV,518.25146,1.7413152216154337,129301.37117621677,42501.53512404329,8.21219703190063e-06,0.7273522290659906,0.0015813897,4119,-1585.3477073074855,-197.24788431755428,-115.83136190662317,276.8658161810406,-188.52521371340922,3.5784910509120733,106.53321916620786,-111.14031786580553,67.3029237025886,-18.331736853995245,-21.51053504071877,42.585028924834205,-41.22802752970192
OSP_1_26_08_24_20240826_222100.WAV,520.45776,0.6193762897414468,129194.71039833254,42503.653080302916,8.634215725105421e-06,0.7274670755391943,0.0015802049,4100,-1611.217262756242,-204.47451021185745,-125.21188180572194,287.65925069166576,-190.15794840574878,1.3280588275975471,106.86888833087245,-111.9485341417816,70.34885218832939,-20.503377418321875,-21.859679618470846,43.604535442131876,-41.96941213111577
OSP_1_26_08_24_20240826_222200.WAV,518.1604,1.7746897736518898,128732.89132468459,42501.82944692254,8.3673859547635e-06,0.7275016184494574,0.0015725574,4113,-1673.196691481972,-222.15333709999382,-151.64640787990945,313.41162828115523,-191.82726091145616,-2.5841771589678078,106.06011057962867,-115.60119523585242,78.47007838140837,-24.337608612592803,-22.486225200153022,44.731375713682624,-44.126756908680754
OSP_1_26_08_24_20240826_222300.WAV,518.79126,1.9459101490553132,129221.86605109312,42501.16047137119,8.245981611445119e-06,0.7275218877495445,0.0015788861,4148,-1624.1074543706532,-208.2551295320975,-130.42055695710513,293.2848460790655,-190.78850307577403,0.19032922108545586,106.92601933048647,-112.41817207568175,71.91201024345908,-21.505283942550086,-21.98025877079258,43.96179917872998,-42.33841943393661
OSP_1_26_08_24_20240826_222400.WAV,517.72424,1.267804726062368,128935.33698185648,42498.89176813147,9.08731773710059e-06,0.7274388377738058,0.001576204,4107,-1632.7520419033967,-210.58303949162274,-133.84963340518604,296.6993334710324,-191.00352260114514,-0.3789551980065567,106.77959554367594,-112.86593289652598,73.08143092956763,-22.0136546328733,-22.240537224865264,44.13751952801883,-42.432799875649046
OSP_1_26_08_24_20240826_222500.WAV,522.2688,1.5610951901729482,129108.32691119687,42503.33385839827,8.59822419401073e-06,0.7275093548235364,0.0015778057,4137,-1624.0520930763967,-208.17437182609777,-130.34273513156072,293.1303963098541,-190.73498654769824,0.2815702524719976,106.83477107030446,-112.43573097760272,71.96695923602644,-21.49951839510699,-22.005900613125142,43.93463878127841,-42.30933609156001
OSP_1_26_08_24_20240826_222600.WAV,518.3342,1.7349839006536505,128917.23930300937,42500.923924716684,8.661788398859844e-06,0.7274801113295175,0.0015763444,4142,-1606.1414453670643,-203.0126121691463,-123.28218719755331,285.4923851410313,-189.83822549810742,1.7225648728560667,106.83254512360038,-111.7060627330409,69.63992959006045,-20.05198978485894,-21.744258369858816,43.32042301678089,-41.72446574150097
OSP_1_26_08_24_20240826_222700.WAV,517.4584,1.8041193821688828,128748.60582853429,42501.26894495598,8.371545672007823e-06,0.7275469536015606,0.0015739553,4110,-1582.8543754138286,-196.3024413050972,-114.64606949320189,275.44966093589403,-188.30014843434262,3.909222543624439,106.49412109812167,-111.12924815162383,66.95914293993376,-17.979465603676495,-21.550913206844992,42.45766105351045,-41.09693638508904
OSP_1_26_08_24_20240826_222800.WAV,517.984,1.7448560861774476,129199.18609554172,42499.97209013442,8.323085953549902e-06,0.7274425125514933,0.0015803258,4128,-1508.5060229201988,-176.06197105627655,-91.74416750463334,244.75857432378103,-180.93860339004905,11.41349715516325,102.92404363285435,-110.20255698789968,60.640780827073364,-10.703257597162018,-22.02953462020733,38.32230077869486,-38.02705821650176
OSP_1_26_08_24_20240826_222900.WAV,518.1263,1.625729412675316,129088.27651952872,42503.77648716964,8.256332933990007e-06,0.7275101671428147,0.0015781387,4113,-1568.827894814896,-192.55400692566323,-110.0692436351007,269.777853024746,-187.22196620872077,5.2448995504651625,106.08147193925483,-110.8632030307736,65.55605083895702,-16.735798191046683,-21.412147159177,41.7462806859734,-40.70378957057182
OSP_1_26_08_24_20240826_223000.WAV,520.8036,0.6730116670092565,129197.55071390593,42501.6791130365,9.08762316714894e-06,0.7275044809078666,0.0015792848,4095,-1587.2793117381855,-197.7785771714247,-116.52572277863241,277.66741599619417,-188.63848993694802,3.3944644411534797,106.56428736852938,-111.20324119900621,67.54529630562111,-18.49035522508296,-21.581597827076564,42.69247146813104,-41.254361380664406
OSP_1_26_08_24_20240826_223100.WAV,517.21985,1.7238554069543603,129036.32389384975,42500.76556918891,8.364376196055847e-06,0.7275268003470847,0.0015763916,4128,-1630.193587489424,-209.9271051180874,-132.81517146026704,295.7444592205308,-190.99474839740913,-0.24423784942900018,106.86009336358713,-112.68451769781608,72.69955726649061,-21.939707455405472,-22.07959172474164,44.126282068054664,-42.50784240862023
OSP_1_26_08_24_20240826_223200.WAV,517.87885,9.457406114017602e-305,129038.33324851787,42505.21403811184,8.375593235060622e-06,0.7275993288540759,0.001578243,4127,-1610.0620628433226,-204.10939475820146,-124.70811486140668,287.1198695035855,-190.08532575106105,1.3963728023503175,106.88348943961581,-111.86157207126438,70.14899557512193,-20.418571395537054,-21.803327556651507,43.558492496748094,-41.95191959007771
OSP_1_26_08_24_20240826_223300.WAV,518.7628,1.4626701663128374,128595.5902737671,42500.56178272226,8.191459064272015e-06,0.7274896657515052,0.001572125,4140,-1670.5309442072296,-221.28948399238016,-150.2695260677621,312.203699385075,-191.81499135078215,-2.4612234327852844,106.15978933764177,-115.38618298387952,78.05461364788265,-24.149210226376844,-22.50202600131265,44.68682721680499,-43.95906731905871
OSP_1_26_08_24_20240826_223400.WAV,522.17554,1.9459101490553132,129367.74501226205,42502.45386611744,8.951918702741328e-06,0.7275280768488077,0.0015821123,4151,-1517.2411628452305,-178.49913097580827,-94.18971441528105,248.41855033833474,-182.108638465986,10.585434091123524,103.54716779141333,-110.35086856653798,61.246514020131166,-11.57381921713967,-21.815156667473648,38.76765460702177,-38.464951363996185
OSP_1_26_08_24_20240826_223500.WAV,521.8374,9.457406114017602e-305,129486.55924221851,42505.77033963619,8.264146848963219e-06,0.7275559277954924,0.0015849987,4120,-1568.0924031692502,-192.41325253598177,-109.76203358884123,269.5165343783593,-187.30009395367148,5.398729544131772,106.10543925329836,-110.93823044069043,65.51673842007573,-16.660441282322402,-21.409050398700494,41.704736394394004,-40.690431557572865
OSP_1_26_08_24_20240826_223600.WAV,521.83344,0.6193762897414468,129392.10442739243,42507.204515532685,8.52506731032944e-06,0.7276734433177533,0.0015850381,4101,-1563.040454701371,-190.96890492752684,-108.11116134794099,267.3468903761451,-186.78032991756024,5.875092150021282,105.87105230342836,-110.79055033690248,65.02581416917256,-16.240425238827623,-21.36077215225094,41.490674506828846,-40.59855779437284
OSP_1_26_08_24_20240826_223700.WAV,517.4585,1.3011345428985805,129169.16161238715,42503.40505880229,9.876634421584702e-06,0.7275432014601323,0.0015794352,4138,-1593.4655901226686,-199.50113152712336,-118.62429491560992,280.2140325446742,-189.12873054246396,2.89301823232839,106.67787626001287,-111.36520491275576,68.2130638559503,-19.045249914054747,-21.55955500418823,42.88118499804111,-41.46692137199611
OSP_1_26_08_24_20240826_223800.WAV,538.235,1.9459101490553132,129537.97499879681,42505.15915158708,8.31707629907116e-06,0.7275579779346233,0.00158621,4115,-1561.94053506366,-190.74131720600133,-107.82667375383224,267.0018653302737,-186.7319005931786,5.965250040291762,105.8702763958092,-110.80067620591042,64.9244815413471,-16.11944447358522,-21.37852739616484,41.430538800563454,-40.52624391609009
OSP_1_26_08_24_20240826_223900.WAV,517.9761,1.7047726002215386,129347.64100385872,42504.06388650957,8.188021785630207e-06,0.7276185924255327,0.0015814306,4120,-1619.8630047669467,-207.00709992159992,-128.63881009167577,291.39971950620577,-190.61592301314874,0.6131859691944375,106.88760335663764,-112.28978332280006,71.45859112754323,-21.202731800972845,-21.989015277429427,43.89590305182792,-42.199036282784135
OSP_1_26_08_24_20240826_224000.WAV,521.14136,0.6730116670092565,128677.0271987714,42500.52116183884,8.188180388080772e-06,0.7274766686430524,0.0015733282,4104,-1605.5506463412623,-202.68398894550924,-122.8311486182748,285.01108784954766,-189.78550472474754,1.8012884697132137,106.86284705000345,-111.68888003439037,69.50993668470902,-19.96347480659005,-21.76153376462117,43.364592873629775,-41.75902311765454
OSP_1_26_08_24_20240826_224100.WAV,518.58636,1.7803491937333884,128511.06648156676,42503.78876884994,8.264251097888102e-06,0.7275256398909729,0.0015714761,4108,-1667.214309204286,-220.28567432976246,-148.6742574214029,310.7343141878902,-191.7269434987925,-2.2906309612326394,106.16864851609064,-115.0868519777382,77.63838807158818,-24.032607596972433,-22.476783110181433,44.6739418333418,-43.86198433037162
OSP_1_26_08_24_20240826_224200.WAV,517.72095,1.782647534928874,129246.69156606075,42503.38656569693,8.490108095030827e-06,0.7275418475946684,0.0015805352,4110,-1640.8850106821278,-212.9729816452377,-137.22014935749425,300.1840290262813,-191.38220167381746,-0.9021362305235942,106.7217700231611,-113.31724955533377,74.18709317068323,-22.651013877872483,-22.275375725471296,44.38714546307527,-42.852858960240304
OSP_1_26_08_24_20240826_224300.WAV,520.0492,1.1061797738676176,129381.38407984271,42502.997637859546,8.365832365368578e-06,0.7276201783822189,0.0015821718,4096,-1604.9208033149087,-202.79100571879374,-122.93663088269243,285.1639610001955,-189.85311883300628,1.8103316915124803,106.86624553141063,-111.72052147439207,69.57603911326136,-20.02910476509195,-21.72945393968026,43.38483183318966,-41.83702608971108
OSP_1_26_08_24_20240826_224400.WAV,518.78687,1.6671775826165116,129373.3387630438,42503.87386672234,8.392353380513291e-06,0.7276510465147944,0.0015821859,4118,-1615.262064834658,-205.69908494014248,-126.81537915559547,289.46622816852675,-190.42930460927423,0.9862715146887503,106.92486150012462,-112.12794761367533,70.85061433737069,-20.820128993256734,-21.902966292340157,43.72754204574575,-42.09465832436002
OSP_1_26_08_24_20240826_224500.WAV,520.0615,1.5710001344005111,129070.57769392333,42501.255121918155,8.219500203898987e-06,0.7275125654187792,0.0015782131,4098,-1615.2476530451493,-205.58911272316774,-126.71468228525404,289.3186567489995,-190.3649981121296,0.9723564000129861,106.92757242776297,-112.09096506072639,70.78017802331343,-20.77513378938404,-21.905216571762004,43.718502739431216,-42.082638436903856
OSP_1_26_08_24_20240826_224600.WAV,519.15894,1.7598794983013821,129305.19948176248,42503.774083616634,8.257963169230213e-06,0.7275422344133724,0.0015815963,4122,-1628.1682225642376,-209.34262005894664,-131.98684283920932,294.8582879655348,-190.9308309815813,-0.03279932759722983,106.88586509086826,-112.67680364132123,72.46910535706705,-21.754200037718277,-22.073572935540742,44.07071188769326,-42.4867334655014
OSP_1_26_08_24_20240826_224700.WAV,536.81775,1.9459101490553132,129116.16317424938,42500.662146995564,8.279083460423116e-06,0.7275122172819457,0.001578214,4091,-1678.408027870109,-223.77323743559026,-154.36848027749093,315.72050583141237,-191.87119018541748,-2.7511870220651633,105.98269315565243,-116.19707954216383,79.19206387739133,-24.496515202444353,-22.482109299771775,44.751768381786135,-44.43522493550432
OSP_1_26_08_24_20240826_224800.WAV,521.7246,0.6930479906110416,129253.26930234082,42505.70878664282,8.597822106157033e-06,0.7275749205938564,0.0015810379,4094,-1560.8117080987356,-190.32890161643613,-107.37923174188822,266.39563622572626,-186.58132494349346,6.117489376923855,105.77963477860277,-110.77019403981109,64.822547600677,-16.018552999311964,-21.371402626212276,41.37918852545556,-40.517782227597834
OSP_1_26_08_24_20240826_224900.WAV,517.73615,1.7737264323721222,129496.94281333199,42505.98906847873,8.219557812926258e-06,0.7275590610269944,0.0015847674,4123,-1566.9255616515727,-192.09245356138777,-109.40656798418257,269.0405132121286,-187.18209768951854,5.493210394760059,106.06698156255335,-110.91646506914924,65.40726570222574,-16.546967670664262,-21.422548192598406,41.656029235602915,-40.64540141266147
OSP_1_26_08_24_20240826_225000.WAV,518.8212,1.5628066667785694,129459.84337448675,42504.41441245897,8.153101894254125e-06,0.727564708580072,0.0015829809,4105,-1626.545646574019,-208.96777893817986,-131.4056426938096,294.29293386897405,-190.89569538472452,0.08925380023741739,106.85354926824166,-112.60907295392212,72.35897754441419,-21.693947197998654,-22.105664632030678,44.077192934797154,-42.40491003804278
OSP_1_26_08_24_20240826_225100.WAV,517.3892,1.9459101490553132,129247.722991453,42504.47865925281,8.63902260519993e-06,0.7275558117498812,0.001579828,4109,-1661.0573393035568,-218.82600177462618,-146.21428986716228,308.6575842972565,-191.79878034471184,-2.0611507378368987,106.3953757343079,-114.7013821718713,76.86583537400108,-23.75452876228065,-22.39253541241269,44.5791797872138,-43.65921497794259
OSP_1_26_08_24_20240826_225200.WAV,539.4701,1.9459101490553132,129123.5146484058,42503.60052580812,8.669677317657994e-06,0.7274923348005624,0.0015793758,4113,-1621.014865047545,-207.25436406445246,-129.01164436603352,291.77922111968684,-190.63088252545776,0.5057962191057033,106.8979105473326,-112.29522855496722,71.52984216258804,-21.26997093525957,-21.959144496190508,43.89414715634112,-42.25543572324781
OSP_1_26_08_24_20240826_225300.WAV,521.37036,0.6193762897414468,129427.82867544956,42501.08398372319,8.23288108454126e-06,0.7274251830735562,0.0015824381,4086,-1602.6408193141694,-202.12028602779438,-122.06722492977654,284.17928475762386,-189.7328452659058,2.0323690001567845,106.8751657397123,-111.72270458805949,69.32799794228191,-19.761389481160478,-21.807143572212286,43.323872139230986,-41.69414726376087
OSP_1_26_08_24_20240826_225400.WAV,518.58374,1.764960693040361,129460.21705922646,42504.01009781693,8.121627801324575e-06,0.7275197989285431,0.0015835919,4114,-1595.8710198319127,-200.2334777963357,-119.54803661763128,281.3293867025579,-189.32968281119628,2.629298412008318,106.78232891265982,-111.46291373795576,68.50084084668696,-19.26550613114942,-21.607306557627204,43.05743874928967,-41.61768849653335
OSP_1_26_08_24_20240826_225500.WAV,519.7295,1.309154105413448,129298.74748879451,42502.726538719144,8.894813863715057e-06,0.7275965437594074,0.0015805434,4102,-1637.1467548677638,-211.9896772315814,-135.80986201366457,298.76064702285026,-191.24227355225185,-0.7118507908628362,106.75504342722785,-113.07930785194878,73.70130529507259,-22.451108216631418,-22.18860049629863,44.31365559471493,-42.7719811581442
OSP_1_26_08_24_20240826_225600.WAV,519.9584,1.9459101490553132,129576.00122427748,42506.82548281833,8.178437712741824e-06,0.7275446326893369,0.0015850281,4103,-1637.155961171565,-212.0658714922141,-135.8188777550704,298.8286824885983,-191.31280404578712,-0.6777440639825367,106.76034223516423,-113.10818503619045,73.74140153086474,-22.500235128878447,-22.142590052786225,44.31187493718356,-42.84477559352344
OSP_1_26_08_24_20240826_225700.WAV,526.72473,1.9459101490553132,128732.51367077854,42501.876367377954,8.468207268427916e-06,0.7275130682830944,0.0015739101,4117,-1680.8079972829623,-224.32367747566875,-155.30786320418852,316.50041422611264,-191.8268416925607,-2.8376329836646894,105.86209008074424,-116.28968939664324,79.46949199746716,-24.65826047438299,-22.449571049995036,44.78617969188322,-44.53984130040893
OSP_1_26_08_24_20240826_225800.WAV,522.58167,0.5835274717778098,129251.0851729089,42502.727804651804,9.349992685606552e-06,0.7274690096327141,0.0015802451,4111,-1620.629376665616,-207.21903630477925,-128.96267067807145,291.72385185232787,-190.6348431299492,0.5441326673790892,106.88727339236475,-112.31423491149225,71.52366403421422,-21.22461517015037,-21.981867458537984,43.84714773860725,-42.17681215174751
OSP_1_26_08_24_20240826_225900.WAV,548.2724,1.9459101490553132,129228.85791593287,42502.78328280567,8.32382855025169e-06,0.7274695124970292,0.0015797105,4114,-1616.6252387068046,-206.08224489630533,-127.39770936306633,290.0391579863997,-190.44826780378557,0.8549533025418665,106.90108618810686,-112.13298351990548,70.99911463542378,-20.962590583548785,-21.87667888671472,43.77252684439539,-42.15044801327543
OSP_1_26_08_24_20240826_230000.WAV,531.54407,1.9459101490553132,129310.57169030758,42502.62193546393,8.181535408377954e-06,0.727571555271132,0.0015820668,4112,-1608.7376125310766,-203.80850731680613,-124.27216751316834,286.6511717185278,-190.0682702066802,1.537644398756925,106.90111268276772,-111.89735027688108,70.04137561795913,-20.27836751720195,-21.85346310799683,43.53239519126789,-41.87911783072017
OSP_1_26_08_24_20240826_230100.WAV,520.92773,1.9459101490553132,129515.96138582198,42504.78914523705,8.607762954882527e-06,0.7275755008219124,0.0015843038,4085,-1632.7945974004324,-210.74639472501693,-133.88806299155044,296.8870117093387,-191.18972009618517,-0.3032408828274475,106.80308600825758,-112.93207333716768,73.19540697652533,-22.174167078574715,-22.1638421243364,44.27023841395307,-42.65874020688487
OSP_1_26_08_24_20240826_230200.WAV,520.77466,1.9459101490553132,129509.58198677981,42502.44837771707,8.6682433444283e-06,0.7274818906955557,0.0015827202,4101,-1639.4990350026749,-212.71616813085953,-136.8124465018198,299.79013799425496,-191.38359404573146,-0.8236682589485033,106.77250173024824,-113.29730944496225,74.0382068833492,-22.568564803713304,-22.252352412678896,44.37783103411962,-42.844670054111546
OSP_1_26_08_24_20240826_230300.WAV,518.5177,1.3619933869309682,129309.76214245,42506.74050036828,8.221737340361456e-06,0.7276166196501426,0.0015827027,4099,-1520.6188473581335,-179.32622861061523,-95.07811701191234,249.68021036593322,-182.4571266325975,10.27525662445917,103.72033971530534,-110.36805782105559,61.49502628850632,-11.947715167861938,-21.722072125467747,38.992961164157066,-38.73088562411059
OSP_1_26_08_24_20240826_230400.WAV,518.5398,1.696820616841935,129593.5043093094,42505.111705094576,8.175188460240607e-06,0.7276177801062544,0.0015862724,4105,-1592.3890500204643,-199.28559269039386,-118.25901059830153,279.87932785324324,-189.174638651085,3.00653966280723,106.74769068954271,-111.43772361232399,68.13084550117438,-18.92516313413251,-21.605930374795033,42.88574351183167,-41.45278335047053
OSP_1_26_08_24_20240826_230500.WAV,527.2147,0.3546416734862479,129277.81416677179,42505.778848074835,8.523848060635422e-06,0.7276041640878753,0.0015840413,4109,-1519.568943569179,-179.00873894758928,-94.73810025785549,249.16790543415055,-182.29808619087996,10.432631746825601,103.58106480635115,-110.35514281514459,61.477639388425004,-11.863925978309052,-21.788535320465797,38.97047814367887,-38.639649343495435
OSP_1_26_08_24_20240826_230600.WAV,525.73694,1.9459101490553132,129059.1835634101,42505.26146713843,9.679172782505797e-06,0.7275031270424027,0.0015783501,4088,-1617.3013266888508,-206.1459527850311,-127.3999411429827,290.1014246266018,-190.52233233046687,0.916587026852484,106.87002328620792,-112.16823945241605,71.0788991997839,-21.008724402168646,-21.884558069648932,43.78776591282154,-42.15155583876215
OSP_1_26_08_24_20240826_230700.WAV,518.0443,1.4291910589316479,129590.53336556097,42504.187982695665,8.354798054798767e-06,0.7275210754302662,0.0015859632,4126,-1572.6434016351539,-193.7751698991479,-111.43660120913911,271.5713365065616,-187.65548972706614,4.894791818426637,106.20293568748406,-110.9590191313186,66.02842587945666,-17.191666378924786,-21.406890364741418,41.990204454264834,-40.882026482255434
OSP_1_26_08_24_20240826_230800.WAV,581.51355,1.9459101490553132,128913.05923270607,42503.78751512125,8.336049090333935e-06,0.7274511772904618,0.0015767378,4141,-1635.8582024598704,-211.3927840316881,-135.0468617026674,297.85787295270467,-191.16294626194468,-0.48677646441994604,106.7869340748431,-113.0309226833019,73.42895939070422,-22.329268996255866,-22.135835636893482,44.31957116508858,-42.76216196133429
OSP_1_26_08_24_20240826_230900.WAV,547.8237,1.9459101490553132,128295.40345867747,42503.49656068775,8.475081136322757e-06,0.7274841729259091,0.0015706244,4106,-1587.0355459896787,-197.22458808001383,-115.84932827854529,276.80505078991337,-188.4862235327031,3.6324594876606384,106.49676380063822,-111.19330381238058,67.36294271163295,-18.324830575649962,-21.560683495306527,42.6234734753361,-41.23751506836256
OSP_1_26_08_24_20240826_231000.WAV,539.82214,1.9459101490553132,129546.10483674266,42503.07019146105,8.731486036661174e-06,0.7274647159451002,0.0015848479,4115,-1618.4237455022112,-206.65269180118528,-128.185332510442,290.8928954607924,-190.559789327632,0.7180019028887903,106.89772946101951,-112.25723005905047,71.29274894114168,-21.087561930849695,-21.9600575300738,43.83393825590518,-42.18520642813719
OSP_1_26_08_24_20240826_231100.WAV,536.8198,1.9459101490553132,129286.21080317833,42506.61084297632,8.267428896082204e-06,0.727655610975501,0.0015812975,4119,-1574.3168846452156,-194.12537671925483,-111.91350116172077,272.11929720933733,-187.73126462357715,4.76643649874111,106.21236874780115,-110.96981148506737,66.18050684330832,-17.338868075349833,-21.402185224696645,42.05616019192134,-40.94173373811024
OSP_1_26_08_24_20240826_231200.WAV,628.0106,1.9459101490553132,129350.65172233891,42505.28142853409,8.582661269623721e-06,0.7275823475129723,0.0015826562,4124,-1577.8498330980046,-195.11553296212102,-113.20229394973644,273.5924021064925,-188.0030230256195,4.443461790101578,106.36711218998441,-111.05571734661788,66.46351418830676,-17.641928482171554,-21.35154558241041,42.18015231158699,-41.07552870513587
OSP_1_26_08_24_20240826_231300.WAV,618.17957,1.9459101490553132,129848.39184046668,42504.72049672912,8.19041232867033e-06,0.727626638254575,0.0015893154,4112,-1497.4641683144687,-173.3137209900151,-88.94305810894075,240.53314013912447,-179.656016768737,12.533083105200724,102.14173866429454,-110.13355778682553,60.03639608764368,-9.697131337667066,-22.24733932545165,37.670160818694875,-37.45831318246198
OSP_1_26_08_24_20240826_231400.WAV,529.53,1.9459101490553132,129302.5321632757,42501.35044002867,8.520685104346795e-06,0.7274852173364097,0.0015817928,4112,-1600.692190057605,-201.51855130922524,-121.2074924485384,283.22183024901585,-189.63021434898107,2.2887912413928486,106.80886097007361,-111.6353533363768,69.07131268392958,-19.621516593462918,-21.725151951932038,43.22032172930138,-41.62147485818155
OSP_1_26_08_24_20240826_231500.WAV,588.9556,1.9459101490553132,129338.18144674941,42505.14755841515,8.855308562974573e-06,0.7276125580537511,0.0015816393,4113,-1564.5331229862913,-191.44112630931306,-108.73783534958164,268.04347972168176,-186.88960416572797,5.73979090155469,105.89963370358099,-110.83665560482633,65.20366433370393,-16.377932592271293,-21.396247266188034,41.56531268131448,-40.57852456141563
OSP_1_26_08_24_20240826_231600.WAV,531.9881,1.9459101490553132,129089.68338533005,42503.151356653485,8.550741200270606e-06,0.7275247502079537,0.0015781777,4109,-1573.8877712969904,-193.94746463894427,-111.72641709179445,271.8659686576111,-187.65965667919042,4.7879281820752615,106.24435578561322,-110.99708421304854,66.08346413040265,-17.165005565609974,-21.485074042413988,41.97289840595028,-40.78911684339879
OSP_1_26_08_24_20240826_231700.WAV,569.495,1.9459101490553132,128966.25888855942,42502.09447936144,8.376398983664863e-06,0.72751264278252,0.0015771942,4104,-1589.0902576393298,-198.1275221200413,-117.00098252782045,278.14991510597866,-188.7383519700354,3.357234386520826,106.60178443671367,-111.29079465668379,67.66777291448626,-18.58330630148136,-21.548391562157285,42.71404993673888,-41.330410768718735
OSP_1_26_08_24_20240826_231800.WAV,518.09265,1.5307768151467462,129432.84092471129,42503.72617782453,8.176662947469117e-06,0.7276254777984631,0.0015825891,4101,-1651.4501401631967,-216.15417174701582,-142.0466397572456,304.7949280720454,-191.61968013874395,-1.5947387942285798,106.54985216845002,-113.98243421311962,75.63314616890446,-23.326710540895128,-22.33644996404978,44.54624116986157,-43.28868357228713
OSP_1_26_08_24_20240826_231900.WAV,517.33264,1.7143397032044798,129231.09233688677,42503.62062910108,8.26350936331467e-06,0.7275932558004238,0.0015805896,4103,-1672.8437889495613,-222.20281486452828,-151.691165573212,313.49756153319424,-191.89089301144375,-2.557533511267892,106.07775069885498,-115.64639771460371,78.49464504218174,-24.33987566977387,-22.463056584301942,44.710224294628084,-44.16471100459676
OSP_1_26_08_24_20240826_232000.WAV,617.1806,1.9459101490553132,129455.22501762699,42501.72737440034,8.247176487653411e-06,0.7273870814312168,0.0015827377,4122,-1503.644167131432,-174.85282297881454,-90.48146938424254,242.87096445779346,-180.3995259409683,11.956689402450774,102.57547344836102,-110.20067498136311,60.378421404479916,-10.247683150206194,-22.115156669081774,38.00308090339037,-37.75230080145998
OSP_1_26_08_24_20240826_232100.WAV,554.1216,1.9459101490553132,129236.72023914366,42502.606698688476,8.319478274003936e-06,0.7274843276533907,0.0015804986,4121,-1672.5823880772377,-222.058816076436,-151.48899290189146,313.28054692150226,-191.8971891771141,-2.495724323573809,106.13684135426269,-115.71191723759827,78.44378863865228,-24.243634932283946,-22.525089784200922,44.73679559358212,-44.143635993625736
OSP_1_26_08_24_20240826_232200.WAV,628.20264,1.9459101490553132,129139.9266242183,42500.73979193127,8.367125371733714e-06,0.7274508678354987,0.0015800418,4102,-1496.0807475297743,-172.6412594739904,-88.31376311088461,239.54269205313872,-179.2858752059021,12.728480431516504,101.95148198274464,-110.11136100710245,59.929862705315585,-9.436936886206022,-22.42591543252486,37.62602869976633,-37.279108235098285
OSP_1_26_08_24_20240826_232300.WAV,585.03375,1.9459101490553132,129013.30959437879,42500.58413799688,8.835518651086059e-06,0.727507459411887,0.001577498,4088,-1646.1399230074105,-214.464073235006,-139.58821382171203,302.35864527596823,-191.45024669317823,-1.2503355283797675,106.67737593442182,-113.61806151783841,74.77027267930441,-22.911270525041527,-22.259861517307538,44.38143370953148,-42.98916746766832
OSP_1_26_08_24_20240826_232400.WAV,580.3805,1.9459101490553132,128809.92304832464,42501.39598452083,8.203617256367913e-06,0.7275433948694843,0.0015745607,4108,-1655.9062480231255,-217.13540337868827,-143.74756734495566,306.2323295906557,-191.61517078094846,-1.7768172417964463,106.52451414094413,-114.30173974131714,76.07731344012268,-23.425386577431215,-22.41252397867662,44.58100287187993,-43.409646610614736
OSP_1_26_08_24_20240826_232500.WAV,517.9509,1.9459101490553132,129213.61432213226,42501.14370905218,8.742870049830867e-06,0.7274584494820961,0.0015796038,4108,-1663.160852526373,-219.41578116602977,-147.20461448218342,309.508442736372,-191.79948402159158,-2.1437504222509363,106.34218257744764,-114.89797342182996,77.16080091619192,-23.81284999966314,-22.45563140819955,44.6064376453306,-43.70971588830741
OSP_1_26_08_24_20240826_232600.WAV,519.8384,1.615768695502914,129006.71634691869,42500.390850994874,8.530361960356153e-06,0.7274123020107146,0.001576636,4116,-1685.9989919635022,-225.91051452401157,-158.00132311417536,318.7324112089672,-191.84758595761772,-2.9512346458348464,105.75381146510414,-116.92677216995102,80.22516260768934,-24.77809093443978,-22.49665717306722,44.7870250097795,-44.798049355943554
OSP_1_26_08_24_20240826_232700.WAV,564.1129,1.9459101490553132,129258.87451713116,42503.81952086266,8.936227088465318e-06,0.7274804981482215,0.0015803688,4119,-1626.2436053819604,-208.80623254746098,-131.26184313937898,294.0680847430726,-190.81997826239018,0.10935532053218519,106.83785398804768,-112.5492550061047,72.27558167983098,-21.702039066894038,-22.05615986411815,44.1124938593617,-42.45697944269054
OSP_1_26_08_24_20240826_232800.WAV,633.3219,1.9459101490553132,128921.2151739945,42502.708158360074,8.2941626240355e-06,0.7275014250401054,0.0015767334,4112,-1492.4759085302815,-171.6886492075671,-87.34843491740192,238.07166493386742,-178.81501932238712,13.105653114610915,101.6414124359515,-110.0192896700066,59.680578281062424,-9.122203808640645,-22.41024534729636,37.335015587288886,-37.09805266585272
OSP_1_26_08_24_20240826_232900.WAV,521.7727,1.9459101490553132,129074.68243813909,42500.834651261386,8.301761292621407e-06,0.7274211601590351,0.0015773774,4101,-1689.1137216278235,-226.84725053877875,-159.56156166985798,320.05670464820435,-191.87021623394796,-3.0511919765079623,105.69594520331938,-117.23345123493206,80.63234764926834,-24.914413162211325,-22.46678034493382,44.8252029812441,-44.98149976781157
OSP_1_26_08_24_20240826_233000.WAV,515.8593,1.749123806746168,129098.31461284912,42502.72683215915,8.185518097259932e-06,0.7275649793531649,0.0015786499,4114,-1643.0059148660155,-213.5352016096055,-138.0421718193403,301.0109746553789,-191.44892052337855,-1.0733215062295958,106.75776569644846,-113.4314486067176,74.41158530663445,-22.76824595224655,-22.304140360530198,44.476310205701914,-42.96420960040384
OSP_1_26_08_24_20240826_233100.WAV,519.60406,9.457406114017602e-305,128710.14993633414,42501.96925033855,8.754653439924384e-06,0.7274314882184306,0.0015735226,4088,-1659.8559363125514,-218.2603969803512,-145.36813636690601,307.8433231494401,-191.74020098431734,-1.9386147921016987,106.38713801178793,-114.56890003313339,76.64656585442172,-23.633055073881838,-22.445181006081242,44.5518171132362,-43.48744204993386
OSP_1_26_08_24_20240826_233200.WAV,527.50525,1.9459101490553132,128845.46387745158,42501.08049176811,8.406388793172948e-06,0.727434660131803,0.0015750662,4097,-1675.8452414917328,-222.94656823793815,-153.12248629766265,314.5539264742093,-191.73196345612286,-2.70301264363004,105.96625683235972,-115.87698172081558,78.84383561245731,-24.40670311764474,-22.49882539232066,44.73694065643981,-44.28407455050715
OSP_1_26_08_24_20240826_233300.WAV,539.89526,1.9459101490553132,128780.38104387552,42504.65645918651,8.849602479568074e-06,0.7275989807172424,0.0015744744,4104,-1620.9184712302792,-207.11119099312808,-128.86963760334305,291.56934288458154,-190.56104014414717,0.5537893799865956,106.84197354083437,-112.25900183098675,71.4991623359132,-21.25641081403013,-21.94939647100677,43.872417877782425,-42.22311393537505
OSP_1_26_08_24_20240826_233400.WAV,517.9991,1.7956811823551437,129168.27442631843,42503.234988893324,8.606349492097596e-06,0.7274660311286937,0.0015792806,4127,-1683.8364976477096,-225.328144298287,-156.94187660505665,317.9061848595236,-191.9081290405069,-2.875439121317833,105.8306078873885,-116.73658545575672,79.94353957816368,-24.717506488898714,-22.44748063236962,44.75880634581735,-44.768817599773826
OSP_1_26_08_24_20240826_233500.WAV,517.10925,1.7764927700844253,129170.86556123378,42500.72045655745,8.297777241411626e-06,0.7274697445882516,0.0015794877,4150,-1632.5550927381312,-210.5358863985702,-133.655956373173,296.6094633039545,-191.10398162433947,-0.34901378289292,106.86000516487219,-112.87287829618543,73.0276606791559,-22.04660505366525,-22.185322558694633,44.216790025630345,-42.56895378184331
OSP_1_26_08_24_20240826_233600.WAV,521.3345,1.4139083457498922,128923.21136395079,42505.07717345938,8.472750232492517e-06,0.7276778917328488,0.0015769309,4124,-1610.7955099717776,-204.21797161576575,-124.78733199644456,287.2542052363013,-190.18069337917683,1.4580840742661332,106.87864569816904,-111.91833897146319,70.1971640930645,-20.431670816527287,-21.773452236624596,43.51031901437637,-41.94391686879947
OSP_1_26_08_24_20240826_233700.WAV,517.54706,1.7010149007558737,128863.6592956165,42503.41697770746,8.975152942397716e-06,0.7275340338568486,0.001575534,4103,-1623.1663314421814,-207.76418850681,-129.71441374241564,292.51955811776025,-190.72043642826023,0.41587162664446786,106.85856359460348,-112.4032092177977,71.80730157074454,-21.39958073882112,-22.012255661757703,43.9360663126541,-42.278917727908706
OSP_1_26_08_24_20240826_233800.WAV,557.3185,1.9459101490553132,128554.12581003614,42503.18968826523,8.332132391186233e-06,0.7275266843014735,0.0015719641,4136,-1638.6192672993843,-212.06703942586498,-135.9786078599831,298.8420349507227,-191.2022523411369,-0.7079569872594699,106.7363528548454,-113.13339351979917,73.74755677034095,-22.430059806770544,-22.202489229017086,44.29345062265527,-42.786540760186604
OSP_1_26_08_24_20240826_233900.WAV,518.91815,1.7831068145527087,129095.97945704762,42506.052258966585,8.180450848111007e-06,0.7275476498752278,0.0015797872,4109,-1564.8164061537266,-191.38351349628493,-108.59434065981358,267.9694181629339,-186.91828478019545,5.743702260176063,105.91639292727817,-110.82790127982447,65.18291427986055,-16.36429079424432,-21.39164604360547,41.555087316171125,-40.5983740549942
OSP_1_26_08_24_20240826_234000.WAV,518.2884,1.264583970185135,128770.95148592086,42505.283727201204,8.242461261211848e-06,0.7275654048537392,0.00157489,4100,-1633.0852950742735,-210.52206462308334,-133.5958203969444,296.5506744280155,-191.11320321908508,-0.27418221519682273,106.78304375248564,-112.85602145054617,73.09373092704885,-22.148743322184774,-22.13884681657531,44.2705890729549,-42.66163340047641
OSP_1_26_08_24_20240826_234100.WAV,522.4388,0.8590675566667187,129376.06221398505,42505.61889302627,8.178743847466958e-06,0.7276716252698447,0.0015830171,4116,-1553.4066136700437,-188.3460058114542,-105.01539100411657,263.35845428690413,-185.95637297388953,6.894884970942214,105.49718218176466,-110.71955324332251,64.15652836367101,-15.259763520606233,-21.410658200713723,40.946577705917605,-40.18127920281647
OSP_1_26_08_24_20240826_234200.WAV,518.9774,1.6894657232842367,128903.36986409518,42502.97729410212,8.14054549548849e-06,0.7274716013180306,0.0015761886,4117,-1628.8087214420375,-209.39304217495945,-132.0157434927922,294.91580610151334,-190.9472922003709,-0.021652456115586374,106.84451240426803,-112.67509163761304,72.53460891366045,-21.783820654413645,-22.125050597498632,44.09902985909435,-42.42025933192219
OSP_1_26_08_24_20240826_234300.WAV,518.90625,0.49764500199425593,129026.45646844283,42501.70927825674,8.3339711740284e-06,0.727528695758734,0.0015787014,4104,-1644.3638676525682,-213.86757632090035,-138.59920160886762,301.4862039062803,-191.44138135284112,-1.1085830390105145,106.70823684615902,-113.54158452857304,74.57597505930444,-22.777406416386633,-22.330447115636183,44.416903177725054,-42.94167507496724
OSP_1_26_08_24_20240826_234400.WAV,519.1332,1.6497988665321777,128865.60478851561,42504.25857799746,8.524278287511833e-06,0.7275596025731799,0.0015762083,4118,-1585.346016015459,-197.03947880177614,-115.5995191657815,276.5484380714286,-188.45467122895448,3.684151732254435,106.47137802508092,-111.15983475303186,67.31136296889964,-18.293201749939833,-21.559480296788518,42.607296596579864,-41.21485912013825
OSP_1_26_08_24_20240826_234500.WAV,519.22156,0.9243440208866116,129124.35345686182,42504.23888023853,8.412187676571407e-06,0.727511172871445,0.0015794159,4134,-1553.7623650393443,-188.32923872962127,-105.01638035820355,263.3560691020675,-185.94247758742551,6.8539193778778245,105.5424636677233,-110.72660294645908,64.1160137126699,-15.20310462063728,-21.44135957640534,40.92795510450798,-40.13301735835363
OSP_1_26_08_24_20240826_234600.WAV,518.3657,1.746723715445576,128610.35840555625,42500.707726713015,8.635875892631336e-06,0.7274579852996514,0.0015723947,4110,-1645.0652185450178,-213.93402713378794,-138.73980465518758,301.5806773246342,-191.40034696375898,-1.134266119216388,106.66881171246746,-113.55352748945893,74.64179975973921,-22.791509511934287,-22.363302415290203,44.43457845202795,-42.96122104874955
OSP_1_26_08_24_20240826_234700.WAV,517.6875,1.6826320796684724,128922.2952285612,42505.6416089429,8.273747764838744e-06,0.7276261353902599,0.0015766991,4104,-1598.1070671841567,-200.65922345204493,-120.10867268906307,281.9250697931455,-189.4039766323318,2.560159071019861,106.72806536558083,-111.52025830232554,68.7310359420611,-19.406121614010406,-21.629396693108752,43.079561926170875,-41.6149847318621
OSP_1_26_08_24_20240826_234800.WAV,519.52136,1.7453027289220104,128783.85211580641,42503.84678101781,8.699591544628535e-06,0.7276675636734532,0.001575293,4082,-1613.1001116718837,-204.8020725463728,-125.66672756277347,288.159087725001,-190.21481146634977,1.203859651814288,106.90148184692987,-111.98803765641765,70.47450946008641,-20.597143268911445,-21.877033185481395,43.68137147250337,-42.03711350716938
OSP_1_26_08_24_20240826_234900.WAV,519.1793,0.9448478599159804,128766.27684410437,42504.19114223978,8.92481328128749e-06,0.7275407645022974,0.0015749402,4116,-1609.3400956472035,-203.74412412355184,-124.26057755418515,286.58305112381606,-190.00360696553773,1.537030408347302,106.85177397785712,-111.85063989921714,70.0221602794733,-20.296248337248695,-21.805540972007254,43.50639286758339,-41.90478414941982
OSP_1_26_08_24_20240826_235000.WAV,519.3832,1.665687527521338,129413.69969257618,42507.41745758869,8.288940941091576e-06,0.7276600593905965,0.0015841242,4135,-1546.776363391834,-186.45812728468968,-102.82020869960152,260.49773416357493,-185.34440370010222,7.610021341724392,105.25129699168122,-110.70470320940404,63.54808166903676,-14.539918681001131,-21.460691062688642,40.58070714693615,-39.9624167285416
OSP_1_26_08_24_20240826_235100.WAV,520.5216,1.3114871770927503,128700.3868072944,42502.81262169894,8.275586389180588e-06,0.727498059717381,0.0015741611,4120,-1663.1084911783992,-219.0746657238241,-146.62910802479092,309.0188704439657,-191.84245018367002,-2.057004464590691,106.41922133493571,-114.87067215362461,77.01914893963217,-23.75371128249458,-22.466698790507554,44.668226169645045,-43.74761525258056
OSP_1_26_08_24_20240826_235200.WAV,558.70166,1.9459101490553132,129159.16233644792,42504.65778014945,8.646880233889262e-06,0.7276088059123228,0.0015797983,4121,-1594.2785102018117,-199.68014869101376,-118.95340577116252,280.491208063459,-189.1313388101665,2.8278378506521733,106.70680845297919,-111.40737537580776,68.29098108649994,-19.10121793775232,-21.59204191115001,42.96341470075879,-41.51696444828518
OSP_1_26_08_24_20240826_235300.WAV,517.3328,1.7669461136212878,128828.21579597912,42502.15080927317,8.325316264560468e-06,0.7275163175602075,0.0015739492,4129,-1614.9997756747648,-205.4503932019075,-126.5320137975986,289.12431911831584,-190.33349536725848,0.98671830087129,106.92609859168715,-112.03908515299413,70.71655160239683,-20.780131003557376,-21.88640283331038,43.745615220649775,-42.083079019978946
OSP_1_26_08_24_20240826_235400.WAV,517.9559,1.7943362499080715,128971.48310973097,42501.387284635995,8.852054484908661e-06,0.7275273032113998,0.0015767302,4085,-1655.9047247152873,-217.18560761483837,-143.71638489688976,306.32667335473246,-191.67509302544025,-1.796716506628537,106.51665854241294,-114.31001098935994,76.12887196376232,-23.434205995246423,-22.43548366080563,44.58478950291674,-43.406764994909715
OSP_1_26_08_24_20240826_235500.WAV,516.7623,1.8110979701446865,129204.42079353744,42503.59091343841,8.929696202000569e-06,0.7275711297705577,0.0015799571,4098,-1643.4330475286145,-213.6682799234253,-138.20532766597296,301.1700413336558,-191.52308803999694,-0.9643737990425233,106.72263992827506,-113.56926282911775,74.52529327598022,-22.730953226237215,-22.32810250795515,44.3998355890163,-42.926691765802325
OSP_1_26_08_24_20240826_235600.WAV,517.2261,1.7360562945089222,129272.2497982579,42504.73564400789,9.698722368157849e-06,0.7275535682013983,0.0015810251,4125,-1562.4687576462268,-190.8059746377838,-107.91358296771378,267.1108319620081,-186.75385237964596,5.947070851593715,105.87123578567427,-110.81591065510717,64.96568024070488,-16.134272357547935,-21.396923257169263,41.42983584706852,-40.50603800824514
OSP_1_26_08_24_20240826_235700.WAV,530.66724,1.9459101490553132,129710.88984703395,42505.734318667,8.205074802906641e-06,0.7274540397488711,0.0015870089,4111,-1651.4572525228539,-216.1376273759548,-141.9963013379322,304.76268658438,-191.6621737907497,-1.5220184748537304,106.54191493899005,-114.06298895177335,75.72352498694441,-23.341408694828722,-22.40987581587527,44.654348065810964,-43.3398685855787
OSP_1_26_08_24_20240826_235800.WAV,517.19476,1.7291770251816856,129512.31856412912,42503.956163761126,8.137357724195865e-06,0.727568808858334,0.0015839468,4134,-1657.0201655032222,-217.72706348598328,-144.49303529666173,307.08571598214814,-191.74490137604192,-1.8625192727826965,106.45275424504229,-114.42312716440786,76.42243446084322,-23.618948147432477,-22.427591200920734,44.66685911117107,-43.54382686914376
OSP_1_26_08_24_20240826_235900.WAV,517.6312,1.7203356926717595,128631.30882429656,42503.00109294095,8.242978984332045e-06,0.7275495452868771,0.0015726432,4126,-1639.9526819882649,-212.46936562492482,-136.5397747319668,299.4433876163774,-191.29060464061078,-0.7804796650701309,106.75609605387903,-113.27224526959797,73.93902562804486,-22.454249316364173,-22.261623368256306,44.272375748951255,-42.773114723273096
OSP_1_26_08_24_20240827_000000.WAV,518.5574,1.7487985926465865,129103.546999131,42504.57362563607,8.230730514096926e-06,0.7275690409495563,0.0015791061,4088,-1620.2687242919164,-207.05179130101018,-128.69845894274854,291.4600468422963,-190.61270464281225,0.588247335483459,106.87789729017675,-112.24776187105606,71.42999629144254,-21.231616121981773,-21.91032735084756,43.84151088500788,-42.22923642442867
OSP_1_26_08_24_20240827_000100.WAV,516.598,1.7370598176006662,129421.10730843352,42503.245243713995,8.220574520911293e-06,0.7274713692268082,0.0015824877,4127,-1628.6711608860498,-209.58178799159538,-132.27491621176443,295.20394014383123,-190.99347343901417,-0.08436448878946601,106.87887923800926,-112.71611737686953,72.59319861556347,-21.81407670883941,-22.12027612831542,44.11093361825772,-42.46891906353861
OSP_1_26_08_24_20240827_000200.WAV,518.25726,1.7962584371534693,129082.4100085757,42503.51098259994,8.742246111287234e-06,0.727485642836984,0.0015784703,4119,-1683.808732470611,-225.3081834926943,-156.9675937056129,317.8939729749639,-191.84711619701716,-2.903678903175125,105.77490404664634,-116.69225663171264,79.99271869694212,-24.75988099223272,-22.50870041015472,44.819086770753145,-44.7261388239056
OSP_1_26_08_24_20240827_000300.WAV,520.6823,0.6896709283570268,129500.11581784199,42501.637102035864,8.36358684977237e-06,0.7274981370811218,0.0015833433,4096,-1589.9288824920086,-198.60479595522554,-117.47310644363411,278.89533998630054,-188.95169067788473,3.1629306511428688,106.72034369604874,-111.36417617188908,67.83314006747118,-18.663124367144565,-21.623528993804403,42.76632399588443,-41.314540582532615
OSP_1_26_08_24_20240827_000400.WAV,517.6996,1.6811675199489764,128892.47076165274,42502.02593167722,8.469760094925689e-06,0.7274681586315654,0.0015760019,4114,-1621.1802875893072,-207.198155241161,-128.93685018274428,291.6944737080461,-190.63020794821287,0.5518527170393539,106.88088953452299,-112.31133284848724,71.52980026920942,-21.23370255497582,-21.996512763671305,43.88731807688226,-42.1931465283055
OSP_1_26_08_24_20240827_000500.WAV,516.73035,1.574193200388522,129103.17029087557,42504.70257273379,8.180924528829256e-06,0.7276310866696705,0.0015793466,4114,-1603.1013668737,-202.11382151665563,-121.97289452801729,284.0901597876877,-189.7632093806234,2.152626684032608,106.79278974407805,-111.7335825482084,69.37837850598507,-19.806067053570022,-21.75811913122425,43.27893958866073,-41.697507103991676
OSP_1_26_08_24_20240827_000600.WAV,516.932,1.6888375977393597,129186.9188407917,42504.83775865894,8.28573571669366e-06,0.7276756868662362,0.0015797595,4109,-1610.0850217888617,-204.1320044336771,-124.69249824151272,287.13868271528247,-190.15267585006802,1.462086258617599,106.89876678241993,-111.93820553714225,70.19295756998393,-20.408086351196964,-21.82342511733866,43.58298498872555,-41.98473413377393
OSP_1_26_08_24_20240827_000700.WAV,553.46375,1.9459101490553132,129737.63692636808,42503.909590759744,8.408788754350531e-06,0.72754590919106,0.0015875433,4118,-1574.1907224053407,-194.2516650925559,-112.10209204560618,272.34388598764417,-187.7721499511668,4.6784523436705,106.29608528405971,-111.01127811590642,66.20025744970049,-17.326187886499007,-21.46457360585789,42.120508490792986,-40.940808101750605
OSP_1_26_08_24_20240827_000800.WAV,519.3395,1.4442195696949753,128971.42115736642,42503.690694076206,8.158151437141141e-06,0.7276064463182287,0.0015771162,4119,-1604.1522997320571,-202.40783670646164,-122.45122597658609,284.58343527287616,-189.7506676052168,1.9400872217955125,106.83134466208595,-111.69087310784568,69.43887555492032,-19.906465591965624,-21.742163695708708,43.34271740934386,-41.780398830427984
OSP_1_26_08_24_20240827_000900.WAV,617.5446,9.457406114017602e-305,206155.39018150317,42495.06668001645,9.273661054464002e-06,0.7277454689604294,0.0026469908,4101,-1150.2575021715782,-95.88339746117003,-32.84566333067773,125.82731476734894,-117.58388672686256,30.040472530037643,59.15854452333758,-87.73613446176424,53.144093353936384,1.3451012031566514,-33.45363307314513,33.23160567264265,-17.639138394983338
OSP_1_26_08_24_20240827_001100.WAV,734.6632,0.9123153809505187,225033.66168034478,42302.38867994364,0.009214476674611465,0.7183530939419037,0.006945153,1950,-905.9634866911384,-70.12908697372718,-24.843678770498858,92.85936039126713,-85.63040541722395,20.654409858222323,44.1148273267685,-64.14347120329589,38.75080891266483,1.0506432584002892,-25.267056813734317,25.89785999896528,-13.875102735626278
OSP_1_26_08_24_20240827_001000.WAV,727.11426,0.6917614988524178,173602.73492187922,42475.16051666155,0.00011057155830869777,0.7278147481903073,0.002262405,4112,-1129.938370556727,-89.52979815577243,-29.76394894094788,117.21886377296165,-110.79722728403645,29.205307156678302,55.34885627272106,-83.48810564904895,51.245371422568624,1.2631647578453367,-32.951842128993995,32.833659699968265,-16.82823924575003
