filename,ACI,ADI,Bio_Energy,Spectral_Centroid_Mean,Spectral_Flatness_Mean,ZCR_Mean,RMS_Mean,Event_Count,MFCC_1,MFCC_2,MFCC_3,MFCC_4,MFCC_5,MFCC_6,MFCC_7,MFCC_8,MFCC_9,MFCC_10,MFCC_11,MFCC_12,MFCC_13
OSP_3_27.08.2025_20250827_203617.WAV,738.2531,1.5921787877834244,115411.08233792616,10599.70490797844,0.0034723000304042926,0.610958625024057,0.004517515,5695,-713.0193449427629,-50.514061924562625,-90.44004584625647,57.82377495839649,-2.6131682480897194,16.4096888386445,-6.143132467008325,-23.433810288899167,14.529490037661361,-3.4566193074640257,11.341189631994498,-5.196154105847013,-8.224383083362584
OSP_3_27.08.2025_20250827_203700.WAV,652.40393,1.446450955993626,694728.3830151192,10693.56280082251,0.003064970290184197,0.6189054448553857,0.017813636,8230,-675.3189239620361,-91.20474765810597,-166.14456940046932,80.37835994112726,-16.69920105671929,50.39965500093382,-11.998399514756912,-26.93637387637232,11.635451028841304,-11.255713527774226,24.116242332068037,-12.695204023159398,-2.2723484650132373
OSP_3_27.08.2025_20250827_203800.WAV,873.08044,0.6911927820032008,140236.0523295634,10543.268499500356,0.004250812043608751,0.6089338586685505,0.0032411434,8197,-852.7586113018054,-104.77973736548407,-211.37178929346933,92.59272043833155,-14.531451239911044,62.65031249343015,-7.180161464462822,-31.891401978752363,10.669723139256243,-22.012699903123327,24.886593758862876,-8.25487297040898,3.1767454140069837
OSP_3_27.08.2025_20250827_203900.WAV,675.5646,1.272501164487471,102507.61625726352,10600.126858428917,0.00360669313360241,0.6125705150847739,0.0022287455,8209,-972.7285636384271,-144.33655925529322,-291.59942410387197,107.82299703323628,-31.56831918647149,93.13333828135777,-8.448944196929105,-21.0067805480174,5.658778768770208,-28.58321656065827,24.379325181211108,-15.068314582275255,9.659847157974433
OSP_3_27.08.2025_20250827_204000.WAV,620.09973,1.548601405379569,108713.96487734246,10628.97056480907,0.0034283185721814104,0.6136943411319814,0.0024135995,8244,-1025.510245109181,-174.55021858254844,-353.87393206738335,108.07054472285964,-57.37345139124013,114.07661740163671,-12.096626811911626,-1.4081759441033064,4.248732200110262,-24.52747365477759,20.287219707539073,-20.31408184750534,8.494377418992638
OSP_3_27.08.2025_20250827_204100.WAV,573.0945,1.2179975035331703,99547.99220795376,10598.091799729124,0.0035580710874703416,0.6119221139461436,0.0021386251,8231,-1074.2385551349946,-192.52260159687782,-401.0835958758445,100.611946733352,-81.99822351284458,124.21832667897816,-17.99952789815867,14.112774313216827,4.5566903133487475,-13.999594716657517,18.856588270292075,-19.94428130637094,5.839134303765119
OSP_3_27.08.2025_20250827_204200.WAV,759.77264,1.892841446704311,104224.5434844746,10590.15679171365,0.0035567946249415263,0.6117658899185505,0.002319721,8261,-955.5879579297601,-134.98111399577417,-271.7558465340942,106.72098518922502,-24.808730151251122,84.81492434787525,-8.549538302398503,-25.78981100426353,6.149371886472669,-27.21626960705844,25.749160748231645,-12.649743051449212,9.191022300773309
OSP_3_27.08.2025_20250827_204300.WAV,561.5365,0.6519637927456274,100085.54552132015,10604.051934121953,0.0034891492281522844,0.6123450745927527,0.0021589198,8216,-1071.8486438437951,-191.84066914852227,-398.3744705227382,101.5634640896264,-79.90793851286273,124.2931868453215,-16.845352434199217,13.167054233852781,4.590054721117572,-15.586210682773219,18.429151301183246,-20.382044089194718,5.901443042134459
OSP_3_27.08.2025_20250827_204400.WAV,555.5347,9.457406114017602e-305,100783.14659894795,10604.764172012434,0.0034946675845932023,0.6124672747672872,0.002165267,8194,-1108.001661854268,-212.3578233901777,-443.4344080119428,93.25381211083862,-107.45670038623196,130.55161820579738,-27.86804664177062,28.0675481079846,2.326279155862355,-1.8847016397397793,17.9911862692461,-14.481647059603482,3.3172442567702625
OSP_3_27.08.2025_20250827_204500.WAV,580.52625,1.9459101490553132,99644.02003001061,10594.736110731004,0.0035275932571301547,0.6118725066489362,0.0021426429,8216,-1077.5068462076154,-194.24798921081037,-404.5173994044556,100.17843108395233,-83.42097294005691,125.00058918933031,-17.961014630044815,15.579812822599338,4.016785087503272,-13.338610727015359,18.440319741473356,-20.0155987010553,5.382634264440587
OSP_3_27.08.2025_20250827_204600.WAV,533.77295,1.4864062971371204,98849.8777447074,10591.995859252427,0.003541998022900951,0.6111359291888298,0.0021211253,8242,-1114.8506994079105,-213.13119095489822,-449.38802930111206,91.45388658637931,-111.70807697334884,130.14849015605253,-30.03707099892031,29.427871695438807,2.252928163500704,0.10311228419513216,18.55822574001549,-13.142723150925553,3.531298561830032
OSP_3_27.08.2025_20250827_204700.WAV,550.79785,0.6924893005004196,104016.85584334859,10631.766931436709,0.003434580721029475,0.6155595495345745,0.0022516998,8241,-1078.0963609485163,-200.13097567088676,-411.33634018848124,100.37466090490639,-88.68335780122437,127.09118574689256,-19.963571900249395,17.974431828835844,3.141420665557008,-11.122973033734478,18.190934936783556,-18.409260582210422,4.833489651173259
OSP_3_27.08.2025_20250827_204800.WAV,598.32416,1.898763457232633,99839.9268780265,10593.658445068695,0.0035350135867354715,0.6117462807513298,0.0021587373,8257,-1019.1735131890887,-164.1312485562682,-336.46615986950195,107.38173362656616,-48.670321365918525,108.23608170638234,-9.666682304037149,-7.465499094015143,4.457765035085007,-26.536159112618535,21.13434626685923,-19.868421036998964,9.795601173537545
OSP_3_27.08.2025_20250827_204900.WAV,664.7689,1.8471466519912567,103183.55391779263,10592.498823355301,0.0035357848350269514,0.612004706200133,0.0022596358,8199,-1024.349375443463,-167.89592810677684,-345.4766835258314,106.9010303148159,-52.906952252851255,110.63165344123513,-9.948202385007313,-4.7483062469759725,4.078782752485367,-25.270895652101007,20.74718904193485,-20.324880337401638,9.46729335830715
OSP_3_27.08.2025_20250827_205000.WAV,558.6722,1.821070209368236,100743.68794594152,10604.278719717486,0.003513638909275469,0.612600383352726,0.0021735434,8219,-1072.8119581036258,-193.1880756357313,-400.21446722698613,101.13476674052735,-81.3975383579874,124.32999606197947,-17.571293054280424,14.253630030560286,4.052850720904102,-14.133048279299043,18.112850700993146,-19.912975459616707,5.631298473611825
OSP_3_27.08.2025_20250827_205100.WAV,805.16016,1.916659094644586,110535.04144894957,10593.21735959075,0.0035170743790015157,0.6121219716173537,0.0025468196,8248,-970.5676565242325,-143.39730903643635,-290.5524687580028,107.09740962432899,-31.29649253800173,92.36381209700286,-8.466080019200636,-21.18256520682394,5.333226254816357,-27.827998836523236,24.434702264919427,-14.5894251991583,9.86706717495863
OSP_3_27.08.2025_20250827_205200.WAV,668.08826,1.8945582876115479,105246.90769906864,10574.860774600229,0.003533281951274266,0.6100250893450798,0.0023272058,8243,-987.8477219010193,-150.3717219123618,-308.12404336482473,107.0179667038751,-37.11517784236893,98.49462161929624,-8.19261625933395,-16.437642097047558,5.024340827404384,-28.020522211872873,22.9908326302155,-16.94172279610198,10.18401908476014
OSP_3_27.08.2025_20250827_210300.WAV,760.3862,1.9069199615697683,109398.3621964841,10570.87115434193,0.0035572954839521607,0.610238063081782,0.0024773413,8190,-1008.1841054475487,-161.2095937222795,-334.12772452961906,105.8842787016171,-48.3660527373911,106.4927642246125,-9.117133974190569,-8.399347884955844,4.894355106591875,-26.03660134735746,21.298588479074198,-19.0181366952753,9.563494726244542
OSP_3_27.08.2025_20250827_210400.WAV,844.4066,1.9362522698217055,121010.61241659151,10580.427887547266,0.0035169117791372163,0.610977497506649,0.0029090124,8241,-969.4736247612421,-145.0033001325881,-295.7180631287788,106.87245742418838,-33.31678900930379,93.6267814888496,-8.434741366806167,-19.96553672480614,5.715237227629939,-27.55725443393049,24.1099530197162,-15.007817574581745,9.632770440408425
OSP_3_27.08.2025_20250827_210500.WAV,877.2544,1.8941670283748402,123110.38897054612,10562.694161144162,0.003533681490655751,0.6097123815658244,0.0029639471,8190,-923.4132381520739,-123.61056835064564,-250.65627645624653,102.83774424323883,-19.28161895714983,75.57729429631874,-7.941109053482981,-29.582280913485892,7.482297018872604,-24.946242808509435,26.232960916848953,-9.629474864431536,6.889495681641064
OSP_3_27.08.2025_20250827_210600.WAV,819.12195,1.794527295121942,122795.54564648545,10557.222740606758,0.00356972720906366,0.6098019863696809,0.00295629,8243,-891.8337943013444,-109.5778186350402,-220.8255068546135,98.22508575301907,-12.497118820439,63.09832482446798,-8.309994420712286,-33.51978616293121,9.861139759812914,-21.148422516415238,26.392272346539688,-6.8950678719030645,3.1201063164564067
OSP_3_27.08.2025_20250827_210700.WAV,859.666,1.9296933618321659,138950.79296484595,10548.237179133288,0.0035324716716082674,0.6096632937167553,0.0034846442,8258,-888.0885375615267,-111.30913988887276,-225.7588591755306,97.86270744598829,-14.08125202365114,65.45140736954387,-7.695149979849328,-32.65730088760403,9.327813705370742,-21.837585285928725,26.23544785176902,-7.081307319282427,3.3383889467973367
OSP_3_27.08.2025_20250827_210800.WAV,893.8656,1.914746436253614,151297.67107002964,10511.13298865019,0.0035060482769622083,0.6078056173121675,0.0038785401,8254,-886.5453761792348,-113.26513107629256,-234.41823534913965,97.13091016595452,-15.586079950342633,68.80846301029025,-7.457772095096055,-32.02285544029792,9.498238447718586,-22.13896062370983,25.77065475169768,-8.080099401980771,3.8154818995586344
OSP_3_27.08.2025_20250827_210900.WAV,867.2617,1.9187725393170183,143092.2473653591,10528.077660990974,0.0035240383700304036,0.6086572525349069,0.0035847805,8229,-923.7343624596729,-128.21072496136802,-266.746267305072,101.60094185679463,-24.444416467125382,81.38053102940826,-6.81154862451768,-26.52402568783192,7.258855545231865,-25.811771524252986,25.333706353125756,-11.04344628648026,7.623168734638037
OSP_3_27.08.2025_20250827_211000.WAV,864.98535,1.9332196218365256,151905.1827207388,10529.979259324307,0.0034959633185040516,0.6089351572888962,0.0038631936,8233,-943.3990316603137,-139.51953012202878,-291.97228671908374,103.11317307791522,-32.674784272437364,91.12671538774816,-7.292489682937498,-21.312094183748133,6.573280581875357,-26.24714790575101,24.53350449763822,-14.111098715806012,8.483857296620945
OSP_3_27.08.2025_20250827_211100.WAV,855.7181,1.9348928275618846,128235.49477525597,10562.992702251871,0.0035277888482269774,0.6102655938331117,0.0031302117,8209,-930.2041154429137,-128.45289787815858,-261.29298911839396,103.90322582335175,-22.410676023612556,79.8356876706336,-7.953990872395445,-27.947615788297774,6.926613735538951,-25.16839421533375,26.31047355744079,-11.256327577186557,7.498813423874386
OSP_3_27.08.2025_20250827_211200.WAV,901.05884,1.9344077207501478,150718.4426083094,10550.852869457094,0.0035289775414785434,0.6095068099650931,0.0038646585,8231,-902.8943837110645,-120.0780832437967,-245.75170729773433,100.50394739346041,-19.600659283692075,72.6183060281753,-7.672107031010764,-29.507317261382198,8.470882345299007,-23.24138418002267,26.462244695810618,-9.636485546784446,5.2173595670470645
OSP_3_27.08.2025_20250827_211300.WAV,902.23285,1.8847429746874906,169401.62334259442,10514.818479830628,0.003408415347031795,0.607808214552859,0.0045733075,8226,-898.5262942103035,-120.95691942299489,-251.29824881763656,99.9964019972099,-19.28823559508573,74.85592734737243,-7.151979291845095,-29.961589750019066,7.960400377488534,-23.6490503283312,25.968692795573492,-9.31207521242504,6.036288971110503
OSP_3_27.08.2025_20250827_211400.WAV,875.3229,1.9181342156836663,141319.6166650217,10531.936918103907,0.0035293863362780265,0.6083873992270612,0.0035784638,8266,-932.2633855478924,-131.3370658796645,-272.9174006362294,102.40289627211642,-26.428284254021662,83.70531879803684,-7.201155266423919,-25.164800045958014,6.8904889154978015,-25.5876736899143,25.346188934561418,-12.53388995074525,8.251201840769381
OSP_3_27.08.2025_20250827_211500.WAV,922.6944,1.917616931402257,140002.61649932584,10540.229479537524,0.0035519745283546763,0.608438435006649,0.0035834021,8215,-879.2654842212779,-107.24669405260896,-217.4469459708247,96.11942137056981,-12.103017740763002,62.0411563794414,-7.801678302920393,-33.606357705489906,9.883558647071762,-20.398349111812266,25.903545616223724,-6.6516065926343835,2.446030842649763
OSP_3_27.08.2025_20250827_211600.WAV,929.5244,1.9161596265658307,168317.7258861447,10500.754653243883,0.0034665264252436456,0.6068813892121011,0.004523762,8250,-924.9956258510874,-133.3850022590265,-281.1214752359732,101.24877234392866,-28.233838562217517,86.8823216250808,-6.614785182009548,-24.337786723260674,6.745551996377383,-26.049318161868367,24.654088666949843,-11.974873969711146,8.032710467585003
OSP_3_27.08.2025_20250827_211700.WAV,878.79504,1.9093717118978082,132602.71157300562,10536.047871671732,0.0035762427604422355,0.608756726853391,0.0033144713,8248,-941.2883718058466,-133.22514616647325,-275.5379369037183,102.98944340895395,-26.394245368108898,85.79307670127196,-7.51123440070207,-24.985336703709596,6.853473904439112,-26.596576645939262,24.77627793610405,-12.411785523920175,8.382129460716625
OSP_3_27.08.2025_20250827_211800.WAV,909.5231,1.8773239815751184,143829.60453368328,10519.113642733302,0.003515253322054385,0.6084135014960106,0.0036680049,8222,-919.5515722040963,-126.29290807195557,-263.54475782887795,100.46291920825148,-23.594157698358025,80.7557335093265,-6.729358431078376,-27.25353069912641,8.16128987027181,-25.75370576977256,25.011760835646296,-11.31914409833693,6.918519998332932
OSP_3_27.08.2025_20250827_211900.WAV,892.3003,1.9102792824241168,134848.03377233265,10532.126450662397,0.003537584279523975,0.6085193390541889,0.0033470013,8243,-915.698269375854,-122.95977898835125,-253.73510790777433,100.64508826195122,-20.51438889633731,77.16990821797745,-7.629048543187201,-29.407306861570238,8.525697058001333,-24.902945971234015,25.67208112242957,-9.952534161788048,6.4350746323303305
OSP_3_27.08.2025_20250827_212000.WAV,888.6681,1.892371917806093,147358.90586138837,10531.775760693681,0.003453254317854045,0.6081362460521942,0.0038087682,8266,-929.245254268254,-131.06363823065337,-270.3403055349388,102.75843880377822,-24.061338643915434,83.89617249537355,-7.224120279839105,-26.492590080571542,6.44246592177711,-26.434054562335927,24.952203501270894,-11.153966452915975,8.24166948182242
OSP_3_27.08.2025_20250827_212100.WAV,892.1892,1.9265423380244755,143014.79692498705,10529.15001524827,0.0034883795841057605,0.6081635170794548,0.0036413274,8244,-918.7768595581616,-125.21389236256559,-258.7892717204836,101.41685348613233,-21.429060644338524,78.92343814631023,-7.430465350531898,-28.493055870768117,7.739069925975425,-25.50605146357424,25.815800903865416,-10.312987192842712,6.877793167988695
OSP_3_27.08.2025_20250827_212200.WAV,869.4231,1.9169344358455422,145011.85340050515,10527.163852680822,0.003473364926008085,0.6077325049867022,0.0036841084,8236,-927.281299841246,-131.05062718746612,-270.95052831299324,102.60317715254251,-24.426446508656674,83.9073085534654,-7.635853819849368,-26.40653768664402,6.697285934156482,-26.185119214188962,25.246177172366902,-11.045291264806552,8.161992538259579
OSP_3_27.08.2025_20250827_212300.WAV,867.96216,1.9358027846031656,158600.47288503053,10550.932704889901,0.003432167571627675,0.6097953634059176,0.0042253365,8210,-909.0634062590333,-122.39926298997102,-250.24576479601276,101.11947489724088,-19.490944382021894,75.59787974741191,-8.042690753020658,-29.542747352794752,8.299715695306649,-24.678819475592217,25.949703871170517,-9.251337498090292,5.907839633236455
OSP_3_27.08.2025_20250827_212400.WAV,926.2373,1.9313177657005833,159743.73415889632,10549.830996430674,0.003414616800918998,0.6091908556349734,0.004217902,8236,-918.3956756009864,-127.78461377473036,-261.87298773571007,102.69784620223362,-22.655057499444958,80.20611415875116,-7.715634076412265,-27.92427467451934,7.438261102898684,-25.79135170953079,25.651785255372435,-10.075132935842001,7.220211194882477
OSP_3_27.08.2025_20250827_212500.WAV,892.57684,1.9321895971302345,134357.9407065251,10553.623225681622,0.0034794232115596584,0.6091895570146276,0.0033567636,8216,-914.8774033638177,-121.80222508230959,-247.35188595979977,101.83370989485752,-18.276757355001635,74.64812405810449,-8.169415035929061,-30.37766624108124,7.895120576392939,-24.634620112353144,26.403902707654645,-9.09213287700691,6.204441251537198
OSP_3_27.08.2025_20250827_212600.WAV,877.9314,1.9267319630945015,153361.90628195475,10553.045111644464,0.003445732448642116,0.609275525681516,0.0039442303,8244,-911.3443508657584,-123.64917590514916,-251.48573615370938,101.87684277647512,-19.664341715920653,76.2050393216647,-8.105111520967288,-29.433253928388318,7.6188481911920904,-24.653349002533556,26.043320158285702,-9.352275334409043,6.492367222745836
OSP_3_27.08.2025_20250827_212700.WAV,910.8342,1.932341493915217,135802.21370310732,10559.349609657265,0.0034629230708438843,0.6093577283494016,0.0033758932,8235,-917.8845248301499,-123.5855601447986,-250.6987404511597,102.30981566278311,-19.22358841554841,76.02129337928253,-8.355810719535935,-29.747436026059038,7.805836232965746,-24.7458785982951,26.319348162573636,-9.536784650353393,6.247506936550144
OSP_3_27.08.2025_20250827_212800.WAV,903.5714,1.9141471146062743,145396.05314690352,10545.048227222562,0.0034700790877429414,0.6088790568899601,0.0037274188,8197,-924.2169870222488,-128.17141523938403,-263.4803887172506,102.19998334054752,-23.370522429715866,80.70155349776309,-7.89899356340155,-26.952780192301212,7.389240786939029,-25.633173523184258,25.57488663611383,-10.742646018374545,7.392903114917791
OSP_3_27.08.2025_20250827_213000.WAV,836.04486,1.911808136105264,126274.63718093434,10547.78591383625,0.003485822404521384,0.6091115099318484,0.0030474912,8220,-936.7987535344882,-130.6363115194946,-268.4700804119553,103.35268299464357,-24.226202322063756,82.87027195432267,-7.437328914987857,-26.290220242268894,6.80309430998512,-26.483121118724213,25.469394778029923,-11.861551576263302,8.084061546762952
OSP_3_27.08.2025_20250827_212900.WAV,883.97705,1.9280029980651459,149528.15541500735,10536.237104818698,0.0034447289699572957,0.6090937188331117,0.0037860905,8224,-959.2579350667907,-146.86760061277488,-305.50346791856117,104.12940194961034,-36.477099427993295,96.98819225966581,-7.77811424509558,-17.491414768728607,5.0904534254838705,-27.702280723241447,23.327389733034778,-14.770423787871879,9.643171383538519
OSP_3_27.08.2025_20250827_213100.WAV,897.06537,1.934855646953444,128848.05225795561,10550.530154837998,0.0034967542417801063,0.609046319190492,0.003175512,8223,-932.2319067616301,-128.6625607219919,-262.8419641050815,103.17536718777258,-22.436896731834306,80.76620550507421,-7.95669882068596,-27.192267500474834,7.07029384612606,-26.040190610540684,25.564791719120624,-11.045303449867939,7.731031544434062
OSP_3_27.08.2025_20250827_213200.WAV,926.9937,1.9312602478124066,176291.13808335233,10529.506442183381,0.003388126673095419,0.6080409273188165,0.0048134634,8233,-898.9489944738326,-122.9684038418241,-253.2248069696661,100.27768745922309,-20.517728427410212,76.71498264298366,-7.9992173153152955,-29.088799518946292,8.30875501567137,-24.3759316349576,25.670851483929887,-9.304074772204462,5.601804225480199
OSP_3_27.08.2025_20250827_213300.WAV,881.5488,1.9202012072878905,141487.2985847434,10557.019630983968,0.0034943375923691287,0.6098075704371676,0.0035606527,8228,-922.6492988113175,-127.13377833772563,-259.9315604793396,102.49491413503301,-22.6983011669054,79.39714768695522,-7.948322964747476,-27.651964147768044,7.871624976712493,-25.44995624513945,25.370535152988364,-10.614637663130235,7.176291297786867
OSP_3_27.08.2025_20250827_213400.WAV,920.24554,1.9233339846257689,140957.84659779878,10564.843164376069,0.003448230807055379,0.609456163771609,0.0036174108,8219,-899.5217129771021,-115.37495870697211,-231.38618439661448,100.23578235521737,-14.521111391312012,68.3215971674444,-8.84192767970006,-32.63423722517913,8.893482004884875,-22.341749581154097,26.571005383461856,-7.840054276811027,4.4730549652790375
OSP_3_27.08.2025_20250827_213500.WAV,916.99054,1.9404448320251624,147411.34053167654,10548.04742719558,0.003444095879781637,0.6092521505152926,0.0038331912,8239,-878.9348561315143,-107.73998581931025,-217.49154919642334,96.73185877882928,-11.866005679781253,62.084652557298035,-8.357735193728416,-33.851888499148686,10.483423049645232,-20.286209679175474,25.755142111397515,-6.746616355413495,2.033212830688205
OSP_3_27.08.2025_20250827_213600.WAV,921.59924,1.9251250297215199,168436.53456569064,10553.339652185756,0.003403098698570004,0.6093494171791888,0.0044824774,8219,-844.8068117422004,-97.2661588368511,-194.72293148578862,92.03899439442881,-8.671909895885864,52.07409100108947,-8.395579655280956,-34.45826799266904,12.356746436609559,-16.70836932314613,24.59086317593457,-5.091830388118274,-1.462248575195395
OSP_3_27.08.2025_20250827_213700.WAV,862.02515,1.9155043807046606,139023.5106385345,10538.49005191758,0.0034436007413338144,0.6091267037898936,0.0034697505,8235,-929.9313307695544,-129.0344564609696,-265.850086814812,102.65833156785594,-23.0691364617958,82.00061592935029,-7.59914402287267,-27.195218842894967,7.231256545498774,-26.341139769346587,25.242096328663358,-11.251594245702988,8.020801164825874
OSP_3_27.08.2025_20250827_213800.WAV,929.92,1.9378718950383829,147925.75990693228,10544.509141353652,0.0034450288848940328,0.6092522803773271,0.003805059,8236,-897.5861214440417,-116.8926568119721,-238.73309096655697,99.58875439086418,-16.833172105602387,70.77185939222188,-7.770295064328857,-31.27342450948413,9.042835168203956,-23.533989263804408,26.200367970690497,-8.367592322272834,4.743458009051358
OSP_3_27.08.2025_20250827_213900.WAV,900.13947,1.912030341758516,149598.31064483794,10545.084295422854,0.003471990251343726,0.6089186648105053,0.0038900836,8269,-903.5648192191412,-118.51522873391198,-241.7214250065839,100.61875234299347,-16.868634011851118,71.81882614755695,-8.20027459418858,-31.416465354386432,8.978878508575223,-23.438227346904572,26.014530787066068,-8.557972252996155,5.122930610945512
OSP_3_27.08.2025_20250827_214000.WAV,892.6816,1.9092111342989286,140547.42158319248,10528.522347939708,0.003448626587271972,0.6085121966422873,0.0035198396,8207,-868.0367504704486,-102.91560678290338,-209.3444421959219,93.91386753101581,-10.266312078082171,59.13254445904647,-8.114424288993291,-34.522954736561665,11.36204171025579,-19.67529064213791,25.36482912759562,-5.893714581271068,0.9151359471361719
OSP_3_27.08.2025_20250827_214100.WAV,912.32947,1.9383893259204399,143993.5426259416,10567.310995780193,0.0034638739773779855,0.6103800022855718,0.0037805382,8229,-914.4920431717641,-122.49628169377202,-247.30965073567697,102.24345652629616,-18.613764758219236,74.80159771262382,-8.226050033500467,-30.20060494442016,7.948537541521073,-24.469955228870134,26.232035379868343,-9.579189340185424,6.065212136237226
OSP_3_27.08.2025_20250827_214200.WAV,911.5027,1.9399778431648267,132804.16040763006,10565.479191922488,0.003496839614177898,0.6099821050116356,0.0033209173,8209,-921.402290290235,-124.26919550623812,-252.14235510193103,102.83356257367485,-19.795163374039003,76.35466696660613,-8.193845364233333,-29.466329375697793,7.924591062787972,-24.983314124711846,26.23049120393387,-10.180172392223167,6.769813365121273
OSP_3_27.08.2025_20250827_214300.WAV,885.02856,1.9062708245086535,150978.0469309075,10552.310198459627,0.003476738445471754,0.6096305684840425,0.0039132363,8193,-853.5066015257644,-99.33196972204023,-199.13825499365245,92.75634327582833,-9.01468713525389,54.791704925468416,-8.70854673649393,-34.542187431026974,12.290864468694158,-18.010258521687973,24.80099975539746,-5.516268986543493,-0.5828279088159019
OSP_3_27.08.2025_20250827_214400.WAV,919.5016,1.9368241377745743,138021.71766988546,10541.143579974128,0.0035167227646622085,0.6094429178440824,0.0034611945,8203,-957.6787710470819,-142.1809279404302,-295.887238536871,104.0599815816397,-33.56770225496838,92.990787740182,-8.11296505567555,-19.820928871599534,6.48882675096157,-27.646787880164663,24.25492685390256,-14.56448289332491,9.259174592654567
OSP_3_27.08.2025_20250827_214500.WAV,919.55835,1.937179918253675,141824.89803612552,10558.237523542648,0.0034970082131931556,0.6099501589511304,0.0036254812,8214,-913.5445768977539,-121.52051107753294,-246.77847587976729,101.76697968054837,-18.482822129928977,74.18488783865335,-8.353169512112403,-30.382582998134612,8.377936994643822,-24.40802502435721,26.296135277994473,-9.355689105156872,6.324736221168132
OSP_3_27.08.2025_20250827_214600.WAV,891.7705,1.9250506177247702,124958.0016958767,10558.324602261368,0.0035107546036697627,0.6101246935255984,0.0030100888,8194,-884.0577183202474,-107.46119560363148,-215.77865323792219,97.15382492476755,-11.567585330733442,61.56933247176993,-8.371785599838988,-33.858438845194684,10.18424014776302,-20.872242279792292,26.439360528643224,-6.681298569761949,2.1249460880104065
OSP_3_27.08.2025_20250827_214700.WAV,860.4429,1.9293273580195018,141096.24810331862,10543.870966685008,0.0034984209614059,0.608924248877992,0.0035555358,8166,-931.7644907517272,-131.009367821721,-269.69012414068743,102.81955485539285,-24.757311985230047,83.42656826690583,-7.577748804065102,-25.800470155675256,6.85611481915559,-26.63077915556136,25.15349434873457,-11.669566171214376,8.07225860962229
OSP_3_27.08.2025_20250827_214800.WAV,897.9464,1.9244688898681175,140547.49469310924,10560.428216153336,0.0034930350352104004,0.6096074530418883,0.0035287517,8219,-943.3414442165022,-137.0670845312283,-280.9665344616729,104.37317108871831,-28.881755985411434,88.02084351331986,-7.696456137858845,-23.160792506397932,6.018733836148223,-27.19652861040768,25.01901673371115,-13.165548810993531,8.80218278438588
OSP_3_27.08.2025_20250827_214900.WAV,881.54645,1.9277483329221812,136719.38710120632,10574.872029151502,0.003490133222840148,0.6108190658244681,0.0033811457,8231,-916.7528066057831,-124.12276351062754,-251.17644228164255,102.53526092858735,-20.63370896128844,76.32947011401971,-8.203288867131864,-29.171205977063316,8.047215399091744,-25.36838083198993,26.52299692517554,-9.63166225123036,6.229609769437251
OSP_3_27.08.2025_20250827_215000.WAV,899.9323,1.9305001933835062,131842.64658350742,10570.179456273641,0.0035102438244288014,0.6107267339178857,0.0032897529,8229,-935.5931303676151,-130.29040658166147,-265.14532454078017,104.12522244894888,-23.885816757372492,81.58524631469236,-8.161382286030438,-26.64838027220004,7.199112953016454,-26.492439881359676,25.630316703488106,-11.417312257726676,8.24161008595121
OSP_3_27.08.2025_20250827_215100.WAV,895.12366,1.9379618547282071,151216.159426564,10556.899963459458,0.00344378431727162,0.609756794381649,0.0039385054,8225,-916.7083095801414,-127.20648572197592,-259.8288164308597,102.2760736269916,-22.66389134187849,79.88296526637025,-7.7684849638432345,-28.14530900267464,7.739316650911934,-25.438617031136815,25.577361035270854,-10.392374427498781,6.592776697471058
OSP_3_27.08.2025_20250827_215200.WAV,923.7625,1.926249881355988,154193.88250139676,10556.682750458382,0.0034756684375076563,0.6096993953623671,0.0039844434,8216,-917.1822679700489,-125.97318515369784,-258.02453624227115,101.78790343019361,-22.63897320069669,78.72617712795113,-8.000491342600366,-27.888235058737138,8.185748160762115,-25.299150350410926,25.731541450655833,-10.587991899974378,6.78202059387709
OSP_3_27.08.2025_20250827_215300.WAV,809.6515,1.923145339630313,120843.87409441767,10552.540407513916,0.0034894198848960064,0.6096979668799867,0.002866872,8214,-963.1605206234792,-141.6019966823545,-291.2565988584758,105.1344797834917,-30.812613475748993,92.84711202064277,-7.797540411835467,-21.67418101219188,5.590057639340372,-28.22704389843795,24.27454574189202,-14.438068062766288,10.010129320258098
OSP_3_27.08.2025_20250827_215400.WAV,886.2753,1.9034091477379906,159194.32506613556,10544.996604706854,0.0034303256854754487,0.609414997506649,0.0041258833,8209,-931.5742273303291,-133.80331715068405,-275.8352676751537,103.16611166739058,-26.85410871485597,86.09739301229496,-8.152015672262927,-24.938514695624296,7.046537910846957,-26.895084979715946,25.289707304272618,-11.966981920385358,8.269581491686694
OSP_3_27.08.2025_20250827_215500.WAV,818.64764,1.9332085962535062,121422.81263943948,10569.230320889465,0.0035761741475703202,0.6106749189660904,0.0028900744,8234,-898.7660028651022,-113.17256898457693,-227.33982316266574,99.45757464486786,-14.41475538353333,66.52271128872266,-8.743886401182623,-32.949520527323216,10.040866507868587,-22.01923759287289,26.365901484518144,-7.827536744066821,3.670955042621714
OSP_3_27.08.2025_20250827_215600.WAV,850.77234,1.9293188866954856,130002.13271289045,10570.493001105353,0.0035281817864344666,0.610100409325133,0.0031781008,8194,-961.3266831614886,-144.23319380211976,-295.9947799217316,105.42675584195045,-34.148567655228256,93.76198698816285,-8.729246579897277,-19.600416470657425,6.122981306041386,-27.396414510485634,24.369656795539843,-14.953688456593436,9.521988778659368
OSP_3_27.08.2025_20250827_215700.WAV,902.49097,1.936723022617802,139378.27177895422,10560.266710169471,0.0035040200054275764,0.6101122267702792,0.003578334,8221,-909.6828788787419,-119.97775863695331,-242.804799067871,101.1969762022706,-17.37235914959026,72.9885370247326,-8.577713485725893,-31.070507196785833,8.490651464286094,-23.828538786953715,26.545364655613547,-9.036969842012292,5.345280817091697
OSP_3_27.08.2025_20250827_215800.WAV,874.6455,1.868179687413304,130297.81860299886,10556.204881197327,0.0035178706441313023,0.610209363572141,0.0032100903,8239,-900.4310453085545,-114.72489751359467,-232.5157025273778,99.28689180214239,-15.423912649382743,68.91335030678303,-8.292338763760329,-32.43562796800977,9.558470147003995,-23.08154982639129,26.346000076559573,-8.047743018730692,4.556751774986925
OSP_3_27.08.2025_20250827_215900.WAV,821.6973,1.9108644121732383,116128.48708050734,10564.466254399333,0.003557667480983699,0.6102811772772606,0.002710449,8240,-977.0805210162347,-147.58011270043895,-304.82942833031933,105.44494334163743,-36.94267000048812,97.15479965665168,-8.94073087554963,-17.717418600209093,5.954063020042311,-27.589290925509918,24.07240656730752,-15.893511730222363,10.021562206584967
OSP_3_27.08.2025_20250827_220000.WAV,812.4796,1.9198517538072513,120577.99091154512,10570.629302443154,0.0035184079546925454,0.6106895933759974,0.002828846,8201,-951.3834375209614,-136.44402865705237,-278.66036899349973,105.2130705241217,-27.47237513952481,87.52379769945277,-8.21296738618331,-24.414517034767446,6.355186063832207,-27.51015863021925,25.370704929015,-12.920154869741417,9.288200707225139
OSP_3_27.08.2025_20250827_220100.WAV,895.12646,1.936342388605828,137700.3232126422,10573.243048760532,0.003504547310399985,0.6108969830452128,0.0035256427,8246,-924.4839008543454,-126.47676901069183,-256.00173048155045,103.3132056795246,-21.505352668679762,78.28857605746376,-8.460023899182676,-28.831124021679802,7.673356826324611,-24.956060794425184,26.293145312670728,-10.660989825890283,7.108593365182685
OSP_3_27.08.2025_20250827_220200.WAV,889.222,1.9202732102748012,130602.91915294199,10569.245912815008,0.0035035429154721934,0.6105290839012633,0.0032238888,8216,-930.8124092888162,-128.41656640314002,-260.2787150449537,103.58512056240424,-22.156772822132407,80.5318699250297,-8.217210024442219,-28.043077232254156,7.052897860183574,-26.245891337746883,26.01022511261174,-10.61789245849132,7.876937514918356
OSP_3_27.08.2025_20250827_220300.WAV,909.67444,1.9317919595322526,146533.18417404479,10558.93659971612,0.0034953561955098824,0.6104067538646941,0.00376796,8236,-902.6221200100401,-118.702718695331,-241.52442636368136,100.40867753563698,-18.038098817701048,72.11561670620313,-8.222407197455002,-30.98873649398173,9.214185732474677,-23.58644380954005,26.461019234066857,-9.158169025013729,5.019345830452602
OSP_3_27.08.2025_20250827_220400.WAV,796.6006,1.9320088338451642,120845.67228585457,10571.409684600869,0.003546269808522059,0.6111617717337101,0.0028515107,8234,-982.7761236669805,-152.21711885025405,-314.03904476725717,105.85357345537061,-40.31641197168599,100.55579353201301,-8.347404497710347,-14.929080914694076,5.161415750596334,-27.55305245544128,22.920041999291726,-17.12842096253794,10.113587809833211
OSP_3_27.08.2025_20250827_220500.WAV,888.6616,1.9169389601366906,130960.0867721189,10567.553527860324,0.0035419870753398658,0.6105264866605719,0.0032498126,8242,-905.9714009633642,-117.43147917952608,-236.41492335671902,100.60953729078547,-16.241228563340098,70.6618937615369,-8.82568634893983,-31.95447975377862,9.010578071088043,-23.14054174069779,26.644209836143823,-8.58255755718373,4.996813362705939
OSP_3_27.08.2025_20250827_220600.WAV,857.4967,1.9213737484153035,124825.99568912682,10570.754217583493,0.0035266543158810584,0.6108156894115692,0.0030101584,8172,-904.8748117201629,-115.82250755349769,-233.2626332701287,100.64217666720859,-15.586124940411478,68.76885553109273,-8.512377562011686,-32.42108212394087,9.328918146703147,-22.900618789453272,26.799738624198994,-8.358179719533194,4.635830171265348
OSP_3_27.08.2025_20250827_220700.WAV,591.40924,1.0104127537805416,100262.67047126417,10591.106196364315,0.0035241105671988218,0.6117349827543218,0.0021611417,8223,-1067.096482607243,-188.94461727090885,-393.36386046062637,101.15234241459365,-77.15570926747041,123.45283091327242,-15.77889719186728,11.618459208477864,4.5570856731047575,-16.535331600084486,18.426394883714725,-21.12146045268746,6.318329853650462
OSP_3_27.08.2025_20250827_220800.WAV,586.9488,1.6595250512122361,101224.64758245609,10594.39835808209,0.00353739805491316,0.6118400411402926,0.0021992472,8234,-995.2414388247886,-152.9704644959689,-311.7361254378679,107.82256973947057,-38.54457985517024,100.4305230692691,-8.66133175269945,-15.468172766875558,4.8813528876201975,-28.39212415853238,23.013347994517495,-17.5780440875451,10.580861004781392
OSP_3_27.08.2025_20250827_220900.WAV,573.01587,1.1541070490606848,100617.24179279742,10599.23024550365,0.003517042446019141,0.6120353536402926,0.0021717045,8229,-1029.716855037348,-170.63862972407122,-350.74919966493655,106.07692084673042,-55.43604469310325,113.08315273696846,-11.001876733432645,-2.8159241085222275,4.784281776961075,-24.9527181989052,20.371400546175472,-20.8717566678306,8.959935350409308
OSP_3_27.08.2025_20250827_221000.WAV,531.6332,1.830716745045478,100734.89269532078,10598.8394601596,0.003509259638686155,0.6123966298204787,0.0021740699,8227,-1035.8513835327249,-173.28357509804215,-357.49877644440204,105.78760351035397,-58.72303641552246,114.7403005071022,-11.390356504749798,-0.8581004743041106,4.76474303890293,-23.931317842642972,20.37312253655606,-21.37374395979216,8.807882873116855
OSP_3_27.08.2025_20250827_221100.WAV,532.3428,1.418859263960458,100111.14275575608,10601.039296235002,0.0034958439198216856,0.6123136479803857,0.0021514876,8215,-1089.379713566934,-200.73413186723658,-420.1166414316143,97.4377526522346,-93.30007029787437,127.82127841289063,-21.43840688788599,20.19443276160147,4.30244725648724,-9.199811192774515,18.509012478176782,-18.32749786026668,4.7936613736225935
OSP_3_27.08.2025_20250827_221200.WAV,519.6089,9.457406114017602e-305,98558.74140791815,10597.401182585725,0.0035102617361254403,0.6122432627576463,0.0021109025,8210,-1111.0638773673693,-210.91946779225992,-443.73676833462434,93.01853086290366,-107.51170340410518,130.64785807922186,-27.619227823915168,27.67038568830376,3.048482830957848,-2.4168852156698093,18.543753781315694,-15.104569614077848,3.888918072815548
OSP_3_27.08.2025_20250827_221300.WAV,527.08777,1.1596213796193622,98744.84860051057,10597.106186000447,0.0035321158951407004,0.6122359904837101,0.0021143486,8202,-1110.1035424575487,-210.6620736186442,-443.173853815076,92.79320819294888,-107.45429302029379,130.5277506647017,-27.7618944696202,27.671584406623754,3.0599027701218953,-2.5080745364177925,18.55695360536896,-14.908673213121551,4.025044121772479
OSP_3_27.08.2025_20250827_221400.WAV,519.9888,1.9215769572993022,98663.41642933669,10601.048407030652,0.0035162365398959112,0.6123832540309175,0.0021162918,8213,-1067.2935538612214,-188.3383799116091,-390.86574748873375,102.10825710698671,-75.85773872500347,122.94732708692909,-15.884672067325184,10.975926032738434,4.46607460110655,-17.309833042130258,19.067973571864137,-21.241550479405124,6.592471471795075
OSP_3_27.08.2025_20250827_221500.WAV,521.196,9.457406114017602e-305,98869.30651940277,10601.477536915429,0.00350725692076525,0.6126929749833777,0.0021181647,8238,-1111.46204505617,-211.66720196267153,-444.7899353586488,92.71699649293662,-108.40385600311473,130.7951605715924,-28.090933150892262,28.187007346621385,2.8833975513477514,-2.2414959150673694,18.676480533589057,-14.59564327293758,3.738662543246052
OSP_3_27.08.2025_20250827_221600.WAV,543.03674,1.6281906699363007,99024.80197201224,10601.797635079536,0.003515690461811694,0.6126188237616357,0.002124035,8208,-1081.1765896378877,-195.8064990558997,-408.1082025377262,99.34868913924271,-85.8810407256,126.17939775836167,-19.081380958424763,16.817238154567903,4.60079373024439,-12.689302234001419,18.739760002077073,-20.078303154240633,5.183772042977541
OSP_3_27.08.2025_20250827_221700.WAV,520.188,9.457406114017602e-305,98740.28183359052,10603.51357962087,0.0035277492233958007,0.6129473747091091,0.0021145658,8204,-1119.1074696333183,-215.53585830918342,-454.28600920692935,90.42258231632606,-115.58765794603805,131.147388409925,-31.369285195664425,30.68260330477177,2.275883904138053,1.2961295907089394,18.83483958356066,-12.294312850547389,3.515747039654821
OSP_3_27.08.2025_20250827_221800.WAV,529.7534,1.3478550032478847,98552.36640500193,10604.327115014257,0.003509019091606614,0.612774658203125,0.0021105914,8205,-1127.7540158435352,-220.17741192426908,-464.3412324856106,88.3133815951858,-121.90473851183248,132.16582884408263,-34.481727003177696,33.416595036753954,1.2210056152779625,3.984378373434743,18.33699775287889,-10.092924513017483,3.1818045985623455
OSP_3_27.08.2025_20250827_221900.WAV,521.26306,1.6126196577336338,98597.18539823225,10607.39905322306,0.003504755882940283,0.6129921771110373,0.0021135567,8223,-1116.9935056258128,-214.49431106900354,-450.6109314156218,91.64174145386083,-112.3754616102836,131.6194449886294,-29.802183772073537,29.773172241605995,2.4261799076529535,-0.4835426275494925,18.48291752683813,-13.57629850365822,3.5205625590888574
OSP_3_27.08.2025_20250827_222000.WAV,527.07996,1.206950415829838,99601.61972470532,10612.09574671818,0.0034886929302747993,0.6135090280086436,0.00214209,8231,-1098.036661229851,-205.4344277584874,-428.7287914298366,96.41981139343224,-98.34066938903025,129.4306290897065,-23.726288962661613,23.10777695434562,3.828698304438825,-7.2593287669060365,18.678341689979998,-17.272460778557967,4.177926679242683
OSP_3_27.08.2025_20250827_222100.WAV,621.64685,1.839035563081374,101480.94357764309,10612.168142709414,0.003495878905573122,0.6137116127825798,0.0022018296,8241,-996.2613268814783,-154.76260756885645,-313.70555310773995,108.3635566100554,-39.87882301631797,101.9635115184494,-9.025968719310198,-14.858120748038651,4.603304158638388,-28.979111571791318,23.666008918708695,-17.94675165639603,10.702675013573923
OSP_3_27.08.2025_20250827_222200.WAV,531.902,1.6267795825849423,99504.36679134717,10609.92645597595,0.003512073713349259,0.613501885596742,0.0021378642,8237,-1075.6314921864175,-193.47705748586498,-402.00242768221517,100.52296712046132,-82.79520145173602,125.18448800551049,-18.340957383225643,14.850833970781233,4.581687667663567,-14.412535327262937,19.2088959972224,-20.486612630243172,5.937110395504221
OSP_3_27.08.2025_20250827_222300.WAV,582.5908,1.8633747387373472,100399.85900502976,10605.580722985753,0.0035688011822353487,0.6131039883228059,0.0021687332,8215,-1040.9851363338742,-175.34664479511042,-363.04869503789826,104.82348936221823,-62.96571465838099,115.67112262799823,-13.564724934608673,0.9803444502822345,4.8321006091279175,-22.238115880266772,21.540952501632205,-20.617860656805245,9.214558145384158
OSP_3_27.08.2025_20250827_222400.WAV,536.8843,0.9015291367700412,99259.65113589262,10607.63636608845,0.0035306758240459656,0.6132985216505984,0.0021315364,8223,-1081.7222784867242,-196.26026465265036,-409.03653704837023,99.29613576280309,-86.88466854432231,126.28661841810026,-19.513222338741368,16.92723167781618,4.4658701764888535,-12.450407368256565,19.07445542616799,-19.820672289221243,5.482074622607833
OSP_3_27.08.2025_20250827_222500.WAV,527.8895,1.503241623335474,99889.08867966167,10609.198790945116,0.0035354417777608204,0.6129746457363697,0.0021465088,8181,-1098.0991613954045,-204.7922020607372,-430.6816334435873,95.45930648025445,-101.24620394962201,127.95693094072602,-25.509660565046588,23.41060045394533,3.9427118327073614,-5.479363872416101,20.2757615893069,-16.286699277993414,4.684741096238778
OSP_3_27.08.2025_20250827_222600.WAV,747.9541,1.932891176442701,104470.32303621511,10606.1241386542,0.003532858523606956,0.612921142578125,0.0023083093,8230,-943.2608958093576,-130.48482653848885,-261.177384727093,105.8129631675072,-22.670626586324765,81.31706551179093,-8.724920323279344,-27.915910970003285,7.027711444694369,-26.836264004230156,26.90239704676992,-12.035214335348995,8.351155440814402
OSP_3_27.08.2025_20250827_222700.WAV,618.2714,1.6522493884555312,101273.35124205286,10614.896951686349,0.003501835128998749,0.6133876070063164,0.0022219971,8214,-971.3465244456405,-142.8073198857688,-286.3956634551007,108.24988144715769,-29.830368090750554,91.67573815483577,-8.992079630590906,-22.434723047614476,5.600392212026102,-28.583373926121297,25.387905745545048,-14.874289935610921,10.004307053452608
OSP_3_27.08.2025_20250827_222800.WAV,524.1006,1.1814143078366315,99116.31919694337,10605.953125590186,0.00353749136715068,0.6131395705202792,0.0021257452,8237,-1106.8990658446835,-209.20692447139544,-439.76116357720883,93.36038320707696,-106.4647531312354,129.7490411199242,-27.596174518422867,26.41046688059375,3.113011772683206,-3.1312564891948744,19.251636686032587,-14.78064466725996,4.347844496235159
OSP_3_27.08.2025_20250827_222900.WAV,572.25775,1.6251069634313635,100373.76147926936,10609.006182694979,0.003495075624231045,0.6132025536070479,0.0021696687,8239,-1053.2538019576025,-182.4185295204982,-376.2261587472049,104.04084237492684,-68.25747158592202,120.05345916857756,-13.93922387755886,6.098403047111741,4.546141497602966,-20.799530595845866,19.38652606523141,-21.39751479787262,7.648536586607122
OSP_3_27.08.2025_20250827_223000.WAV,683.0707,1.9274092020660052,103267.63765094722,10611.20654840362,0.0035039754960855722,0.6137565450465425,0.0022665374,8222,-985.455634885291,-150.07091351718074,-303.1637481929472,108.2293429254776,-35.9479397996936,98.0785054958723,-9.08606512506219,-17.879739001100514,5.037297767350115,-28.88206257062343,24.157136182516624,-16.59403370056444,10.56623195947637
OSP_3_27.08.2025_20250827_223100.WAV,629.6714,1.6875086337727323,101944.1754056866,10616.148420372117,0.0034961175208420804,0.6138862772190824,0.002227357,8205,-1011.6808077970854,-162.00190125527618,-329.9725020589657,107.84569787000527,-46.75245309168338,107.27514555725442,-9.952909942892312,-9.784336101442559,4.763384477833476,-27.573342724842764,22.438651327760457,-19.527113833390008,9.992025860387006
OSP_3_27.08.2025_20250827_223200.WAV,565.18933,1.9459101490553132,100379.97755789166,10613.908804014587,0.003490007663789494,0.6137127815408909,0.0021647413,8203,-1056.4147752483213,-184.3134359564254,-380.3019302583105,103.88910644757975,-70.51067550375298,121.11982994402634,-14.23211106961512,7.18876158690372,4.597610390190428,-20.031507874791252,19.474520232978673,-21.703511666865605,7.242662408056803
OSP_3_27.08.2025_20250827_223300.WAV,617.4845,1.708254437290099,101072.70598687779,10607.932953647316,0.0034938097085395,0.6134038397606383,0.0021899852,8239,-1040.3575056237546,-176.08126992785358,-362.259403613689,105.67400898335303,-61.1493301042889,116.26730947956874,-12.207374867900109,1.0605844907457154,4.382198787400586,-23.334704189304496,20.394793895611535,-21.383794147096204,8.442356066670634
OSP_3_27.08.2025_20250827_223400.WAV,526.3406,1.9229460737435493,99796.64397982198,10609.776667079845,0.0035243753054438136,0.6132494338015293,0.0021432815,8225,-1083.3514881883584,-197.51296147946368,-412.38912025202734,98.81112111501918,-89.19796927676471,126.18112682856123,-20.751842217076703,17.921794416876647,4.772115129784963,-11.401934586193944,19.42753931492438,-18.939910436928674,5.5585075108928015
OSP_3_27.08.2025_20250827_223500.WAV,742.02686,1.9393991092655136,102179.57355614328,10618.69069799095,0.003492279783819321,0.6137601811835106,0.002246232,8251,-931.0080984262443,-124.55036949144554,-246.4724734557454,104.9224926813085,-18.97698833874675,75.61030470487391,-8.889729046161019,-30.69864103610178,7.809935152174069,-25.57215269094044,27.252135467815286,-10.094036029769178,6.9644230505313125
OSP_3_27.08.2025_20250827_223600.WAV,524.0398,1.6340306464790129,99277.691258193,10611.374490377144,0.003487078899114278,0.613641357421875,0.002132624,8234,-1084.39721415486,-197.90995124698694,-411.70826584575553,99.48653812979849,-87.94240485409476,127.21906030033678,-19.363136773421054,17.64186309018098,4.489704229214358,-12.211548448728275,18.47899123812756,-20.031540476240455,5.215385634460536
OSP_3_27.08.2025_20250827_223700.WAV,558.91296,1.2324514455595992,98887.76703315057,10608.22073694326,0.00350000905160765,0.6134244878241356,0.0021222993,8194,-1076.6497176076161,-193.5573095258258,-401.84894111267886,100.73795206142272,-82.14571313494609,125.52805721965646,-17.797146017636656,14.924131103956775,4.311358739853948,-14.926960449353043,18.758927864600903,-20.8719901115649,6.112910828766527
OSP_3_27.08.2025_20250827_223800.WAV,544.4396,1.4913419867786692,99791.40642065057,10604.949444092746,0.003500982155050305,0.6133544921875,0.0021474622,8209,-1061.5698544961858,-186.09374948923642,-385.47985692433485,103.02054512819626,-73.01879458727214,121.86090092206167,-15.045925262749813,9.172256065113446,4.435266979008094,-18.653093906139166,19.198863997882864,-21.731762876485178,7.320935026694088
OSP_3_27.08.2025_20250827_223900.WAV,640.8318,1.9455502834456178,100210.51802559191,10610.26572917644,0.0034974994687105017,0.6135196766954787,0.0021631029,8248,-1003.0801196503503,-157.0956397838716,-319.2402089051257,108.27086962953258,-41.84028772869633,103.58199193121997,-9.25195602539642,-13.22485977325747,4.628151722039778,-28.298719265645314,22.90084759375108,-18.670616049421106,10.619104832927533
OSP_3_27.08.2025_20250827_224000.WAV,527.9204,0.6816244336247836,99153.25191513868,10607.23573049455,0.0035063687742930547,0.6135038335272607,0.0021245591,8195,-1100.1372244393299,-206.1399981596809,-431.30637040443213,95.5317064458307,-100.2189418114014,129.59099624747293,-24.621298432334857,24.030375803777808,3.498822122373481,-6.017864469329131,18.688448493193402,-16.810224067288804,4.60499868633429
OSP_3_27.08.2025_20250827_224100.WAV,669.12616,1.8980229723863538,100822.32442366124,10612.807128569706,0.0034864505863864393,0.6136826535488696,0.00219061,8227,-1004.0479827360093,-157.67916942147713,-320.3779940134209,108.2408734840589,-42.37524004395698,104.06069256915785,-9.347241015163746,-12.737985556360268,4.748340942821618,-28.57570358127801,22.786356478478435,-18.72384019085086,10.59548805935671
OSP_3_27.08.2025_20250827_224200.WAV,565.193,1.335135674342957,99656.23796207033,10603.128263056584,0.003523612337147588,0.6135930487450133,0.002138385,8242,-1112.0357685831248,-212.1685195372725,-447.2435404392871,91.8429665349279,-111.03161993952274,130.85194583033436,-28.924256707747414,28.97624855416591,2.7947698970782495,-1.5962899081417632,18.719796111837567,-13.888812922180932,4.045512723649171
OSP_3_27.08.2025_20250827_224300.WAV,521.4108,1.9260631381004822,99105.05301232528,10613.539375380173,0.0035308836083999275,0.6139652333361038,0.0021231915,8224,-1126.4232590186414,-219.74616012976486,-464.336233281019,88.09109661803556,-123.3793387413846,131.63484686400002,-35.21292636299627,33.29269178574853,0.9888486798383096,4.043557940289018,18.964391157478005,-9.486800626627868,3.8748976739377365
OSP_3_27.08.2025_20250827_224400.WAV,583.92725,1.8353757511041708,100396.98040116506,10609.447853728878,0.003514048761885257,0.6135340913813165,0.0021725385,8238,-993.2481564604496,-152.38801077930472,-308.9293940355352,108.10642023417019,-38.0948074240729,99.99668684774451,-8.805109989341757,-16.012974701666497,4.8575275315365705,-28.934856519668177,23.51376389183766,-17.45618895585439,10.790004305244878
OSP_3_27.08.2025_20250827_224500.WAV,559.79517,1.7813052913499892,101632.03147115026,10611.893677324528,0.0034718606712363757,0.6131446351396277,0.0022056787,8233,-997.2695832566845,-154.9147067593293,-314.48051133843285,108.53953203821371,-40.05580658535471,101.68571413009028,-9.05227524273849,-14.499506675829474,4.9421345525798035,-28.92696666076288,23.297422148392464,-18.127330788222203,10.693336469597012
OSP_3_27.08.2025_20250827_224600.WAV,558.9446,1.6593649222754814,99310.64859746756,10610.979560398608,0.0035156091219115675,0.6134622776761968,0.0021358295,8209,-1020.8182891768474,-165.45856120130162,-338.30542854835056,107.36189609845827,-50.159569027163094,109.78159720787947,-10.126427112659092,-6.877576616339125,4.527300204137033,-26.977911268137262,21.517413044736763,-20.491772012241388,10.162385848437067
OSP_3_27.08.2025_20250827_224700.WAV,635.3932,1.8955604196382367,101698.37667445265,10612.124681212012,0.003485031808583764,0.6136092814993351,0.002225146,8215,-963.7207218044643,-138.87053576043394,-278.59328810099424,107.4051062645504,-27.662618989674282,88.80710273303582,-8.602487967756963,-24.3251554587233,5.851344313109877,-28.4962651217605,25.898407078271052,-13.75112851675621,9.788684192784247
OSP_3_27.08.2025_20250827_224800.WAV,585.42053,1.8121404230904006,101270.22512983631,10603.769026331813,0.0035233835934129574,0.6135511033078458,0.002185301,8237,-1065.48131489059,-188.3513099391675,-392.5094106972155,101.2581852096997,-78.11263754559191,123.24555579799427,-15.839176202018436,11.67956142386651,4.824656566118681,-17.381884412712697,19.244541382409935,-21.38252770612457,6.523810446529273
OSP_3_27.08.2025_20250827_224900.WAV,732.562,1.925080362242154,102609.29065815579,10616.47389455188,0.003481850996450717,0.6139249761053857,0.0022457878,8262,-1002.1796096998993,-157.45402575770404,-319.6328856424576,108.3195871018524,-42.402231085525955,103.90227964166725,-9.325144867411353,-12.780968215730443,4.680341255253432,-28.852617453821136,23.096296280381324,-18.772436781916507,10.75361386722961
OSP_3_27.08.2025_20250827_225000.WAV,570.5371,1.303310617870703,102775.82395374839,10644.50663685048,0.003437933431338961,0.6150655543550532,0.002247058,8226,-1049.7228833226561,-183.39330392424952,-374.81028024387814,105.1868226946466,-68.96739604760667,120.89880340908601,-14.144580019904494,5.541582805815634,4.704595646039087,-21.858521452618863,19.971188489696328,-21.471297038957854,8.05072241917858
OSP_3_27.08.2025_20250827_225100.WAV,579.7785,1.4131490982969934,104741.1136672616,10646.501645317638,0.0034144136006168326,0.6153229409075798,0.0023198859,8213,-1020.7667943646935,-169.81523147720733,-343.2667242093474,108.39467332972389,-53.47587468254583,112.74161087005423,-10.874971153494696,-5.815570649229671,4.575466427374916,-26.547703661782005,21.134406090876215,-20.424160569328972,9.953269361847932
OSP_3_27.08.2025_20250827_225200.WAV,640.0879,1.7584152395962138,105474.20349609814,10644.532028503787,0.003406541468247707,0.615117499168883,0.002339178,8206,-997.5390607895289,-158.29569418818804,-317.6744221962023,109.44026768394558,-42.3120783019203,104.22835105890543,-9.87977084458332,-13.448188143233633,4.891908658630691,-29.320677475505455,23.31267319015039,-18.505244527513153,10.677990751951105
OSP_3_27.08.2025_20250827_225300.WAV,781.6216,1.7660139865347266,115081.72796900853,10684.012766447546,0.0033182876533642894,0.6167980437583112,0.0026791815,8194,-982.1600923862164,-156.86474169224428,-309.8373351938207,110.4136470204846,-41.09694222530056,102.94535658980031,-10.325333463830885,-16.003414806417215,5.305347668626241,-29.857964002686526,24.01844126041796,-17.277756068700775,10.82267883966521
OSP_3_27.08.2025_20250827_225400.WAV,703.249,1.532513282001584,120380.98787262198,10728.66888187773,0.0032392437244794983,0.6188847967918883,0.00286633,8236,-988.5974097212735,-165.91221828226907,-321.64955990950375,111.36151205617581,-47.4718062319057,109.39892445300937,-12.052126126680653,-12.43002267285456,4.881814066750726,-28.53751488587143,21.697846219556418,-17.220713292171663,10.724197875918609
OSP_3_27.08.2025_20250827_225500.WAV,641.64264,1.5314584612270576,114349.18449199261,10706.367528972307,0.0032922928878308913,0.6176018897523271,0.0026461533,8208,-1028.442294798701,-181.81055295974056,-361.1210152214248,108.52370782788026,-64.34831074675927,119.71031658568768,-13.996275000599269,1.1380933357314713,4.3149233227637644,-24.277353070578712,20.234112555557125,-20.725315123033866,9.078387793190647
OSP_3_27.08.2025_20250827_225600.WAV,741.35474,1.5287325701227927,110165.15329542848,10643.716986485399,0.0034219231279010473,0.6149366013547207,0.002500675,8220,-996.8152364496817,-159.92159910257416,-321.53870601961086,108.94377493519981,-44.6137964702575,105.47701412683992,-9.73579376410348,-12.264287633168456,4.553502668460974,-28.57260468266912,22.857303365235648,-18.509997249211654,10.994716668326703
OSP_3_27.08.2025_20250827_225700.WAV,795.21387,1.7438319002237337,116693.73568870679,10684.992642911016,0.0033275706923798776,0.6170084202543218,0.0027231988,8217,-1004.2426825565772,-168.50812962737885,-334.4456443230555,109.72242394918707,-51.54022500612025,111.23091300845336,-11.324285848995348,-8.00082678123762,4.49558415113074,-27.608304551981934,21.577491270055333,-19.17868807412742,10.386602659523009
OSP_3_27.08.2025_20250827_225800.WAV,637.5486,1.4952298100367092,111422.96343515336,10691.904071091132,0.0033476553643943577,0.6174903382646276,0.0025692224,8236,-996.186273594016,-163.42953198601612,-321.7057432958885,110.73235335318238,-46.06408097672492,107.37145366885801,-10.899626413051335,-11.96461142945811,4.596426248214939,-28.491627466543907,22.256032199306812,-18.29784913495089,11.023568411779104
OSP_3_27.08.2025_20250827_225900.WAV,661.37976,1.58771207447024,112433.88084995392,10690.795342643409,0.00335412417280608,0.6164224827543218,0.002608442,8191,-995.1431549985169,-163.4505913503915,-320.89124108505234,110.3083540783104,-45.91574022730666,107.5981240996482,-11.652399285072445,-11.916747062265257,4.626010898561285,-28.00270780718049,22.146191852292354,-18.41014070239896,11.15655713693838
OSP_3_27.08.2025_20250827_230000.WAV,740.34094,1.6936160066895751,113834.047511194,10700.336555553798,0.0033267057786113656,0.6171652935920877,0.0026350159,8234,-989.3444395597407,-161.22658035736313,-316.0494457682675,110.62705033844644,-43.84611106319683,106.23399088895479,-11.5900333561775,-13.510553665456332,4.974215966965724,-29.393128038265235,23.364341532911798,-18.16704168744338,10.944024936780044
OSP_3_27.08.2025_20250827_230100.WAV,799.2202,1.8826848218777552,108094.70741718773,10651.605357330012,0.003401229763211389,0.6155565627077793,0.002458786,8227,-905.0603804125419,-116.44489310417283,-225.4014853482129,103.09158965405888,-15.27583001884979,67.62758061687927,-10.022914953144255,-33.29835746816648,9.681296582799623,-23.467165443418793,28.134338500036346,-8.49575972755855,4.674391933327251
OSP_3_27.08.2025_20250827_230200.WAV,734.28094,1.6878747574871924,126772.42792555678,10757.61230779211,0.0031717892433013174,0.6208755817819149,0.0030736667,8226,-921.9702839231716,-136.54347929788204,-256.6643862932023,109.93118933611741,-27.283598065506723,85.30579381484837,-11.436452010990692,-28.650949402463706,7.996292454440198,-28.646088550639075,27.831005235083804,-11.149642974996517,9.092594341545919
OSP_3_27.08.2025_20250827_230300.WAV,535.9221,1.7896691141945529,99899.1559259893,10617.406312150144,0.003476042860430167,0.6136430456283245,0.0021486445,8183,-1093.2419857713483,-203.1276821606557,-423.3337769822533,97.4000210346395,-95.2891755398579,128.9009912002581,-22.514776808668696,22.093908898038084,4.142632878725805,-9.231462016539046,19.04517329747554,-18.710952397335603,4.790775185558156
OSP_3_27.08.2025_20250827_230400.WAV,736.57196,1.8858139458900978,103882.78065110235,10607.016098294212,0.003520016425442078,0.6136826535488696,0.002292277,8193,-982.9996500327683,-148.11492770496912,-300.3722938196607,107.49553501635461,-35.46650745049976,96.95444942675564,-8.82996828719138,-18.319258865810564,5.442215576640967,-29.169049360933624,24.273899776682935,-16.349093710658874,10.861856197067501
OSP_3_27.08.2025_20250827_230500.WAV,524.1001,1.368070717708426,98752.90280977394,10608.21871935208,0.0035176885675745504,0.6133198190242686,0.0021165,8246,-1118.0693721014802,-214.95472224889863,-452.821258709489,90.75375634737624,-114.67159973868769,131.3813893339886,-31.071820813240414,30.687753203292864,2.378272508777577,0.351525053333892,18.958284676022814,-12.818537939992533,3.9694741498970156
OSP_3_27.08.2025_20250827_230600.WAV,554.1184,1.9459101490553132,99698.74672718563,10609.907844739491,0.0034936484029086646,0.6133172217835772,0.0021453735,8183,-1088.0683205350247,-199.93120591351843,-416.8597901404647,98.20213791009125,-90.94645921611921,128.01891678563905,-20.998802672911605,19.701969241531746,4.236193270191987,-11.042736459421473,18.798760977480708,-19.372730793174497,5.250094985537153
OSP_3_27.08.2025_20250827_230700.WAV,939.244,1.8783319563935281,275222.9843173875,10511.423241746346,0.00329883821869954,0.6089802194148937,0.008122872,8258,-854.6424882760617,-119.50646589815689,-252.9971234287953,96.37353610462624,-24.499706060420323,74.59152187343214,-7.238645133281226,-28.313613989230554,10.169405306766844,-22.66823528518297,25.375112660459724,-8.60190298382207,5.087921385278336
OSP_3_27.08.2025_20250827_230800.WAV,936.0164,1.8088539080170458,266310.5826882215,10519.722451591162,0.003347643296640105,0.6092635783743351,0.0076704277,8250,-842.1993930826424,-113.91201419017864,-239.73905979683582,95.08056995154205,-21.418351901477298,69.43872462993784,-7.29564321473682,-29.52258134163611,10.957579531616094,-21.984978573519154,25.407149124177042,-7.760649821766047,3.9257323589219633
OSP_3_27.08.2025_20250827_230900.WAV,945.1666,1.8945570357115216,362025.3429913964,10480.217097531779,0.0031932667369445862,0.608712184175532,0.011037325,8256,-821.3735855423664,-118.75969461725134,-257.9874671354678,94.18868181847921,-27.394710986767034,75.22727406356006,-6.582170628249106,-27.914878528608384,11.55285724944542,-22.014577908874994,24.349686900672168,-7.7764969607528425,4.690272861092883
OSP_3_27.08.2025_20250827_231000.WAV,937.95667,1.8947126048189797,293909.6492256933,10480.961426789827,0.0033260732184376015,0.6079515822390292,0.0086521655,8226,-853.7570660290288,-122.9550678443749,-267.0267478972491,95.54129183870116,-29.550502861735,78.58562227852755,-7.223864458560879,-25.77948978515562,10.595480894277733,-23.056973513752304,25.70832852561888,-9.281131416231714,5.570195983894399
OSP_3_27.08.2025_20250827_231100.WAV,917.69995,1.9178436276893833,283498.70335751056,10510.369435804187,0.003272032715986905,0.6095638193982713,0.008262076,8239,-831.8781485461581,-112.29886953446774,-237.4034387784306,93.56172496825104,-21.352058749872864,69.01154133828305,-6.7626743142343155,-30.126406642495738,11.43423644001594,-21.34364722778939,24.957774984612378,-7.02018812228,2.7171662524591498
OSP_3_27.08.2025_20250827_231200.WAV,931.86316,1.9117616891916929,266461.8517043884,10504.923593328165,0.0032831512876404317,0.6094553845994016,0.0077792527,8269,-849.173484211753,-113.42703704048145,-239.07207529007835,94.53051834862919,-20.160386865335223,70.37739977105892,-6.568462994885652,-30.57732164608416,10.450774856062667,-22.345845107330216,25.34134371678594,-7.573429029802098,3.4265638829853895
OSP_3_27.08.2025_20250827_231300.WAV,947.94055,1.8935065166254348,225726.82975517056,10536.566587197278,0.003326493656703545,0.6100070385222739,0.0065744203,8246,-865.9767043622315,-116.54833025120705,-241.33122587629367,97.14473388383267,-20.346277350279017,71.32892741236556,-8.071148800458717,-30.07371913688558,10.091651364650549,-22.428207376518756,26.0806878413474,-8.639251220268997,4.412035685060965
OSP_3_27.08.2025_20250827_231400.WAV,946.0106,1.9049198705671415,253534.39429843368,10523.234911924867,0.003334061801711573,0.6101232650432181,0.0075225467,8259,-850.1852667129801,-112.43739042286587,-235.0268701720195,95.04298866644166,-19.272397330889603,68.32647179712232,-7.191823848349746,-30.69905168787768,10.624517447388326,-21.972950349730933,25.68485644446935,-7.0707292464066445,3.1281550880290525
OSP_3_27.08.2025_20250827_231500.WAV,937.37195,1.8762987378114868,190935.83142339232,10546.190208540456,0.003368834303927904,0.610911267869016,0.005308119,8236,-884.8008809829676,-120.00897270730634,-247.6121975571244,98.91166434875123,-21.065788962002,74.43206028586602,-7.579725598912489,-29.665513083708117,9.261942663753034,-24.00005333869061,25.97588125615938,-8.914457325351593,5.389481478151685
OSP_3_27.08.2025_20250827_231600.WAV,921.62244,1.9228697073486731,195296.083513887,10516.659641744176,0.003380243399499935,0.6086382926778591,0.0054634702,8223,-874.1728127599013,-113.95331153329359,-237.43397868601784,96.31454795138421,-17.865411182475928,70.14571475028775,-7.356609335374593,-31.140436682855867,10.049283107381562,-22.978535547662297,26.089019973027643,-8.320639369722942,4.077990010422781
OSP_3_27.08.2025_20250827_231700.WAV,907.59753,1.9209173587269879,184123.4511822428,10538.621872355052,0.003389992837159257,0.6103898718001994,0.004991442,8230,-894.1296562983028,-121.67062589497044,-252.73784898387663,99.25148723317494,-22.406364101205295,76.47771271933664,-7.1886710722314175,-29.101366041468026,9.08381583064912,-24.940693334248987,26.240882055419583,-9.588134818903741,5.9318800496804585
OSP_3_27.08.2025_20250827_231800.WAV,941.1576,1.9222682409879221,169046.85877041947,10541.472045129125,0.0034012072857500385,0.6103981829704123,0.0045747706,8235,-862.0438608426487,-105.5792241217226,-215.01734870880875,94.41712561408671,-12.458156012030413,62.08588745254063,-8.087657185712875,-33.738297004986975,10.9023357118763,-20.98335226470625,26.22554297701056,-6.5053729080335385,1.9172076638651672
OSP_3_27.08.2025_20250827_231900.WAV,939.8636,1.918439786668713,250547.75849679246,10484.221928684765,0.003289879847034481,0.6079200257646277,0.0072535067,8260,-827.2905402773273,-103.78616007278023,-219.16406476783052,90.50642387469394,-14.885866603641642,62.497604565952535,-6.833448327080487,-32.20882474503051,11.918902247088917,-19.777844543679688,24.54522313940627,-6.966566133034856,1.1170449314320108
OSP_3_27.08.2025_20250827_232000.WAV,932.44775,1.8377645303698258,191795.16987363985,10520.36819391176,0.003376384557719472,0.6097282247340425,0.0053010066,8237,-888.8270115028606,-121.03884319994575,-253.66887614213613,98.4130205410743,-22.445179138198977,76.37293633046623,-7.716725351132226,-28.973116078896687,9.573806606424423,-24.247051563647986,26.6465838329577,-9.851470067756724,5.3800070785140495
OSP_3_27.08.2025_20250827_232100.WAV,898.7231,1.90209130763152,179490.8022115504,10547.112874078097,0.0033966338967010633,0.6105942746426197,0.0048763948,8212,-874.7913195359125,-112.79755752525092,-231.27569259765383,97.0152192658146,-17.052224093575997,68.02005360939363,-7.90188210188503,-32.045686578583314,10.221418481127195,-21.96984982583398,26.4543224213373,-8.077374724447328,3.6137949296242176
OSP_3_27.08.2025_20250827_232200.WAV,911.5338,1.9235892705045978,191171.95322682927,10520.874313473212,0.0033273562137150227,0.6098591256648936,0.0052846284,8227,-854.8846994389477,-105.26601813093981,-216.1337471489342,93.60252823305206,-12.551880389956153,62.14616348027982,-7.488633534819238,-33.68886321697999,10.417777502040751,-20.525363881171007,26.064865925950116,-5.977059249555148,1.4226117065071469
OSP_3_27.08.2025_20250827_232300.WAV,898.68274,1.9241122773509012,176232.85123598648,10555.049088084465,0.003385501735551651,0.6109467202044548,0.0047413316,8231,-896.1893531655332,-122.24763837551446,-250.3440478827755,100.16503422213717,-21.32411390364356,76.2812323485584,-8.052496776481458,-29.52448714977978,8.60199048633366,-24.680075038625898,26.38273220026455,-9.08455859057565,6.017693970756126
OSP_3_27.08.2025_20250827_232400.WAV,943.01355,1.9263780910831287,192566.8197533218,10540.32732349914,0.0033589030309653057,0.6097406914893617,0.0054190047,8202,-885.9818739288493,-119.49907003196496,-246.3950159891161,98.83576328479641,-20.213633672983377,74.11230681262873,-8.097603522673824,-29.8596519099683,9.334891077996017,-24.02683413693414,26.3606290695372,-9.091707465329874,5.197660952721686
OSP_3_27.08.2025_20250827_232500.WAV,931.6237,1.9057576615393415,199124.07594177255,10545.416547659512,0.003338851639205784,0.6102649445229388,0.005686991,8190,-850.2417496936908,-104.27546114918158,-212.06581087744846,93.79840071866143,-12.690391769344998,60.14445355506792,-8.22531826137968,-33.59073069018047,11.794718810829119,-19.541980505607917,25.39341527753612,-6.5131505745939045,1.1009416429006218
OSP_3_27.08.2025_20250827_232600.WAV,918.7844,1.865238338998473,182565.35103034676,10532.243485129291,0.003341604488491521,0.6089667137632979,0.005031326,8225,-863.0219997133369,-110.32131652884722,-226.39301445397692,96.13897856201501,-15.199632006406313,65.97407409567354,-8.009327480152459,-33.151845070431264,10.728690930263127,-20.88761966554356,26.114737405951466,-7.5341104517963915,2.347681357159644
OSP_3_27.08.2025_20250827_232700.WAV,913.9067,1.924953636484062,195149.8599187059,10535.65852910569,0.0033835096249240602,0.6098365296708776,0.0054095495,8236,-877.5731884754587,-116.13133206755478,-239.89431165333298,97.61877117432832,-18.97442590151858,71.06892322026825,-8.003011073943393,-30.50687671155695,10.061235041889365,-23.09920153936353,26.259277510711215,-8.357164372390285,4.332387160719278
OSP_3_27.08.2025_20250827_232800.WAV,896.4049,1.9230834840854218,158062.7890840262,10567.844879230724,0.003412580826922427,0.6115069450216091,0.0041463664,8264,-881.5514960864616,-112.62974500872001,-227.8604670128255,98.34878853425768,-15.614714974837327,66.579024293888,-8.713422512676225,-32.45605107572417,10.247556714867564,-21.885149163615154,26.799390568642654,-7.973174139776543,3.7386661139628274
OSP_3_27.08.2025_20250827_232900.WAV,928.97754,1.8718525360869651,149582.48742243362,10562.858599101883,0.003423118858551767,0.6108742571891622,0.0038941114,8211,-925.3227785113169,-130.14051666211552,-265.6842828573013,103.00976146499721,-24.076431344707775,82.65860409444261,-8.409146488858905,-26.507611528797284,7.3345542729878686,-26.798391806801984,25.92405629494935,-11.459807198811909,8.010925403083665
OSP_3_27.08.2025_20250827_233000.WAV,932.75714,1.9180376210585728,149484.70256394133,10568.986477497148,0.0034306634379505903,0.6113643565076463,0.0038878964,8239,-914.7148211748706,-125.93879188827522,-256.81273122330947,102.31066862123912,-22.37773463349162,78.62886893709144,-8.865161185271619,-28.36572431912861,8.474470438888458,-25.491448440727176,26.791653631760674,-10.685785081666136,6.7199919703379125
OSP_3_27.08.2025_20250827_233100.WAV,866.40234,1.8978432452418281,156829.05762892624,10547.849020123896,0.0034357195985660434,0.6105490826545877,0.0040805275,8226,-886.9345496832765,-114.45148932727709,-234.6984041435757,98.43566132788355,-16.65006069429665,69.1816240328254,-8.54170278277507,-31.985582725282917,10.251764900006277,-23.09049198876552,27.010136917198658,-8.086662093661461,4.136995423187883
OSP_3_27.08.2025_20250827_233200.WAV,868.7312,1.9312982765376092,133830.45513161417,10562.791355742336,0.003457100119317868,0.6108621800199469,0.0033181834,8209,-967.0528426972912,-146.6153315966537,-302.58791656346955,105.22342626303764,-35.87914810563193,96.53264450082065,-8.057357897543309,-17.821339319226578,5.197217467768659,-28.379799297771296,24.230550318667852,-16.03328864340779,10.405001469576975
OSP_3_27.08.2025_20250827_233300.WAV,885.21875,1.9205617801591561,130393.37306183184,10570.713422631738,0.0034752083758382217,0.6114533120013298,0.0032241577,8209,-921.9580120221306,-124.715226483301,-253.03276512775528,102.50965941183422,-20.638149646482987,77.94447965057988,-8.457138295494843,-29.52170668689538,7.816325716469473,-26.003233620772047,27.011951046598274,-10.176284189077242,7.459431967392548
OSP_3_27.08.2025_20250827_233400.WAV,839.1478,1.8925706488635405,132006.70604031783,10570.93088414761,0.0034485589405573117,0.6113020227310505,0.003250668,8222,-901.5055447519584,-117.21236650543804,-236.02776085347026,100.55585570939392,-16.531741260034273,70.8632637483705,-8.61605974688566,-32.16627452039081,9.126147288079354,-23.530552331476258,27.01978595781357,-8.708923584642356,4.9987003868597215
OSP_3_27.08.2025_20250827_233500.WAV,920.46204,1.9240904184404992,136567.54363475685,10565.993821598713,0.00345467898393978,0.6113230603806517,0.0033775768,8245,-916.0613591510743,-124.55102882469,-253.52613399512518,102.26863462118943,-20.917782962840857,77.6678208880964,-8.359809265934807,-29.52468279226359,8.435684406157755,-25.382733351143496,26.435232365241912,-10.334307302251865,6.883319392988341
OSP_3_27.08.2025_20250827_233600.WAV,888.63104,1.8849152608652782,130237.94683530678,10568.815595786991,0.003437343040372401,0.6114307160073138,0.0031872457,8226,-941.927421733298,-135.55796938211745,-275.98376219867225,105.13609053963681,-26.26424472897717,87.35947414153718,-8.8329438844429,-26.17423089745327,6.681442770359058,-27.00882482861446,25.832887088081137,-12.354059705289895,8.981917588304157
OSP_3_27.08.2025_20250827_233700.WAV,868.7981,1.9177663835981469,138329.55943963537,10569.721650798667,0.003417070396685629,0.6107362138464095,0.0034971808,8222,-910.6178415470188,-121.77826931026375,-245.0259067384582,102.58900166154886,-17.434758593862114,74.28007223827794,-9.496689370454511,-31.40473058549502,8.386853545814477,-24.197162907667767,27.347503848237483,-9.414790559796902,5.945211897870446
OSP_3_27.08.2025_20250827_233800.WAV,882.9914,1.9250317622099842,140695.71263529104,10565.277205554923,0.0034163967686265807,0.6111513827709442,0.003636451,8216,-877.1720689634984,-107.98612572499798,-215.78746225360254,97.15511804419403,-11.658536057302387,62.43840260873315,-9.34201225885321,-34.43966325823948,10.581838393189143,-20.48502418649225,26.68388697465012,-6.665356885322968,2.2238225487402232
OSP_3_27.08.2025_20250827_233900.WAV,865.96783,1.9206727701010975,130064.95122979236,10577.036233703579,0.003440055152576024,0.6117826421210106,0.0031929056,8230,-951.4103088475374,-139.155719373114,-284.1690827116931,106.15234761530367,-29.20398933746537,89.62220147344478,-8.643213480626182,-23.710588288906617,6.283097179306948,-27.541028260252517,25.971557411331577,-13.858807533735412,9.504259763319531
OSP_3_27.08.2025_20250827_234000.WAV,900.4596,1.9284434116993572,142457.58916747675,10571.620133815755,0.0034644516232461195,0.6120313279172207,0.0036353376,8224,-920.9619222280315,-126.93760232985574,-257.1362069705903,103.27102042912294,-21.486005485839563,79.225169025996,-8.391805541693344,-28.95752222664574,7.2208536012235855,-25.371132945101017,26.910494517198288,-10.87146231461357,7.220038473073182
OSP_3_27.08.2025_20250827_234100.WAV,892.86584,1.9308417300162697,128380.3844566292,10573.295711751636,0.003498973121045237,0.6115075943317819,0.0031884138,8226,-915.8679623528964,-121.14527542589586,-244.61189499999134,102.02740186186203,-18.305293406460756,74.06313990986527,-8.507861321893781,-30.845931935353452,8.328746167435561,-24.71775011082275,27.118100298666615,-9.366365467596502,6.147985657530547
OSP_3_27.08.2025_20250827_234200.WAV,848.3612,1.9148004920822252,125958.49329642406,10579.73191026851,0.003489050572879342,0.6118428981050532,0.0031213253,8227,-912.4587943985142,-120.46463525339735,-242.07186314217927,101.80482957919827,-17.85421256223473,73.32611271951234,-9.12253147692068,-31.066443948289034,8.81303029195966,-24.2431591056114,26.77261916716114,-9.378207321101105,6.0216952711854415
OSP_3_27.08.2025_20250827_234300.WAV,906.72687,1.8936644145427985,129618.75897174134,10585.446692931137,0.003478686616186804,0.6120288605385639,0.0031894639,8196,-928.4797325562608,-127.81731595806313,-257.4833529468866,103.61480207319283,-21.798359679190806,79.92467747854066,-8.994670494286572,-28.44832270700832,7.420020298261589,-25.95406496914705,26.76043128581717,-10.99082549142979,7.565980100172413
OSP_3_27.08.2025_20250827_234400.WAV,852.4075,1.9342514156234907,132011.03351592034,10574.927923981257,0.003444504466679246,0.6120482099817154,0.0032359993,8207,-940.0005847654253,-134.5174473556605,-274.242540964624,104.76981889938061,-26.64810495840591,86.08981834728328,-8.639737361511418,-25.52024377346821,7.041099353447084,-27.206938061689215,26.09671711617254,-12.659529767674572,8.75994183145109
OSP_3_27.08.2025_20250827_234600.WAV,860.99207,1.9372411571335397,130051.92555881973,10577.858929642924,0.0034490491791779655,0.611624729886968,0.0032265044,8236,-934.5060720112353,-130.58707075595032,-263.9557337787168,104.81374308248326,-22.580547272507673,82.05380052132705,-8.914368421911991,-27.674020673859463,7.219330585713148,-26.613798799703876,26.089798875398156,-11.47915012988127,8.446407576668841
OSP_3_27.08.2025_20250827_234500.WAV,915.93945,1.933765897523546,149818.92440017284,10563.754221010042,0.0034855530843974484,0.611677843459109,0.003901918,8226,-910.6280462654447,-123.30683783841562,-251.22148950014133,101.53608638674376,-20.67610292190462,76.50784384886548,-8.430973988338573,-29.071223828496027,8.324385817273411,-25.265284047272342,26.6622340549813,-10.126026393324697,6.666222885786453
OSP_3_27.08.2025_20250827_234700.WAV,798.97833,1.9330995631387808,121897.4675642465,10583.452232296791,0.0034829084113605796,0.6117713441240027,0.0029151177,8212,-960.6771639470813,-141.28139257902282,-287.5072154793327,106.05707841961299,-30.370412269653745,91.56740689125805,-8.833373456144386,-22.106002155171854,5.724115278687432,-28.007977302782464,25.535441621120196,-14.543794144776577,9.674658070871935
OSP_3_27.08.2025_20250827_234800.WAV,911.14923,1.928600660089934,141496.2232029837,10585.452248081903,0.0034632562526918553,0.6120588586685506,0.003631762,8280,-885.0661490385525,-110.96432118617356,-221.42969342708963,98.41789793995405,-14.21828609134858,64.24108936203072,-9.194350758647898,-32.83916750100138,10.530336563456547,-21.537000180379053,27.008939218245335,-7.211236999925954,2.3846306903511034
OSP_3_27.08.2025_20250827_235000.WAV,817.9774,1.9199560515132594,112812.11995974042,10602.516981894038,0.0035128961178233914,0.6126589511303191,0.002600443,8234,-941.2548711913477,-129.82921786294378,-259.68333285097583,105.46111084938806,-22.059339842989193,80.655929374191,-8.934817748440969,-28.025529761505105,6.831387371577373,-26.59899963344626,26.971591626031366,-11.596382102909345,8.185915968790992
OSP_3_27.08.2025_20250827_234900.WAV,814.4845,1.894228151898186,112305.9753397792,10597.067909197725,0.003501442252270141,0.6122736504737367,0.002585231,8199,-968.3345602051612,-143.31078092597147,-290.5795591923494,106.83184229377198,-31.892656776324632,92.79869656817051,-8.669372776040206,-21.051723906318774,5.557188205334751,-28.14007574514046,25.042719604163846,-15.16139330166956,10.05403161993246
OSP_3_27.08.2025_20250827_235100.WAV,542.4008,1.5298951767660935,100532.00307344065,10608.43856149559,0.0035331825527123465,0.6133637123919548,0.0021733197,8186,-1031.3099144773932,-170.64803575915664,-350.9678747345428,106.32464918701037,-56.26180045338715,113.05140095470898,-11.522179525183223,-2.6984309696473017,4.591402703217166,-25.096831560494884,21.503038044516167,-20.863259272703385,9.524831397642393
OSP_3_27.08.2025_20250827_235200.WAV,696.41095,1.9185764024195322,103754.61696783753,10603.369652632899,0.0035268256943160486,0.6128110195728058,0.0022836095,8208,-1008.527562856259,-160.26802365021214,-328.3614563535694,107.50334101917437,-46.07445869619999,105.89956733842004,-10.370816112115483,-10.469055444038213,5.10071859093823,-27.367190310890663,23.31979405875942,-19.275467423569314,10.032998940424116
OSP_3_27.08.2025_20250827_235300.WAV,800.6613,1.8637012579956926,106709.85474610004,10607.699978892762,0.003496582132000849,0.613540974069149,0.0023974956,8200,-929.2679894153342,-123.94713614488536,-246.45070369097868,104.27017754058794,-18.64459023491584,75.58957677483686,-9.356184635315547,-30.680820403650873,8.007787977467794,-25.537946085382462,27.74751827688616,-10.18572809560655,6.620081227999793
OSP_3_27.08.2025_20250827_235400.WAV,811.25574,1.9104824538457472,112255.48338503468,10590.029872818837,0.00352446010746197,0.6118960116771941,0.0025977585,8221,-948.7867987229489,-133.53657421176956,-269.4129855113308,105.5870742857452,-24.592257020807075,84.3772718891929,-9.015635677467106,-25.895554405773627,6.564973829972057,-27.396790655108248,26.594081425699954,-12.638659667397333,8.814245127626732
OSP_3_27.08.2025_20250827_235500.WAV,707.10077,1.9383049904175174,105370.70973382622,10600.431864442748,0.003531853014176093,0.6128690679022606,0.002337167,8210,-1002.4270964720334,-157.4343785669005,-321.3897587578865,107.6530713197816,-42.823034597799044,103.68382534241073,-9.823374580571883,-12.353673781603755,4.858350867707865,-27.69691516871666,23.114352468951306,-18.75554949581564,10.456122225759552
OSP_3_27.08.2025_20250827_235600.WAV,873.38086,1.9215301305814974,122318.62316079614,10583.440906444579,0.0034877313154994213,0.6122179396609042,0.0029361297,8260,-922.8264741347963,-123.55591988692485,-248.22694663820877,103.07332148525909,-19.180577621732866,75.68823429352878,-8.965528852236028,-29.926950313753803,7.980450989910179,-25.07654164577918,27.33512684849373,-10.49188660599824,6.618630212299329
OSP_3_27.08.2025_20250827_235700.WAV,842.2002,1.9344655888714377,111094.84044319147,10601.07111141112,0.0035166800841005532,0.613016071725399,0.0026003884,8234,-886.3255160775232,-105.18958631727219,-206.0371712881629,97.49916625566767,-10.132366745518977,58.27067132576405,-9.623435809106075,-34.770089910432965,10.991270452177318,-19.610392532881814,26.916849267771795,-6.792063993616046,1.4841351481524268
OSP_3_27.08.2025_20250827_235800.WAV,780.36224,1.9016294453745932,107791.90636989036,10591.234360890103,0.003509725727716164,0.6121430092669548,0.0024263915,8220,-978.753478913263,-146.3858423014742,-298.3379884581205,107.04028831320943,-34.125758521034626,95.63526900373928,-8.882678558928765,-19.171171097543017,5.48386563927857,-28.56167361594966,24.85245190461637,-16.371870040126037,10.460234913811433
OSP_3_27.08.2025_20250827_235900.WAV,761.24304,1.939614904430649,112507.48818507753,10585.496807206873,0.003510576047000868,0.612044054396609,0.0025647534,8252,-952.3099081971088,-134.9090207169868,-273.10006498136084,105.24605677924441,-25.931749873250396,86.41072380300271,-8.596947728298552,-25.26593861098883,6.353605318194871,-27.811718323316953,26.19597931708962,-13.178743841414066,9.249648595771419
OSP_3_27.08.2025_20250828_000000.WAV,868.4195,1.9256834105974554,116624.56753314586,10596.368818801226,0.003473627076416352,0.6125325953706782,0.0027708607,8229,-929.1666896443056,-125.53525428175855,-251.40416007054878,104.11299332592331,-20.180001182715515,77.13658166220502,-8.732357492554973,-29.520125611650133,7.680298607270807,-25.729557266810204,27.193399798308477,-10.673828944786848,6.998007759445103
OSP_3_27.08.2025_20250828_000100.WAV,776.5975,1.9127816541255616,107153.17947175924,10604.44510156088,0.0034803904222885846,0.6128693276263298,0.0024108978,8214,-1005.9531666785792,-159.53866928451436,-326.0463545402641,107.60939758299341,-44.98459140750055,105.36923160234693,-9.606101503344595,-10.773223887682821,5.0643179953937265,-27.93957024577712,22.564351382929807,-19.396459312725653,10.149570818374361
OSP_3_27.08.2025_20250828_000200.WAV,813.1437,1.9239629039874264,113368.49895251436,10593.977610254062,0.00346501423702092,0.6121185952044548,0.0026464798,8204,-937.3037073494764,-128.1258257874606,-256.6491331984998,104.77814515157978,-20.95621638461376,79.60702436481506,-8.984963161291242,-28.745432529181105,7.174760336324933,-26.317636366452312,27.013313049618134,-11.376009293714107,7.886019954318944
OSP_3_27.08.2025_20250828_000300.WAV,875.5178,1.936840479351385,125274.3744043779,10596.264024865739,0.0034423165605762646,0.6123714365857713,0.0030654822,8232,-930.7198889517276,-127.48363314718385,-255.37463161383246,104.48511609270996,-21.151552573005297,78.88238294915921,-8.901243723609019,-28.911678011116294,7.195852525215622,-25.93820105057437,27.1770264520529,-10.997491818138883,7.506543875093827
OSP_3_27.08.2025_20250828_000400.WAV,885.9099,1.9224908032841344,128236.1117963717,10592.615787139473,0.003481263217728389,0.612139892578125,0.0031320192,8206,-939.3436750578509,-130.83897510503004,-263.21718239665256,104.91745506126435,-23.37623252059946,82.01130610213184,-8.866083519031756,-27.400081216465697,6.893785493037049,-26.421934018340327,26.635907943769514,-11.806727755712572,8.2457659342222
OSP_3_27.08.2025_20250828_000500.WAV,882.88916,1.9295803004402503,123412.52196523594,10592.303355228549,0.0034874307309116,0.6123941624418218,0.0029967919,8210,-911.6043614027608,-118.31975076483587,-235.66359621082992,102.21601976993638,-15.89267666824153,70.50108590259767,-9.422271633735626,-32.18885814294275,8.73960613426923,-23.5722874144051,27.784772151493485,-9.068160858585992,5.335591290341639
OSP_3_27.08.2025_20250828_000600.WAV,781.87866,1.9270537905911755,122161.71991174771,10587.079829697052,0.0034912438916821463,0.6117886157746011,0.0028970214,8254,-925.0582428647307,-124.01213571306874,-249.1389343827759,103.53244619904116,-19.313783748522255,76.08791074127654,-9.013106000568413,-30.29912521388866,7.8855069861990295,-25.16967817510002,27.43558509493718,-10.318058596973673,6.9919670088550765
OSP_3_27.08.2025_20250828_000700.WAV,859.5786,1.936951443641039,118733.61222391392,10596.883822007372,0.003489408763309525,0.6125893450797872,0.002833014,8234,-933.2965496634854,-127.66550799711082,-255.856030536957,104.55008550100621,-21.396677811780986,79.02565401153798,-9.15278342992107,-28.719680208566135,7.500757074761616,-25.841294384501065,27.0460844976228,-11.241226102880873,7.617125903040849
OSP_3_27.08.2025_20250828_000800.WAV,879.5328,1.9029677539132193,120942.13389677255,10588.516138813833,0.003468075800531724,0.6119313341505984,0.0028909391,8258,-929.60092156915,-126.3134841995991,-253.48094129837645,103.91090545789997,-20.41569743640672,77.88581469460586,-8.99361221120577,-28.997498932880635,7.426471661457083,-25.527029880633084,27.071727995014832,-10.952878796599617,7.241784088103108
OSP_3_27.08.2025_20250828_000900.WAV,674.76215,1.169685344462407,268687.7655952258,10617.183939909986,0.003400840847941641,0.612883612450133,0.0064381347,8223,-837.0939478402306,-111.01787006457636,-216.27121819776298,95.35624717628572,-17.295007500413657,64.63506580116253,-12.41030171050074,-30.348063184729714,9.93920235181219,-18.362534684536026,28.514546352807265,-10.810398388119818,1.6022739906048005
OSP_3_27.08.2025_20250828_001000.WAV,673.125,1.225101767695029,568350.5026729049,10676.822736700984,0.0030512326769837708,0.6173982660821143,0.013880754,8204,-778.8689597115134,-114.19525150781637,-214.4798432532314,95.31163645364639,-21.041837752214168,64.98899644904645,-13.876739315208432,-28.42339239501579,8.867714954916451,-14.939340375127605,28.577237118736416,-12.783144601759785,0.7464229041921937
OSP_3_27.08.2025_20250828_001100.WAV,718.351,1.4766966001307396,484685.5723034531,10557.445789439826,0.004211025458067836,0.6096814960092554,0.0188744,5167,-743.7727895216486,-120.68635491073803,-249.04719291673518,91.68075229585611,-30.77063314067194,74.41245060419227,-13.45902696762691,-22.173573677585217,7.977220020923953,-17.139233501546826,29.374310601393738,-14.450441341060058,2.7445438022893516
