filename,ACI,ADI,Bio_Energy,Spectral_Centroid_Mean,Spectral_Flatness_Mean,ZCR_Mean,RMS_Mean,Event_Count,MFCC_1,MFCC_2,MFCC_3,MFCC_4,MFCC_5,MFCC_6,MFCC_7,MFCC_8,MFCC_9,MFCC_10,MFCC_11,MFCC_12,MFCC_13
OSP_1_26_08_24_20240826_203400.WAV,629.12683,1.0962275385750573,567813.1908741569,23556.88145620087,0.00021923107512208465,0.6137184426197716,0.007922713,4135,-820.9913088852624,-112.80746841718687,-155.18684643969678,164.82097491268158,-10.944039296291498,-43.220607701639494,-3.1597478023501187,9.863852262404293,28.28845710612014,-33.81411962138537,7.106605146554647,5.269483866929864,-3.2779998977938942
OSP_1_26_08_24_20240826_203500.WAV,610.6665,1.0040956845730102,566176.460068205,23492.38990565418,0.00021821579658071736,0.6123099599920876,0.007603072,4119,-821.5717598844077,-116.01211910787194,-163.0190376622116,167.68659416611382,-8.756754917178021,-41.23107971878331,-6.01858050696309,8.288030331494902,30.040532862326582,-33.20620502921636,7.4964974213448,3.7180758964828704,-3.1569797468902716
OSP_1_26_08_24_20240826_203700.WAV,706.42163,1.0220037276226726,486269.6190607238,23453.959853073007,0.0002589224949182033,0.6118468291353791,0.0067221615,4122,-853.1041239173186,-123.1391800917429,-174.41419429584099,176.02247897855722,-7.707976257498957,-40.36219772222082,-9.25513103104658,6.986793751601368,32.78828167305391,-33.18605194224813,8.18259771095417,1.384022723481966,-2.7835877657364527
OSP_1_26_08_24_20240826_203600.WAV,617.11694,1.2179771026431707,385869.1735977859,23422.99967988585,0.00022230165025800364,0.6096843801391647,0.0050903135,4131,-912.4752996270176,-147.344678499269,-207.91077693672426,200.86965707895277,-7.44078823833975,-33.46556562521338,-19.73659157049007,3.2295965959637716,38.88292378033981,-33.735371012524084,12.809707374192616,-5.075976034657347,-1.892092899501623
OSP_1_26_08_24_20240826_203800.WAV,530.4591,2.302585092994046,297639.3315971719,23750.15682474784,0.0002330530057545987,0.6191557152359749,0.0037175685,4103,-1159.8281638165665,-262.1324812815993,-350.8341217425149,276.8504051878314,-26.942999560048943,30.51535622816138,-49.02672191278468,1.459836121297857,22.175235368007854,-35.73372538748331,31.50421641187413,-12.766086871126934,11.44503089908554
OSP_1_26_08_24_20240826_203900.WAV,540.1909,2.302585092994046,301273.7443007333,23775.824688857712,0.0002307442494038497,0.619957861273582,0.00375717,4117,-1147.6540288493304,-257.33322339278783,-341.73513597310745,275.42734413565563,-26.746050362382512,26.723226683813806,-48.32445824865582,0.655031661988798,23.828643072752005,-35.39274692822274,31.753925868048267,-12.908216132982188,10.586744450890048
OSP_1_26_08_24_20240826_204100.WAV,522.4535,2.302585092994046,300741.75261723116,23785.88313261318,0.00023072586327930287,0.6205220785303153,0.0037455114,4122,-1163.61723375105,-266.5671122877916,-354.9866697171587,278.5329233693417,-28.870971472006126,33.36729871548453,-49.272318435864065,2.2668348159906246,20.701222000033695,-35.8519284166454,31.31760271407999,-12.47151520247728,12.065981427933368
OSP_1_26_08_24_20240826_204000.WAV,522.6815,2.302585092994046,300495.8768105861,23783.973548975842,0.00023125088197331145,0.6202434848966737,0.0037407666,4100,-1219.437618378068,-299.74172921232764,-406.5054535867424,284.20283376521354,-38.84011459456391,58.341807494284936,-51.61422898749707,12.92980927697112,10.245265555359195,-37.37198223287131,25.65063663850159,-11.96516454649924,15.830543925795963
OSP_1_26_08_24_20240826_204200.WAV,519.1656,2.302585092994046,300973.26693854656,23784.120442310435,0.00022979215052049045,0.6202636658146643,0.0037489077,4112,-1193.8510496314373,-284.38202251679996,-382.1672510592624,282.52721558943557,-33.570260261743485,46.746848775222915,-50.81983526864948,7.315068015992264,14.770600459645044,-37.16199635695504,29.005759784140707,-11.78290929813098,14.830332939050784
OSP_1_26_08_24_20240826_204300.WAV,521.589,2.302585092994046,300561.76871089794,23785.50845657777,0.0002303860542353967,0.6203586312755989,0.0037446325,4113,-1185.629370740664,-279.40519760502923,-374.44968300050664,281.56374754921046,-32.109107209776084,43.046114108555564,-50.47686425496813,5.689005982148069,16.317140920982258,-36.77270313113538,29.911870414959807,-12.010780771441446,14.132847612894675
OSP_1_26_08_24_20240826_204400.WAV,524.2447,2.302585092994046,300508.60624941357,23789.04137651023,0.00023157809869832772,0.6203229965014894,0.0037424366,4100,-1170.7622806240533,-270.69746855823786,-360.9924143302682,279.6188579858233,-29.975071857585622,36.46380049314437,-49.702128659843424,3.3664296152157385,19.29265425728998,-36.26499498673676,31.006826073595118,-12.305602004380987,12.699569361070674
OSP_1_26_08_24_20240826_204500.WAV,534.2628,1.2956893955347402,302149.84169042006,23783.074356346526,0.00022919391366938913,0.6200846434971143,0.0037701454,4127,-1126.8749604799077,-245.9954981107852,-324.22544312264057,271.5757221026523,-25.14069602641299,17.754764388581044,-46.293625002849716,-0.6398389829863145,27.609098764252863,-34.68443656477223,31.58120765381999,-13.49478689139162,8.214557213497814
OSP_1_26_08_24_20240826_204600.WAV,534.35004,1.4186109171026404e-304,301579.69968530996,23776.919788616255,0.00023022677240138272,0.6198818646634914,0.0037588621,4106,-1138.046358664875,-252.04590700683488,-333.5701708157327,273.801941581513,-25.955725318411776,22.38297338698833,-47.36236699693234,0.022694923620601503,25.617070509197806,-35.068762833482054,31.711924752772116,-13.12605576748376,9.46147089461621
OSP_1_26_08_24_20240826_204700.WAV,526.4915,2.302585092994046,301947.50757258944,23785.351636493113,0.00022875002933706547,0.6201516708103202,0.0037621083,4116,-1205.5942031381135,-291.80788555115413,-393.6685253949287,283.6542726215918,-35.9198487382259,52.25868113469407,-51.253604224380275,9.696609255649415,12.552562239119004,-37.24393774335909,27.619115399993156,-11.813854252129627,15.218445114897479
OSP_1_26_08_24_20240826_204900.WAV,522.47266,2.302585092994046,302341.76338880556,23783.138582607906,0.00023255413998212436,0.6202565752218567,0.0037700296,4121,-1164.4879919084715,-267.4810243126637,-356.29435855712137,278.9113098094812,-29.033285791662085,33.86414397047572,-49.40410966771408,2.58218428199583,20.39936222966746,-35.96320298416468,31.30419469109005,-12.458241542844135,12.114900865888023
OSP_1_26_08_24_20240826_204800.WAV,524.34424,2.302585092994046,301560.26980351063,23784.656491748447,0.0002296902765174109,0.6202315460352799,0.0037570654,4099,-1191.456863634863,-283.1424838510462,-380.3176501181501,282.3911049026923,-33.119534703590894,45.7981139501943,-50.75689325358081,6.697122830268093,15.2373580770929,-36.84080310810309,29.18592068703956,-11.980183325039697,14.63849179975208
OSP_1_26_08_24_20240826_205100.WAV,528.8241,1.4186109171026404e-304,300794.7596262436,23791.92714431329,0.00023105674895219555,0.6206308615567209,0.0037455573,4137,-1177.381927234001,-274.666868590282,-367.0945047224616,280.61555471927215,-31.00268858252417,39.473289668605275,-49.88405675664041,4.142370963230521,17.89952591148557,-36.341242366514855,30.487287499044843,-12.121371300393424,13.370687191324162
OSP_1_26_08_24_20240826_205000.WAV,520.8605,1.0513330488416526,301088.20632562117,23789.47524078267,0.00022959768942547114,0.6205055944171217,0.0037527024,4135,-1123.2866331488538,-243.8713538562928,-320.77044981313594,270.72220843751955,-25.00995309593902,16.14939520640523,-45.803874969707884,-0.868003062414437,28.296408337218317,-34.48872371108349,31.39278568497192,-13.668241135407824,7.871310021681056
OSP_1_26_08_24_20240826_205200.WAV,516.7668,2.302585092994046,300485.5462544447,23792.489740491692,0.00023126953876151946,0.6205432897053804,0.0037410292,4129,-1195.138080891412,-285.144720967513,-383.16989266629474,282.6258448006936,-33.95979858953702,47.498704626133346,-50.787349102814936,7.235182059832651,14.542900235825988,-36.887356506399996,28.831374220743285,-11.908266016903168,14.893172363025652
OSP_1_26_08_24_20240826_205300.WAV,518.83954,2.302585092994046,300843.21071220835,23793.127407834752,0.00022946237668408604,0.620680616913088,0.0037461384,4079,-1174.512264555977,-272.98954153252794,-364.43217018525263,280.33439958913084,-30.605913330305434,38.11066828229504,-49.78738714885457,3.7470008744985255,18.58188413451,-36.30563457604107,30.673390535591636,-12.263302358766222,13.225062500277831
OSP_1_26_08_24_20240826_205500.WAV,514.07965,1.5462546650044802,300734.94819782896,23792.048757842473,0.00022964287556868725,0.6205505015049025,0.0037437035,4116,-1233.050361799785,-308.2908455105434,-419.5746042569961,284.77507992553427,-42.647988151648576,64.291632448007,-51.73715043324298,16.7631962126631,8.011841716566863,-37.268228880788335,23.407918852673486,-12.254125997944904,16.052426343013135
OSP_1_26_08_24_20240826_205400.WAV,525.63446,2.302585092994046,301022.3545954602,23793.725701035604,0.00023026114696925276,0.6208818806627777,0.0037535008,4126,-1074.4170509898145,-217.56993216197682,-282.6524625710314,257.5218815758118,-22.54751136076783,-2.192596675723551,-39.56755101669085,-1.2543857054883611,35.74848030425185,-33.7195005734904,27.679066254885733,-14.449146685068277,3.870984942903556
OSP_1_26_08_24_20240826_205700.WAV,566.79175,1.9054042407667362,301005.3396549607,23793.293621626006,0.00023118330596996243,0.6206209832094762,0.003754894,4130,-1054.2100628608732,-207.08407853454298,-267.81297026602823,251.13754652184952,-22.04888578017179,-8.96536455016584,-36.299279800187996,-0.5035937193797718,37.783355868496265,-33.93985146906848,25.54053121102029,-14.083118070564675,2.6858713560756726
OSP_1_26_08_24_20240826_205600.WAV,518.84595,2.302585092994046,300692.05246259755,23794.277349247477,0.00023157743181443177,0.6206115896890902,0.0037433587,4123,-1231.7518543423473,-307.5345552816596,-418.05908224504327,284.83360633657514,-42.28424886424802,63.539767106072205,-51.696088189699985,16.429658460641484,8.200784594613312,-37.190734606871494,23.484200107541806,-12.146032068957766,15.998005688497956
OSP_1_26_08_24_20240826_205800.WAV,542.7692,0.6925525323607232,301701.48629642825,23784.475189828874,0.00022965997742558272,0.6204529300996028,0.003762461,4124,-1129.313912664084,-247.21043692208607,-326.16029933235353,271.9645062822632,-25.380371418080664,18.82291749431112,-46.38884061912143,-0.6798311745747189,27.135907384977244,-34.598833468992346,31.54266233051426,-13.522709634222558,8.705244541629442
OSP_1_26_08_24_20240826_205900.WAV,516.6517,1.4718793013371387,301043.75833225297,23789.52207144698,0.00022956054776168816,0.6206809199298746,0.0037560773,4120,-1118.640445216527,-241.22572779490162,-316.9795290811797,269.51435805679483,-24.647011249935453,14.3239650312579,-45.289040283536266,-1.0393696849701146,29.00294306214079,-34.346873367216226,31.300056486389295,-13.86358965815018,7.440750061061755
OSP_1_26_08_24_20240826_210100.WAV,519.53174,1.5723175049266738,299464.85647575796,23794.474957770857,0.0002304082479945979,0.620698858523644,0.0037284144,4126,-1200.4128873978793,-287.9096677308227,-387.47860482254094,283.01065981139953,-34.90171762284571,49.536646039054,-50.85817236789973,8.310417219436902,13.592562725025157,-37.101739655939305,28.379041632743927,-12.029371421739867,15.22557842938842
OSP_1_26_08_24_20240826_210000.WAV,522.67017,2.302585092994046,301068.0056920654,23787.017048619768,0.0002303493693722459,0.6205887422233772,0.0037499904,4110,-1218.5221312389692,-299.34684826963644,-405.62677043046864,284.38718930328116,-38.692833308911055,57.87672791647508,-51.574593565149854,12.614410038293228,10.391048204795185,-37.197536929932355,25.75259148162207,-12.07523425139467,15.84252619320841
OSP_1_26_08_24_20240826_210300.WAV,515.8958,1.4404047991335858,300305.2727913286,23792.40410994483,0.00023373307950392706,0.6205728035403997,0.0037377765,4103,-1200.4396077010024,-288.2209744319863,-387.9940126958881,283.1488331429741,-34.95602762011632,49.70445471545527,-50.887760937421696,8.399585220183942,13.482988702059519,-37.07324134883008,28.336870312667994,-11.979725624342091,15.205848885165231
OSP_1_26_08_24_20240826_210200.WAV,524.4502,2.302585092994046,300369.8767937342,23798.771989849472,0.000230059367798108,0.6206440124852612,0.0037377588,4141,-1218.903519179166,-299.58608884085317,-405.48969887959856,284.4142560403508,-39.126583097998115,58.09588173679132,-51.440172957557024,12.733109288208853,10.267702543740983,-37.37384177280233,25.81469491240061,-12.021104856597965,15.889840787634256
OSP_1_26_08_24_20240826_210400.WAV,519.17126,2.302585092994046,300094.0348938342,23791.77510772105,0.0002299243709397708,0.62070825204403,0.0037385786,4109,-1174.5851350173505,-272.7310579330335,-363.9031876139095,280.28417641077135,-30.490488226566878,37.80282170577913,-49.78648075737517,3.797035346797813,18.51584934140485,-36.23054433293136,30.80472768877998,-12.260769528899077,13.081193823784535
OSP_1_26_08_24_20240826_210500.WAV,524.9674,2.302585092994046,300531.16917522217,23789.087940488018,0.00023072052477636455,0.6204558390607546,0.003745243,4111,-1122.3460832086296,-243.11207332452184,-319.9294690642578,270.3448111227824,-24.791709231464356,15.772142316368948,-45.712053930375355,-1.116555534104251,28.506568776861833,-34.2558066514928,31.401272386032286,-13.86531280652466,7.709796045787141
OSP_1_26_08_24_20240826_210700.WAV,578.5223,0.9183159985283718,301016.04386288335,23790.79139791045,0.00023063892036245085,0.6209529684009246,0.0037556768,4115,-1057.7661813949576,-208.8446581277711,-270.5180740642478,252.24110145929637,-22.00747182706812,-7.8083503333130695,-36.88171002850314,-0.7579102932771833,37.50710401052041,-33.82874122882109,25.8593465704306,-14.154465952099024,2.922095269560214
OSP_1_26_08_24_20240826_210600.WAV,518.86194,1.524611053974386,300503.1583286752,23796.57709722854,0.0002310754352185449,0.6208781838579807,0.0037405002,4112,-1228.8377096913825,-305.6424004947214,-415.14382787703613,284.7819484531789,-41.54513139468842,62.3125893818616,-51.625951388500106,15.440143318882702,8.6747317998879,-37.12487907922095,24.10525881453612,-12.25940244727002,15.943505198277673
OSP_1_26_08_24_20240826_210900.WAV,530.4011,2.302585092994046,300031.8556988282,23795.00089900784,0.00023221181332787767,0.6207403112200571,0.0037357376,4137,-1200.90007639915,-288.4170436995405,-388.1880292166419,283.1443708897859,-35.088220972048425,49.82433475852782,-50.81476974845478,8.409391484955774,13.427845282460009,-36.9700362479558,28.173771101456317,-11.89495150024874,15.132768216322228
OSP_1_26_08_24_20240826_210800.WAV,518.4426,1.3138824739410726,300847.42224531947,23794.358457282804,0.00023017695221815387,0.6207549166291734,0.0037441645,4124,-1202.489674251884,-289.76619529198194,-389.9274532147334,283.53938705771185,-35.39449129809086,50.60805333895254,-51.10680322845919,8.921184054768693,13.13075589187248,-37.035555097931514,27.95588497251096,-12.013427531170242,15.43496962795749
OSP_1_26_08_24_20240826_211000.WAV,579.1992,1.800738131264305,301523.46304698585,23790.925555013368,0.00022965267268107813,0.6206434670550453,0.003771281,4103,-1014.4081053266068,-187.22831085279677,-240.2896793828321,237.17627070604493,-21.288242864146163,-20.45155847026791,-29.504685431647246,1.6938768767880323,40.10826589311129,-34.63158458836085,20.81425746656824,-12.378585202122775,1.1946385120331486
OSP_1_26_08_24_20240826_211100.WAV,526.05505,1.6198281203108227,300533.5384193194,23790.94738827979,0.00023242754868744964,0.6205561376171341,0.0037448439,4095,-1144.4778797152296,-255.53367252145523,-338.1988054029725,275.0742722548286,-26.807766483675987,25.015334854117185,-47.78427679665661,0.3464107317436372,24.311706407210625,-35.01711515602606,31.840153003305343,-13.203904191299175,10.136047356202893
OSP_1_26_08_24_20240826_211200.WAV,520.51807,2.302585092994046,300267.8560991662,23795.28670476117,0.00023093425242007691,0.6208159442100037,0.0037390222,4134,-1214.7871831431644,-296.84118445544595,-401.2751655281835,284.2495849061371,-37.970928739774536,56.041372298034304,-51.41504786528936,11.547386037341056,11.17121465527195,-37.311486491348006,26.39459501741328,-11.94148197397366,15.69304886513907
OSP_1_26_08_24_20240826_211300.WAV,515.1201,2.302585092994046,299732.58378035726,23795.79378721766,0.00023059604376250427,0.6208367311615676,0.0037325365,4111,-1211.048776041405,-294.38304162931865,-397.3897560979266,284.00464477804934,-37.12868424039821,54.12473648701393,-51.106705767495896,10.656816988459704,11.627052510889527,-37.1939441312929,26.964549809098948,-12.012687354227431,15.76726857245288
OSP_1_26_08_24_20240826_211500.WAV,522.53125,2.302585092994046,300482.17822624545,23796.346200335567,0.00022951729763758682,0.6208212773054487,0.003741856,4119,-1205.2580202939469,-291.22117731503613,-392.403198151209,283.6520015156409,-35.974252939482604,51.83555949345071,-51.059572601172825,9.385779152633559,12.592653800153625,-36.98684362221508,27.673205179941057,-12.090134212655029,15.51319207848352
OSP_1_26_08_24_20240826_211400.WAV,517.8374,1.6681188803402887,300484.3313694348,23793.599904711333,0.00023089620222464788,0.6207154032401948,0.0037427656,4119,-1227.1958127254773,-304.5238283597044,-413.46036556064854,284.66222618322695,-40.97526192527064,61.57672250893188,-51.53827125802689,14.94589055785934,8.771508662649937,-37.29180820486044,24.537172421675297,-11.981009639280206,15.89913065595211
OSP_1_26_08_24_20240826_211700.WAV,524.8436,2.302585092994046,299918.72235865955,23792.899886600513,0.00023301603484637923,0.6205776518089859,0.0037360028,4133,-1230.704961333754,-306.48089377960326,-416.5751234384599,284.76190868411186,-41.824069495716664,62.941658042799666,-51.66079967281281,15.879253621130825,8.336913460657131,-37.14744432534785,23.945478101770632,-12.210274224969483,15.945846943115049
OSP_1_26_08_24_20240826_211600.WAV,522.602,1.442260062442245,300555.35829467984,23792.225770211884,0.00023121074388682213,0.6206755262310724,0.003742735,4124,-1173.9825912502495,-272.6252687172467,-364.0128164392049,280.1107113153897,-30.429913742360515,38.02069753750439,-49.8546488492739,3.5770847052773234,18.674865143382934,-36.12846923675727,30.72380166054927,-12.359474090990608,13.05770036718022
OSP_1_26_08_24_20240826_211900.WAV,521.3445,1.6223147136537148,301238.0087088245,23784.89614297689,0.00022863709085959569,0.620342995609408,0.0037642287,4113,-1143.2932449929567,-254.5771628464491,-337.1226317545516,274.9723548896965,-26.533897344900915,24.096126375752476,-47.53300978551826,0.16983185982588386,24.69125065249161,-35.03128279789683,31.895380842039195,-13.24660137250745,9.816759624664718
OSP_1_26_08_24_20240826_211800.WAV,522.489,2.302585092994046,300221.64937552914,23794.100500616085,0.00023319052065429098,0.6207418869073477,0.0037380285,4113,-1227.7532023935291,-304.8369149017601,-413.9039003099443,284.72818004264377,-41.10167646115904,61.72466349285923,-51.62854633062437,15.085319919282584,8.782699227843885,-37.07028609318497,24.366058806275134,-12.282928654538663,15.94368735969373
OSP_1_26_08_24_20240826_212000.WAV,518.3629,1.8544659625909494,299729.4190672562,23798.239096189336,0.0002313109572547768,0.6207592194675438,0.003731048,4115,-1165.0582231909318,-267.21344103075165,-355.3088170077826,278.87136017519265,-29.361596849153496,33.69005069700877,-49.19347359382519,2.425474803958481,20.4080167110562,-35.75749414298171,31.303848303186726,-12.679657310554447,12.323515624375354
OSP_1_26_08_24_20240826_212100.WAV,522.4984,2.302585092994046,300353.7271738914,23798.083941335917,0.00022898357771143968,0.6208132776622812,0.0037419887,4110,-1167.2761501812136,-268.58726458505845,-357.4364538885148,279.3363688868456,-29.70965263752234,34.64024364399399,-49.18645235129921,2.6454247658681598,19.92009101165613,-35.84590933541703,31.242326735143113,-12.590432212643458,12.383913794658623
OSP_1_26_08_24_20240826_212200.WAV,522.9302,2.302585092994046,299303.4127957636,23797.785551122408,0.00023005409825208788,0.6208903651328038,0.0037266377,4107,-1201.6548655370118,-288.6331667481234,-388.33390419446334,283.2535926878446,-35.20332497639198,49.90380260712349,-50.81932417651872,8.546620495773558,13.302466442120673,-37.010251235872865,28.256988481595663,-12.057652168672028,15.265754966049318
OSP_1_26_08_24_20240826_212300.WAV,521.6828,1.3787319600421757,300560.01053887,23796.080853697804,0.0002300534473198956,0.620783945637334,0.0037449603,4109,-1139.4909657220185,-252.82648562166025,-333.8128176894213,274.248779981043,-26.493215557351984,22.8302701990241,-47.21633533188758,-0.10232459112387372,25.20745976819502,-34.812250167009026,31.85599324665806,-13.31671821291194,9.599670812710892
OSP_1_26_08_24_20240826_212400.WAV,518.8561,1.5180365452593774,300316.1847775235,23800.57550136739,0.00023066291661657593,0.6209764825035683,0.0037387786,4095,-1231.286891781711,-307.21595280909344,-417.3183277339288,284.8233474027055,-42.25814053014793,63.369892572165476,-51.57439865254511,16.135195488477997,8.094683061245377,-37.006547942045174,23.72333213471444,-12.233674666457656,15.927359048037633
OSP_1_26_08_24_20240826_212500.WAV,525.1159,1.3628212809731917,300515.86058437475,23799.37435244786,0.00023005947220458515,0.6208061870694738,0.0037498875,4103,-1053.6618314447137,-206.76189297338112,-267.0708299087539,250.99784263274927,-22.204429801146425,-9.245217968354748,-36.08549152695565,-0.4838059325649934,37.81717929598627,-33.94653300113471,25.52094674570818,-14.08228177195832,2.541586387050742
OSP_1_26_08_24_20240826_212600.WAV,522.6792,2.302585092994046,300082.98131327564,23797.76994159843,0.00023008801152405616,0.6210142383951843,0.003736213,4108,-1208.7054425193667,-293.15870336356977,-395.3646032083345,283.908418670058,-36.66889824281669,53.25915253104439,-51.14775344679189,10.108886669719626,12.014972618631663,-37.065352475369046,27.263706151053437,-12.026834046286057,15.635943006087457
OSP_1_26_08_24_20240826_212700.WAV,523.7722,1.606687009250407,302372.43740734697,23797.491098346396,0.00022914703194616023,0.6209096370004344,0.003776439,4133,-1060.9335045287792,-210.71185268895343,-272.70126281674055,253.4442114684443,-22.349929673776245,-6.717356538269453,-37.372218493336284,-0.7747514458095787,37.112550485533625,-33.871503835208586,26.325530678712,-14.2333188715823,3.0256341316092796
OSP_1_26_08_24_20240826_212900.WAV,513.8716,1.7952545312403159,300050.73533770087,23798.12855431173,0.00023210492513803485,0.6206800714828721,0.0037366927,4129,-1208.025511228901,-292.7099236425152,-394.5228405554838,283.91495976004916,-36.626510218935046,52.827881733188114,-51.03327930609188,10.030419137051592,12.128206823787234,-37.20485851469631,27.42425539552873,-11.937181057342219,15.549963040786887
OSP_1_26_08_24_20240826_212800.WAV,514.65704,1.5393151778714034,300369.8131916862,23798.222500301894,0.00023097835120859583,0.6208230348028112,0.003742032,4142,-1129.358486876508,-247.1892551568669,-325.3473494595944,272.02182834073227,-25.68282123980111,18.679335106658577,-46.28471557517996,-0.633792971522274,26.987641071875743,-34.44204686433619,31.695585339171856,-13.710507744452052,8.543695395368513
OSP_1_26_08_24_20240826_213000.WAV,516.93744,1.0908052548142135,299976.3077100844,23800.109631691714,0.00022922442116215519,0.6207899453697096,0.0037367512,4119,-1139.3268498612283,-252.5329948859261,-333.1974695859287,274.21444378187647,-26.599824299153603,22.519400656556034,-47.070125951840495,-0.09269096044430768,25.35295883341582,-34.89842421493954,31.831265379935086,-13.26564646898755,9.45763375888867
OSP_1_26_08_24_20240826_213100.WAV,514.07336,2.146932539487433,300267.944727659,23799.77491850784,0.00022954883281292956,0.6207961269121571,0.0037395074,4122,-1222.3025686515573,-301.56668912817315,-408.3455670599005,284.6570321892294,-39.87448914285641,59.30469776259659,-51.418479084988945,13.579226730543988,9.594841267716971,-37.229907914854365,25.308564523004993,-12.066866439528432,15.92209651024262
OSP_1_26_08_24_20240826_213200.WAV,513.36035,2.2567747300469754,300547.8343061438,23800.773439038985,0.00022969350233181842,0.6210204199376319,0.0037431493,4105,-1207.265510928669,-292.5530000901394,-394.19666508689363,283.84496766422166,-36.580008385004795,52.79166125791056,-50.96038285828507,9.86262648200852,12.010832048557125,-37.04110106737994,27.490475917249256,-11.9372660297795,15.536012812680058
OSP_1_26_08_24_20240826_213300.WAV,518.27454,2.302585092994046,300126.7502529008,23802.178524488638,0.00022999519552258321,0.620976058280067,0.0037366017,4154,-1194.087892150295,-284.4736673871727,-381.65418683553145,282.66322398409426,-33.9992674410489,46.821836037160786,-50.535227521828304,6.942711559493973,14.669496661934417,-36.77487422756134,29.09280066544134,-12.037298119395759,14.684117216247792
OSP_1_26_08_24_20240826_213400.WAV,514.8335,2.1359261904057902,300026.08965305396,23800.31158319391,0.0002295174206932242,0.6209631497649559,0.0037361775,4104,-1176.3719390877325,-273.800876124351,-365.2628254061048,280.6823726689145,-30.997130012703188,38.59445237556444,-49.70417846956902,3.8270640613587976,18.29725768160437,-36.275653159981374,30.582786296447,-12.146075969259211,13.234191065789986
OSP_1_26_08_24_20240826_213500.WAV,513.34143,2.186283277869006,299584.5888068304,23804.43958398288,0.00022982410851436535,0.6211005375760209,0.003728553,4119,-1224.5427290017203,-302.77236525867636,-410.13831407060803,284.74765547339206,-40.530708192124024,60.17001036611441,-51.29826388585845,14.074753389355534,9.222658654151344,-37.177236729044665,24.89833917023178,-12.027166800277886,16.00673876078543
OSP_1_26_08_24_20240826_213700.WAV,513.67883,2.0566178487067703,300116.6213909388,23802.750690651676,0.00022912333604800965,0.6211172641026437,0.0037394469,4137,-1172.572877381058,-271.664369976521,-361.9090482199708,280.12222606711316,-30.50550898632562,36.943147806893904,-49.40808763349242,3.3193009712333907,18.817705671354346,-35.983323101420176,30.896246235884615,-12.371962086811465,12.90021146785032
OSP_1_26_08_24_20240826_213600.WAV,513.1378,2.2688168568503033,299605.32904629875,23804.02607130378,0.0002307545366129522,0.6210250257927888,0.0037301949,4119,-1234.7110563963129,-309.03833288666164,-420.165153069328,284.8878152196876,-43.15794146484713,64.6984336980436,-51.54372365018296,16.897007812156907,7.67652367225458,-36.96086962868913,23.19208752066335,-12.25096156542111,15.93324623070472
OSP_1_26_08_24_20240826_213900.WAV,514.9498,2.302585092994046,300013.53778224596,23800.810614312762,0.00023079049236192839,0.6211245971088805,0.003735486,4132,-1228.2212058610112,-305.2325492688064,-414.0956816847643,284.7561153681997,-41.37569319238704,61.948961875920794,-51.52253919136617,15.190110364296542,8.576215432843021,-36.979692936896164,24.221267862435553,-12.242328765535126,16.01411999391087
OSP_1_26_08_24_20240826_213800.WAV,521.8281,1.4186109171026404e-304,299452.1343614854,23802.337947689728,0.00023007827314336406,0.6212371375434405,0.003729841,4116,-1163.3143538626123,-265.9613872387021,-353.2558461630944,278.7144229546251,-29.224063926017944,32.561756860794375,-48.891543424025464,2.0908017515750723,20.901495530079835,-35.69927486986203,31.380335309620495,-12.704532995967242,12.030487675383807
OSP_1_26_08_24_20240826_214000.WAV,518.7208,1.9318496986109057,300600.9542950728,23797.63108082881,0.0002304443712485582,0.6208030962982499,0.003744324,4108,-1194.3673942601908,-284.65036074036453,-382.21964170317284,282.7738630358541,-33.80006460684155,46.92997031749282,-50.64770040503512,6.876019683809002,14.640788927940351,-36.70741459318655,29.191642691626328,-12.120940307017758,14.558459388158553
OSP_1_26_08_24_20240826_214100.WAV,546.26965,1.4643707495245342,303919.5822052728,23769.213232742055,0.00022956089443711456,0.620441173048281,0.0038016809,4098,-1047.6972556258404,-204.02821888537696,-265.4004057510084,248.88655057360918,-20.805033315305717,-10.168079053440906,-35.80355355534667,-1.0695097926768877,38.29670430403424,-33.25015878091275,25.14945293596758,-14.51789512474073,2.027483971930003
OSP_1_26_08_24_20240826_214200.WAV,536.591,2.302585092994046,302534.33591321047,23787.359795495937,0.00022901989361537284,0.6207290995989512,0.0037724818,4111,-1175.318112699867,-273.9210284956407,-366.2995738068011,280.494748644407,-30.475035259396734,38.98313780884354,-50.10723777974953,3.637653982967984,18.243514254522655,-35.743566816683334,30.77759265451501,-12.83231910522121,13.019965100440302
OSP_1_26_08_24_20240826_214300.WAV,533.25256,0.8076226524113383,300083.5079756656,23801.504361902276,0.00023169149686018127,0.6211118704038414,0.0037383488,4108,-1194.6350179694812,-284.67066450322193,-381.9739942236704,282.7779529184939,-34.02894990781555,46.84825572617204,-50.540472544545175,7.056311197200712,14.627469617967407,-36.76138824135531,28.958869609523596,-12.007920137486213,14.776148388451654
OSP_1_26_08_24_20240826_214400.WAV,516.3302,1.71135110107069,300059.71512603905,23804.817557928156,0.00023215935946298277,0.6206837682876691,0.0037353588,4128,-1203.6301266281112,-290.24426133564094,-390.4365421144049,283.59400255193896,-35.92163722834978,51.00485376368887,-50.74572905120997,9.007653086977275,12.73114627142726,-36.93250290839713,27.914683458059226,-12.022287151654995,15.431754000653997
OSP_1_26_08_24_20240826_214500.WAV,515.6788,1.8098242802760938,300356.975307842,23805.65057039487,0.00023073518747737274,0.621154535167401,0.003738532,4110,-1233.1049601716545,-308.35866838254873,-418.8823110632394,285.0481255400163,-42.90434399256823,64.04816856766642,-51.46440142597525,16.597431427308457,7.810608581944461,-36.99197310803022,23.367379049885802,-12.210465714862933,16.06317691352462
OSP_1_26_08_24_20240826_214700.WAV,514.234,2.1500647531785804,300335.8882792884,23800.21311058075,0.0002292150927342386,0.6208652753428695,0.0037424902,4107,-1118.847707177385,-241.28964339996014,-316.5383259248243,269.6938116466648,-24.975223239237973,14.184097153423727,-45.06529594811582,-1.1084889034731595,28.957879651905664,-34.179884054941525,31.246768863192717,-13.998547934416457,7.507039230723387
OSP_1_26_08_24_20240826_214600.WAV,515.58325,2.225301334767555,300382.9555710688,23798.870997503946,0.00023019762787646037,0.6208823654896364,0.0037420471,4114,-1185.3869564393842,-279.2536541481114,-373.6747439310409,281.7944407712212,-32.41267349669642,42.684691537872595,-50.09786299354334,5.442433547269139,16.299746446758274,-36.505595121628936,29.87632539328233,-12.13164260822772,14.120143204365293
OSP_1_26_08_24_20240826_214900.WAV,513.3841,2.2175809897878547,300635.0720313704,23805.066212123944,0.00022911159520900038,0.6212006543223284,0.0037427018,4127,-1191.6114264999376,-283.138496072536,-379.4489070164695,282.5941419277074,-33.64393133603788,45.6493999822655,-50.27198640287742,6.445101013543148,15.03301047302738,-36.72681290843597,29.30917146773011,-11.922666570260983,14.611929954240075
OSP_1_26_08_24_20240826_214800.WAV,514.42773,1.9202970760684515,300025.3881039119,23805.80814243444,0.00022962028192370025,0.6211645347213604,0.0037342373,4078,-1227.985510952272,-305.01032238452586,-413.706340823356,284.9496532518314,-41.401206356589945,61.83206533497676,-51.39929429301026,14.8760099295405,8.663327788465136,-37.12303875064539,24.43087385404129,-12.154927791634467,16.135293696722357
OSP_1_26_08_24_20240826_215100.WAV,540.0532,2.302585092994046,300667.859669309,23789.70268868214,0.0002298278737455199,0.6208311556526933,0.0037486297,4097,-1202.952912163715,-289.60742009019054,-390.3759208162429,283.3310335658676,-35.3572012966489,50.66924229214514,-50.938628395195934,8.853462909300172,13.053106079465502,-36.95531040681372,28.075329358866647,-12.053454152498675,15.243939657111987
OSP_1_26_08_24_20240826_215000.WAV,513.8946,2.193147507044151,300002.1444146003,23806.409659434492,0.00023152892862377924,0.6212990135712734,0.0037353523,4128,-1234.3670743293142,-309.02722174054827,-420.0535118797052,284.8621496224881,-43.206043930192685,64.69651000845627,-51.56097950226202,16.92616042480857,7.651960020663476,-36.899835075870485,23.222060006640742,-12.362250777623906,15.971261229094306
OSP_1_26_08_24_20240826_215300.WAV,519.00195,2.302585092994046,299575.8363721236,23806.179361311904,0.00023012745884245356,0.621160777313206,0.0037294386,4156,-1193.6168717344835,-284.00922916447206,-380.71236426909576,282.6684966399107,-33.95539547603366,46.351106560703556,-50.412320946874516,6.85295717987199,14.716731706266769,-36.70948934738826,29.174514867950847,-12.101917958473516,14.734419125307001
OSP_1_26_08_24_20240826_215200.WAV,516.8904,1.6608231935013704,299874.44971317064,23802.81020750123,0.0002300955959319949,0.6210162989093335,0.0037377046,4083,-1144.1860142693165,-255.1710303544081,-337.16217899269975,275.22644776641187,-27.1378746420128,24.47004851607657,-47.28257254853436,0.12874173761693095,24.371068784404564,-34.94820418097725,31.883418781843194,-13.176363443028967,9.951857565006154
OSP_1_26_08_24_20240826_215400.WAV,513.36145,2.281894454579753,300192.42010805797,23806.774653481552,0.00023038092861508337,0.6210724176182202,0.0037389302,4100,-1201.012330381563,-288.6648735367009,-387.67338078124436,283.5328339216931,-35.44611189046607,49.65137537567612,-50.677512470138446,8.49403431475957,13.196122155517381,-36.93763160484186,28.459717466196413,-12.089929221205917,15.168733054397402
OSP_1_26_08_24_20240826_215500.WAV,513.2151,2.2949052937113787,299604.4927623006,23805.888027447218,0.00023145605670390037,0.6213239215511357,0.0037307986,4101,-1234.5816636399568,-309.0103332457114,-419.8728737483401,284.95522312392933,-43.154122412554834,64.59309993139898,-51.50853367735066,16.888592939394066,7.557653660171822,-36.95070552368957,23.288956964033574,-12.160399465625822,15.861821567279513
OSP_1_26_08_24_20240826_215600.WAV,514.3915,2.1293170221708153,299809.0158723379,23806.037407501815,0.00023007012417713567,0.621014359601899,0.0037334391,4116,-1199.7888040938783,-287.7391915664398,-386.629400422552,283.22072082138794,-35.11792642963163,49.227515731892105,-50.55251981144536,7.971797198124402,13.53854834642411,-36.895965512422485,28.50546584900512,-11.899309591903496,14.979408051646198
OSP_1_26_08_24_20240826_215700.WAV,513.3495,1.7845888570744377,299980.9390923915,23810.520435663806,0.000230688730194965,0.6212728329209073,0.003734501,4098,-1159.090384580472,-263.9911370225939,-349.81796864166654,278.1028117740082,-28.988133860775147,31.07054703096291,-48.52817789199806,1.6096752344701726,21.464844814913008,-35.50065455194616,31.576918815266517,-12.7274876457967,11.584194863357098
OSP_1_26_08_24_20240826_215800.WAV,513.3953,2.2881495499729403,300145.52507641184,23805.77162927827,0.00022923202452597885,0.621117688326145,0.0037374229,4124,-1200.2826515666025,-288.19572162680754,-387.0744373650942,283.43976798512523,-35.263838721767044,49.367246067777714,-50.70560016277202,8.298141517699705,13.443719336124166,-36.91969966416384,28.43953310945846,-12.078370339587613,15.15492814230909
OSP_1_26_08_24_20240826_215900.WAV,513.152,2.262800459726188,300649.037082103,23808.189269711504,0.00022961772858129896,0.6213128311367444,0.003745063,4117,-1207.3340258181984,-292.6258719276177,-393.8483473755259,284.09655857804114,-36.82489578526865,52.62700908200034,-50.80267922455309,9.795486476548824,12.060701525676889,-37.10495142747955,27.56720436193489,-11.870596442362947,15.403968878952861
OSP_1_26_08_24_20240826_220100.WAV,525.41016,2.302585092994046,300780.2935906324,23804.559296948155,0.00022877990689740323,0.6211692011798746,0.0037481408,4113,-1168.6194558807788,-269.60472646977064,-358.466223360619,279.7358313233771,-30.09568447660477,35.19810405748996,-49.207101080473265,2.8868505643053837,19.532230929108508,-35.864742473083,31.22487050557708,-12.525679284066555,12.467177301189045
OSP_1_26_08_24_20240826_220000.WAV,513.0975,2.254218874549304,299623.3266214103,23808.100302040097,0.00022981819792652043,0.621286771693093,0.0037309946,4089,-1229.7752435622338,-306.05165645050425,-415.0841166217712,284.955786476202,-41.89193738228066,62.483902189696906,-51.41828553114318,15.384012341603432,8.324050896610178,-36.948547685577246,24.198221763609276,-12.178251269434247,15.852344514570962
OSP_1_26_08_24_20240826_220300.WAV,516.68616,2.258692808737666,300310.67451686726,23808.66588464983,0.00023010246350777718,0.6212261683357639,0.0037395335,4115,-1174.660531062631,-273.07804048302717,-363.6951995499948,280.5987169820397,-31.047548257653812,37.92462597874104,-49.480427236561205,3.6414734658470165,18.362936765968424,-36.02770813872694,30.761736920502315,-12.43019843046948,13.195958434469205
OSP_1_26_08_24_20240826_220200.WAV,517.08765,2.2357911861303816,300156.39183866035,23805.75731905113,0.00023135412233154796,0.6212670149986037,0.003737007,4113,-1152.6617709397276,-260.2656370106803,-344.58187136385936,276.91563167572036,-28.12332128948105,28.35479391622732,-48.100553851518626,0.9228330895453487,22.707745341587987,-35.22599360004248,31.722943549452268,-12.951902209075131,10.985992739644974
OSP_1_26_08_24_20240826_220400.WAV,517.4863,1.9989287387774828,299884.435022148,23804.91401157957,0.00023016890840389878,0.6212016239760457,0.0037356997,4114,-1207.4773581390846,-292.33302792713255,-393.711905140496,283.9726386911712,-36.60075395994778,52.4959144565946,-50.856303986969465,9.679244499454692,12.163047869219936,-36.98390898131188,27.571153970160992,-12.078860119212164,15.511026230352728
OSP_1_26_08_24_20240826_220500.WAV,514.8704,1.4184245112471772,300166.4773673831,23806.794536433787,0.00023055766771063306,0.6211975635511047,0.0037373998,4103,-1177.3139723173015,-274.60323756125047,-366.04951934886486,280.91389617319874,-31.328400021924708,39.12649206594081,-49.734462848858705,4.0476933029659,17.831874114913088,-36.1398736800291,30.668978838632384,-12.352182195150398,13.394921179034357
OSP_1_26_08_24_20240826_220700.WAV,518.8735,1.6094032306871668,299227.9855282193,23806.039374801654,0.00023110531635847463,0.6212796204969281,0.003724201,4081,-1174.745212867171,-272.7562856506435,-363.5274559890501,280.3175915690774,-30.88636609950186,37.954341344073214,-49.549085213026714,3.496736021865173,18.545305141465626,-36.05839063298107,30.7882880373281,-12.365392740693546,13.02241087482842
OSP_1_26_08_24_20240826_220600.WAV,515.5175,2.2662128254353906,299892.8472424331,23808.928326958496,0.00023114788553197087,0.6214133721065533,0.0037324869,4118,-1231.4871978290505,-307.22493417723115,-417.01432082008915,285.0422083288032,-42.49613523150908,63.312586223657576,-51.35274280223277,15.914642682287159,8.033521451143304,-36.89855780871121,23.77412897880406,-12.25886582666613,16.0015464216839
OSP_1_26_08_24_20240826_220900.WAV,523.2914,2.302585092994046,300183.3827044579,23797.01246178538,0.00023194149373399517,0.6208924256469529,0.0037415419,4121,-1175.2683587220624,-272.9973730438705,-364.45408707264414,280.4402367822135,-30.662310959378782,38.06001795209782,-49.584196508913664,3.5948681422559177,18.385226650873197,-36.05812135810455,30.746984185633867,-12.429258476432357,13.235224633114374
OSP_1_26_08_24_20240826_220800.WAV,518.12024,1.7719560230499807,300638.78408640565,23805.501937602618,0.00022956550343338148,0.6212382284038724,0.0037443768,4103,-1214.4447877198959,-296.9337116928336,-400.94105953995455,284.39553837982453,-38.191920853259326,55.99056158535071,-51.11064841031138,11.331680708629033,10.840029541618598,-36.98537741165189,26.526090154724116,-12.105226662660714,15.694023981791318
OSP_1_26_08_24_20240826_221000.WAV,518.65735,1.590187812669678,300440.3660015063,23808.354763342544,0.0002305833332553938,0.6213018013257106,0.0037393225,4130,-1218.8319356030374,-299.76478403908567,-405.1190913155447,284.6127813585814,-39.275577252992626,58.01768675820812,-51.297119830750304,12.553947005241113,10.103054770264915,-36.98327052909006,25.642512758891822,-12.065879119954888,15.993723746086427
OSP_1_26_08_24_20240826_221100.WAV,516.3278,2.135805400923917,299821.86997318023,23808.805241219492,0.00023056046007590323,0.6213102857957367,0.0037321716,4123,-1222.0506973347926,-301.4012549744661,-407.7402657107435,284.80391692021044,-39.98340940201062,59.15302446056339,-51.24064384061397,13.201028989088183,9.59077096355931,-36.91805686430373,25.30913513612233,-12.176578809194607,16.056660969208224
OSP_1_26_08_24_20240826_221200.WAV,527.6379,2.302585092994046,300146.1760667384,23805.745806026727,0.0002309235163842315,0.6215128828192876,0.0037378015,4101,-1217.4000844271839,-298.6488001623881,-403.41724564894685,284.55571909362595,-38.81638166950263,57.110117209406575,-51.2379343078304,12.189177121680377,10.324047331551071,-36.93207039510375,25.98730834647504,-12.213792034289272,15.981141191733965
OSP_1_26_08_24_20240826_221300.WAV,517.5183,2.101376121074602,300182.8371838756,23805.828120202703,0.00023293253529483427,0.6213616168393943,0.0037358429,4115,-1217.9901144771793,-299.07567968588154,-404.0826921408184,284.56462995822363,-39.014057763568225,57.51407294415644,-51.31595231040521,12.366512457514718,10.30085162942183,-37.1270062438872,25.96491678859993,-12.054786836286626,15.857209632996787
OSP_1_26_08_24_20240826_221500.WAV,517.4647,1.4186109171026404e-304,299941.5833878427,23806.556027575265,0.00022933423100977192,0.6212641666408092,0.0037353751,4100,-1190.0002686800249,-281.96528277536476,-377.4161062397247,282.4139542133014,-33.378145179731554,44.71145583595441,-50.2360129521386,6.141843314823551,15.407561367792905,-36.61250304948772,29.562416950942833,-12.039205167415659,14.367716697289264
OSP_1_26_08_24_20240826_221400.WAV,522.25916,1.7982763078420836,299807.87760664994,23808.350301797847,0.00023081671496473434,0.621267075601961,0.0037313465,4128,-1217.7873550299773,-298.65088295996964,-403.70763050214015,284.57740376307066,-38.96525770855646,57.25675199581013,-51.152621775981785,12.100188928091669,10.441589026599736,-37.03029156720459,26.032714231675392,-12.247104611241626,15.95310900198055
OSP_1_26_08_24_20240826_221700.WAV,516.1776,2.1807017862053635,300306.61316657887,23805.28438333249,0.00022975851645865486,0.621036661637396,0.003742482,4119,-1220.3297846253051,-300.3646930442875,-406.0256399326578,284.8241094248752,-39.55113314428247,58.23626328335945,-51.30774201881536,13.040904553329948,9.897294885399262,-37.200220289096585,25.75127829791501,-12.188186197512406,15.911899744780529
OSP_1_26_08_24_20240826_221600.WAV,519.5691,1.5347469498298714,300605.9426448408,23810.192524063666,0.00022990408201917304,0.6213582836547412,0.0037408408,4109,-1228.738398515745,-305.9339942248469,-414.7579116116752,284.96957275991645,-41.88511244263866,62.41637833067071,-51.50745126603038,15.37586321233981,8.485463641990744,-37.00371407878088,24.10598763317213,-12.27776810412052,16.00429878369786
OSP_1_26_08_24_20240826_221900.WAV,513.91016,2.149409627360632,300101.3762220472,23811.69322410078,0.00023034861805884747,0.6214002211780129,0.0037372513,4119,-1151.62989322163,-259.7313824045816,-343.4486331903989,276.7919129113686,-28.20597844923331,27.86960498121634,-47.92027611338922,0.8379098271595469,22.888472700911542,-35.18809124125824,31.70639361437079,-12.921889008979951,10.79280799851787
OSP_1_26_08_24_20240826_221800.WAV,514.0735,2.229250635917717,300474.83758868475,23808.63326397595,0.00022942210276480612,0.6214439768020045,0.0037412674,4113,-1204.0426860565683,-290.70255185507267,-390.79118439046204,283.85279964799724,-36.10560676145962,51.194083334758616,-50.78480137039572,9.060210340526968,12.656905975381196,-36.953730781938376,27.928093422258815,-11.920893811933539,15.297238304824734
OSP_1_26_08_24_20240826_222000.WAV,513.00104,2.142768460212237,300406.7743708926,23813.617875219235,0.00022994757082685054,0.6214947624154462,0.0037398243,4107,-1233.3288496162268,-308.7083304931223,-418.9517187162846,285.09769805190854,-43.19506184211813,64.28253822699611,-51.38713708768808,16.662684219130504,7.544431886980755,-36.8686358577956,23.48417671848518,-12.334306789448156,16.0013361685881
OSP_1_26_08_24_20240826_222100.WAV,518.7418,0.931645505958095,300366.89344072575,23809.330692746553,0.00023065971519439232,0.6212489551981196,0.0037400902,4124,-1169.7511171959563,-270.23109229345545,-359.4524612778297,279.8293095227037,-30.371767245985748,35.885886650398426,-49.1959207980327,2.925142453834783,19.294215497910674,-35.96620964842097,31.186505992727056,-12.417878261464388,12.63051328085043
OSP_1_26_08_24_20240826_222200.WAV,513.6495,2.246752550570791,299622.33939875226,23809.408214498348,0.00023001996234147878,0.621206835864776,0.003731432,4125,-1234.2722069796532,-308.86280975866674,-419.4018468592926,285.0187027046878,-43.21814286284249,64.42157004793316,-51.41489583825144,16.86082033951921,7.5393892050185585,-37.04288479563048,23.423006727388934,-12.233969783717466,15.943843271320755
OSP_1_26_08_24_20240826_222300.WAV,517.1539,1.1752215600529703,300651.5388336792,23807.3247725971,0.00022922364487156261,0.6211775038398287,0.0037448376,4130,-1128.174868225289,-246.69555143871773,-324.0511380504118,272.0917654496849,-25.883144922573507,18.00421624021758,-46.00440670547314,-0.7694760506439916,27.25409527369889,-34.28995080328717,31.551552188272893,-13.78007588112612,8.479312275101993
OSP_1_26_08_24_20240826_222400.WAV,517.6555,1.664040302503864,300491.66090248764,23812.837876933067,0.00023046666584585626,0.621356586760736,0.0037395116,4107,-1233.9418432642824,-309.0411217349997,-419.8181772367304,285.09052466423606,-43.29722395808075,64.69160191590464,-51.51985133206933,16.695661271708712,7.709909224788254,-36.9167592839954,23.36999816943115,-12.446705831705842,15.997982061604343
OSP_1_26_08_24_20240826_222500.WAV,520.0654,1.5503228812398913,300897.78332964104,23812.3285408174,0.00023025707340152435,0.6215169432442286,0.0037476495,4103,-1112.6835772058914,-238.20590821485976,-311.7074854896734,268.42759315887474,-24.923101155460913,11.970752358984399,-44.209742504456116,-1.5349258003531914,29.997259942663984,-33.92225614056085,30.901227879571884,-14.178430320847312,6.944171897964571
OSP_1_26_08_24_20240826_222700.WAV,514.0071,2.2917008166856485,299397.1549197824,23811.042028743035,0.00023039090064513233,0.6213494355645712,0.0037273925,4105,-1215.1328853801917,-296.97040419016906,-400.5752155721548,284.483073042299,-38.49220686352234,55.857599254906994,-50.95060014954554,11.551404276671214,10.747949744971663,-37.08722660885639,26.440486581231678,-12.083337119804376,15.97147121258345
OSP_1_26_08_24_20240826_222600.WAV,513.90796,1.8828953640659134,300310.5470942141,23810.680872927096,0.00023022929208983415,0.6213675559684125,0.0037403526,4116,-1181.7930836314827,-277.2484777700146,-370.0534185278355,281.5241677470659,-32.17416484020988,41.16217065748736,-49.881430166600744,4.729144705068241,17.00624427811456,-36.31222795518872,30.316424597873223,-12.351109554461232,13.76317053852428
OSP_1_26_08_24_20240826_222900.WAV,514.7703,1.9570375911431979,300313.59390380775,23811.766831852387,0.00022988584276265942,0.6214182809784969,0.0037412648,4122,-1120.6837597126262,-242.42316797690734,-317.662414570218,270.28656477835636,-25.437750794046217,14.988295097696316,-45.19420334621142,-1.1668148826009814,28.701841022021068,-34.202462252963095,31.38271950897022,-13.998110001083454,7.654700167038066
OSP_1_26_08_24_20240826_222800.WAV,514.0733,2.0927633064838087,300317.79147970263,23809.445731193668,0.00023134294462375175,0.6211384146743515,0.003737099,4103,-1230.226334021521,-306.7037226301544,-416.0307003504444,285.03608191795985,-42.1854321388766,62.9395716560732,-51.48353151819289,15.66322852331137,8.272050809881001,-36.957995051944934,23.877861980392737,-12.218743505980848,16.02964344311268
OSP_1_26_08_24_20240826_223100.WAV,513.1099,2.234614429217098,300225.4755543844,23810.359798518366,0.00022982307719335177,0.6213120432930992,0.0037392413,4110,-1185.7327047552583,-279.63822756865903,-373.63679063896654,281.9664278749812,-32.78396624457999,42.856263144358394,-50.00673444263846,5.518010554850252,16.082561032662205,-36.425194637316125,29.93959063052248,-12.248631264808235,14.127345653529801
OSP_1_26_08_24_20240826_223000.WAV,522.66736,1.3674986150415733,300678.1107627698,23813.06535086788,0.00023190139152813206,0.6214647637535683,0.0037439223,4137,-1186.9248179801803,-280.5513854216271,-374.84958157326093,282.19433965948775,-33.16874188672146,43.550340209267716,-50.069903726834006,5.802087663559008,15.77402100572205,-36.5056240871628,29.919232343855757,-12.241140079657727,14.191465821564048
OSP_1_26_08_24_20240826_223300.WAV,514.70465,1.6303184078744146,299480.0801453404,23809.141955238516,0.00022995646156956403,0.621352526335795,0.0037289304,4122,-1221.7068119504052,-300.97985414498277,-407.08154140001585,284.79320756217606,-39.90158323137054,58.85617480144613,-51.20845828083379,13.139632251753259,9.654477725326236,-37.01902370923628,25.519246688455468,-12.291260370432656,16.11607241339286
OSP_1_26_08_24_20240826_223200.WAV,514.00024,1.4673761652650394,299806.7779470401,23808.7995974024,0.00023116905214745523,0.6212554397573539,0.0037336135,4085,-1226.6272041871975,-304.23425391553457,-412.1670574230785,284.86990925030693,-41.222869720875316,61.23235223130677,-51.31130344045128,14.620403117482324,8.754308647787328,-37.10583486016,24.73171606235,-12.14703120822229,15.920465794839371
OSP_1_26_08_24_20240826_223400.WAV,520.74774,2.302585092994046,300150.06881504593,23812.374132845525,0.0002293450837476545,0.6214464009362977,0.0037364915,4083,-1169.3132897321923,-269.96341830112493,-358.75971670424997,279.8454132455756,-30.346205814089036,35.59105877153412,-49.19093500620428,2.7900801470952596,19.426135350468932,-35.81618839198067,31.16433962094729,-12.450606451947404,12.591116769894404
OSP_1_26_08_24_20240826_223500.WAV,522.87024,1.4680104749083112,300594.7823018853,23807.545874600317,0.00022858895741254947,0.6213913730878429,0.003745128,4092,-1213.633456926886,-296.37477489273454,-399.87932041400194,284.48973900663134,-38.11378856468051,55.37337281847288,-50.99337065293527,11.239382322661358,10.958022822721746,-36.97561767857363,26.714674435715047,-12.254158622716412,15.69844095203108
OSP_1_26_08_24_20240826_223700.WAV,513.2213,1.4979840085701275,300139.39217540104,23811.81338190005,0.00022937191519025002,0.6213539202130135,0.0037363835,4094,-1204.1471245161345,-290.6293047993381,-390.5692420563919,283.83181899316344,-36.14579959921285,51.12933894167893,-50.71580805793958,9.010652791426576,12.660765891162695,-36.97844387129926,27.98476702304628,-11.927667844090706,15.297949986515844
OSP_1_26_08_24_20240826_223600.WAV,518.8707,1.346935795630892,299941.7020232851,23808.4559904658,0.00023023146999365485,0.6212547125170659,0.0037349556,4136,-1195.8288079802724,-285.56487357092414,-382.84498839809834,282.9988772274557,-34.38711367149709,47.492710535770655,-50.55141103053022,7.1753408783070896,14.184016017462598,-36.63350881830263,29.010818002182486,-12.056419293928275,14.867762684950646
OSP_1_26_08_24_20240826_223800.WAV,526.664,0.6606027747699736,300727.63432797254,23809.792145826574,0.00022982305156659888,0.6213079828681581,0.0037498823,4123,-1089.3043369038087,-225.47806298512592,-293.32369362419604,262.04094118811236,-23.663257096290966,3.0234171122688185,-41.190081203458625,-1.5778291483765876,33.41189616160125,-33.57920637705964,29.302468882757218,-14.573794026838149,4.906365925693607
OSP_1_26_08_24_20240826_223900.WAV,516.9208,1.5770129564754,300061.91512942564,23813.04058983685,0.00023003656460449958,0.6215449419953146,0.003735526,4109,-1195.2780627621446,-285.30543899406916,-382.39491293654913,282.9617215643452,-34.54349075576954,47.31363775347539,-50.37572500103381,7.186473993758824,14.230958430290254,-36.73199882782662,29.037080761577283,-12.119421787189438,14.965705600995662
OSP_1_26_08_24_20240826_224100.WAV,513.3652,2.293915540145906,299676.0867384397,23809.906541880624,0.00022999497362382161,0.621243319085888,0.0037322051,4097,-1208.177649711958,-292.7787027589992,-394.11983560250883,284.06491812476185,-36.918550857952624,52.79408651126484,-50.819168510204754,9.87872564113807,12.044062041229939,-37.11585229636311,27.49547235442356,-11.93541636992255,15.483823426352789
OSP_1_26_08_24_20240826_224000.WAV,518.17285,1.3851172177132023,299242.4695252842,23809.13003008189,0.00023339669840128212,0.6213443448825555,0.0037261813,4118,-1214.1670442506472,-296.3216847442672,-399.77691422096115,284.29498523038814,-38.10039338720725,55.551999963455664,-51.03070650783168,11.187973406949302,10.929743359033704,-37.02079845515303,26.658305930691476,-12.022588627012679,15.749397344708775
OSP_1_26_08_24_20240826_224200.WAV,513.5514,2.287477377616939,299819.3797891787,23812.12774216746,0.0002301218636744355,0.6214156750341319,0.003732009,4124,-1232.8839975374526,-308.183615762488,-418.18550282797236,285.10205813017393,-42.91960575520408,63.926802725541,-51.45576957328409,16.407008097693623,7.769694659089107,-36.917624803413055,23.618038330561237,-12.306040935965658,15.98031748841323
OSP_1_26_08_24_20240826_224300.WAV,518.255,1.5983297511529542,300385.91347590205,23810.849225275288,0.00023011704729103326,0.6213579806379546,0.0037404965,4116,-1199.7467560813157,-288.0408057188219,-386.60798592520206,283.47494378197484,-35.33868215416211,49.27353932434328,-50.60862194232409,8.068947148881483,13.487909210317637,-36.83099550123954,28.537005599515116,-12.102506439604007,15.099933298592395
OSP_1_26_08_24_20240826_224500.WAV,518.72546,1.686767042525548,300372.3614074984,23808.73850069971,0.00022974264396783973,0.6212098054292851,0.0037408657,4109,-1201.4925778959353,-288.97249880061105,-388.2710285364321,283.62917926913474,-35.57503601559443,49.89244931171401,-50.55916679417931,8.425234864591125,13.131384625320708,-36.88796474698202,28.35546926360324,-12.04957523637242,15.104969853933738
OSP_1_26_08_24_20240826_224400.WAV,516.3708,1.9498323406149904,300264.8273757882,23811.245653589216,0.00022899187860445994,0.6214262806216644,0.0037379926,4098,-1228.5749959232348,-305.56628045485417,-414.2677207853867,285.05920075431624,-41.78369782375191,62.103582097752096,-51.29813569272154,15.091759184944829,8.44068069640404,-36.9410000722896,24.309814015397414,-12.237905915874453,15.983594653892267
OSP_1_26_08_24_20240826_224600.WAV,515.38586,2.2313808371615935,301705.8884522865,23805.08650511617,0.00022881635682403602,0.6211710192805945,0.0037647875,4126,-1181.891822538279,-277.5271313385623,-370.67967818717295,281.73238053998784,-32.076688338875336,41.17412522695322,-49.848599556356945,4.814773751377183,16.88340179450433,-36.43591228823532,30.325286176874886,-12.124320695413395,13.733088458363211
OSP_1_26_08_24_20240826_224700.WAV,559.26843,2.302585092994046,301027.4309608803,23804.51895130507,0.00022971059659433092,0.6214038573794527,0.0037497953,4110,-1223.9108023989063,-302.8153033412319,-410.3964437354886,284.7562162496502,-40.5254161096808,60.20853546124277,-51.26232337357405,13.97890348211803,9.167443986993927,-36.97629874098311,24.99573437646074,-12.25825038183406,15.8922126901294
OSP_1_26_08_24_20240826_224900.WAV,513.56323,2.2894684242062397,299918.32041352114,23812.24727052127,0.00023235756009831033,0.6214970047396674,0.003734091,4141,-1233.1627688802173,-308.32101430216176,-418.5408629848595,285.0748289318387,-43.05357887301185,64.03986533387699,-51.34201742796501,16.50783464335323,7.711557986443316,-36.985056745373804,23.568282628915927,-12.297074242406065,15.996110707230496
OSP_1_26_08_24_20240826_224800.WAV,520.6273,1.4866238082915701,300828.3998821713,23807.59466294949,0.00022974523194371578,0.6213359816192441,0.0037533068,4099,-1131.7615409699788,-248.59873182952848,-326.9073009906427,272.869093276228,-26.203897507348348,19.42333831532195,-46.254407977855124,-0.6091104053223861,26.56728398060559,-34.48448107643288,31.809241705130912,-13.627954537004513,8.675557318230254
OSP_1_26_08_24_20240826_225000.WAV,515.5034,1.7396323255745592,300097.3009718263,23817.25909183108,0.00022967762843415787,0.6215588807675003,0.0037357819,4102,-1195.6423764853928,-285.61167253504885,-382.6349355601935,283.06438982057773,-34.681580167389136,47.516879687467565,-50.384587758120674,7.132395566641855,14.187090318444133,-36.65813220797349,29.086065953338384,-12.11672828700965,14.715829367373322
OSP_1_26_08_24_20240826_225100.WAV,514.34265,1.2861269903750956,299973.8260738905,23814.80631500502,0.00023095621602955396,0.6214860961353481,0.0037332852,4125,-1223.5962018969856,-302.513918209065,-409.18814129906366,284.93662104530665,-40.5994932847872,59.918589080978876,-51.14873154135376,13.628363985514307,9.25314755964013,-36.940465729006924,25.04105503573221,-12.121210914635222,16.05868063358101
OSP_1_26_08_24_20240826_225200.WAV,533.18066,2.302585092994046,300181.7752539012,23808.789836081083,0.00023014771616246328,0.6214153720173452,0.003738829,4088,-1156.671941751343,-262.52108396225873,-347.9064279848412,277.6768956399674,-28.649380299898755,29.984896616039187,-48.36087942015633,1.3772128554520562,21.918499750195792,-35.34663406866798,31.70893118669535,-13.028361554611742,11.447948485658415
OSP_1_26_08_24_20240826_225300.WAV,516.39465,1.6909720436049747,300709.4289684194,23811.168059139352,0.00022962431358712986,0.6213044678734331,0.0037442893,4120,-1196.1722357193046,-286.01052152152204,-383.458227686511,283.2425400913424,-34.65812477053309,47.66994435465869,-50.44243028546504,7.329473794552766,14.075106368660787,-36.73131833595775,29.02143337263755,-12.079709418061801,14.781584419624322
OSP_1_26_08_24_20240826_225500.WAV,517.87537,1.7323216116232736,300465.9179207608,23812.70603546642,0.0002292961766009168,0.6213171339751148,0.0037411428,4110,-1205.8111730956703,-291.8224341298002,-392.2868951844365,283.9919424655149,-36.571249110606644,51.967480722962506,-50.840805554292174,9.465479174093026,12.379803212646507,-36.89776187972908,27.648427603100632,-12.10370675104361,15.367316539456908
OSP_1_26_08_24_20240826_225400.WAV,513.4921,2.2874602083824143,299891.50112518045,23812.668599547244,0.0002298299675918378,0.6214613699655579,0.0037336147,4101,-1180.3996750190397,-276.3774514667254,-368.65306404181104,281.24873182472913,-32.01958270051486,40.4896502508198,-49.604814474148576,4.514817197680166,17.129418592391616,-36.31653969934882,30.3834200691915,-12.140284632948717,13.612232547232907
OSP_1_26_08_24_20240826_225700.WAV,526.8638,1.2223809897639726,299921.79133082204,23807.184437111366,0.0002298584603475615,0.6211586561956994,0.0037355504,4103,-1221.7389119988077,-301.1483916989629,-407.3771949914531,284.71772083311606,-39.959192012867426,58.90393198311808,-51.22524632394282,13.40015243059033,9.561918309932935,-37.07267620391787,25.48002709013695,-12.217491068672976,15.973086385671031
OSP_1_26_08_24_20240826_225600.WAV,515.035,2.302585092994046,300253.8108109802,23814.032967596824,0.00023109116012873292,0.621503186282115,0.003737652,4119,-1222.3475381974106,-301.8428248772567,-408.05886326738266,284.8494225983892,-40.39520250557687,59.358718822296225,-51.13903771913139,13.584487299201845,9.369917993937117,-37.01839884110385,25.250379410880395,-12.153084924602455,15.977160337577018
OSP_1_26_08_24_20240826_225900.WAV,571.7201,1.1268435391260763,302231.40917477396,23800.90230943554,0.00022775592640569088,0.6210616302206157,0.003777761,4121,-1149.1875423290617,-258.61162144695265,-342.2298478650036,276.47667003182084,-27.740689560835644,26.93818206968021,-47.85758298091392,0.7217437298542213,23.237950701274837,-35.14499596615503,31.86354509646887,-13.03649833467771,10.625066151978316
OSP_1_26_08_24_20240826_225800.WAV,532.403,1.4219306643431835,300970.43299382704,23808.141156405967,0.00022939494684956922,0.6212638030206653,0.0037497613,4118,-1159.2905123564597,-264.29765319182405,-350.3431769082157,278.35293634778657,-29.080358903846157,31.17459925868259,-48.53883400540514,1.6921901240511894,21.400027596924897,-35.518320937918595,31.562595135966106,-12.74903609582627,11.675192939714133
OSP_1_26_08_24_20240826_230000.WAV,538.7905,0.5623351446188083,300894.3320131388,23808.55171394892,0.00022950871641629091,0.6212453189966799,0.00375186,4122,-1122.0068852418974,-243.2161839499461,-319.0620162644585,270.6509828727937,-25.48247915263393,15.512670522523095,-45.218413412377515,-1.0983348527293995,28.278726589409924,-34.19165307046739,31.53140766390566,-13.996497814329905,7.716207025637845
OSP_1_26_08_24_20240826_230100.WAV,521.9905,2.302585092994046,300427.8513438028,23810.750288493567,0.00023115032885711082,0.6213578594312399,0.0037410406,4094,-1205.8362324347686,-291.75426057433134,-392.40049409876275,283.9842373623904,-36.475740987014134,51.969676823076654,-50.83666081201035,9.355186496017012,12.37869989944227,-36.78194486690156,27.6769860836498,-12.160319680745975,15.357301747498102
OSP_1_26_08_24_20240826_230300.WAV,513.77594,1.461188441579351,299598.1439153748,23811.30283051918,0.00023017233283413442,0.6213911912777709,0.0037309192,4117,-1228.3055137511608,-305.13120247242944,-413.44529444987324,284.9883104787594,-41.67055333929689,61.79397165045154,-51.33592672554091,15.104567221798872,8.545989973867787,-37.1543864792606,24.493135179849965,-12.245162138884488,15.990863580437786
OSP_1_26_08_24_20240826_230200.WAV,517.6396,1.435918274153177,300726.09343161026,23812.64904725784,0.00023039607159406434,0.6215891218428075,0.00374823,4121,-1138.4110122753527,-252.42011599815237,-332.4109702631368,274.3368705761919,-26.98220468729152,22.265427850716808,-46.77427449536506,-0.152148516766487,25.267067080311175,-34.69808362237256,31.789826232519697,-13.443509575559046,9.663511579342012
OSP_1_26_08_24_20240826_230400.WAV,513.5825,1.7821785942765656,300072.37251672504,23813.043816042602,0.0002293970602711068,0.621446461539655,0.003736998,4100,-1220.9321973219878,-300.78687314757235,-406.5035983167764,284.8527670292301,-39.96900206756345,58.61994162999512,-51.05500203486931,13.083747097056678,9.62128914030269,-37.11439474109935,25.61619466885705,-12.136996765031492,16.04092900921272
OSP_1_26_08_24_20240826_230500.WAV,527.5435,1.4209938267309383,299989.6843169897,23815.361265665102,0.00023115416060405234,0.6214217353698647,0.0037361889,4101,-1202.776618585601,-289.69595259625584,-389.0921162192019,283.7207493829624,-36.0507240004127,50.53921838896434,-50.57181060180732,8.627545923099492,12.894518279256868,-36.91366618661073,28.325639901899738,-12.093873208955072,15.195484004235153
OSP_1_26_08_24_20240826_230600.WAV,523.6854,1.7072559201321038,299971.8614663287,23809.468580160254,0.0002293483541014488,0.621266530171745,0.0037408506,4115,-1133.720931611343,-249.40436750846797,-328.0350899373685,273.1766063045112,-26.4394471837438,19.95680842756796,-46.24880005777769,-0.42837731172930377,26.177216312237725,-34.52544568962801,31.806631749378266,-13.630619612424105,8.985418306047835
OSP_1_26_08_24_20240826_230700.WAV,513.8417,1.5960181603795927,300093.90823853866,23817.05017141694,0.00022964726707298082,0.621738024291765,0.0037353088,4100,-1236.2337981902801,-310.4518271411839,-421.5827459826533,285.1920078843695,-44.005335508365214,65.47492215185835,-51.43316410312568,17.38024012125385,7.185275067255916,-36.7345057007093,23.001553505821576,-12.40071689088195,15.92757005991191
OSP_1_26_08_24_20240826_230900.WAV,587.0309,2.302585092994046,301236.3810635849,23802.669940577573,0.00023132332214960066,0.621253076226418,0.0037702867,4103,-1079.3720965276448,-219.91468679682248,-285.7197401276649,259.04060525102113,-23.073822235359632,-0.8768491798356343,-39.7226963617464,-1.3068050275398333,34.82890095695888,-33.633880179681974,28.304176929900166,-14.609248491170156,4.180602057998648
OSP_1_26_08_24_20240826_230800.WAV,580.651,2.302585092994046,304387.4633767436,23800.04384087985,0.0002294698733312869,0.6210636301314074,0.0038310217,4119,-1060.472481966042,-210.53741710367817,-272.4463357884242,253.50047693901425,-22.496107693637498,-7.087415620478517,-36.96530800665315,-0.7041416588657533,36.85580451257576,-33.70005311500192,26.358102988418086,-14.459269707851396,3.0989669937489293
OSP_1_26_08_24_20240826_231000.WAV,543.6727,2.302585092994046,301569.9968916769,23809.941370290842,0.00022906297814303403,0.6213026497727132,0.0037638047,4085,-1099.9252622184358,-231.33403618191406,-301.61488817323004,265.2375652423158,-24.193262458899884,6.890020166794838,-42.71324191237786,-1.5396909364142668,32.049225159329254,-33.83051127056598,30.19029843250158,-14.503294019348004,5.737765463475623
OSP_1_26_08_24_20240826_231100.WAV,540.45483,2.302585092994046,300911.4224422641,23811.073408401902,0.00022963355150385927,0.6214957320691634,0.0037504898,4119,-1115.9330932479756,-239.90969848686396,-314.1175865156302,269.199284654756,-25.131790714091736,13.12915281872914,-44.59826329506454,-1.3131869760797619,29.41839797992493,-34.043549043936835,31.161703269481748,-14.14463198526864,7.227005801988984
OSP_1_26_08_24_20240826_231200.WAV,682.01416,1.6805956094403984,308106.7413096,23800.402913727077,0.00023067562167516456,0.6209907242925407,0.0038999913,4102,-939.2755733524388,-153.01977815961618,-194.24341608463624,208.20143338779042,-20.95553401671624,-35.82357026239318,-15.1752692017456,6.230539154514811,38.16840668255865,-35.97002220886862,12.789021924524961,-5.378509440436631,-0.26055133359255617
OSP_1_26_08_24_20240826_231300.WAV,637.73254,1.6672350293406455,307742.8740874969,23804.8562179917,0.00022937720591686986,0.6212216836873216,0.003894101,4127,-948.8213241322724,-157.3541437466367,-199.8649572088256,212.1283079024105,-21.129285748890325,-34.043877842381775,-17.114530115552693,5.592869607735155,38.94164264103774,-35.92713844092716,13.709725221701275,-6.566866624139735,-0.10103102233586737
OSP_1_26_08_24_20240826_231500.WAV,602.12305,1.4466459429209868,304699.0253152782,23804.756326679686,0.00022914853800946265,0.6211336876124798,0.003829001,4107,-1014.4680373082494,-187.84177537794324,-240.74216328226004,237.73547015279954,-21.782478374032777,-20.227510869395093,-29.269483221674815,1.5446948336330664,39.906629593409114,-34.46121304655673,20.907589525370263,-12.608571603582172,1.3122877057190923
OSP_1_26_08_24_20240826_231400.WAV,530.5735,1.1651162602139122,300645.034291738,23810.91098022032,0.00022932758308602327,0.6215465176826052,0.0037472202,4114,-1092.9002107368278,-227.31921041011157,-295.855044685344,263.09380974392616,-23.85704247076155,4.169083659271895,-41.62813011955442,-1.5355136846784123,32.92129299376065,-33.64483323643727,29.648340722995567,-14.597130347063283,5.161495197457242
OSP_1_26_08_24_20240826_231600.WAV,544.8728,1.4953270438290516,300730.561519597,23813.512493513655,0.00023011745409864652,0.6213669499348393,0.0037490854,4088,-1154.6054942837095,-261.48654670082726,-346.0627531684905,277.4714838678001,-28.615263430201292,29.116587347370018,-48.120476951819626,1.1080020491448799,22.304552562283593,-35.28081954397015,31.82034845485823,-13.043095875009307,11.135279355939035
OSP_1_26_08_24_20240826_231700.WAV,618.747,1.8951311122670869,305356.978959393,23803.56448453176,0.0002293591565236226,0.6212635000038786,0.0038412805,4117,-966.1727808347055,-164.96648274958008,-209.85356754045725,219.11888160685584,-21.26682015493546,-31.252784442163186,-20.195513207246368,4.537976515581699,39.715230850827616,-35.48309055936925,15.299368527048399,-8.399745827694039,0.20997210846253372
OSP_1_26_08_24_20240826_231800.WAV,514.6853,2.0634963879080135,301247.5594850838,23810.179557476422,0.0002293849551878539,0.621225441095476,0.0037546707,4107,-1169.4291262110767,-270.3773235127537,-359.29998869793144,280.0436229708777,-30.38495334252962,35.7062823264746,-49.26221963324951,3.0244133067148278,19.23848163714924,-35.83855549479015,31.232426076293592,-12.64211849879832,12.668322316350647
OSP_1_26_08_24_20240826_231900.WAV,513.4861,2.159882611499599,299977.2030374761,23812.45871493474,0.00022896322299039863,0.6212585305285776,0.0037350429,4113,-1204.6185061593483,-290.8794235792966,-390.7769331067733,283.9873730312493,-36.23023511312733,51.216026122245,-50.83871228691779,9.100870966109124,12.704150446971484,-36.912101405431464,27.8879827061534,-12.028723998367765,15.338561630971297
OSP_1_26_08_24_20240826_232000.WAV,670.11743,1.8845466375196505,305934.3505268916,23801.58235747777,0.00022947820967277445,0.6209971482484176,0.0038486968,4100,-993.608264151096,-177.93391572076632,-227.35744715881359,230.00172686715123,-21.46505994192903,-25.327520717094828,-25.494863588902984,2.8101014223665928,40.22583774993272,-34.907099471040155,18.44278012161983,-11.055605257777717,0.7757962887152169
OSP_1_26_08_24_20240826_232100.WAV,573.27344,1.6031843582855763,300872.39259126794,23807.444198187815,0.00022981094119307606,0.6212917411683939,0.0037501915,4130,-1170.854768111297,-270.89028405017444,-360.49800794650946,280.1312080331202,-30.48496377385383,36.16982982786682,-49.26482927491593,3.087644022806261,19.103032076178746,-35.82701750175345,31.092852464376527,-12.59977595921524,12.804804097324999
OSP_1_26_08_24_20240826_232200.WAV,648.48395,1.1569331822752178,304833.79331920913,23803.610461970966,0.00023004782900644746,0.6211607167098486,0.0038409722,4126,-975.8957894247974,-169.41713531417457,-215.989702327179,222.81093170760957,-21.31849617092888,-29.06297243596262,-22.128606306848155,3.8347623487425953,40.029140661150485,-35.24032523575253,16.396686220485307,-9.47558203962057,0.39516791336779655
OSP_1_26_08_24_20240826_232300.WAV,634.74066,1.0870147085191073,303353.9476457121,23802.624279352796,0.00022916154701589452,0.6212684088758222,0.0038013181,4144,-1035.1527933336004,-197.8361003408159,-254.59733016969284,245.0567944182228,-21.971384546903664,-14.714490741780311,-32.91282005355652,0.35763953813031174,38.986562023205636,-33.96565942413271,23.43437586987682,-13.82669410577206,1.9214549382002126
OSP_1_26_08_24_20240826_232400.WAV,590.6982,1.6870296121099904,303101.8889848514,23803.570535164057,0.00023016710437034327,0.6211283545170349,0.0038033556,4111,-1084.9752077369606,-223.21786898126228,-290.4563623867485,260.8490646084554,-23.292059160371874,1.4444423428984285,-40.736835512990496,-1.5045761442471164,34.19267064372291,-33.632032937316204,28.852456503401324,-14.64605993522879,4.544734080309413
OSP_1_26_08_24_20240826_232500.WAV,515.8556,2.302585092994046,300334.6004228032,23816.64990200524,0.00022951476131270548,0.6217380848951223,0.003740356,4105,-1232.3463285320156,-307.9259442014946,-417.7240688818221,285.2408451838657,-42.979919545914,63.651523082406264,-51.18163134528736,16.160631996566263,7.7874436117602075,-36.8998633518276,23.725520064694695,-12.315234044033415,15.936947962598987
OSP_1_26_08_24_20240826_232600.WAV,516.3135,1.6573850151175828,300190.4087264522,23811.680623749773,0.00022995165313201494,0.62147833890561,0.0037394497,4112,-1158.3920780941996,-263.6229822991479,-349.27450736699325,278.0084372816364,-28.92330481611642,30.803175934572508,-48.44184663807295,1.4843017320891472,21.48371209446915,-35.348319663307905,31.696871505539818,-12.87286137914294,11.45664345442913
OSP_1_26_08_24_20240826_232700.WAV,590.32513,1.7411995311371722,301966.11936145555,23809.347322647776,0.00022939299050541613,0.6213264668921434,0.0037754741,4100,-1077.1590608530375,-219.24811063435263,-284.40120836112055,258.6201404558333,-23.255455864513713,-1.2917464839759976,-39.465572877934164,-1.294151659028539,34.96507575946662,-33.574047777652424,28.153557228593026,-14.59208190054686,4.075002809977065
OSP_1_26_08_24_20240826_232800.WAV,666.8461,1.8517407211380177,305689.9881401551,23808.094103367315,0.00022891545782170532,0.6213617986494663,0.0038657929,4104,-960.9414343544008,-162.50562723861316,-206.52100975874265,216.837689743776,-21.380495541562045,-32.087254736919306,-19.06909632592154,4.793941213757433,39.43483306605989,-35.59386818157954,14.747555040107438,-7.770659800976066,0.14870791306677775
OSP_1_26_08_24_20240826_232900.WAV,538.3699,0.6467238528694028,299753.1276340151,23812.033067708646,0.000230168963127168,0.6212697421496836,0.0037319604,4103,-1201.7994815269017,-289.1013071713528,-388.0902463403273,283.6455148241796,-35.71812804216828,49.90892051424135,-50.642870444458424,8.584703414518355,13.106108448477165,-36.80667548867689,28.215333937083876,-12.126977581567523,15.29201879079621
OSP_1_26_08_24_20240826_233100.WAV,514.8992,1.76294010126886,299114.10762010753,23816.137615853,0.0002298336736264434,0.6215771829814136,0.003724288,4092,-1206.707142920448,-291.80024055585955,-392.3591902572564,284.03625142680886,-36.64139915218903,52.10407425003758,-50.74368522491498,9.268792981385094,12.296756017493243,-36.86993782307335,27.84566340086713,-12.105047983735124,15.354673709654808
OSP_1_26_08_24_20240826_233000.WAV,514.648,2.252004201249159,299210.4251463587,23814.136401419208,0.00023001189886453442,0.6212351982360059,0.0037256065,4118,-1220.3518438286862,-300.21997024395176,-405.3519903442487,284.83626898240914,-39.655497650899086,58.14303686417796,-51.17128215485278,12.779294585393725,9.823072257377271,-36.99970587359574,25.809409994875587,-12.158158516622882,15.96006194657469
OSP_1_26_08_24_20240826_233200.WAV,534.6858,1.4532851096513821,300294.08526360226,23816.65140564243,0.00022884326234450382,0.6214487038638762,0.0037408946,4101,-1188.5803934264632,-281.33244104209945,-375.99380789127986,282.4204182546599,-33.492033524714145,44.13773796910524,-50.00162333355436,5.873231998501597,15.521310663658934,-36.481705394269135,29.791386706120242,-12.211687930300005,14.332906024229656
OSP_1_26_08_24_20240826_233300.WAV,544.18164,1.505657410136788,300279.2960043482,23811.28110392741,0.0002302087110635184,0.6214582791943342,0.0037422678,4112,-1170.9617080463418,-270.79938702549805,-360.19635904154,280.1039754554602,-30.550822280386217,36.10741399564484,-49.19099805973776,3.078977656956858,19.035793133189507,-35.764389116181256,31.143433628254254,-12.69558884653621,12.809767898843686
OSP_1_26_08_24_20240826_233400.WAV,512.67645,2.2885302802042284,299833.1006950898,23813.154030683712,0.00022900177607191861,0.6212767115357763,0.0037342175,4086,-1209.278467433821,-293.5759702586867,-395.0802378107283,284.31143093202945,-37.21058767787423,53.24028986817305,-50.817566532103164,10.035751190008494,11.760900035921708,-36.88062393243008,27.306930399462324,-12.041875973371534,15.582309375262072
OSP_1_26_08_24_20240826_233500.WAV,513.0543,2.2701922437768927,299445.89855825,23814.291893964528,0.00022931862442860336,0.621286226262877,0.003727447,4137,-1232.6374726349811,-307.8542191313131,-417.6727349925101,285.1234204479509,-42.777781372156745,63.717944726694626,-51.38442357370924,16.181123578327973,7.749978412746053,-36.8574021079748,23.754071765585582,-12.35937256663246,16.072074933817984
OSP_1_26_08_24_20240826_233600.WAV,515.4138,2.0568362739642083,299392.0958162855,23811.80886649709,0.00023070964871940212,0.6213897974005523,0.003728749,4116,-1193.5057716732206,-283.8129764009305,-380.1496167721827,282.83738612051593,-34.054960407235974,46.033894584247626,-50.172329928628585,6.635038247097602,14.735585649401001,-36.62759224388833,29.269691003053058,-12.121834310693812,14.692459598166156
OSP_1_26_08_24_20240826_233700.WAV,513.8535,1.8730234934425214,298965.3758996111,23816.82011875624,0.00023254393883659556,0.6214592488480514,0.0037221683,4109,-1231.8561050044677,-307.1719894401534,-416.42546196746264,285.16814886555966,-42.6160211733323,63.22974126940982,-51.35045653524681,15.808415974566444,8.049261528660407,-36.94284226942606,23.958933970692346,-12.30410846841691,16.01379726061034
OSP_1_26_08_24_20240826_233800.WAV,573.1963,1.7677802386973078,300081.8227030765,23813.343559066467,0.0002298597389107132,0.6214434919751458,0.0037447652,4142,-1109.350028676834,-235.89764762447942,-308.1907380330347,267.41417502281655,-24.78259075124476,10.154088464086191,-43.615851813777205,-1.4593607308805778,30.609827723295258,-33.91810816115545,30.755292185192964,-14.3298822265474,6.49217391110783
OSP_1_26_08_24_20240826_233900.WAV,513.6637,2.2824418279168173,299436.16429187474,23816.229885108387,0.00022952880679133315,0.62158112219964,0.0037274857,4118,-1226.1698954680978,-303.8262592788842,-411.2571746198864,284.97248392882176,-41.254825637953836,60.838538644280554,-51.079670087736254,14.385820466532756,8.785702067262644,-37.08384095101629,24.815176930931916,-12.214083074929874,16.094587429471876
OSP_1_26_08_24_20240826_234100.WAV,522.4479,1.4822873199488174,300106.35605412326,23816.558404516134,0.00022970316482580298,0.6217534175445265,0.0037382566,4132,-1157.3607372852484,-263.05553974695846,-348.17001287546236,277.93785533435096,-28.992792771976706,30.248844802128076,-48.19779034602949,1.397749514413126,21.587824863252955,-35.266418209587655,31.73661798699463,-12.942455283339852,11.415517760288715
OSP_1_26_08_24_20240826_234000.WAV,514.25183,1.5757260201026975,298756.8522835499,23813.45296800801,0.00023080887916466166,0.6215706984221795,0.0037196118,4113,-1212.3028939112953,-295.01680271965216,-397.4057925404502,284.3594868808318,-37.79065274544726,54.36569961795105,-50.84039750061834,10.6843368836011,11.29933714571146,-36.93603438317959,26.975763934223327,-12.114579614152458,15.646918007193632
OSP_1_26_08_24_20240826_234300.WAV,517.7259,1.6579520687631493,300006.63671388046,23811.5862049292,0.00022862768218332618,0.6213204671597679,0.0037375842,4128,-1203.098248261235,-289.804604456453,-389.3041187719452,283.9014171384424,-35.88532826024521,50.40926091235161,-50.68329613528379,8.68873702005761,12.94084840835538,-36.84616797898027,28.224298477112637,-12.15358474500562,15.217665663594174
OSP_1_26_08_24_20240826_234200.WAV,515.6029,1.749710738980254,299358.0859395956,23816.094069187096,0.0002300361960649021,0.6215080951540586,0.0037291672,4115,-1166.0409005933839,-267.7593701218859,-355.27416574690454,279.30998527638906,-29.98569942901223,33.84478654303199,-48.85811671467752,2.365538815730034,20.111817145589256,-35.65847930189563,31.42668590206436,-12.753877423101022,12.278033001211579
OSP_1_26_08_24_20240826_234500.WAV,518.0359,1.429796314622149,299380.1029492624,23813.225267370144,0.00023057531073526072,0.6215374877823632,0.0037293653,4129,-1169.640492041831,-269.8487998008904,-358.62064294516824,279.809052146579,-30.344243526070255,35.50970276708566,-49.13095024264035,2.743935118039502,19.400801752093823,-35.68871056242039,31.20992539373081,-12.641478017820932,12.570558896528915
OSP_1_26_08_24_20240826_234400.WAV,515.7831,1.8715132287207112,300291.8433449705,23810.645037320435,0.0002296146213650293,0.6212621667300173,0.0037416257,4140,-1201.0196019484401,-288.71384233826905,-387.4627656982932,283.7060393946411,-35.48508137313944,49.614093147527804,-50.69813178088344,8.34084719583985,13.238807095032216,-36.852778814587126,28.48666106402864,-12.105495209814695,15.134176750747766
OSP_1_26_08_24_20240826_234600.WAV,515.48254,2.0511568765894324,298755.31271936133,23819.176487485074,0.00023065132769869485,0.621726994480731,0.0037180434,4121,-1230.5874291776172,-306.33017697862846,-415.1997495710953,285.11142346073285,-42.37589590079768,62.65583989240128,-51.13664267838738,15.427306369998758,8.196528900398656,-36.94285989492074,24.1001135903737,-12.337940545996464,16.0655229632116
OSP_1_26_08_24_20240826_234700.WAV,516.2782,2.121160275205664,299473.90066410654,23818.56881905884,0.00023124663351996628,0.6217173585469157,0.0037303015,4143,-1143.2774581256726,-254.79060139323607,-335.6788319592247,275.28223224877144,-27.5172316506901,23.929240032991807,-47.0144668199238,0.04117693838180876,24.52582978216675,-34.72963284384072,31.771010824163277,-13.342452840303878,9.919236724605295
OSP_1_26_08_24_20240826_234900.WAV,517.7228,1.5426438726698406,299540.7417402388,23814.920798032806,0.00022943094795368948,0.6216328168634417,0.0037311597,4111,-1215.6196616101342,-297.2701570683666,-400.78493443927863,284.72374415720225,-38.61954469351689,55.87626969135569,-50.91259590321193,11.546749380251528,10.68973485585729,-37.02282755045777,26.51202871068684,-12.13174123023143,15.805337638318564
OSP_1_26_08_24_20240826_234800.WAV,517.00867,2.1085121234788575,299516.17936761153,23810.44014941475,0.00022898252773292878,0.6214157962408464,0.0037313795,4130,-1162.3916097144918,-265.5841684249658,-352.2605117780938,278.7202613855363,-29.369073558220034,32.12014834055254,-48.57745843387381,1.9489865040838161,20.80123288076536,-35.55301607561192,31.580201788392024,-12.750823657520929,11.881669775247241
OSP_1_26_08_24_20240826_235000.WAV,517.3314,1.755229182607395,299580.08217325853,23814.675862171152,0.00023150363101240252,0.6214783995089673,0.0037298892,4124,-1234.1626252450699,-308.8051612248357,-419.2685038462166,285.1890488418841,-43.232777544479774,64.34130875594167,-51.28259176395486,16.515145552850676,7.558695361386773,-36.73248490858312,23.41410430247828,-12.419778234763806,15.995662792399266
OSP_1_26_08_24_20240826_235100.WAV,520.1216,1.7354203275473863,299388.91646584054,23809.92417724948,0.00022933891242010257,0.6213330726580923,0.0037324398,4109,-1166.5986042627947,-267.82311190280876,-355.8285500613021,279.3081578483364,-29.842170698539814,33.85923507869727,-48.71816414680524,2.336564633202696,19.978983878132986,-35.64223822023453,31.373396589481157,-12.606518169458912,12.24833982912664
OSP_1_26_08_24_20240826_235300.WAV,512.9614,2.2670944022690445,299136.9222607892,23815.683967962766,0.0002294183401433548,0.6215712438523955,0.0037265052,4095,-1132.5157346917777,-248.6934901011251,-326.6861510638652,272.8910513415886,-26.449027027998497,19.47993815268425,-46.101841410215606,-0.6233191594429878,26.38004542132124,-34.287924139003124,31.77451744250933,-13.790706594453672,8.830487893161402
OSP_1_26_08_24_20240826_235200.WAV,593.95154,2.023365317662411,304273.36947583966,23812.60635156479,0.0002317660537010657,0.6216208780020479,0.003832761,4094,-991.4553389504562,-176.63083594081667,-225.16128709684872,228.9896332674104,-21.779327406357968,-25.955456909032883,-24.717258245702727,2.8757074146848116,40.12112616533894,-34.91291366506235,18.153040420646064,-10.802623474589433,0.62036333307008
OSP_1_26_08_24_20240826_235500.WAV,512.9363,2.293411111885525,299502.80626383825,23818.720062264343,0.00022974116241394665,0.6218435347368748,0.0037281779,4121,-1230.0110270807054,-306.19707603527894,-414.75735484893687,285.34674639856183,-42.22497197331045,62.30781947823825,-51.16622310914904,15.312779703080137,8.205002527567432,-36.859484367309115,24.25976513723649,-12.395102800003968,16.0843859318108
OSP_1_26_08_24_20240826_235400.WAV,513.428,2.2891822910543667,299361.4953756017,23818.003422951395,0.00022921264009737055,0.6216106966380166,0.0037278093,4086,-1232.385188750144,-307.63539523730697,-417.10228619554215,285.19427008635125,-42.8643437790144,63.45389264140148,-51.215029196442714,16.081950804843764,7.800129845323483,-36.91487484008396,23.828142994390237,-12.277195067250037,15.98602793752401
OSP_1_26_08_24_20240826_235700.WAV,548.2488,1.4186109171026404e-304,300237.4311131371,23817.887380703003,0.0002290187355845841,0.6216468162389848,0.0037402967,4119,-1167.0081566478038,-268.71932021964227,-356.57865743095357,279.535192205453,-30.197004881016163,34.584398256851145,-48.97187882268359,2.495716476741355,19.75469692038885,-35.55073033398443,31.23705110928065,-12.673023775458264,12.521974679085988
OSP_1_26_08_24_20240826_235600.WAV,513.1633,2.140027397037121,299587.7982293307,23817.273554717354,0.0002298327897342102,0.6214450676624363,0.0037296754,4140,-1229.8595503398128,-306.21666978394586,-414.80351881585534,285.1634259495436,-42.21515622289536,62.49980809245241,-51.229212707823436,15.377829663462073,8.124020077562978,-36.934301954975076,24.253996737342156,-12.193604844711244,16.029432003606495
OSP_1_26_08_24_20240826_235900.WAV,514.2859,2.2108158203473955,299085.58057774947,23818.144656585275,0.00022913552578283228,0.6215795465123495,0.0037246847,4092,-1185.06372569581,-278.7436982283884,-372.07982662590126,281.9622867370819,-32.78684394279865,42.2170555528431,-49.73276922973055,4.970328447497622,16.419374146890384,-36.36896253051619,30.23104499411077,-12.260213026061706,13.898707098700891
OSP_1_26_08_24_20240826_235800.WAV,512.98474,2.188700440370564,300242.6433595404,23817.135380016243,0.0002301160966631007,0.6216977230591412,0.0037395672,4143,-1151.3589639161705,-259.76303779218733,-342.9833786965298,276.9270873033086,-28.317718875848435,27.713089886125026,-47.9076049876236,0.8256676681135722,22.812466956331097,-35.05914547807867,31.905445763453077,-13.141399661788002,10.733354670886856
OSP_1_26_08_24_20240827_000000.WAV,514.2661,2.050593891704353,299583.55870987027,23816.940156047265,0.00023061136603695731,0.6218163238294341,0.0037308072,4126,-1153.9439474671678,-260.91460583174063,-344.9138818636548,277.2944303401423,-28.590999319196175,28.632320738995364,-47.92408092613128,1.00569188001041,22.332833149860093,-35.16186998789303,31.840244073676235,-13.009044709704439,11.01549497729681
OSP_1_26_08_24_20240827_000100.WAV,513.4579,2.0118785831557733,299907.10861175245,23820.2132695707,0.0002312330418106854,0.6216537250217202,0.0037342277,4111,-1232.918001829811,-308.2562235708034,-417.85793056361837,285.2909988754889,-43.15134130641631,63.82424591538198,-51.29530995789123,16.35693985413155,7.721890604399631,-36.85756600557268,23.615401879006274,-12.37753364389308,16.008260163722532
OSP_1_26_08_24_20240827_000200.WAV,513.7141,2.291134109986473,299662.4298632801,23816.98140578755,0.00023005316101618067,0.6215626381756547,0.003732242,4081,-1218.6776456410907,-299.3685342430685,-403.99564842230654,284.73832035760154,-39.49363492696514,57.58907212778714,-51.01563725355419,12.438664467863209,10.051702429245891,-37.08865522160903,26.01361196729888,-12.091682210964285,15.802451660261537
OSP_1_26_08_24_20240827_000300.WAV,517.3064,1.5379666967507608,299728.3243073521,23819.359410205256,0.00023091677010917913,0.6215431238945948,0.0037311732,4108,-1230.988767894068,-306.99231308522076,-415.99392713843196,285.20459570633835,-42.61074158007188,63.0402858979225,-51.28454015281446,15.779886402119876,8.008409784854388,-36.9569978185088,24.082920000149773,-12.357968753452257,15.996188234409935
OSP_1_26_08_24_20240827_000500.WAV,513.35815,2.0623958530245066,299201.3143673654,23822.42052737112,0.00022974572283912696,0.6219749228155641,0.003725166,4112,-1215.2658611794743,-297.0435251534959,-400.3425915074858,284.7080812117899,-38.748294726245106,55.831899696740756,-50.776550263646165,11.305759501209028,10.767461420675483,-36.93616064788201,26.58761014348952,-12.253821454108376,15.76013233051314
OSP_1_26_08_24_20240827_000400.WAV,515.50134,1.947141598337285,299111.53560061334,23818.970608341664,0.00022979955075144913,0.6216405134898225,0.0037259022,4114,-1139.692087498925,-252.6916117119627,-332.54546889919874,274.4098907318143,-27.204590259011827,22.473908097055578,-46.63760763206583,-0.18486969002771575,25.01084323400059,-34.60480611083194,31.92080153637204,-13.449915930401259,9.47112663036144
OSP_1_26_08_24_20240827_000600.WAV,513.6293,1.9012022591327624,299678.4979425359,23816.100456045744,0.00023140893670459042,0.6214671272845042,0.0037326992,4127,-1215.8453003082905,-297.50913596182187,-401.192047243817,284.6836987514278,-38.79253734389718,56.09619606531774,-50.81985564119105,11.68564366662655,10.512630253931569,-36.98462112019358,26.396552816686153,-12.098520506886432,15.796641990638111
OSP_1_26_08_24_20240827_000700.WAV,560.07104,1.571033615915918,301690.2591802478,23813.86069351875,0.00022901375696619824,0.6214789449391833,0.0037700739,4114,-1044.515135845427,-202.51493741949076,-260.43235074678825,248.25190067549244,-22.52816876648547,-11.952571531451142,-34.344186233639576,-0.10976239424357634,38.35146631567358,-33.87803203866078,24.472597864677184,-13.985554309802914,2.2478120381802413
OSP_1_26_08_24_20240827_000800.WAV,513.3227,1.8379958063405237,299766.029206614,23816.888968363986,0.00023123732956656932,0.6216099693977287,0.0037339425,4091,-1165.6036758808323,-267.6028528063827,-355.07437274929015,279.27131847977716,-29.966013436144564,33.69732569217087,-48.73280716123863,2.3325692101751954,20.039075263625964,-35.625746173722824,31.48688917427943,-12.72467380552065,12.237794140236884
OSP_1_26_08_24_20240827_000900.WAV,643.59656,1.482209881106018,851664.3652410099,23194.861053192682,0.00020145696974816375,0.6037607049770386,0.012178144,4132,-760.7781041488167,-100.72027559459583,-154.78658599473752,150.60047217216433,1.9116464260088217,-44.17269280429422,-6.257067485624937,9.721882448029405,27.305863026450574,-29.405776198108466,4.030858795187548,5.441899374970109,-3.2872151062360726
OSP_1_26_08_24_20240827_001100.WAV,736.05444,1.7449617293375073,1120265.5088380484,22988.822685662282,0.008369982902398756,0.5941527393196202,0.033761807,2004,-630.5940065029009,-117.0496124833959,-194.13026762456167,167.8563780172276,11.514447530746345,-41.04613779732201,-12.932321991945122,5.748374486213032,27.15349116470776,-25.177086293213165,7.978970424480165,0.13792637386929613,-4.095362116188772
OSP_1_26_08_24_20240827_001000.WAV,732.72864,1.1927379690911768,623341.5055087951,23401.49717666669,0.00030273944496340553,0.6138614059397108,0.00880927,4113,-804.894921796736,-111.98944460789708,-161.83219251630948,163.20319242710133,-5.232142204439239,-41.99317831491518,-6.2696757636106035,8.157913464873525,29.315017273074176,-31.20368110129426,6.212029382755779,3.6382766728499867,-3.0301727572324135
