filename,ACI,ADI,Bio_Energy,Spectral_Centroid_Mean,Spectral_Flatness_Mean,ZCR_Mean,RMS_Mean,Event_Count,MFCC_1,MFCC_2,MFCC_3,MFCC_4,MFCC_5,MFCC_6,MFCC_7,MFCC_8,MFCC_9,MFCC_10,MFCC_11,MFCC_12,MFCC_13
OSP_3_27.08.2025_20250827_203617.WAV,758.0999,1.6683761097624132,115163.78180095997,5161.752175523148,0.0639273858970817,0.3926123257341056,0.0048263483,2840,-724.4960994063381,94.11955699714385,-142.19358917491095,37.343432122306204,-101.57969493260804,-18.77662590070073,-52.45983803040053,-47.27953029243905,-21.522302491894433,-44.805136389951855,-9.772320929234699,-32.49209767447582,-11.361300336801245
OSP_3_27.08.2025_20250827_203700.WAV,692.51697,1.529947749586365,819126.428656234,4930.802732645804,0.0495532565136357,0.35779272151898733,0.026724065,4154,-569.7018780142491,99.28666420125502,-124.7115674192239,34.10031510911834,-92.49066392752906,-26.253762912083012,-52.359968507800026,-42.221016503825915,-21.57018414745122,-34.05435830765599,-10.71598123794512,-31.615876006103843,-9.207638476441016
OSP_3_27.08.2025_20250827_203800.WAV,870.1531,1.805760799561365,259844.04067885608,4411.700001641176,0.04780727641979226,0.3094872356082465,0.0102123795,4132,-636.1307930886694,112.28463557149225,-74.13384897467316,23.077228876310897,-68.61300141596418,-31.362956320055165,-40.17895523009852,-49.00476997149986,-14.632978514077044,-32.14130282187533,-10.702371442473886,-22.30854030284287,-14.60440482143045
OSP_3_27.08.2025_20250827_203900.WAV,674.37964,1.2643176973418206,110783.5799059536,5150.719555767354,0.07282572557868777,0.4009848883679263,0.0029960477,4141,-775.1331226554299,118.75531184320727,-175.02723490922654,57.36651800239255,-132.21415718447432,-7.494769642951851,-72.23737731363008,-45.37362889968802,-31.114987194287078,-53.439916438626334,-17.601955398035972,-43.91295139886208,-15.350380835694553
OSP_3_27.08.2025_20250827_204000.WAV,599.40186,0.12005001541240948,106115.11596841466,5304.5004014625265,0.07412046222653565,0.41638192683125463,0.0026619677,4107,-785.9238805028771,114.74235480223136,-189.11097508761412,60.395921882326675,-142.10340194854402,-3.0771922537666105,-78.96332935781834,-43.23239807132838,-35.89739811596552,-54.14491552690227,-20.674036034932342,-46.43999925571663,-15.445685811105774
OSP_3_27.08.2025_20250827_204100.WAV,564.22644,0.7260491668209125,101694.26181282905,5282.549578065595,0.07399353594439541,0.41481164632585626,0.0025104613,4117,-797.3900642134669,118.69698174656838,-196.911595582105,61.30934287422508,-146.96775093022478,-2.646411698217069,-82.29766297562716,-42.95107154281426,-38.783105833780354,-55.155454725969044,-23.323709840897557,-47.305385526767104,-17.970984080975647
OSP_3_27.08.2025_20250827_204200.WAV,787.2809,2.129439478377295,108353.90975491851,5299.575494775378,0.07278034061677767,0.4164344634214445,0.0028579761,4117,-763.7048684794654,94.41664525976225,-154.90977334204106,41.33520344798881,-110.96433149955098,-13.844686375577748,-54.20162613955941,-45.00472310878358,-20.035906863332585,-49.779222415891724,-13.534635992662619,-36.98206911378624,-13.264220313461154
OSP_3_27.08.2025_20250827_204300.WAV,564.6127,0.7173358974144416,99958.84316384389,5335.6711923080475,0.07366197451310161,0.42156414335908415,0.0024674283,4089,-789.8116099560281,107.29774586245452,-184.85009920645996,54.363214340936956,-134.51511870457375,-6.471508658923594,-73.1483966680064,-45.62496488058298,-32.4741065434068,-54.711433041969094,-19.076514508816224,-43.9283453959253,-15.242975467254677
OSP_3_27.08.2025_20250827_204400.WAV,563.99286,0.6343733777497629,99676.62383376373,5345.6074642768435,0.07398445667432033,0.42123819835489573,0.002414754,4121,-790.1508679265193,106.83092777068451,-185.69821013417481,54.77635187435272,-135.30650581018122,-6.307531075260003,-73.8580957496998,-45.22337640770909,-33.319624256501776,-54.67309960008278,-19.180746570821256,-44.01934853885879,-15.366484045359194
OSP_3_27.08.2025_20250827_204500.WAV,597.8986,1.4919689102622555,100773.48584119155,5340.49068906891,0.07375742412195904,0.42087553227382724,0.0025211116,4117,-765.9651247672731,90.54704519960781,-153.04771796487344,40.556827497019555,-107.64113835281245,-13.749004682287897,-53.01818949238147,-45.48996512025127,-19.8251465862571,-49.41319739769998,-12.470804128963513,-35.00071467123414,-12.677031014723713
OSP_3_27.08.2025_20250827_204600.WAV,536.9771,1.5571345831212695,98993.14286487577,5333.041987108225,0.07377594664452661,0.4195397576554356,0.0023724874,4119,-818.3861126883471,126.76503754538767,-223.38634618060178,69.91351327797236,-169.3361091971299,4.850636597135111,-100.54359286885257,-39.01264998836522,-52.87931548113797,-54.9501473632122,-32.5009309318058,-49.79752925334262,-23.989666695799958
OSP_3_27.08.2025_20250827_204700.WAV,556.3368,1.6946223832207534,101722.41038262934,5333.440571629631,0.07279859910720958,0.4194110520988459,0.0024750265,4088,-790.4967563915466,108.98585851059315,-189.71419496869706,55.8693010658818,-139.90899869107807,-5.9288728284159475,-78.15488362732361,-44.573626100178146,-34.878216645007456,-55.23286836568131,-20.468870267331088,-44.85562588587256,-15.099338185524292
OSP_3_27.08.2025_20250827_204800.WAV,681.77136,2.11061975379897,100483.59950806429,5341.281622742395,0.0736941114140973,0.42089461996230454,0.0024538632,4096,-796.0599274641553,110.16576485004931,-192.73733027494265,55.93327400635584,-141.13808851834418,-4.684381038340551,-77.69637532161673,-44.71515081417367,-35.75718560594326,-55.50781604792169,-20.85526340274993,-45.47103395256357,-16.41573716630325
OSP_3_27.08.2025_20250827_204900.WAV,701.29846,2.055265006144566,105915.59319615515,5330.907475066606,0.07285295735470919,0.41821416313756515,0.0027373857,4083,-774.6406128408048,98.02384440077927,-168.38718105709364,45.476377446807554,-120.38817818432172,-11.084122769038697,-62.13234151139226,-45.550292168224296,-24.900976250034898,-52.055188670363094,-14.904194857768639,-39.54680926638594,-13.66569871799177
OSP_3_27.08.2025_20250827_205000.WAV,552.12933,2.011309375836809,100582.27649614977,5330.22502733178,0.07285304862192725,0.41903820591725616,0.002451089,4089,-810.6421022450965,121.22030125729052,-213.88401760646713,65.48878617039381,-161.08767429642475,1.2488602405898748,-94.02351223289045,-41.61432173534621,-47.783956903781615,-55.73626017739591,-28.63828274627564,-49.07234639840044,-20.94214797306861
OSP_3_27.08.2025_20250827_205100.WAV,783.3865,2.1137982533809243,113434.77813288265,5331.955930611006,0.0717197008143749,0.41921308550121,0.003024423,4100,-773.1830125796296,99.77987327762541,-172.3818939659745,46.14641956381142,-123.41355799949977,-10.966041736847728,-63.523411945628325,-45.21631317703321,-25.442179631074424,-51.977698471037506,-15.503266066731594,-40.0856672429568,-14.188783823087224
OSP_3_27.08.2025_20250827_205200.WAV,654.8769,2.052187274571692,108034.81021773249,5345.772754809815,0.07236537208522412,0.4204761451158786,0.0027647784,4103,-796.6397507732199,114.2793093400145,-203.02285345979828,58.87478162559304,-148.44707268607257,-2.3880945265077975,-83.46202855386954,-43.585625223785804,-39.916990769782224,-55.31023655040896,-23.112018716793525,-46.80944231089139,-17.73012144756518
OSP_3_27.08.2025_20250827_210300.WAV,745.6682,1.6451449582752922,116277.35053694798,5327.6878315753,0.07107105060509589,0.4183312342935592,0.0031978532,4137,-768.50051560079,99.9416595154051,-173.17984756628786,44.16057357456511,-122.97316746028892,-10.278307979902406,-62.22094323073405,-44.39595076565025,-24.75829675419197,-52.02513441510438,-15.31683221959681,-40.40390340522779,-13.936730794165795
OSP_3_27.08.2025_20250827_210400.WAV,868.66766,2.082371679669145,124555.76894312337,5344.456942050267,0.07090160769472444,0.41774933247626583,0.0034991319,4135,-781.6274547822502,108.69278943944333,-194.3133018849278,52.732668709781485,-141.49235033599763,-5.6823316671803,-75.69816707219921,-43.04621890176747,-33.97032868397557,-54.395063780038996,-20.361077109493305,-45.24019916410369,-15.623380997035973
OSP_3_27.08.2025_20250827_210500.WAV,847.2049,2.0273959511705297,131023.50072204486,5340.573278710574,0.07028996579402631,0.4178436801935964,0.0037838111,4125,-757.606199115527,94.69588786658832,-165.81216754366005,40.97896708186839,-116.20595633769784,-12.398719416028413,-57.7299642948334,-44.2265690355908,-20.98370702996194,-49.38243800728881,-13.807864270568375,-38.289409839943964,-13.456478969615764
OSP_3_27.08.2025_20250827_210600.WAV,854.48486,2.0461397753447876,135955.4467714891,5325.2610601361475,0.06948275701446606,0.4156140563919397,0.004025451,4121,-717.6003758858899,71.04579150153485,-116.6432156059302,22.29078358313166,-78.4847177403061,-18.884305440132678,-31.551455936373937,-37.88021335849084,-7.27922190806529,-36.30678841899907,-9.57424491898562,-23.202738328942466,-11.976791260317983
OSP_3_27.08.2025_20250827_210700.WAV,887.47644,2.0817934114389813,152793.6411319495,5338.52264847339,0.0677547246990129,0.41453714718680196,0.0046839514,4114,-742.9509018850225,92.15778955854772,-163.37131506833882,36.755634884381514,-112.11824277087415,-13.104379227275038,-53.74996166207633,-42.291738236456325,-17.89030655571358,-47.998234389119965,-13.503616221146842,-37.13863783558431,-12.809109541134807
OSP_3_27.08.2025_20250827_210800.WAV,890.42615,2.0229530249444996,171142.1010360427,5354.947344344794,0.065389799773693,0.4154237248696947,0.0053968136,4119,-734.5059509728565,93.47848180211282,-171.82526031927492,36.87546238746599,-116.0729016866037,-12.535667705123455,-54.224842535888186,-41.46908294300619,-19.614748431020963,-48.229344271716805,-14.074178332089412,-38.41638318737855,-11.749612260021436
OSP_3_27.08.2025_20250827_210900.WAV,862.2127,2.0317947707138555,161137.50729815735,5340.6688478249425,0.06603137343826422,0.41415284839212585,0.0049383487,4100,-747.6164622221131,100.55828823981219,-182.15131067680846,41.6165534176723,-126.01105206919064,-9.403047976776994,-62.34001581026857,-41.97071758898992,-24.013087073029713,-51.04257893079746,-17.00896228187238,-42.07920946703209,-13.055061502386808
OSP_3_27.08.2025_20250827_211000.WAV,868.4739,2.0509133100376933,167585.7030509439,5353.334206235059,0.06473002227925699,0.4129577773059382,0.0052577103,4125,-744.7565495380021,99.6949276242978,-185.39678591498853,41.65965241777458,-128.18006444093027,-9.414061981531678,-62.099827656630595,-40.34627230356176,-24.694083962317816,-51.344786652763055,-17.118317598641134,-42.557808361131286,-12.602539209781938
OSP_3_27.08.2025_20250827_211100.WAV,851.2964,2.0713324336799492,132219.91068217627,5337.414621902601,0.06734834790783935,0.4163748371183917,0.0037885942,4115,-774.4044484903361,107.75327592759133,-195.23252947509937,50.077043279013466,-141.0178987986012,-6.153945011998414,-73.12058722827135,-40.54121308939788,-32.43052992436318,-54.23903425498859,-21.596416585181906,-46.69759063502329,-14.99400181406985
OSP_3_27.08.2025_20250827_211200.WAV,910.8271,2.0021223609299805,168122.66155809487,5320.161918963482,0.06628869797131642,0.41447461228360016,0.0054168855,4109,-741.7857711746027,97.26506632699916,-172.6491347879873,37.33632674352132,-120.97583225333761,-10.445937025562868,-56.545591978209934,-40.652387589032095,-21.939152618205956,-50.11478354249328,-15.376380410477216,-39.583547653488175,-11.899685120816377
OSP_3_27.08.2025_20250827_211300.WAV,909.45264,2.0773188117104335,187658.7557365692,5392.347141501115,0.06573200878110938,0.4178016872789464,0.0061585377,4171,-730.2361854061049,90.47255400453949,-170.97121742804006,38.554292512754195,-114.98493370845206,-12.022774419278376,-54.62833013550373,-41.298124358281335,-19.702089226800545,-48.09328880454093,-14.828459228528699,-37.851634993329675,-10.680913152563853
OSP_3_27.08.2025_20250827_211400.WAV,895.7418,2.0343302946463315,158594.53537523944,5339.170483082572,0.0659503074887556,0.41470166488272525,0.0049874918,4124,-732.210561073805,87.70063365535275,-157.21946882730873,31.989611220725347,-105.79701658600061,-13.822951992273294,-47.03117027564559,-40.79844015688588,-16.29438522585943,-45.81943776006819,-13.175100659664357,-35.025591790466336,-10.660138563807084
OSP_3_27.08.2025_20250827_211500.WAV,929.41345,2.102750976505867,155939.83325778894,5328.0535343617585,0.06648957338841545,0.4139505188942666,0.004932808,4137,-733.5873274913714,86.85560722327813,-151.95521792157896,32.248506195300656,-103.13765772293831,-15.691610274357659,-47.066819302466406,-41.272164136735945,-13.938249499285659,-44.311115650347816,-11.602580385525354,-34.13290595923953,-12.621446506144032
OSP_3_27.08.2025_20250827_211600.WAV,908.39276,2.074362380423892,188056.68590163972,5366.65416992704,0.06386459055966603,0.41424028818410275,0.006236719,4148,-739.3925319893784,101.48686389061363,-191.8023449588314,43.96146493741911,-131.6614451203972,-8.916885556302137,-66.31136891162319,-40.28267627332193,-25.524215102866975,-49.803088553887456,-18.061090514585263,-43.47643122116361,-13.365630380226126
OSP_3_27.08.2025_20250827_211700.WAV,875.61115,2.0215566440968957,147688.3898430302,5330.016245756111,0.06686622457628959,0.4149056304681683,0.0045421235,4122,-756.5071091503454,101.0118611531394,-180.3024332210098,42.88538721975482,-126.38117843478636,-11.104396264739902,-62.69056051091137,-42.87922551231999,-24.020531168969214,-50.32269948984121,-15.764306806949026,-41.60988036025479,-13.989752396818371
OSP_3_27.08.2025_20250827_211800.WAV,919.6339,2.067461165324399,163902.39524806177,5349.292945405806,0.06605832643333304,0.41569804222123974,0.005138552,4131,-739.8719255871094,96.21213961895602,-173.90563183564464,38.82308161935708,-117.2033747289449,-11.003245969215863,-56.47969022691762,-43.151312723499004,-21.70068607500891,-48.834277494985145,-13.75432573616803,-38.54250850280399,-12.573743423899021
OSP_3_27.08.2025_20250827_211900.WAV,876.8916,2.0622761480035323,149647.6694551025,5337.420304707135,0.06641298835740975,0.4150875997649851,0.004546506,4136,-747.8263668253662,97.4342333934898,-174.41010587644743,39.90478663149728,-120.2972462142641,-11.875807762659248,-57.45421023429864,-42.44402950798405,-21.24806483707685,-49.44149814079465,-15.491940042967201,-39.95217423875271,-13.549671906260427
OSP_3_27.08.2025_20250827_212000.WAV,912.29956,1.982080478014604,154908.45289762327,5404.868820555574,0.06860997742127889,0.42048378019126953,0.0048265364,4119,-736.5779109850876,85.76464182276985,-159.1782015065841,37.93291842547797,-104.98917712148722,-13.439926933972037,-50.667131045997344,-43.270916935741965,-16.913252104188814,-46.53792888811108,-12.436561944391046,-34.186560428912095,-11.617252760529784
OSP_3_27.08.2025_20250827_212100.WAV,920.9033,2.046701632109201,157018.052009754,5362.864395186529,0.06838950386988203,0.4180460096914557,0.0048857043,4122,-752.3345471283935,99.8907110084307,-180.55903549137196,45.092662819857274,-124.46193598582123,-9.318381535117783,-63.35954877312309,-43.54069437717429,-25.209274838177326,-51.21021921184098,-16.04333136468113,-40.79645635322756,-13.048796159335057
OSP_3_27.08.2025_20250827_212200.WAV,898.3109,2.0562115665094787,154923.4200178766,5383.681188512339,0.0678887511286479,0.41908946999488084,0.004810283,4107,-730.128809245208,85.57717406956804,-155.76703833913479,36.013793705283355,-103.491475277117,-14.531089837442549,-48.75344449589869,-42.56506146021123,-15.641615902941433,-45.84998473179563,-12.390890183328295,-33.33109763891487,-10.82117131466027
OSP_3_27.08.2025_20250827_212300.WAV,903.06494,2.06411826617497,169083.1981827148,5391.275863623803,0.06889535189599262,0.42185882091167165,0.0053801397,4130,-749.6991235683706,95.09072875152063,-176.23782061584717,43.88410406937021,-120.44277475763548,-9.796342943176276,-61.04003260889151,-44.26832551187223,-23.86987721329919,-50.522401609641754,-14.685633005058577,-38.916831673432554,-12.188030539835669
OSP_3_27.08.2025_20250827_212400.WAV,870.20514,2.092680100450609,165523.9614130055,5403.631799369675,0.06896953551508268,0.4220206117949553,0.0052315276,4131,-749.0966764870594,94.93201924539066,-177.73317297374533,45.20468556721002,-121.22076129858046,-9.074218275288297,-62.439943262855635,-44.132277989724436,-24.534366105836046,-50.83605456139377,-15.334224580160255,-39.82333005723198,-12.72667919677364
OSP_3_27.08.2025_20250827_212500.WAV,927.70245,2.116620872842368,140193.1500402625,5380.240615594227,0.07059600744203821,0.42131800307148176,0.004151841,4143,-757.0889308737336,95.07256245395838,-171.56453501956955,44.32011860358685,-118.13297920687259,-10.621226137872892,-60.14145235337939,-44.681241727096726,-23.41499920350645,-50.98204364589691,-14.765203378370982,-38.7580320789165,-12.811563637237326
OSP_3_27.08.2025_20250827_212600.WAV,894.25806,2.0689367428314345,156708.92464031532,5398.522925262419,0.06968611540952048,0.42187172782483245,0.004845723,4129,-740.3456550132371,87.25035071057604,-160.29276566570647,39.28402122641192,-107.60859430454308,-12.362899019817181,-52.65715287490265,-43.8370718762961,-18.719035594877305,-47.632416260079744,-12.612922301692892,-35.03239220518823,-11.2468390050786
OSP_3_27.08.2025_20250827_212700.WAV,873.15173,2.104541212366556,143275.3767516843,5385.155162513267,0.07018594226552251,0.42129037137006703,0.004312814,4097,-751.9477580757716,90.9997915645199,-165.05298228945546,41.50492945377608,-112.84049691754828,-11.883813532944377,-55.657913305429794,-44.39619871502996,-21.215875054238186,-49.79287291281301,-13.431363881667355,-36.694057529080794,-12.002489938250186
OSP_3_27.08.2025_20250827_212800.WAV,862.3777,2.041002613711082,159084.24563764554,5381.502325542959,0.06921657017663378,0.4211200364738459,0.005049078,4102,-740.8753840342445,88.74572117459927,-162.82409621425197,37.886718932875155,-109.12887175667403,-11.892607827282703,-52.33921966516881,-43.82201297727601,-19.229534139312317,-48.167572818618815,-12.872125924965045,-35.40694943376128,-11.374979452428429
OSP_3_27.08.2025_20250827_212900.WAV,871.239,2.064421405936991,163068.65983715927,5386.102792923515,0.06830989057309642,0.42025218290441174,0.005111499,4114,-744.2806587974495,95.27739782714877,-176.17031628103814,43.53230123574058,-119.64297775297342,-9.836793458468993,-61.157438774134796,-43.5099912010013,-22.60659212342551,-49.939200814320884,-14.62626010285668,-39.45027346438917,-12.56427724233161
OSP_3_27.08.2025_20250827_213000.WAV,877.2961,2.03835865458567,135692.1448522176,5371.9064260906,0.07057582826456586,0.42156396157157483,0.00396091,4139,-760.3356514559679,97.6102330467439,-176.52059714324568,44.71478931838892,-121.50573676906984,-9.346114382667121,-62.23949104317178,-44.657882400324254,-25.434240638428957,-51.42692120424532,-15.155197663732022,-40.020818960175326,-12.992047988428792
OSP_3_27.08.2025_20250827_213100.WAV,859.27136,2.021489317045574,134878.20867209742,5383.579034447383,0.07054661734496745,0.4219060856640916,0.003940135,4103,-763.0369804921672,97.43099204885853,-177.7156717688846,45.56202425395938,-123.00467593294972,-8.90522613716765,-62.934950004002125,-45.06607719184342,-25.763377027538237,-51.730518519071055,-15.509915152619074,-40.261530919233095,-13.058227378230658
OSP_3_27.08.2025_20250827_213200.WAV,905.157,2.054050914932768,191764.34475032293,5413.036742265653,0.06697631311260352,0.42077609450623604,0.0064690663,4109,-721.410460097924,83.92395883282025,-159.8470824830789,36.191490784174405,-104.84103563350769,-13.073429521334171,-49.70315953904374,-42.76633949279711,-17.236424830587808,-45.656105065531996,-10.95544456518505,-32.95399585731411,-10.952459595429914
OSP_3_27.08.2025_20250827_213300.WAV,882.38525,2.088224893213926,153669.89520448894,5344.089351941547,0.06905273336419152,0.41749592068829117,0.0046631275,4110,-739.6315090595372,90.37123090293859,-157.97925480768848,36.907725716436374,-108.31054275389438,-13.32110401480982,-51.29505825321172,-44.18041915692191,-18.71194988819489,-47.38196863900339,-12.399669727835528,-35.010950354443196,-12.014410897605332
OSP_3_27.08.2025_20250827_213400.WAV,881.421,2.027814912514176,142597.8513029337,5399.29419315272,0.07145746282480843,0.4237512288835629,0.004366614,4118,-751.7586399518991,87.85924403675753,-160.1398665553412,41.38050014788957,-108.58057982845992,-12.512794634142129,-53.62279570400023,-44.88019715325326,-20.32640916874607,-48.62257655084278,-13.10754339486191,-35.76041799087916,-11.66087911691018
OSP_3_27.08.2025_20250827_213500.WAV,927.62415,2.037920341412077,157058.56972357354,5398.2646026792645,0.07004472029317506,0.4222785682706627,0.0049501834,4121,-739.9926204297548,85.00879475849621,-155.69857117532064,37.91448428722614,-103.29700004798745,-13.30891334764787,-49.65164989531346,-44.297840177985556,-18.33929848710657,-46.63191067019711,-11.436269028446388,-33.652264802505634,-11.508154959952536
OSP_3_27.08.2025_20250827_213600.WAV,892.7176,2.089181709621857,179118.5130097794,5397.843490363589,0.06897307495210148,0.4210894961722822,0.0057878722,4121,-722.5488855703622,79.19470111035909,-145.22429896547794,32.75093112886592,-96.24014461482611,-14.758427117804205,-44.16931864723955,-42.056940742480265,-14.138761418764572,-43.328862093672086,-10.404521915651365,-29.99169945610402,-10.86352544480639
OSP_3_27.08.2025_20250827_213700.WAV,892.9618,2.066044028853815,152949.47581703032,5402.051451375592,0.07010032035068904,0.42292591359130677,0.00472524,4126,-743.257396887141,86.64185577588192,-159.43690952260712,38.89857877813906,-105.36412287274827,-12.501864029078797,-51.15319245969429,-45.05814571613628,-18.968631118876857,-47.13898406213645,-12.05420530085061,-34.110872041602484,-11.327325078724494
OSP_3_27.08.2025_20250827_213800.WAV,898.2987,2.055265313791239,157948.36416856316,5388.718232432303,0.06896112674009329,0.42111930932380864,0.004942941,4104,-744.7085386463577,91.92487639600188,-169.0588764853458,40.83807326067576,-114.26308182256052,-10.967738996555779,-56.7102289718648,-44.155631494013086,-21.417726035642286,-48.89436795181722,-13.572790248531057,-37.10493049016646,-11.877846737715847
OSP_3_27.08.2025_20250827_213900.WAV,850.2477,2.0664510196364163,160321.8268268885,5381.913479251008,0.06903936942562554,0.42055249586978777,0.005052101,4131,-741.3969507781424,88.17820785625803,-160.24504674589227,38.45968322428557,-108.86310744526205,-13.406833686537798,-51.87415653167985,-43.734181545861496,-18.493790573120318,-47.24565892338856,-12.237412923356036,-34.945954862028145,-12.142301414567154
OSP_3_27.08.2025_20250827_214000.WAV,882.78815,2.057368040148837,153039.70720000623,5401.078866998324,0.06885615820062148,0.4222371207185406,0.0046920995,4145,-730.4392265947563,81.0544512988892,-147.83117170678028,34.035880443871584,-95.3990177078763,-14.723612284389556,-44.533205205253,-43.875045328337315,-14.902289693856266,-44.0490797271623,-10.430251042012973,-30.42667464365852,-11.086359444051325
OSP_3_27.08.2025_20250827_214100.WAV,908.57117,2.0464859397444943,144274.6383358576,5396.483675026425,0.070691710797517,0.42194862394126953,0.004432722,4130,-759.0155061700957,94.2341682777916,-173.6181988572436,44.863804361968576,-119.36633111389415,-9.943709817241615,-61.07460864202678,-44.91122867879532,-24.924442398149075,-50.51220027138891,-14.43991528971024,-39.258773788347206,-12.588111960017875
OSP_3_27.08.2025_20250827_214200.WAV,889.3562,2.0821195528028986,137813.73998332466,5369.5700450726545,0.0703080639095181,0.42049305135424425,0.004028744,4127,-759.9314558393527,96.099241398858,-172.8915625428619,43.91207528140639,-120.56397071526801,-10.179732622478564,-60.46419889169385,-44.29653311785802,-24.187602546413242,-50.85118868734441,-15.06911918679692,-39.78693593036701,-13.46520586376182
OSP_3_27.08.2025_20250827_214300.WAV,911.4679,2.019547842564238,159399.43611164083,5364.375696034076,0.06615583050487196,0.41747192473706257,0.004996388,4100,-727.0559557165845,82.378890844166,-149.2228741293045,32.20641615141407,-100.1728230464416,-15.35071609155454,-44.43820531260989,-41.53735867793434,-13.629258885355046,-43.5339021104337,-11.469511079276025,-32.32094490129954,-12.147050304404228
OSP_3_27.08.2025_20250827_214400.WAV,906.9517,2.066914339863713,154279.5242969109,5340.843048951386,0.06676827108127487,0.4161252428681124,0.004824113,4104,-744.2388628617979,93.93156296793256,-167.68835080582912,38.06085831311003,-115.96358743421163,-12.505060912232784,-55.03647626030656,-42.73532979024128,-19.62676220164897,-48.426369998740654,-13.671757591915881,-38.40630168829174,-12.92625037333255
OSP_3_27.08.2025_20250827_214500.WAV,920.11145,2.1016104776632654,153470.98682295854,5352.235271320157,0.06933362495128857,0.41857446598101267,0.0048163845,4093,-739.8512370481925,85.98179307644142,-151.0251525966207,35.03811720176074,-103.49760982062114,-15.357694608014684,-48.26377960534036,-43.39318417825667,-15.602267033237634,-44.88717694806371,-11.3715948826718,-33.23096937956607,-12.56879189834512
OSP_3_27.08.2025_20250827_214600.WAV,866.0134,2.0635495980628105,129704.14375625849,5359.150718620185,0.06935551796312628,0.41908165313198065,0.0036904644,4125,-753.8945038485194,92.24756506954868,-164.56706026909018,39.77214861071816,-113.53714700011831,-12.74973452151096,-56.216767055771584,-44.087185210755216,-19.740728512281027,-48.09771078854406,-12.300952041006733,-37.244301910941665,-13.170694755443087
OSP_3_27.08.2025_20250827_214700.WAV,839.2903,2.0363894542479004,153872.1407689241,5357.7007907453335,0.06785470799678511,0.418046191478965,0.004806872,4090,-745.8636250434097,93.04333608058367,-168.2274899211742,39.7038602772202,-114.99717339175533,-12.151984485835479,-56.737315097241336,-44.075802680821205,-20.341874430310618,-47.7048675786735,-12.45895693796207,-37.95879033867576,-12.997900613575395
OSP_3_27.08.2025_20250827_214800.WAV,905.79706,2.0883499611469225,149783.79482388162,5354.004929342524,0.06897088557032151,0.4182463395267126,0.0045841965,4117,-753.8023422924042,98.05260762992006,-176.6793930437941,43.566530439898635,-122.92312977216055,-10.012154559428259,-62.87660527793562,-43.60952698875599,-24.51249156692826,-50.07900355847688,-14.644497045969068,-40.674072074593404,-12.877279909902144
OSP_3_27.08.2025_20250827_214900.WAV,888.4165,2.0497368594808867,149402.15632287835,5343.54547972601,0.06877163684683366,0.4173623068689501,0.0046118936,4123,-750.0732975866171,93.83234283718797,-166.35806617569236,39.40855147167905,-115.79218612872387,-12.05907385576083,-56.84348975397603,-43.36434270213186,-20.060091180336542,-48.80158507089167,-13.44660081930028,-38.33167014778845,-13.066138815715464
OSP_3_27.08.2025_20250827_215000.WAV,885.0006,2.078341733223163,144881.82648193376,5344.403462203307,0.06939717412670798,0.41824070411392406,0.0045460225,4123,-750.8939160111194,91.19340005750816,-160.56823900025702,38.334575110751004,-111.30629669982424,-12.670733141685961,-53.48305144745583,-44.26901478610654,-19.249228050413333,-47.848488889908666,-12.817280047605829,-37.04720419900953,-12.939937683591344
OSP_3_27.08.2025_20250827_215100.WAV,884.0997,2.0362459037337084,156673.16000728207,5387.550050932175,0.06760257475562836,0.4191021951205324,0.0048664305,4119,-749.9600831815484,96.43539778018553,-180.26153162137024,43.807490597457615,-123.48062647746183,-9.297736709646458,-62.1568421443637,-42.946809904003416,-24.67337340809176,-50.230865719393854,-15.15080162497962,-41.453331975738536,-13.158239536235385
OSP_3_27.08.2025_20250827_215200.WAV,904.4098,2.0494658580637766,171180.03297356967,5364.265844151349,0.06860099527419214,0.4195037637285927,0.0054697865,4119,-746.7391834914681,95.00115989983401,-173.08627467582005,40.68499963524234,-118.5979345240736,-10.184833642461887,-58.01732260080107,-43.831898455697036,-23.031622286051395,-49.56873596463357,-14.350961243014982,-38.96876138861591,-12.425927440227968
OSP_3_27.08.2025_20250827_215300.WAV,812.8518,2.046729952046457,126392.35783665582,5381.355615432049,0.07078786191170358,0.42237600637565154,0.0035744803,4102,-775.1648197490213,103.57997494174778,-188.81553620179398,51.30359899574909,-131.8255029801204,-7.243327805019357,-70.55771247191652,-44.69152419814824,-30.346562917874685,-52.92863213795833,-18.729338221609872,-44.24420467870474,-14.34701880162747
OSP_3_27.08.2025_20250827_215400.WAV,893.274,2.0373021901294046,173680.72406739314,5386.392227001871,0.06781715214389764,0.4205094122300819,0.0055907653,4122,-716.5811817019476,76.0136144061022,-138.4147640852766,29.013129258438912,-89.81892046758509,-16.01316551666561,-39.241031673168656,-40.42203516052955,-11.253772351985198,-40.60970609784401,-10.201134748453306,-28.210318715362252,-10.52831649309743
OSP_3_27.08.2025_20250827_215500.WAV,830.05676,2.075499281779252,131083.87818046,5317.696272992069,0.06886987126664192,0.417125801319341,0.0037583588,4114,-750.7231659989781,92.95052003956361,-159.46474522940147,36.817242370252,-112.14674830193071,-14.196811429482233,-51.91689613075495,-43.18019826147931,-18.43914842631419,-47.969245210251486,-12.8005798092845,-36.361647401056636,-12.659696121609617
OSP_3_27.08.2025_20250827_215600.WAV,841.02515,2.022748810482711,136266.82990229575,5337.658134639084,0.0680916184824596,0.4168291241041511,0.003944039,4111,-759.013861503468,100.3191284269538,-179.10180673574126,43.22020640658373,-127.56405410018306,-10.4208108715669,-62.9920799710993,-42.45167254886619,-24.521752543607032,-50.55071710655936,-16.422234022339165,-42.13572049905759,-13.489111855601791
OSP_3_27.08.2025_20250827_215700.WAV,882.3274,2.033423409714172,144008.94038749565,5360.614323493318,0.06902326337129465,0.4184054035973567,0.0043535354,4117,-733.027646883687,80.93587220110773,-142.290694917165,31.937251286408138,-95.8646393763526,-16.476989484934418,-42.83019055483296,-41.76476022673643,-13.709550535713051,-43.03803229244044,-10.488929592930434,-30.459810394549546,-11.4034363406714
OSP_3_27.08.2025_20250827_215800.WAV,841.17596,2.061902818008112,143613.9082346642,5345.20418945507,0.06807271638795757,0.41869262786206257,0.004325972,4138,-744.599553226666,88.90781000335383,-157.00676037346972,35.86280914386235,-106.54922022546307,-14.17506896546174,-49.46260150969165,-43.120521795915415,-16.73718229103376,-46.62816953501887,-12.732732275762926,-35.34734649300846,-12.967449053463984
OSP_3_27.08.2025_20250827_215900.WAV,816.87366,2.019636756060423,126867.44818271237,5318.64045883294,0.06814537430585385,0.41718051935964257,0.00366263,4102,-767.9252433081052,103.15338002004164,-180.54688961100544,45.7193150204083,-128.82050632321622,-10.274913374317585,-64.55249090870227,-43.167126788277315,-25.883137147372064,-52.51458539634386,-17.540309540602564,-42.999207857223624,-14.19322950531863
OSP_3_27.08.2025_20250827_220000.WAV,822.9735,2.090062097818295,130446.17507138039,5345.7707217438865,0.07028136926269347,0.4186226396709791,0.0037640545,4094,-754.917675345548,92.55170631439525,-161.96697086127406,39.49680762244202,-112.85522163469288,-13.469588197683306,-54.605356868270455,-44.0163931370568,-19.23496888207832,-48.40371871488722,-13.349634119261566,-37.15198266744229,-12.653177084635963
OSP_3_27.08.2025_20250827_220100.WAV,887.0461,2.0197244194314687,145716.3835229063,5350.271691924186,0.06967375149816397,0.41828378775362995,0.004473666,4104,-748.3467185158615,90.24570492442236,-160.34303458705637,37.49287565365187,-111.10936517327507,-13.735481114659208,-52.29792945827878,-42.93556326022301,-18.81450803791654,-47.589581512574064,-12.90550178008677,-36.00117200591556,-12.5588154961233
OSP_3_27.08.2025_20250827_220200.WAV,892.6088,2.0902957458608604,136924.07845101005,5358.54391254516,0.06972021273173903,0.4197471772035555,0.0040869894,4125,-761.9421428013129,97.59762021096907,-174.39954363314578,44.61757653508924,-121.68516324373991,-10.801162977492522,-62.167326083519605,-44.486863146106344,-23.71658844077703,-50.71578335415073,-15.353709033852539,-40.41602894312114,-13.520023873043487
OSP_3_27.08.2025_20250827_220300.WAV,906.56573,2.0810499258326858,161900.93617586337,5342.590959519409,0.06755416700951011,0.4170769004793373,0.0051166075,4110,-747.8437663754776,96.08010955316581,-171.9780570116096,40.501120701376216,-119.51789805803055,-11.5217458832814,-57.80919687835459,-42.7065378725167,-21.87972934191737,-49.135272143060426,-14.311001244879268,-39.28855345645275,-13.225620882666167
OSP_3_27.08.2025_20250827_220400.WAV,832.2832,1.9956597529984643,126603.68649887732,5332.7606606723475,0.06853103309439243,0.41604798317665675,0.0035750063,4103,-758.1328434147246,96.85180170834133,-170.68921754493837,41.409703377157285,-119.91292924427853,-12.255252487965265,-59.4743178119763,-43.49147313351136,-21.53326152006119,-49.150671742623985,-14.190621589989478,-39.27793711404126,-13.493016587445231
OSP_3_27.08.2025_20250827_220500.WAV,862.8456,2.0444196209412313,143477.24411642473,5321.821531528247,0.06815017501145854,0.4153753693922189,0.0044175177,4105,-743.9273698579218,88.91627629547841,-153.4568094476215,34.55187703499668,-107.04652518546453,-16.320821769043153,-49.08161330375143,-42.33021390956907,-15.217234265536732,-45.1542402314257,-11.60583801753083,-34.450345966444424,-12.768386541251594
OSP_3_27.08.2025_20250827_220600.WAV,830.40594,2.0140595652426403,133299.1970428338,5331.660011757669,0.06937438719801792,0.4177311537253351,0.0038591563,4121,-747.4461249649316,88.80588230355639,-153.7871814795861,35.47312517964222,-106.67381095187834,-14.523868464426258,-49.178077862109795,-42.66604157711133,-16.885246344176576,-46.78203654982268,-12.401315603915931,-34.54679879891438,-12.762076062533954
OSP_3_27.08.2025_20250827_220700.WAV,604.17664,1.9459561343772842,100860.22297517722,5351.494497243413,0.07340800976509308,0.42173320574274015,0.002464554,4128,-783.3021942996,101.93831829712909,-178.56322376932002,49.245925456356105,-127.19309597796506,-9.074274020177686,-67.14695034184854,-45.95500181251025,-28.907538566106243,-52.830691461463324,-16.961573370863924,-41.93044973471407,-13.686379577788156
OSP_3_27.08.2025_20250827_220800.WAV,676.43695,2.0274455325976395,101462.83384620438,5353.791494278738,0.07365046972724992,0.42182537200995907,0.002489715,4138,-779.8538398508907,98.94090795095995,-172.62853992887352,47.04809341049731,-122.81023920339443,-10.233917974488891,-63.57212733827333,-45.9265453564526,-26.16559485249577,-52.54834818871263,-15.770585709980278,-39.936072367508345,-13.61104325062299
OSP_3_27.08.2025_20250827_220900.WAV,539.07214,1.9266924159922634,99725.62811920578,5355.909641906317,0.07323366215374985,0.42178683305798587,0.0023899733,4114,-816.0670147582437,123.61925892457194,-223.01612263146188,67.87679874577171,-167.0010044920111,3.8710382498613796,-98.53882853014134,-40.377110912816796,-51.97728139268897,-55.352912883395895,-32.2377027635413,-49.88524618606168,-22.35756938314336
OSP_3_27.08.2025_20250827_221000.WAV,541.45154,1.9630333872261825,99683.64175702714,5351.338267004048,0.07333759985855985,0.42146016090376026,0.0023856696,4107,-821.6085507620278,127.72027913278063,-230.59337152274207,71.12459950047386,-174.34195088737846,6.391821206456019,-104.75053083832944,-38.05155260401809,-56.68281096440159,-54.46511777394417,-36.260324928996354,-50.45062077825728,-25.41583994141973
OSP_3_27.08.2025_20250827_221100.WAV,532.00464,1.7983470573526752,99479.34338030868,5350.625145218729,0.07314613377821369,0.42152651334465746,0.0023860303,4134,-812.8118094265665,121.2576000559922,-217.5834696182717,65.6178862206324,-162.3691644887457,1.9243873456633231,-94.70059347001735,-41.02966846562155,-48.627914178460536,-55.334985549441946,-30.105759376898742,-49.932797858004015,-21.176959342197847
OSP_3_27.08.2025_20250827_221200.WAV,519.89185,1.0955732915629848,97635.90469956426,5355.141046043248,0.07388660915371709,0.4222732964328928,0.0023241136,4133,-836.42601721838,135.66209219402612,-246.21611477438006,79.73684021587076,-188.90470125514472,12.642681313399278,-118.4925833510938,-34.40714151707718,-68.44193030104006,-52.52343114008528,-44.71476963117169,-50.26234391006517,-31.656015060009107
OSP_3_27.08.2025_20250827_221300.WAV,519.9096,1.686313357060492,98311.57195381897,5350.92473444693,0.07379129778859411,0.42189226981338424,0.0023455175,4097,-826.2372279359113,129.56842300512577,-233.35984606169114,73.60943452487298,-176.91295109655968,7.806560962206794,-107.67031738892987,-37.90111233479424,-58.96255299632474,-54.41808654257622,-37.7430226574585,-50.49765552281747,-26.49845903825328
OSP_3_27.08.2025_20250827_221500.WAV,519.2812,2.1972245773362196,97688.40624141507,5358.672197709179,0.07408168855799449,0.4226248734758935,0.0023204216,4120,-849.8546693293382,145.45815272229143,-265.3353780012227,88.8705711479131,-206.93669370990546,20.82648355079393,-134.94643496237063,-28.095041141998358,-82.2519112365822,-48.62304124680101,-56.44935461474983,-48.498079054874715,-41.289738627316964
OSP_3_27.08.2025_20250827_221400.WAV,514.7395,2.195308173134107,97793.83522619148,5350.071087745926,0.07374404105736398,0.42174774874348475,0.0023259444,4083,-843.3736554825084,141.0528435065025,-256.2391055265641,84.08757825706508,-198.4638999700339,16.731098089934335,-127.02992528341005,-31.151190341746233,-75.5018746183902,-50.77610255302463,-50.76495546114785,-50.18886809537964,-36.68001153512421
OSP_3_27.08.2025_20250827_221600.WAV,553.97974,1.3423332654727909,98727.558785989,5352.97965889531,0.07373905534595736,0.4222005814291698,0.002391918,4098,-776.9681572419972,96.1425693725365,-166.6301590562319,45.137712980241986,-117.8545354345039,-11.113330117987832,-59.73713625056904,-45.83582990092832,-24.613560858308904,-52.24837828093563,-15.112387552068457,-39.17225671161353,-13.074624958555253
OSP_3_27.08.2025_20250827_221700.WAV,520.3648,0.22371807606583377,98268.72255241891,5344.185208557213,0.07340004059972893,0.4209889676796351,0.0023463222,4117,-836.3247253635624,136.70395460171386,-247.24238493430207,79.23635008117382,-190.13299847345988,12.836694407230791,-118.99936410868244,-33.71028401661196,-68.53132913601263,-52.49958526266483,-45.319468984941516,-50.51074867882154,-32.2921486592613
OSP_3_27.08.2025_20250827_221900.WAV,521.3568,1.7168617827503527,97240.08534154842,5355.135012190494,0.07424564916752534,0.4226875901666046,0.0023140684,4109,-821.9309913434705,125.25638695876988,-225.17266435326383,70.4402802812905,-169.14510285806875,5.17127678483588,-101.77828876773728,-40.00381278416765,-54.46619248697536,-55.08637819776465,-33.61293852905331,-50.49563060158443,-24.06933878605747
OSP_3_27.08.2025_20250827_221800.WAV,514.6656,2.1546825529777216,97641.98042101995,5353.598806311393,0.07409359330744543,0.42227293285787415,0.0023283355,4124,-814.2296000867292,120.37027557722293,-215.32181354476847,65.82119394836832,-160.17754841802903,1.865380849033406,-93.96286081751397,-41.96777754372449,-48.08480429363456,-55.89257822954102,-29.229249561789842,-49.44060295558417,-21.108628635948982
OSP_3_27.08.2025_20250827_222000.WAV,517.703,1.820867238082557,97817.79858213391,5358.602753256415,0.07387827659383585,0.4223176525851638,0.0023310778,4120,-820.8845790970698,124.75551761156026,-225.04525929750892,70.08351868774761,-169.6202055217716,4.734577669031832,-101.66074421818725,-39.47609598378958,-53.8511726205978,-55.054893575355074,-33.52985321800805,-50.09526586020079,-23.824521838932608
OSP_3_27.08.2025_20250827_222100.WAV,573.06177,1.9479309110590197,100432.10625702553,5348.691487211707,0.07305798147514256,0.42041179233758375,0.002429636,4118,-800.7619028664069,113.269177694478,-201.3726884954716,58.92023513265904,-148.07492082767564,-3.2927916611337187,-83.87644264263402,-43.28174399487923,-39.195273746101186,-55.12549014540012,-24.071232785233857,-47.47439435270509,-17.723140679586578
OSP_3_27.08.2025_20250827_222200.WAV,552.3163,1.7431256238495596,99442.92510670869,5340.240368543439,0.07307400312056272,0.4207693683683917,0.0024168158,4103,-812.9021282876346,121.26483600747639,-215.96025637022734,65.30354136286292,-161.7467072229773,1.483761866236913,-94.27682784466296,-41.335250779446625,-47.95994700154185,-55.56958414483002,-29.628731208366123,-49.51246460347105,-20.834642328965806
OSP_3_27.08.2025_20250827_222300.WAV,634.8899,1.149116320132569,103440.40830564617,5298.786895953916,0.06932176751857967,0.4158374732408786,0.0026279758,4117,-798.6523380582304,115.19037707782354,-201.10772682494516,56.15729176265207,-150.20559503955576,-4.848975803808812,-81.64540273584865,-41.212863747249294,-36.74671643200582,-54.33053986415831,-24.655084606358365,-49.35476642245041,-19.183527127141776
OSP_3_27.08.2025_20250827_222400.WAV,555.97095,0.6700089798274271,99060.45244059135,5336.007357784187,0.07276078545349886,0.42064338962444153,0.002396782,4104,-796.0214791985863,110.00602320130693,-192.7148268158849,55.33926981431824,-141.141160218227,-5.658964766596398,-77.37206182364967,-44.295434571714004,-35.31691832463106,-54.81485194270252,-21.153566036201497,-45.5762922006974,-16.4143138588881
OSP_3_27.08.2025_20250827_222500.WAV,518.34595,1.683375611225243,100791.01199727469,5314.319015586368,0.07093885438250035,0.4171948805728779,0.002459809,4108,-828.2806369692856,134.02196757811097,-239.7377547077152,74.17294180093045,-185.3587926564673,8.956956402379351,-112.63429793400333,-34.008009584044494,-61.99113171270984,-53.04533145187786,-41.42453934053487,-51.427334621054094,-29.936847994401493
OSP_3_27.08.2025_20250827_222600.WAV,690.85406,1.9789783781490173,107701.93770036548,5319.821617037002,0.07153510701722796,0.4170230913765823,0.002739443,4114,-779.1199714869575,103.03120017384018,-178.24144782292205,47.07639038276091,-129.59707793358976,-10.405136330862607,-66.96103485604829,-44.119000132776065,-27.094336281491124,-51.88974473748857,-16.909099363342154,-42.43525584876545,-14.653439063924251
OSP_3_27.08.2025_20250827_222700.WAV,564.45026,2.0063644264348626,99792.40813808289,5337.997761351306,0.07320749875239899,0.42028126890590095,0.0024095308,4107,-814.2884774646635,122.6713779228212,-217.99844352524553,66.93139151272327,-164.86082697172026,1.6395511261461921,-97.0665189557837,-40.6679516297511,-49.338027834693726,-54.47965873552421,-30.086793607251522,-49.51009749281139,-22.38449673648103
OSP_3_27.08.2025_20250827_222800.WAV,527.28064,1.5844102164864475,99252.42162937112,5330.142012582878,0.07276970863673475,0.4197768085675726,0.0023778095,4099,-826.9209066422142,131.72410643253102,-235.66594852231458,73.32635011432386,-180.4282324074988,7.532779018446494,-109.87052276812267,-36.47420869225975,-59.57110420333635,-53.331793184170145,-38.66031440002638,-50.666186562960775,-28.261696177500742
OSP_3_27.08.2025_20250827_222900.WAV,543.85675,1.9802838250000585,99726.25536332428,5354.154019144164,0.0736342567658051,0.42316550952857407,0.0024089317,4123,-808.844859377817,117.93110721116236,-210.72093009381112,63.318603840606315,-156.29733231868255,0.14938635782373302,-90.22784218628962,-42.59453869271958,-44.75973421818899,-55.86504788214433,-27.54694188752039,-48.64522160290097,-19.669561512870427
OSP_3_27.08.2025_20250827_223000.WAV,726.3256,2.0155353356871886,103074.76417011475,5347.4614280860005,0.0729534052566049,0.4205941252094192,0.0025747262,4138,-771.5960974643858,94.93020285049374,-164.01102061306256,43.48020751110446,-116.45988134970267,-12.461710084770951,-58.43322583597652,-45.01538314257021,-22.11382314065548,-50.63384236444567,-14.563912731204166,-38.9229645795102,-13.694376316312882
OSP_3_27.08.2025_20250827_223100.WAV,632.05316,2.1371980183979375,101026.40237968962,5347.230692068838,0.07341277052381413,0.42074991710489573,0.0024567298,4129,-804.4108283457448,115.82856691496823,-205.92797853304725,60.58006022983573,-152.35263377971677,-1.8086442132817413,-86.14967312943143,-42.442112445190624,-41.79495429334773,-55.59303616361384,-25.811356965342995,-48.459907769280484,-18.337459380995305
OSP_3_27.08.2025_20250827_223200.WAV,553.99896,1.2609874818690137e-304,99231.00041063345,5348.915450943091,0.07416285457797521,0.42100114744275874,0.0023856596,4099,-793.4007090263551,108.16386318270932,-189.76616453824008,55.05307315968866,-138.02457609012995,-5.814845089275107,-75.85302589359206,-44.7885332551782,-34.34876642700436,-54.626111331521216,-20.11753562686401,-44.97367875415824,-15.788308733295057
OSP_3_27.08.2025_20250827_223300.WAV,640.71265,2.0909071978494715,100838.15359234797,5348.0953021571795,0.0734555034897831,0.4214343470774386,0.0024555249,4110,-801.1147722396438,113.66372102173466,-201.46083001458987,59.12680555954567,-148.77449448112176,-2.9100449597421285,-83.7075959659426,-43.138914210840966,-39.7916317453256,-55.0998072746829,-23.987093911290376,-47.52437356424567,-17.880886526650336
OSP_3_27.08.2025_20250827_223400.WAV,518.50793,2.1911725221056653,99393.9864252911,5337.796282989688,0.07252976828220518,0.41927562040441174,0.002381864,4142,-836.8217115435184,138.4440030973579,-250.42417231352695,79.97519470262154,-194.18710686925326,13.698586987111346,-121.29564777324664,-32.11627596146367,-69.73143504229624,-51.316145071839045,-47.8190921056745,-51.229802092802835,-34.845483159151044
OSP_3_27.08.2025_20250827_223500.WAV,697.03906,2.1740692826392056,100320.78253014422,5346.406815270799,0.07370245643505872,0.42053249924376396,0.002425955,4097,-788.5564669067222,104.96002542224184,-183.70714669679862,51.702368113358524,-133.1264535363481,-7.748984584928249,-71.61046300698281,-44.911093989027584,-30.975490213408392,-53.38487649055861,-18.4609286017402,-44.05637626279804,-15.514369349186898
OSP_3_27.08.2025_20250827_223600.WAV,519.24133,1.9253961048167885,97707.11327520244,5356.003523510745,0.07409831969987275,0.4225392515590097,0.0023326494,4091,-818.5379055185168,123.23580382531881,-221.45669983680125,68.67984440095941,-165.8039144526671,3.7480839509373967,-98.84632096108577,-40.84916845440219,-52.243802460501755,-55.335684534026385,-31.703710480074932,-49.76215859477552,-22.66999493382531
OSP_3_27.08.2025_20250827_223700.WAV,575.08887,2.017722754925826,98225.86592171044,5353.80058679907,0.07404071753815449,0.42268159117879744,0.0023645929,4120,-800.1220594770481,110.90922621728501,-196.19763423017721,57.798743611791664,-143.27704887617668,-3.8008577606177703,-80.16053336596464,-44.859997838762446,-37.6543931416496,-55.228564985364024,-22.15795305788656,-46.5389575010427,-16.818352375480217
OSP_3_27.08.2025_20250827_223800.WAV,556.91614,1.709603814631253,99747.60137964798,5349.198291299863,0.07361882270159004,0.4212576496183917,0.0024308097,4084,-792.2979802095608,106.72737451799533,-187.70287281949655,53.81542574490318,-136.12592407252114,-6.353554349480805,-73.97427875463381,-45.36141817117647,-33.490844560590595,-54.333640187119585,-19.67598495025404,-45.0129226299208,-15.433884787675206
OSP_3_27.08.2025_20250827_223900.WAV,531.6848,2.178743280666108,99419.93958800373,5349.607252578457,0.07344698710271015,0.4222932930589166,0.0023989826,4102,-801.7426497844652,112.44464700555379,-199.67723000216586,58.80957586272473,-146.59481452040922,-3.3252216528204257,-82.63754928975503,-44.188062006261404,-39.42181115614558,-55.31086780319206,-23.310604407256413,-46.8928759220315,-17.022333718949564
OSP_3_27.08.2025_20250827_224000.WAV,522.971,1.1341551433260295,98481.16507824902,5347.216826924206,0.07359218437861445,0.42229238412137005,0.0023614534,4120,-818.7615279933344,124.49405614044646,-222.94812182021715,68.8839278926649,-167.665724914359,3.851276036000093,-99.74655082388439,-39.871736292804734,-52.21313456061309,-54.910380471458495,-32.99214527059907,-50.54663478448066,-23.27509554472267
OSP_3_27.08.2025_20250827_224100.WAV,580.6316,2.0592732126410382,100330.47700068449,5354.564303732759,0.07387675634722657,0.4217979220960536,0.0024479504,4095,-797.6098381402588,109.86832947680088,-194.30673981086403,56.835544076095076,-141.68891803393956,-4.487534275723217,-78.57260531792652,-44.667073620819316,-36.26476030278085,-55.002431908533815,-21.459300612888182,-46.24623218149554,-16.737763078249344
OSP_3_27.08.2025_20250827_224200.WAV,585.28625,1.3915573005787611,101289.46570501717,5340.908962437522,0.07319982830409859,0.42096406279086,0.002505519,4105,-806.114101919784,117.67005230808198,-208.61672285734198,61.44637338914291,-154.10642919280343,-0.4377787707137344,-88.48918022243875,-42.94678652383878,-43.23897933688151,-55.44531824428633,-26.406527006288833,-48.67744405792877,-19.26512925276298
OSP_3_27.08.2025_20250827_224300.WAV,524.9673,2.161853643572913,99074.77472313952,5328.857394811646,0.07282040084896611,0.4199878638658786,0.0023754882,4134,-829.0439906008876,132.93431504539325,-238.44796784207784,74.58276734012496,-182.4140870124581,9.180218305086276,-112.50487940501037,-36.348196155668795,-61.75182454146741,-52.991587795606286,-40.34931584908633,-51.303797435872745,-29.030721476042856
OSP_3_27.08.2025_20250827_224400.WAV,623.62866,2.0149217364503036,99410.14214567223,5348.273631002512,0.07356904866877349,0.4212074762658228,0.0024008725,4121,-799.1037527079654,111.44434052520016,-197.07652212356874,57.170044000430714,-144.0046245727981,-3.8429555078396738,-80.33503242157853,-44.327440556759655,-37.4697928133844,-55.10504009640439,-22.48245986028908,-46.91257056344737,-17.1186373907225
OSP_3_27.08.2025_20250827_224500.WAV,586.3729,2.053009279977767,100228.32897578819,5359.250547341701,0.07363357666322624,0.4225319800586374,0.0024379357,4097,-792.6431397625585,106.66999325058725,-188.9488638814213,54.296856851121355,-137.13035667831852,-5.529148506087111,-74.74220372796027,-44.92232961507227,-33.87072306484526,-54.44178888893958,-20.07517239859172,-45.39767262499643,-15.560471295183318
OSP_3_27.08.2025_20250827_224600.WAV,548.6543,1.8486574338203245,98604.94213760138,5347.857974815309,0.07357012334103173,0.42198534501814966,0.002384887,4146,-801.932824997744,112.879730139603,-199.9687727473038,58.53388469029046,-146.56816745788998,-2.971048612568493,-82.2881658134362,-43.89466243268617,-39.09237166843788,-54.994380843352424,-23.428106355338794,-47.58114614809311,-17.84674513453096
OSP_3_27.08.2025_20250827_224700.WAV,656.06354,2.0277694649736713,100472.57466683291,5355.775744433358,0.07379133112843254,0.42279229977196575,0.0024566618,4130,-786.7854968139037,102.94930309125186,-180.71145760533,50.88193148867095,-129.6333711586328,-8.322589436908594,-69.46985314297648,-45.433024052268266,-29.631664908880868,-53.57609162423917,-17.571129471378846,-43.02839809322902,-15.015442367800047
OSP_3_27.08.2025_20250827_224800.WAV,570.46204,1.7664333093231632,105506.58375407795,5339.191044350153,0.07296086906358833,0.4206979258772338,0.002641583,4127,-799.4626209521055,114.04346722243615,-202.280855696999,57.563704503132215,-147.7645692539718,-2.6516822266944926,-83.39736230530531,-43.93143958300644,-39.77693730290972,-55.04651424092904,-23.167895365396557,-46.69529909029822,-17.533591046360243
OSP_3_27.08.2025_20250827_224900.WAV,746.1388,2.103824045790927,103094.7272725068,5353.669738253174,0.07381275180885966,0.42215695242693596,0.002585079,4089,-782.0321660358176,100.10259954387236,-175.0395876089314,48.63666206554651,-124.99143910317666,-9.243072594849991,-66.18651812734713,-46.103063263219056,-27.70598973195269,-52.68886980237995,-16.30340432807246,-41.528472686686634,-13.933665408071018
OSP_3_27.08.2025_20250827_225000.WAV,543.4923,1.7986348788686524,99612.02664705623,5352.07660459923,0.07371189305515725,0.4219137207394825,0.0023923689,4108,-801.6320825546333,114.1961471594936,-202.31199453769844,60.16892284706135,-149.18791562402214,-2.051773075498058,-84.90888089099256,-43.444691494804246,-40.04192257023366,-54.76851775353626,-24.45648167829107,-48.21508156636002,-18.131748944026377
OSP_3_27.08.2025_20250827_225100.WAV,576.0784,1.950762695724935,100239.75288770482,5355.512703337526,0.07368986544749108,0.42198988970588236,0.002412416,4114,-814.418000571751,123.08880616985444,-220.89428938104652,68.63318899474308,-165.6043924659209,3.164264526206319,-98.81892722236039,-40.26402279628291,-51.181016499471745,-54.31159965270445,-31.913383130494935,-50.21519251860001,-22.53566684051691
OSP_3_27.08.2025_20250827_225200.WAV,605.48987,2.090750459351198,101427.02208654291,5369.4739929042225,0.07382372760457181,0.42278539184661207,0.00247221,4074,-785.1179475604065,102.12809561377998,-180.53253840850348,51.95269327635011,-129.97228469761123,-7.600962632466197,-70.24362173367422,-45.76558305058948,-30.42340076994692,-52.94008285653804,-17.958388846939826,-43.39962637776458,-14.488605626911106
OSP_3_27.08.2025_20250827_225300.WAV,715.2681,2.0725088209260445,108389.15871713578,5375.907997994852,0.07231822258453965,0.42204242629607225,0.002749735,4113,-777.3537298245926,101.5877207794457,-180.2851897440894,51.326848029412126,-129.87407406469939,-7.888873708908009,-69.56046849808594,-44.63527918215152,-28.73157706747869,-51.27409370787649,-18.10902012890324,-44.52096306628333,-14.24175562785208
OSP_3_27.08.2025_20250827_225400.WAV,651.92334,1.900012390079051,108575.97219157025,5369.564354615405,0.07093591053314054,0.4206172122231013,0.0027638306,4127,-779.4168193564644,105.27713787877029,-186.67551934601096,55.320080400395504,-136.30820094623246,-7.3316020612466986,-74.32648081817536,-44.46773806240631,-30.994094615235003,-50.70552343029257,-19.916832611593374,-45.236802180209615,-15.111970031374836
OSP_3_27.08.2025_20250827_225500.WAV,604.3125,1.9717085046460578,104755.80550010383,5374.050859120352,0.07281407762584306,0.4214976091306776,0.0025865345,4125,-797.9359922660867,115.16620960723193,-206.32874329418465,63.14071847106118,-153.4663651848302,-0.2311299810808395,-88.58002354235245,-41.97801808896361,-42.282776493256506,-53.383144395420324,-26.8003246117984,-49.55665071901505,-18.782482077364342
OSP_3_27.08.2025_20250827_225600.WAV,731.9684,1.2804727328687227,107402.26695809254,5349.735171974729,0.072783728406679,0.42023073197831345,0.0027127163,4116,-780.8277965714229,104.29737617585812,-182.56556732813831,51.56315164502258,-131.5885160422722,-7.457532516134367,-70.89235566778117,-44.62835791008652,-29.647693065692454,-52.59111112497893,-18.538861700315945,-44.223973329491166,-14.843047992723013
OSP_3_27.08.2025_20250827_225700.WAV,727.4862,2.042074894841622,110467.80904963773,5355.487662422128,0.07225153879749001,0.4199764112527923,0.0028627908,4129,-777.0493041326843,102.9729351286496,-180.62313911661172,51.721812576788366,-130.77528187968846,-8.029442023798818,-70.91312271174687,-45.395519890998806,-29.568940463564704,-51.528353350799414,-18.069286594115056,-43.03125568617297,-13.59824825768084
OSP_3_27.08.2025_20250827_225800.WAV,603.45905,1.9976454061526212,103951.80835136173,5331.8529973411405,0.07231513068921443,0.41803764746602756,0.002552483,4123,-810.3141654114033,124.38544288968816,-220.2836654347025,69.32548181246817,-167.80634972397536,3.00272391172328,-100.82617815369971,-40.51455490055616,-51.53498140527416,-53.148919793188114,-32.99609085597874,-49.28001692948504,-22.69658194575501
OSP_3_27.08.2025_20250827_225900.WAV,627.37634,2.0646160620847676,104326.70239508663,5347.191578705105,0.07219322057413907,0.4191854537997952,0.0025700077,4103,-802.2036922787141,118.69902486840874,-210.2874272321382,64.18128978770824,-158.11048677200986,-0.577897410881609,-90.75752831030451,-41.58369198252331,-44.25988870062428,-53.532211311886385,-28.642504908217717,-49.471629118581916,-20.118963661866825
OSP_3_27.08.2025_20250827_230000.WAV,620.55914,1.876095350368363,105819.63154986105,5360.369307463978,0.07259862545942428,0.4203881599613738,0.002640751,4134,-781.767521165833,104.53042746265126,-183.5318441901442,53.87354059505845,-133.87533486781115,-7.461444224381219,-72.5321817581593,-44.9346771966119,-31.15537169701909,-52.12466595476866,-19.55915882994362,-44.78904263086551,-14.276303110667609
OSP_3_27.08.2025_20250827_230100.WAV,737.00616,2.032677357894801,103451.34008858929,5362.973913598705,0.07380955075900635,0.42215095343912884,0.002568623,4107,-779.3531706790641,99.39773603588786,-173.97405382777808,49.29370886707096,-125.02367914341588,-9.271291388691157,-66.17371203091241,-45.56300523904341,-27.264333956894117,-51.83316843090333,-16.807684646711394,-41.82698236236376,-14.064796907422881
OSP_3_27.08.2025_20250827_230200.WAV,691.0222,2.0410292968386843,115066.47898161323,5365.509314930046,0.07150211612361893,0.41955102848101267,0.0030214195,4144,-751.6315527746236,89.587460154728,-154.20048920244855,42.257550412046484,-108.82343991859481,-13.537046150248488,-55.378359323051995,-44.73983134571067,-18.210174908742697,-46.210794951647564,-13.909105233369166,-36.90533526264355,-11.514172506717145
OSP_3_27.08.2025_20250827_230300.WAV,527.1993,1.899768230366347,98170.34858834754,5359.909600867216,0.07412046568000907,0.4234100137285927,0.0023424982,4124,-821.1858111977359,125.38432310206427,-226.0305280692452,70.39620010577484,-170.32514506604645,6.023641223214059,-102.4159907660423,-39.3392489277857,-54.82296706250687,-54.9450749484224,-34.34540735789901,-50.489192367544256,-23.96730408076096
OSP_3_27.08.2025_20250827_230400.WAV,742.4221,1.9868612501380252,106181.22760608973,5336.404768904037,0.0724927178953195,0.4198611579718913,0.0027327747,4089,-764.1397335884284,91.2624858951196,-155.6450051155148,39.37619350030978,-108.81516525517239,-13.627041435153025,-52.993044417079666,-45.2565762096328,-18.966256936704948,-48.57516102216278,-13.276030690888026,-36.054898442083505,-13.12013318111174
OSP_3_27.08.2025_20250827_230500.WAV,519.36865,1.8073320699619035,98208.25564318948,5343.1961291844855,0.07348189925994372,0.4204830530412323,0.002344365,4130,-821.1445564983737,126.32801367683535,-226.1318537972321,69.82355058596046,-170.51520698638845,5.285016201667778,-102.16207786079475,-39.53216428279803,-54.02646210287068,-55.05704947441479,-34.24353762304799,-50.62834585421978,-24.142361268903844
OSP_3_27.08.2025_20250827_230600.WAV,547.5569,0.6814882427691411,98942.30220671187,5357.834550327634,0.07382396881505678,0.42276339555798587,0.0023936676,4122,-795.5416838422266,108.18029400110554,-191.50530258580224,55.44598590178854,-139.15860018003875,-5.4353579652752,-76.58468338469446,-45.10663488223178,-34.728860013909284,-54.61693987646903,-20.484461628520766,-44.977607649598326,-16.151449709997443
OSP_3_27.08.2025_20250827_230700.WAV,928.9592,2.00250584405775,339197.2308322637,5336.670162028401,0.058682694594248325,0.4086066932706627,0.012934001,4142,-668.1068364646785,86.10753736433614,-165.9062621316608,25.722485111388483,-109.64716706386581,-14.951667223936592,-46.95466442408756,-36.874596972331865,-11.761270557217367,-37.82789682824457,-12.348870978956487,-34.84737206570807,-7.970586197440198
OSP_3_27.08.2025_20250827_230800.WAV,949.8358,1.9519551966639277,337254.08808440954,5278.192940242403,0.05800960121624932,0.40598059091120625,0.012646522,4139,-652.9325202900079,81.04911443540513,-145.00153115586266,18.205936709109835,-97.07084527990928,-17.97099624294472,-38.610693066465494,-35.36608795413372,-6.444635204668518,-33.36450047912309,-10.242909826307207,-28.602880720450354,-7.708834695509795
OSP_3_27.08.2025_20250827_230900.WAV,930.2909,2.0495292893050285,473100.68927034637,5304.757276205003,0.05261903451414744,0.4014548090794862,0.018309183,4159,-624.9757695657073,87.67635353161204,-172.53863162502,20.676102927844205,-115.43587935351546,-17.514471239416835,-47.16581386562423,-34.28625936582162,-8.309956080708085,-32.99899503265965,-11.392576756537752,-33.97781985071766,-6.1603001100661
OSP_3_27.08.2025_20250827_231000.WAV,931.5266,1.9450221415790432,390341.28214286634,5270.7277358825295,0.05451936864638848,0.4017972967470216,0.015031451,4127,-644.951345931822,88.52966559153504,-164.32403574995917,19.657699968565886,-110.34765425340693,-16.802263652212275,-43.85475272834058,-33.956412878332856,-8.802372332398589,-36.679362614388744,-12.26873620120036,-33.407196128892245,-6.754206170686599
OSP_3_27.08.2025_20250827_231100.WAV,915.7493,2.0187952342527864,349616.96228724637,5349.129628641775,0.057634559044668424,0.4104367481268615,0.013048315,4158,-667.7142131733303,89.40150975881,-175.775134047471,26.5912939084272,-115.8080496012883,-13.023952748115029,-50.17097675318188,-36.295274167414235,-13.261022472637116,-40.37806907895217,-13.932313108726284,-36.288422092058845,-7.664485269676623
OSP_3_27.08.2025_20250827_231200.WAV,942.31934,2.071999323736337,317740.32083217433,5390.362597534644,0.060704507166033206,0.4151206850916791,0.011938826,4124,-675.1841772242354,79.71678012443282,-158.7765754520752,26.442793141893702,-99.46503453866502,-14.550749353529,-44.30350461253485,-38.36739920776749,-11.487717844554675,-37.9147179408833,-10.845803457834396,-30.906979118947593,-8.290682832616973
OSP_3_27.08.2025_20250827_231300.WAV,942.3362,2.0400713658442404,270241.46243337484,5374.593013873623,0.06356857566258552,0.4161797791209047,0.010004304,4143,-699.9514014149945,87.46620854281662,-166.83974586237392,32.26596032771729,-110.5935521525713,-13.160012005575922,-50.33335177334269,-39.95352823896639,-16.264270525601347,-42.30982743550364,-13.065373791052249,-35.421535770730756,-8.989859542171605
OSP_3_27.08.2025_20250827_231400.WAV,940.50165,2.0297640652568427,310340.35232050985,5348.285400046549,0.061315046478348886,0.411512930181962,0.011834438,4143,-682.0881233587983,85.20806823220957,-160.7094330462647,28.014717927630024,-105.29684095605114,-14.42720085701391,-47.32791595184758,-38.7135597022511,-12.329020034919655,-40.00575748017414,-12.132499383334675,-33.39539211763426,-8.845791689694463
OSP_3_27.08.2025_20250827_231500.WAV,940.5638,1.9941736371405634,216852.4716100599,5371.1942778677785,0.06430093425665362,0.4162121372975614,0.0074914335,4126,-716.9691788199618,90.64461095603315,-169.95483541760774,35.32394144908134,-113.4245445709572,-11.98333172540209,-53.52110903344962,-41.25146231807311,-17.956034661865623,-45.263630774910354,-13.8273689166695,-37.33132365456855,-9.83408367812705
OSP_3_27.08.2025_20250827_231600.WAV,927.27057,2.0504936142201546,224049.09301803238,5374.31365836097,0.0641590456949973,0.4166533355826508,0.00785006,4148,-706.701025691184,84.42117118409618,-158.19944387548637,30.832713624516987,-102.5266316214081,-14.366569328970982,-46.539374316845134,-40.81428580601906,-14.177821526829351,-41.97864552912292,-11.621952920929946,-33.191087296088156,-9.551597691348347
OSP_3_27.08.2025_20250827_231700.WAV,907.99365,2.060628143678493,214392.9146124585,5361.319927768847,0.06530761648459364,0.4178453162811802,0.0075006136,4102,-722.8635358357867,92.2438891734694,-171.69866465350586,36.648081807809966,-113.83735719688083,-11.559288767499586,-55.11467441783672,-42.2183551046144,-19.58533354821892,-46.03023291053263,-14.040168197749416,-37.832059847374374,-10.757047082671907
OSP_3_27.08.2025_20250827_231800.WAV,921.8208,2.068527104309069,184628.05096925428,5379.497096489593,0.0668064180928468,0.41961792628443784,0.006075544,4114,-723.7869484510163,86.88881151298655,-158.9115863855512,36.35425026619877,-104.22062202446152,-14.184979698525725,-50.82336083048412,-43.29951060699571,-16.365474128896253,-44.42906695826591,-12.421219958203432,-34.20927754438088,-10.123137554131262
OSP_3_27.08.2025_20250827_231900.WAV,932.48456,2.051703380322756,304228.19573737757,5387.8213736590715,0.060196421613559405,0.41378800086094564,0.011084139,4125,-686.8988850949593,89.92781663701939,-176.77122777919712,33.109154178927554,-113.758292831269,-11.630581542975959,-52.28539681262594,-39.79175178526557,-17.314955655386118,-43.093806815838356,-13.810152405551952,-37.19553234853851,-9.050171111700845
OSP_3_27.08.2025_20250827_232000.WAV,934.98083,2.0073551880230336,230117.31489895948,5356.302987656441,0.06340403218554391,0.41534737411578554,0.008269167,4103,-703.0756588040766,85.04365577620631,-157.58358763557175,29.826924472340963,-103.29644216685124,-14.642204285103736,-45.179455704760656,-39.400059157008315,-14.204148461652908,-43.05376259839647,-12.251831173635557,-32.78312743620229,-9.077115785847198
OSP_3_27.08.2025_20250827_232100.WAV,914.23364,2.071508306721624,207370.6738520233,5354.071511091554,0.06556314696248623,0.41645718686010796,0.007109411,4165,-722.683357997025,91.17342166451347,-167.17524997295516,35.25798984027358,-112.14684174959342,-13.225970509434559,-52.91758496554239,-41.66222033483847,-18.248156040815825,-45.62700206700267,-13.460148493497766,-36.31189387396182,-10.074838480696565
OSP_3_27.08.2025_20250827_232200.WAV,912.9663,2.0401981805121343,212600.77919015367,5427.332404592195,0.06584368511624941,0.4220297011704207,0.0073545333,4091,-717.9675865901514,83.85491358389336,-163.29384624725265,36.461189285264695,-104.11297734456268,-12.940394180760048,-51.01760380920912,-41.58795403868824,-16.03924846363459,-44.63824392697391,-13.026158842112041,-34.76440033953926,-9.448084097620267
OSP_3_27.08.2025_20250827_232300.WAV,909.5708,2.074356702976918,196644.47158885206,5385.761283214997,0.06573157979808522,0.4191580038858898,0.006772363,4124,-724.7350229365798,87.42739918843154,-164.51571947299925,36.01210450213687,-108.75076143292179,-12.682971770993543,-51.83201884309925,-41.969050903539575,-17.14562290553281,-45.528383854687974,-13.352455833594643,-35.65309721618897,-10.426307591005312
OSP_3_27.08.2025_20250827_232400.WAV,948.83136,2.094534433154416,216990.1885980137,5394.018883385911,0.06567741564183269,0.41840685789743115,0.007559721,4129,-719.2397850350575,88.40885995015225,-168.3689236203703,36.17493344000555,-111.66426548027368,-12.358395345179058,-52.75229374630572,-41.71008250041695,-17.925700329839497,-45.02152430829252,-12.777808097552692,-36.45311158860686,-10.674500744947329
OSP_3_27.08.2025_20250827_232500.WAV,915.4082,2.068730934081012,219221.5830312781,5398.821182671255,0.06616093889476617,0.4191625485736225,0.0077051013,4131,-714.6751786392794,84.03127100471579,-159.23947391946194,34.33074160203416,-104.21426851845116,-13.437704676481406,-48.18933713465688,-41.778510897356526,-15.966410697321558,-43.42175936422702,-12.772381255103276,-33.92007610430562,-10.285368148508129
OSP_3_27.08.2025_20250827_232600.WAV,898.38995,2.0297319173157216,203863.30165427848,5395.502270662043,0.06428719856310705,0.41796547782483245,0.0071190395,4122,-708.6477013364226,82.285049790543,-156.7568335641907,31.814033984474445,-102.54898506387852,-15.186298630178834,-45.49082297290112,-39.44185719545184,-14.344732153530423,-42.31926730403465,-11.444289725423774,-33.236055462354116,-9.455593843258645
OSP_3_27.08.2025_20250827_232700.WAV,918.54834,2.0437442386627716,226214.4862279144,5369.528455402549,0.06407180076900416,0.41751737161438945,0.008018333,4119,-710.1899197413522,85.62691595724054,-160.6007985871949,31.335800752441475,-106.50300510843348,-13.879720758216399,-48.122222282343955,-40.683580403828856,-14.74714690099067,-43.32118507544071,-12.0109800113632,-33.439678113091745,-9.964596214073973
OSP_3_27.08.2025_20250827_232800.WAV,903.48706,2.067594963173762,177737.31584723832,5354.318102650398,0.06762415869387377,0.41773478947552123,0.005875681,4143,-726.4440416019103,85.73983647760127,-153.44840177553397,33.33550003701397,-104.1009006550881,-15.105941668218753,-47.54989363060036,-41.81708539791116,-15.004404824458858,-43.90160396133068,-12.076998064742028,-33.23314745031688,-10.93542287310984
OSP_3_27.08.2025_20250827_232900.WAV,886.0907,2.0647611820384477,159191.25818277313,5393.367998784156,0.0690036114936839,0.42059303448436336,0.0050250753,4119,-725.5156916614434,78.52611347194319,-143.06040872459724,31.88278471951643,-93.64865683272878,-15.077034015102832,-42.622771299903675,-42.59290667751539,-13.197462566814275,-42.03756048058668,-10.224522336501696,-29.552084761995374,-10.556997322714563
OSP_3_27.08.2025_20250827_233000.WAV,926.7623,2.003208218300663,164194.99858007184,5358.144872808092,0.0676490801950754,0.417419569934382,0.005247083,4128,-727.659055835357,83.70042321205032,-150.35517946693827,31.833812085238,-102.16424148998398,-15.365349141924463,-45.233026886998715,-41.151311876134365,-14.334803697338396,-43.394329017002946,-11.162209321890733,-32.68677092938805,-10.81748372705092
OSP_3_27.08.2025_20250827_233100.WAV,904.77496,2.068063023734758,181307.97663198732,5338.235271411564,0.06642673386293758,0.41607452415301566,0.0059613367,4101,-732.5707940243905,93.11087186936815,-166.79540025972898,37.48958591310811,-114.97593432536827,-13.588788685901255,-54.151320248707954,-42.02569775125603,-18.299666031977306,-47.160004539746225,-14.038709646325636,-37.68855325307467,-11.599712511150868
OSP_3_27.08.2025_20250827_233200.WAV,873.4224,2.014700192486911,142031.44641637072,5373.092603269607,0.06945820479732912,0.41959992932101636,0.0043588574,4097,-760.1252873938128,98.3641346275219,-180.29209982368218,45.351560210639065,-124.56863754354524,-8.71420738402348,-64.36204095645155,-43.66778650360811,-25.638295000386655,-50.75662865519873,-16.751443634974404,-41.870607610362505,-12.975709997683678
OSP_3_27.08.2025_20250827_233300.WAV,913.1002,2.069642870068415,142760.5960518739,5352.018334048667,0.06952869498699457,0.4187040804751489,0.004393777,4121,-745.7151736391279,88.63881508818054,-156.3887486078503,36.98274207678181,-106.33389772054537,-14.682290153092763,-51.03418767218705,-43.44764147242102,-16.567476302895177,-46.37050066615733,-13.045011164414667,-35.26997937013767,-12.642201314170704
OSP_3_27.08.2025_20250827_233400.WAV,872.43896,1.8209328667264986,141267.50259989663,5352.37117576628,0.06812448863599832,0.41673950286206257,0.004277835,4136,-744.8097875114744,89.81922322998136,-159.0644489410785,37.479951442823506,-108.99914712209328,-14.373758896054161,-51.41281891571387,-42.38376013965275,-17.266265628917402,-46.881615088122906,-13.689742762690182,-36.51300396916738,-12.677333041018962
OSP_3_27.08.2025_20250827_233500.WAV,881.9556,2.076629284003119,149428.87587556487,5360.096218929659,0.06772520520574338,0.4181063631445458,0.0046030204,4090,-745.636247156441,92.74317903803845,-166.69793889013673,39.11046890293848,-114.67313930377325,-12.627238443764448,-54.39885618032478,-42.68310056591424,-19.657897645010127,-47.98133577278134,-14.516721912392722,-38.332583395089934,-12.200411777963684
OSP_3_27.08.2025_20250827_233600.WAV,883.9868,2.032725899970111,137134.86867391024,5364.472776303972,0.06860537561968329,0.4179271206603686,0.0041676876,4124,-742.6928867696289,87.4616997916973,-155.1682291064093,37.83316397071202,-106.70178781541853,-16.211060992669328,-49.971414972647835,-42.351094970112406,-16.122217499190263,-45.95659433514666,-12.68325178681134,-35.19331035950715,-11.936664054566728
OSP_3_27.08.2025_20250827_233700.WAV,933.01526,2.0601968709514407,144850.02493886682,5382.796238455864,0.0692708086360328,0.41972154516474314,0.004419243,4129,-730.5272780253853,78.04309272044433,-138.597323441491,32.657884604135035,-94.09817184844981,-17.882186985771828,-41.62259341507439,-40.62912724067413,-12.261110615185235,-41.73522397937052,-10.723824509751568,-29.811781329605513,-11.565924738604101
OSP_3_27.08.2025_20250827_233800.WAV,914.4119,2.07757183057197,149875.34539338373,5376.023525656874,0.06851182214423958,0.4192185391264892,0.004754966,4127,-743.6894924246427,89.00794174980491,-160.04843604482457,39.679313478886094,-109.6473492429806,-14.679883565073075,-52.7063604573712,-43.08866135956609,-17.934270350814185,-47.19248267269945,-13.314372920508973,-36.20940714460683,-11.698249371726886
OSP_3_27.08.2025_20250827_233900.WAV,902.2858,2.1223370498478147,138190.54847468456,5359.017015531877,0.06923040461624888,0.41799601812639614,0.004134088,4126,-762.893912560427,99.93440127227316,-179.31216599229322,46.87571877441893,-127.3008774244184,-10.040345194069443,-64.42877688665152,-42.52703476005182,-26.051113137248286,-52.05833383611829,-18.016741040890263,-42.43300159867114,-13.30308770588073
OSP_3_27.08.2025_20250827_234000.WAV,899.35034,2.064123204882165,148821.90448171808,5352.257742580402,0.06713081915582446,0.4157940260261541,0.004556786,4125,-750.8712945181826,94.4809551753498,-170.62589344635097,41.20106450913316,-118.78611077259154,-12.289784776884881,-57.48119326520208,-41.51862301881072,-21.474107581575606,-49.79414520239441,-16.065819240797683,-40.16315271466042,-12.649060394008501
OSP_3_27.08.2025_20250827_234100.WAV,907.27673,2.0452748189572763,136593.43586428976,5347.524462687538,0.06909165276267229,0.41769479622347355,0.0042009484,4128,-754.1026843344921,92.56479985511919,-163.86573124071185,39.40347535217053,-113.23660270484368,-12.576314126133367,-54.355215350994435,-42.84635723958564,-19.983337297440624,-49.90090423828746,-14.964727782605827,-37.91077523263345,-11.742393950764535
OSP_3_27.08.2025_20250827_234200.WAV,828.33795,2.084491675859292,133310.65236799355,5344.528738962733,0.06903122506073629,0.4170396340399293,0.003932086,4119,-758.5695800283445,96.1578025119145,-169.89796144856143,41.96146820952421,-119.89484727879649,-12.419045513199976,-58.279849136151256,-43.52555981396503,-21.694958806026072,-49.3269077980389,-14.954565995581294,-40.636102041946955,-13.641930945634115
OSP_3_27.08.2025_20250827_234300.WAV,903.7772,2.1245339702300754,135240.6741416618,5340.65130414197,0.0683520661129139,0.41671732478592705,0.00391581,4117,-757.0510704703174,95.07757204303194,-167.46374195696671,41.12292803893141,-117.6088028313733,-12.681246269446229,-57.03161679599345,-42.96661189294823,-20.81609427467894,-49.4487622653069,-15.169919999224993,-40.07570534212004,-13.52124671280801
OSP_3_27.08.2025_20250827_234400.WAV,865.08606,2.077666763114977,141944.95595304942,5356.4437111671,0.06836135083787367,0.4176771628350707,0.0042734123,4095,-764.042259253282,101.990015763119,-184.77402274551199,47.488187757652916,-131.0036033661035,-9.065297490690533,-67.18849668970115,-42.7411237051883,-27.456785210941284,-51.7340398516714,-18.237762528385915,-43.47129450202154,-14.07428885921952
OSP_3_27.08.2025_20250827_234500.WAV,918.2446,2.069373500488395,166729.82739535056,5328.339893947015,0.06579987214760664,0.4126850960419769,0.005382546,4111,-739.4980897073148,92.6576406393987,-165.0771613428891,36.9689656037203,-114.34514512983617,-13.55114942791811,-54.38408103820797,-42.341997919192615,-18.150946517391912,-46.97627373721595,-13.286059211944666,-37.73375809901598,-12.452216822510865
OSP_3_27.08.2025_20250827_234600.WAV,876.023,2.0085218859424936,131355.82224522613,5377.544278204571,0.07014471561430709,0.42003403789324273,0.003811264,4123,-749.6718560778024,87.65668163969404,-156.1618658484154,39.26550553805679,-107.74624514279768,-13.932711614713924,-50.96840050025306,-43.82564246269429,-17.960488513732937,-47.202000469326926,-13.029161031665057,-35.8165445585937,-12.292598200065497
OSP_3_27.08.2025_20250827_234700.WAV,787.60657,2.0294533233389314,124594.10367950513,5352.594643728437,0.07032769066657266,0.4182292515008377,0.0034962965,4092,-744.5102809930768,84.10313465456221,-145.98880027481653,34.65992026848343,-99.76083646624234,-15.76412534172806,-46.01358802478964,-42.55412065004152,-15.301202580173985,-45.32306080287319,-11.67066170907928,-32.50412349466538,-12.007409714500678
OSP_3_27.08.2025_20250827_234800.WAV,892.2251,2.0750692948255383,151342.1746836189,5345.352655558114,0.0685489779012848,0.4167604084256329,0.004699691,4114,-747.3947272548683,92.22063567224073,-164.09570607152855,37.948274910213875,-114.30664267452741,-12.4443025212306,-54.06005658024637,-42.23048668012916,-19.440943058196666,-49.019690526243124,-13.774101962676546,-37.62252243197961,-12.257203054350336
OSP_3_27.08.2025_20250827_234900.WAV,849.4137,2.0386834595472387,116277.4775440308,5342.830443480285,0.07131127168955773,0.4186737219610946,0.003179432,4113,-758.1108401885665,90.45320772399496,-156.10161957908713,38.79044616305867,-108.53263344284657,-13.673526488397707,-52.14092535736829,-44.01532424244453,-18.9802384312487,-48.75692161510512,-13.022823437391288,-35.820994962701654,-12.712426079352513
OSP_3_27.08.2025_20250827_235000.WAV,818.7489,2.113474089556196,113542.23598818874,5345.058983490667,0.07278155402807211,0.42028090533088236,0.0030105468,4103,-774.0805512849433,98.25947054007341,-171.12858506276552,45.60347400998261,-122.11604423518565,-10.67112332217584,-62.40924846984895,-44.49251258682122,-24.988821340579452,-51.58107255826473,-15.694414085768166,-40.58592755719735,-13.549326743687454
OSP_3_27.08.2025_20250827_235100.WAV,666.8383,1.838123382866768,101475.53071428927,5321.281268701855,0.07204026623531033,0.41781095844192107,0.0024911,4088,-797.5202077240621,112.62184941947505,-196.7081640056856,56.219795699757285,-145.383375920471,-4.900200508114363,-80.24731071059301,-43.3502793111141,-36.48090317246744,-54.9435163690774,-22.637955989485476,-47.1648841116959,-17.33222133382747
OSP_3_27.08.2025_20250827_235300.WAV,797.8529,2.0720630501589725,109585.41508609125,5336.931272658341,0.07248061096801547,0.419804803844006,0.002881471,4129,-759.585442184976,88.09995990232048,-149.49298807534106,37.90768497575776,-104.91939669448217,-15.576839636690455,-50.670267330242524,-44.54335917819292,-17.87096403155077,-47.11148131393052,-11.22053218881779,-33.29038578209264,-12.178839820316012
OSP_3_27.08.2025_20250827_235200.WAV,679.9298,1.7805736783809663,106980.01045699666,5317.6993447437335,0.07100194286219974,0.4173479456557148,0.0027871188,4143,-778.889565670781,102.17409280205723,-176.04655987002488,47.30508993267058,-128.08365088494986,-10.660488137316031,-65.69619186991169,-44.0510080906868,-26.703761318874356,-52.743972925804385,-16.543285742003103,-41.94665713074955,-14.440568532793701
OSP_3_27.08.2025_20250827_235400.WAV,803.59735,2.0588557094726907,115755.40508957191,5333.204366358668,0.07060421950087252,0.4174870131003351,0.0031190298,4108,-775.9925936080598,102.032243809812,-178.91240590161345,47.627284795837234,-128.800546989398,-9.829235116934287,-66.67166056470705,-44.31028993060123,-27.084934433119617,-52.49459871210339,-16.771232100073906,-42.205972357715645,-14.423667281927202
OSP_3_27.08.2025_20250827_235500.WAV,762.46094,2.0530528093062244,106412.52341875457,5333.188033917386,0.07169898242935754,0.41869699076228595,0.0027017642,4125,-781.4970020819337,102.48320343296614,-178.6612131516061,48.425045997820376,-129.3673891184382,-9.731476595494392,-66.92503131927104,-44.499298149417996,-27.81275359103772,-52.91644968577254,-17.40831246814879,-42.63090579564703,-15.162987903918136
OSP_3_27.08.2025_20250827_235600.WAV,899.75366,2.0560529711893483,127687.64884286831,5346.01148571545,0.07011017395112423,0.41882551453136635,0.0036670403,4112,-757.6842996437534,92.43033444714573,-162.3058710025373,39.46050746574333,-113.58835769130948,-13.319660223205105,-54.58843427895958,-43.34910597764154,-20.028996204656014,-48.980145003539256,-13.547630784215887,-37.11911301616725,-13.079143630146124
OSP_3_27.08.2025_20250827_235700.WAV,839.4916,2.067642729851465,111748.17389373039,5338.622645027248,0.07173317366000298,0.4189596737132353,0.0029611224,4082,-761.3091098403496,89.25954102825517,-152.7044650856373,38.1085195098109,-106.87306501315994,-14.266094890513925,-50.67932231600383,-44.16620282699433,-18.434951775319256,-48.517630607661864,-12.937068083258087,-35.28237869131238,-13.064905092339963
OSP_3_27.08.2025_20250827_235800.WAV,801.43866,2.0184993325465874,112905.79000391437,5347.769766243404,0.07222348314254128,0.42094024862714075,0.0030556035,4118,-765.0885240822529,92.63598759146873,-160.92398729158808,41.01205675422082,-112.49812468912913,-12.912562031059972,-55.15783059789408,-44.76375415538784,-21.082539728803642,-49.99439031384024,-13.693625328327904,-37.071906769393166,-13.041322512506081
OSP_3_27.08.2025_20250827_235900.WAV,750.824,2.047690038966698,117752.98737171935,5355.906528653162,0.0720072720320381,0.4211834803145942,0.0032108836,4109,-763.6079542087169,92.7395830240098,-162.3878246174645,41.50239044962721,-111.88239462148915,-12.565978664623682,-55.73079601658215,-45.27598627612834,-21.24898449724648,-49.850830832853724,-13.799582391137221,-37.08123280305895,-12.809182087570642
OSP_3_27.08.2025_20250828_000100.WAV,774.25757,2.021516517594384,110163.58154101418,5359.605484992623,0.0733056397242253,0.4227495797072785,0.0028927112,4109,-776.4701881711854,97.87694682599172,-172.06467118395153,46.497179873647866,-121.91620545417453,-9.76287394960017,-62.8259465184633,-45.9286439430641,-26.44954939071318,-52.45156973932479,-15.214711539917236,-39.6713460021177,-13.633585782050012
OSP_3_27.08.2025_20250828_000000.WAV,873.8596,2.082652512415618,118913.82290871089,5358.231393719684,0.07209611239438093,0.4202814506934103,0.003300946,4129,-770.5544829901763,97.35628082458561,-172.55563611245938,45.4029601788687,-121.65012253313584,-10.289884302803316,-62.684966952951896,-45.09010349240267,-25.728461195358076,-51.521129514589056,-15.169278166038973,-39.92403783410049,-12.921812773593725
OSP_3_27.08.2025_20250828_000300.WAV,900.42365,2.076234178843591,127652.01345984451,5370.743121500129,0.07218820023462456,0.42211586844983245,0.0037749945,4112,-746.5038239127464,82.03733739369783,-143.22377948144455,35.65187690107024,-96.76846317965115,-15.135361757726239,-46.23970103374151,-44.111817030527355,-16.331282782388808,-45.19344347146805,-10.742853390768746,-30.703771838477522,-11.415227288344036
OSP_3_27.08.2025_20250828_000200.WAV,850.6732,2.0790363743163405,113665.93434378946,5376.886047673681,0.07317477458521185,0.4239066572040209,0.0030668299,4117,-768.6788870517105,92.53633588094256,-164.24467062577529,44.16883506471778,-113.60009052784113,-11.545606780555362,-57.803210034808416,-46.00262588484891,-23.411278206963235,-50.676516895308005,-13.764746126480278,-37.049331536226504,-12.656368075342245
OSP_3_27.08.2025_20250828_000500.WAV,875.0626,2.099664537831238,127445.96000369157,5343.892202112662,0.07098945838895179,0.41948303995253167,0.003750066,4116,-734.3414684527984,75.98928967489405,-127.63728244652822,28.951827063271715,-87.39464333477069,-18.306640292984934,-37.76660624522493,-40.69422307110787,-11.227249948158393,-40.75221023193778,-10.290715186673586,-26.721292527669615,-11.318210628226753
OSP_3_27.08.2025_20250828_000400.WAV,853.69617,1.99513320517029,134546.822740416,5359.464667300071,0.07152844272560575,0.42071065100288535,0.0039568907,4132,-745.1521922890058,81.88416193554724,-142.3605367082195,33.923317095126265,-96.62625797782431,-15.616712380258898,-44.41695455411145,-43.00414903098914,-15.275213101738817,-45.017117961005276,-11.384874620085355,-30.632269888610136,-11.780008915799923
OSP_3_27.08.2025_20250828_000600.WAV,850.4115,2.0682414502266044,130054.43705638999,5342.087533171382,0.07054755090355963,0.41819416651154134,0.0037952997,4111,-764.6190540522166,95.602739562377,-168.00605723484907,42.86966187888465,-118.53961166798896,-12.47647832986507,-59.01394047545852,-43.801581820881886,-22.655681117459192,-50.154160374540034,-14.906367552729192,-39.471086863319044,-13.504374511832935
OSP_3_27.08.2025_20250828_000700.WAV,908.6045,2.0784837895824344,124161.65212541669,5345.992201498107,0.07094462515418644,0.4192356271523641,0.003532603,4091,-746.6972082892676,83.13261467366357,-142.59408903674515,33.39390755786904,-98.12520776883214,-15.776106374825742,-44.096625821655316,-42.4218529980848,-14.829726563988778,-45.221595142941844,-11.383277219431319,-31.523737560264,-12.460708449044336
OSP_3_27.08.2025_20250828_000800.WAV,839.0333,1.9794015781126844,124074.04390719703,5370.865364604387,0.07227071267578229,0.42191735648966866,0.0034435561,4140,-767.5037401693506,95.62601204261131,-170.79247895151616,44.781187966031176,-119.24482544707485,-10.035505251449282,-60.28414272789792,-44.746592544601256,-25.09618192826624,-51.99402462224989,-15.253085301190618,-39.23575868538287,-12.944138604782047
OSP_3_27.08.2025_20250828_000900.WAV,703.448,1.018108728467929,388701.4752256872,5019.499421199101,0.06689901046452734,0.3828519478895197,0.01241346,4124,-657.9139959380628,89.90806131774424,-102.12898833236636,33.30020124444926,-73.3464278673055,-19.375645161461893,-35.21534257485364,-39.919926556357794,-15.095125749198107,-36.039405158816365,-9.444060912140378,-24.84710848406986,-13.688225400513256
OSP_3_27.08.2025_20250828_001100.WAV,731.25354,1.4357670166536376,770480.6242535629,4827.163918817257,0.049354752000968054,0.352807517654339,0.041391216,2607,-491.98974522735125,82.89519311127604,-79.04018558878084,19.937671102276617,-63.43193360492844,-26.262399717676285,-34.77448525147814,-34.093312291591424,-16.554061770674526,-26.04332034333237,-6.7432177020395905,-17.959552903829696,-10.155653702990834
OSP_3_27.08.2025_20250828_001000.WAV,682.4916,1.245631162264602,630960.8755862105,5091.907180471694,0.06596955509289927,0.38446167628443784,0.019742252,4111,-609.7351100783775,83.54261674344143,-104.88459040284164,34.43372326657444,-74.2490255204953,-19.526329706231078,-37.633248532094065,-36.8703152015005,-17.750637830970273,-32.46564367212404,-8.7845465559853,-26.350612204680125,-13.610902324873841
