filename,ACI,ADI,Bio_Energy,Spectral_Centroid_Mean,Spectral_Flatness_Mean,ZCR_Mean,RMS_Mean,Event_Count,MFCC_1,MFCC_2,MFCC_3,MFCC_4,MFCC_5,MFCC_6,MFCC_7,MFCC_8,MFCC_9,MFCC_10,MFCC_11,MFCC_12,MFCC_13
OSP_2_25.08.2025_20250825_204600.WAV,649.9955,0.582185567772704,562966.1729822175,3068.3889551030575,0.005664954787192943,0.45607032122580043,0.03928629,2785,-603.3850375480748,-23.18219850056183,-242.21586779038054,-12.24784812701466,-52.02680642111745,52.55777451532367,28.456152557533258,9.883353645152672,-2.059732087275097,-36.02998092061005,9.317486119992656,8.177097106428498,13.63566123640296
OSP_2_25.08.2025_20250825_204500.WAV,673.35156,0.671550963190669,278881.45595199603,3162.671674194899,0.006279152097350824,0.4754583226684661,0.020417001,2764,-710.2623336077635,-35.06498836376168,-251.10421235416487,3.355749299250849,-45.15022925479581,50.67592530983328,35.18188976867911,15.723205081278607,0.19091139134606694,-44.29849612502477,7.488892609619522,3.106332669114801,12.633328647053201
OSP_2_25.08.2025_20250825_204700.WAV,712.3735,0.39217237895138746,408081.52352259855,2925.3855252658527,0.0056762299517550685,0.4302728557799702,0.030955777,2775,-634.314986523721,-5.544905982136062,-252.07595458892837,-32.42905828588338,-54.85478172206111,50.26364136083918,31.474871554782787,16.861141086185437,2.2866590697235045,-39.031510859628064,6.334271873055033,7.12523706363964,12.897835282069352
OSP_2_25.08.2025_20250825_204800.WAV,830.8262,3.1524687046725343e-305,82975.14714544894,3097.1677518709084,0.009335177142125282,0.46426421142032764,0.0066971863,2744,-773.6052251281908,-14.211311013184195,-196.46080336670178,-10.434661440756738,-31.7079487092104,44.137800870938946,32.82313553225625,3.045362305794511,4.0541949007080005,-36.07177163321916,5.976517696979272,8.098644357823868,6.037781628555709
OSP_2_25.08.2025_20250825_204900.WAV,797.10126,3.1524687046725343e-305,27846.465338008846,3371.3130849724757,0.010093912878310674,0.5320345948901712,0.0016463919,2719,-992.3430979871089,-67.8971089970902,-309.333367279246,25.416336375492527,-74.89063848028887,67.81088258825474,24.40509091919626,14.464514470529906,24.647727423710958,-31.33319108334458,13.398724912750929,-14.673316392657387,4.718458403809548
OSP_2_25.08.2025_20250825_205000.WAV,625.02795,1.0986122886681098,26453.328655020596,3381.251734308819,0.009838556914634002,0.5342589468540581,0.0015102022,2734,-1066.1795543436676,-87.5870815354264,-396.45507131230863,19.433531949435743,-132.38820427082047,75.96829917693167,-2.001724892766987,31.034236494060337,24.249739820687992,-16.58624798817349,22.363385002274402,-10.212757966585409,14.043854058180369
OSP_2_25.08.2025_20250825_205100.WAV,586.3641,3.1524687046725343e-305,26118.805596038375,3387.762867556758,0.009709414392531899,0.5349602830649665,0.0014801495,2747,-1102.4395382531059,-97.66982695886618,-441.6618891652314,15.158944474632426,-166.9302254033147,76.06295394489977,-23.87608740571806,37.077805829221774,14.957087648838428,-8.876463681126255,21.707972013495784,-2.6912495132802574,18.02073620401542
OSP_2_25.08.2025_20250825_205200.WAV,576.63477,0.9767119461444297,25879.597549707018,3389.871936560929,0.009856643204769188,0.5354838310917721,0.0014644209,2725,-1089.8688559426291,-94.37207414681733,-422.3390660002248,17.41476495846099,-152.73654171255302,77.36433524237982,-13.235558634438911,34.025513554004625,19.421189560036687,-11.6105820057901,22.838500164385653,-6.3165619554167325,17.274516788430617
OSP_2_25.08.2025_20250825_205300.WAV,551.9009,0.514653165428929,26198.180321650838,3387.9862801030263,0.009656937532127248,0.5346912375511914,0.001493521,2751,-1075.1900442590647,-90.99408706431764,-406.017878356768,19.587903459400263,-138.14670869473454,76.11460871970841,-5.5104694950212245,33.27621077198188,22.62248415966113,-15.261352212511026,22.703444448860324,-8.68717433662889,15.81049849807235
OSP_2_25.08.2025_20250825_205400.WAV,563.697,1.0986122886681098,25868.00607680069,3387.5197574131917,0.009765183712764901,0.5358524961606478,0.0014612833,2741,-1115.7149621396925,-100.81831239256039,-457.4546152533572,12.71245441674443,-180.19872230459444,75.78086151706033,-32.99296456541233,38.49973085293723,9.625291763577906,-5.8842893682373045,19.59735419035626,-0.3696763248135045,19.28600382962334
OSP_2_25.08.2025_20250825_205500.WAV,615.3585,0.6197478738080744,26896.090824034058,3390.469204047283,0.009590020755782651,0.5356630735759493,0.0015731372,2739,-1038.110914898407,-81.86986865064704,-360.7059782695247,24.49080094403609,-105.346481917851,74.01272981946617,12.239499206830162,25.204703788358955,26.94461306316649,-23.772824419255777,19.10121033393352,-13.698485173299543,9.401103362113773
OSP_2_25.08.2025_20250825_205600.WAV,574.797,0.991079301442076,25851.156464164244,3385.6326777695645,0.009795632896686543,0.5341611451740507,0.0014576482,2706,-1093.5863538162453,-95.59753489824732,-427.3725138041485,15.940154046052118,-155.6287768730954,78.40138073508408,-15.816017521556253,34.414018920755346,18.441088555814893,-9.949347493981566,22.64528522684903,-5.563222572307495,17.543801760789236
OSP_2_25.08.2025_20250825_205700.WAV,599.703,0.906947105652316,26087.894875888152,3393.626347173877,0.009748825206016986,0.5355983572226359,0.0014894211,2733,-1093.01184751685,-96.52140132464095,-426.40924865616375,17.230321800455886,-154.87944790404518,77.4594151716763,-15.342686543229924,35.47422663302516,18.93460269133233,-10.515033317587058,22.046409142972696,-5.257639795503317,17.508328506803625
OSP_2_25.08.2025_20250825_205800.WAV,634.42535,1.0548240098808623,26625.223602972004,3392.298424514652,0.009668510027215192,0.5352638682055101,0.0015349145,2730,-1041.0460398984028,-82.37809707328012,-361.43782960906395,24.391597616154215,-106.49292306407398,74.53446467214947,11.709359740457458,25.185067894224066,27.056705608063385,-23.44403857705371,18.751269951999,-13.670655567249067,10.217122019706707
OSP_2_25.08.2025_20250825_205900.WAV,564.63666,0.19144408195771734,26666.767342566945,3390.582036322499,0.00965636790292769,0.5352849555565897,0.0015649068,2739,-1055.0196483372222,-85.9780259858626,-379.2329528093854,22.64478031941632,-118.1709533695485,75.58675089590416,5.99024147225817,28.573833080258023,25.684599901324066,-20.254612075561038,21.48980344636198,-12.117055706215593,11.369052993251536
OSP_2_25.08.2025_20250825_210000.WAV,584.2692,0.9948398062330217,26798.457465059735,3389.762216755051,0.009561550054030178,0.5350744456208116,0.001548057,2736,-1065.0063076918593,-88.92449071032321,-394.0419624389497,21.20433731411235,-129.19205302790067,76.278292187395,0.18371365006503487,30.770094928170476,24.187052286686058,-17.41943334310609,22.01913784796448,-10.053862446869688,14.259004198493464
OSP_2_25.08.2025_20250825_210100.WAV,690.1166,0.9710629217775875,29828.208356961804,3395.345564193674,0.009164102031311903,0.5359997440431868,0.0019058833,2729,-993.3005155003452,-72.43427603794395,-312.61379837787047,29.718759706047525,-71.61607108924548,67.94262049723683,22.332101756760828,15.480702069523671,25.563593138066548,-32.51180908762164,12.642385461144219,-13.404504668667169,4.446140185407391
OSP_2_25.08.2025_20250825_210200.WAV,800.66876,1.0353203455169029,34032.16215411322,3380.857917878161,0.008891974033411892,0.531335076554356,0.0022307704,2750,-980.9766316533301,-71.08648517564741,-314.0877486348739,28.54861304576517,-72.86238992997276,67.56753832374234,24.4770526961648,16.096130284094702,24.578727649341847,-33.6235412208117,13.021386639238337,-12.470491639039837,5.758010367784392
OSP_2_25.08.2025_20250825_210300.WAV,599.80035,0.8406067293095332,29117.272331868244,3388.622249611528,0.009361970687218583,0.5349424678890543,0.0017115924,2736,-1006.6088880964479,-74.52299317186447,-328.36909775605744,27.66640670493112,-81.80655926481045,69.64159531635399,20.56203946663103,18.929252288003617,25.328081250673073,-30.20523232114265,14.783401629140151,-14.453839594199952,5.951001810270848
OSP_2_25.08.2025_20250825_210400.WAV,710.24695,1.0479439497716994,29336.597272614123,3404.3436201902346,0.009370575379815964,0.5381153870765079,0.0017826922,2716,-1028.9932951013327,-82.61353325473681,-355.0661181344872,27.846232722366157,-99.0370815998857,73.19810338610245,13.71431917265217,23.739414843909874,26.426363097439722,-24.84330247758527,19.003867595145188,-15.12982228170601,8.562364628856686
OSP_2_25.08.2025_20250825_210500.WAV,718.2806,1.0283375036095617,32546.573298436426,3402.9852615847535,0.009270329239649473,0.5368054262844378,0.0021662654,2706,-966.7713114432776,-66.958874292149,-284.6709441722506,32.166976253250255,-56.5299620820183,63.24507975386745,27.01347331851635,8.629520392738673,21.349500359948333,-33.81069534233344,10.19934121844199,-13.425911786422889,2.4565238157302605
OSP_2_25.08.2025_20250825_210600.WAV,634.3125,0.6909233093138181,27095.39778615338,3396.078314017343,0.009550269554831105,0.5357350614296351,0.0015977301,2755,-1056.8825800951033,-87.47539645507976,-383.4099928022717,23.78501875461591,-120.67658768145,74.7679364994679,5.459056874407708,29.116438431410053,24.10628330447261,-18.72139725991201,22.689625547380636,-12.216177246106701,11.44130030857681
OSP_2_25.08.2025_20250825_210700.WAV,557.92676,0.8751154901237194,26460.624598153852,3390.035022959973,0.009458843044453262,0.534332752582837,0.0015100006,2726,-1092.4856668352204,-96.41934240227573,-429.7497646692739,17.65756626809347,-154.15083461987177,76.82728903472918,-15.754175827729135,35.405264523481605,17.996348521629255,-10.411605842015373,23.477909914777598,-5.783654177750905,17.36995516661908
OSP_2_25.08.2025_20250825_210800.WAV,622.84033,0.6889676000748259,27908.9848967755,3405.20061787213,0.009480944052167692,0.5372409891567387,0.0016665107,2759,-1031.2791671193652,-82.679149332408,-353.1069972716678,26.976841653473297,-99.87008656790906,73.70698336905929,13.25269210579598,24.06755812816463,26.69522928055361,-25.050989624589093,18.159755788979872,-13.946553377833395,8.88813667126776
OSP_2_25.08.2025_20250825_210900.WAV,648.43164,0.9462828021665094,28363.135405204535,3388.6386573614145,0.009278122057248374,0.5346243397477662,0.0016826412,2724,-1032.0765341366864,-81.61290076952766,-358.28401835326866,25.257265451775357,-100.15994813424672,74.749305767353,12.694779088946168,23.245324817505445,26.957285342635682,-24.020734829153238,18.917018021964964,-14.068896646281905,8.713154990563929
OSP_2_25.08.2025_20250825_211000.WAV,786.2488,1.0695320432750468,31462.359500030387,3399.440991953072,0.00942347221986631,0.5353649420606851,0.0020277197,2753,-1012.2017657723995,-79.27812951841352,-337.38111659285585,27.746697553404427,-88.75495499064506,73.44780575600683,18.015586502471177,20.042135180308442,25.78635499297566,-27.564720333272707,16.332282349293607,-15.043023209631848,6.695032916575375
OSP_2_25.08.2025_20250825_211100.WAV,708.15594,0.7165491884945235,32579.6958240512,3381.81121781649,0.009150949774070924,0.5338553785833954,0.0022851396,2750,-958.8694362859228,-62.29090026893406,-275.3270464745037,29.17272356809385,-51.22222820711436,62.21618041198608,28.006112210915813,6.867532751296274,20.662702334802574,-35.61366582403482,8.347474909395213,-11.175321613159428,3.195991364597985
OSP_2_25.08.2025_20250825_211200.WAV,599.3382,0.906572156019376,27122.34909883292,3395.1524550954946,0.009363869875822847,0.5358950344378257,0.0015778625,2734,-1061.467904712703,-89.22290485271137,-391.34616059844586,22.708577920922103,-124.90248388535316,75.87245881413182,0.6776709204198208,30.381804102066116,24.911072290310514,-17.992549776175114,22.316576696701176,-10.336232368683147,12.666620322851063
OSP_2_25.08.2025_20250825_211300.WAV,790.85474,1.0093735432151707,31235.706276710458,3402.021217101178,0.009082604481630572,0.5359641136913627,0.0019813213,2761,-976.8641498208601,-69.77647628737094,-297.9111742831402,31.57037899316319,-62.838388423275255,65.17726885043022,25.250115967326245,11.849130346913565,22.937960567675283,-32.88541114904886,11.109664852508372,-14.498377489066897,4.079829841586876
OSP_2_25.08.2025_20250825_211400.WAV,622.4932,0.962126068689261,27223.543360129217,3401.226091672362,0.009556217041086348,0.537379511238831,0.0016218557,2738,-1010.8117477330132,-75.25316562008975,-324.7008236245246,29.05506055938923,-81.2518507010841,69.63140953375384,21.005585545698125,17.50168224294807,25.88221643457903,-28.87624157769324,14.997090439963477,-15.62589523049788,5.63739826321077
OSP_2_25.08.2025_20250825_211500.WAV,754.3186,1.0531925234444093,28590.019867468305,3397.73271524536,0.009366713138233874,0.5353271302587491,0.0017277477,2714,-1012.462154010461,-77.40563666782332,-332.87094141876,27.91996286571537,-85.10340054376702,72.11610884986052,18.48615033178989,19.259324760395426,26.43903411724911,-28.5935080395233,15.742839334589082,-15.329376111823914,6.483822866813691
OSP_2_25.08.2025_20250825_211600.WAV,749.5011,0.5082597168355796,28451.337798684795,3396.798680562358,0.009407871546472978,0.5361389932753164,0.001702817,2751,-1033.960014819722,-82.44959322784892,-357.85060991220286,26.476693445840386,-100.32009654257055,73.40478695938845,12.270704549419046,24.90407100932317,26.521170849039404,-24.86419071693035,18.42885946977544,-13.84282841273243,9.305668932454838
OSP_2_25.08.2025_20250825_211700.WAV,771.36194,1.0282688191530773,30753.668691884035,3405.2798544664993,0.009464136764206562,0.5363764077624721,0.0019355906,2741,-1024.665806979679,-83.2077270674738,-353.4994545638351,27.492136500480957,-99.45560132779924,74.38736984439291,13.98452609663503,23.61583063506737,26.513337093822457,-24.628899405235874,17.958152343335215,-15.050716045508574,8.93202382404305
OSP_2_25.08.2025_20250825_211800.WAV,778.2522,0.9553318538462499,29934.207975756282,3401.8885259468466,0.009794584243930723,0.53644257841586,0.0018959404,2750,-996.5081170415416,-72.73954049828474,-309.5703624797532,29.38476429244954,-74.93155891612292,69.15599000540152,24.271585460612187,14.213667017060322,24.31532746289144,-30.497823511729848,13.054827896516947,-15.674808897375117,4.671227105291721
OSP_2_25.08.2025_20250825_211900.WAV,585.28455,1.0242031271461856,26499.404508813677,3400.8801384898984,0.009778905027977684,0.5368261500604988,0.0015212527,2743,-1074.4097038784328,-92.81096504540865,-402.23589696639414,20.812297028537344,-136.7051011474326,77.89654731003618,-4.047874610609666,31.846129111278895,22.56070436044764,-14.145958294041531,22.72994497398555,-9.81618286435569,15.145214040022347
OSP_2_25.08.2025_20250825_212000.WAV,558.9937,3.1524687046725343e-305,25492.565446620858,3396.866730533715,0.009934164655979053,0.5362491565059568,0.0014449136,2745,-1070.5236739645263,-89.24959393882061,-392.4525731921103,21.392832078882503,-129.8524857788611,76.65241373645732,0.0435294523660993,29.760114380618944,24.477865052044724,-15.578241938748334,22.366107551699336,-11.782808197139223,13.670112707089318
OSP_2_25.08.2025_20250825_212100.WAV,704.3662,1.038427494424865,28064.460986021964,3412.259819121765,0.009841266596285989,0.5382037358060313,0.0017157139,2754,-1034.8789804733353,-83.73906536063903,-353.1451729457563,26.874703181170627,-103.647559506807,75.09383190537379,13.710843403736085,23.765331039467494,26.385567688260213,-23.67212681718244,18.561449254826556,-15.393729899676021,9.185262464013467
OSP_2_25.08.2025_20250825_212200.WAV,805.6361,1.0227426729833793,31055.146548218407,3406.4121990451786,0.009736043135096364,0.536842147361318,0.0020121702,2758,-995.946587914384,-73.75279501248971,-310.8493510829879,29.728486606305733,-76.01836958581865,69.37785026985266,23.810618970567575,15.017687076798293,24.269529118455864,-30.545116086992554,12.955242733954453,-15.534148881143132,5.440635927504464
OSP_2_25.08.2025_20250825_212300.WAV,760.9923,0.8092757254428111,30351.97390631111,3406.1768062727556,0.00934597784609997,0.5376431031273269,0.0019170558,2763,-1013.8261171480906,-78.58176072787302,-335.5344537419071,29.52504622591031,-87.23185415319189,70.15581418040219,18.67600223070033,21.461099671409944,25.65853327670851,-28.634220854068662,16.444072426067795,-15.57485747341826,6.805058205051425
OSP_2_25.08.2025_20250825_212400.WAV,744.2185,1.076302288122776,28121.045922845078,3398.4859751016056,0.009706891071193756,0.5372602586327252,0.0017363079,2746,-998.7267338198101,-71.79286143452612,-308.98998453973803,28.717810588367914,-74.13101211925891,68.78925928939212,23.956589362724113,14.465188566753085,24.648951394441255,-30.863644800897603,12.90792533617868,-15.702982452181573,4.963075282251414
OSP_2_25.08.2025_20250825_212500.WAV,731.74585,1.017842222699044,28128.550467826135,3396.0366552489013,0.009698166975610732,0.5364309440152644,0.0016984578,2729,-1055.8965056476218,-88.2647255728013,-383.1357717793905,22.877008500541265,-121.09380740742104,77.21640937394451,4.344250124872492,28.384754685469897,25.12259871300243,-18.41744566641184,21.015702685390686,-12.669559276467202,12.980559567476277
OSP_2_25.08.2025_20250825_212600.WAV,679.1953,1.0390686772603641,26352.68736198756,3402.0176954503404,0.009963883315746403,0.5368955928890543,0.0015341323,2742,-1040.5667846323115,-82.71282870883053,-356.1328410491722,25.130820778949715,-105.79569963468892,75.0838317068219,13.232850772571577,23.711097148060105,26.13938236725688,-22.64138986949942,19.273466193077457,-15.014195005414509,9.355030374507699
OSP_2_25.08.2025_20250825_212700.WAV,784.59534,0.8119235687532295,31404.490836461904,3400.254663428758,0.009552167225343834,0.5361840765776247,0.0020657454,2709,-956.533534110577,-63.03267255247903,-267.7264854291664,30.98277186149288,-49.95940293381884,61.76418436804321,28.149914735778953,4.908193851838124,19.664455052632352,-34.05791916530721,7.534435457112496,-12.226065060211612,3.222842486113782
OSP_2_25.08.2025_20250825_212800.WAV,776.4443,0.9433598468523015,31620.09999014256,3416.443793385855,0.009216625328808323,0.5378888798399106,0.0020383543,2733,-1015.5952027299674,-82.8035862136996,-344.3212673772132,30.20110961834162,-93.15071345611311,71.79240557158728,16.48291452795066,23.520388365288266,25.263543749963354,-26.67446185672286,16.929526233852513,-14.926856417687729,8.04874694735605
OSP_2_25.08.2025_20250825_212900.WAV,700.2451,1.0363524300347073,29848.079957749374,3406.4283045738553,0.009695927151473379,0.5373075233851452,0.0018482729,2759,-1006.1443238091119,-75.83638096512321,-320.98201651305124,29.039618057622203,-81.52039986483088,71.07662596294833,21.64386853579144,16.874298307287084,25.421440775672018,-29.455192090249884,14.43448675972445,-15.939117623272928,5.852568245043418
OSP_2_25.08.2025_20250825_213000.WAV,689.9088,0.9974328006494013,26979.7063425979,3399.3019655587086,0.009774281792997549,0.536757070806962,0.0015860078,2763,-1047.5699989403884,-84.91091319732215,-368.9777965054958,24.51862940061949,-112.43909716580096,75.21984363583664,10.18448915426684,26.288787597795075,25.132483807203783,-20.761748564123103,20.793624643219438,-14.540109061701308,10.50730949141232
OSP_2_25.08.2025_20250825_213100.WAV,613.50226,1.0220714723942688,27555.55824450724,3404.5742914689927,0.009728621184987532,0.5376616454532762,0.0016115601,2749,-1034.2356960144998,-81.84882528898763,-351.8457499585306,26.79355075771733,-101.03967906562536,73.74793409538134,15.437055644432819,22.17497584700492,25.390079702469663,-22.993631282799758,18.980178670285827,-15.535376065842199,8.319432104328499
OSP_2_25.08.2025_20250825_213200.WAV,543.10754,0.9522168011938148,25300.187228136878,3395.091306172956,0.009949528860247229,0.5360819119973939,0.0014279588,2744,-1079.7116604206985,-91.62741590231792,-403.02506769377925,19.49557615236798,-139.23223500254588,77.94974679413181,-4.167073411374944,31.223045895188154,22.62285436442006,-13.552826671482226,23.068888508814187,-10.045838415998087,15.115477350771725
OSP_2_25.08.2025_20250825_213300.WAV,747.709,1.0605343316478226,27885.53164416625,3392.1834363275584,0.009838735978227374,0.5352482344797096,0.0017052062,2738,-986.9709649526114,-67.61810639377192,-292.8511603109687,28.328179084387724,-65.77373194876581,67.7205562389384,27.057121860752524,9.327542969352724,22.536002804160212,-31.614418614897108,11.779707353505147,-15.254608154992956,3.4117028345593283
OSP_2_25.08.2025_20250825_213400.WAV,757.9416,1.048495148358547,29188.894788557867,3394.9232318566424,0.009753958038620102,0.5352086048026806,0.0018021871,2749,-986.3113195764714,-68.8263044256823,-296.558980837797,28.875967408296336,-66.12867367450038,67.78068675838911,25.730391679126065,10.480958216498118,23.04984976651149,-31.57102391770693,11.729168364883806,-15.098005191224614,3.8349112404626093
OSP_2_25.08.2025_20250825_213500.WAV,836.38965,1.0070758352998064,32361.00650284019,3381.960321477568,0.00946234827703505,0.5336935877001117,0.0021834003,2720,-947.3837674742337,-58.034434013839025,-256.42283863412973,28.684967826839326,-44.02098166767388,59.60226168306502,29.53342771015569,2.331933157383924,17.84049479227661,-34.64026819039933,6.813343136513763,-10.510726913881934,2.946825118190067
OSP_2_25.08.2025_20250825_213600.WAV,757.37537,0.9337859369640296,27378.781393477577,3404.4151109406516,0.009807344967206763,0.5370773803983618,0.0016201489,2726,-1014.9140574469519,-76.75575443465164,-327.389511108583,27.925209795344905,-86.18713734294518,72.3545304123329,20.84185144153565,17.335405497803013,25.556174663475204,-27.614120661575228,15.645640136645268,-16.319171627627576,6.284869298870406
OSP_2_25.08.2025_20250825_213700.WAV,660.70166,1.046774120392089,27548.125575729064,3402.7118426382326,0.009547455722596123,0.5374591341679077,0.00161577,2752,-1064.9755791059565,-91.5722950624695,-395.6516496046474,22.846196444173522,-130.10957174981564,77.0539714124471,0.9891759957501078,30.561102202834178,22.873111771062565,-15.814792164808205,22.727848830168597,-11.118990044916588,13.756034276292185
OSP_2_25.08.2025_20250825_213800.WAV,766.42224,1.0916355060530825,27315.949813389812,3398.770391588916,0.009735017697633219,0.5372013594797096,0.0016259712,2749,-1038.500719309791,-82.42455994200797,-357.4976311305538,25.65469740013414,-103.85518727434848,74.48468033178341,12.88676903898499,23.49778304816283,25.973815106590873,-22.446436487320764,19.209965057609356,-15.211041997851682,9.678635366142744
OSP_2_25.08.2025_20250825_213900.WAV,563.1915,0.5974031095797074,27148.02651576787,3382.8127846549123,0.009290308768531525,0.5336085111457558,0.0016001185,2725,-1046.743327084355,-84.07826076228012,-372.690249132466,23.518728141541796,-109.37965389147016,75.64445546873307,9.063178165102888,25.853734837603437,25.262299496895682,-21.210149344868235,20.830324584546958,-12.905849820602072,10.810923440149148
OSP_2_25.08.2025_20250825_214000.WAV,768.57434,1.0113285218217278,28175.474858191195,3392.5019005645727,0.009373894093826763,0.5349893690664557,0.0016820049,2712,-1021.4414911339862,-78.51796882649022,-341.71596211045807,26.871227747283935,-90.93622834241334,73.32926425860386,17.872879072290164,19.721660652656343,26.097596702394213,-26.33464193681724,16.878539751312957,-15.186564392761447,8.002117764753939
OSP_2_25.08.2025_20250825_214100.WAV,634.99805,1.0267202657480712,28028.800701751785,3396.362512383033,0.009433354407945939,0.5359913818177587,0.0016709933,2727,-981.8217431754146,-68.21473833696305,-293.6893092923167,30.099927307176227,-62.13365247194749,66.18073659277324,25.580670535099795,9.744103147668676,23.273874586229837,-32.0630714833638,10.054552107946837,-14.644451238477169,4.692296357127013
OSP_2_25.08.2025_20250825_214200.WAV,671.6005,0.8142182151366255,28653.75705180985,3402.5109620025846,0.009576249564126026,0.5354645616157856,0.001726419,2753,-1047.161338282595,-87.11416462756529,-374.16280835333015,24.760456231238347,-114.29356570978729,76.4837775000466,7.742035383750642,27.0690357890248,25.699931815154777,-20.542142658797033,20.575437027426485,-13.638597154283973,11.443018846699944
OSP_2_25.08.2025_20250825_214300.WAV,609.18066,0.9300719707945941,26836.246208712946,3397.533742723626,0.009517587541574703,0.5362477022058824,0.001566667,2732,-1063.8600339779348,-89.81503477857567,-390.79348331980805,22.565150808849232,-125.58716504894369,76.76553571652266,0.9289803436252669,29.975323907618105,24.81696647693916,-17.131171327289188,21.55674328710604,-11.318873556816229,14.197260246380905
OSP_2_25.08.2025_20250825_214400.WAV,827.5624,0.9222925905213137,32013.32097218379,3416.8837678363384,0.00950880028632647,0.5386909263309755,0.0020790342,2758,-1008.6710035727538,-79.28850149648869,-329.9858468626129,30.07962217602546,-86.97076418891528,71.93661009301451,20.466310854072255,18.389501013806992,25.304885159970578,-27.45198814590715,14.914263129159567,-15.816102764514307,6.786335281404909
OSP_2_25.08.2025_20250825_214500.WAV,748.3515,0.983530897576034,33957.34715556595,3402.318895644395,0.008813412956619105,0.5347941292814594,0.002263738,2746,-1002.6842306984913,-79.3342230912312,-336.694474379746,30.607616344390372,-83.30511781732837,71.58577599545912,19.581639696172605,18.302711407219423,25.076384667566582,-27.679704954958,15.804158848733781,-15.428288079839152,6.593064866212116
OSP_2_25.08.2025_20250825_214600.WAV,751.4768,1.021674873070319,31104.606071233924,3389.9414182544947,0.009369215945860113,0.5344276456626954,0.0019781485,2734,-990.6110202563323,-71.64174758429749,-310.79759400491054,28.722823568343752,-71.59118889976814,68.9107532144714,23.99877731022231,14.178070225478788,23.68094820351921,-31.62421614777183,13.176279953307144,-14.803442379800565,4.961466302204281
OSP_2_25.08.2025_20250825_214700.WAV,693.40674,0.9710142077568997,29181.881315586757,3404.5166549689675,0.009492268788759094,0.5363931322133284,0.0017681186,2710,-1019.8080785309807,-80.25188485129873,-341.8289788976144,27.945346502218687,-92.69915294399142,73.51753309821517,17.524367454856975,20.637427539089025,25.989462713859886,-26.3397577235041,16.840892087450058,-15.4403286531702,7.832919784938734
OSP_2_25.08.2025_20250825_214800.WAV,805.44855,1.007734182454038,29592.56099116769,3400.921871570191,0.009577124339428455,0.5359866553425168,0.0019082207,2744,-991.2684846436172,-71.13876372869383,-303.18777083935737,30.014989908146436,-69.25506123689065,68.04360967084868,25.00337808246077,12.197479595994203,23.418205912259065,-31.42021329623706,12.446884194885522,-14.963464304454224,4.228574985951919
OSP_2_25.08.2025_20250825_214900.WAV,692.89307,0.8897429316632631,27693.34875362348,3402.086857547154,0.009918580591952145,0.53693085966586,0.0016789964,2719,-1013.2446505935006,-76.38526509574137,-325.98998569767235,27.49521809361331,-86.0658258384171,72.38770878322373,20.886315584566866,17.40846840126167,25.135156354406732,-27.578457200360276,15.609889132167021,-16.335004819432072,6.449555562842687
OSP_2_25.08.2025_20250825_215000.WAV,633.82947,0.6277654908239997,26919.587249393102,3389.971268366169,0.009698557549986983,0.5350097292674981,0.0015884539,2727,-1044.1354622772853,-83.4344536450503,-365.2237599680373,23.93009307441255,-108.50329792227753,76.35274151599182,11.429931486126103,24.043666331106515,25.250361778102626,-20.91908585517823,20.784425501753795,-15.113651999864036,9.625070575233677
OSP_2_25.08.2025_20250825_215100.WAV,598.4077,0.639261674390675,26191.061013494313,3397.7703305487717,0.009845378373274998,0.5365749197226359,0.0015159454,2737,-1057.9409545221533,-86.98228498521485,-378.21836937923354,22.881786174634684,-120.0287517787875,76.95958843363852,6.333546475489553,27.07807011124543,24.771858241397176,-18.18260873533176,21.407988284490344,-13.356187051377244,12.242931413104785
OSP_2_25.08.2025_20250825_215200.WAV,691.5664,0.734630018868939,28062.747466776986,3410.4196087723435,0.00981894956970757,0.5383175347868577,0.0017038024,2736,-1025.916200026313,-80.44290875406148,-341.51444850417283,27.992508369597683,-95.20042691379099,72.8860963649147,17.088412285864,21.414952270866102,26.005249918421352,-25.79951723496358,17.16585076286176,-15.887418628234855,7.775792196825591
OSP_2_25.08.2025_20250825_215300.WAV,759.5574,1.0589885839578368,33011.85173739521,3417.4033852345915,0.009263711789933148,0.538226641032204,0.002123869,2742,-1020.7462058231882,-85.45227143538135,-352.99541980189946,29.06376242603364,-100.87481173802189,74.61850587189119,14.688792655780663,24.31375490075939,25.532210549926692,-25.045165577349476,17.27646322185507,-14.006372538995018,9.179841438238471
OSP_2_25.08.2025_20250825_215400.WAV,608.6741,0.8743904762683556,26647.406070627538,3395.8928207351187,0.009551400199989055,0.5366639956021966,0.0015513184,2760,-1041.9696783729835,-82.70279604497573,-361.0759220065122,25.526478816075812,-104.50993996560437,74.29285683125305,11.35890778749955,24.39959933499342,27.369645845376375,-22.90565939482286,18.742048799987053,-14.504964723098979,10.297333109060759
OSP_2_25.08.2025_20250825_215500.WAV,834.406,1.0012974064490332,33233.76819425787,3405.6674108960055,0.009450975834077738,0.5370482943968726,0.0022605173,2744,-978.953956616334,-70.71195705975803,-298.10130020320065,30.959590701996554,-65.57137855687884,66.63396285605265,24.62738673832949,12.572250452014329,23.39134731114531,-33.1867222340459,11.237763520497948,-14.233852309591207,3.944178512003804
OSP_2_25.08.2025_20250825_215600.WAV,714.7671,0.9280374395506169,31024.67222340126,3401.8417258557643,0.009390268133139345,0.5354685609409903,0.0019440745,2746,-1015.2726013152887,-80.470934355519,-339.8759872219471,27.12280631331012,-91.26814396157296,75.01093091477668,16.99402602259919,20.223064981817437,25.664877248706155,-26.915218247147223,17.044943735367415,-14.863704858232978,7.065593514667463
OSP_2_25.08.2025_20250825_215700.WAV,733.161,0.9963688634983876,30364.18422881776,3403.6863065672296,0.009415975870453983,0.5363258708348846,0.0019297231,2741,-989.1877106065198,-72.2938952917213,-306.24108695012075,30.443756091045643,-70.35410450349738,68.24091437550011,24.112531205746556,13.470448275327914,24.090675644285298,-31.771532818366058,12.342528232919433,-14.730112172681475,4.127999386180483
OSP_2_25.08.2025_20250825_215800.WAV,743.50464,1.0344108019085474,31754.330284047628,3409.884005618543,0.009644051231050456,0.5379903172701043,0.0020582497,2744,-1002.8425876903854,-76.60334607742544,-320.20985756537516,29.57650357979489,-81.17230057732164,70.99899086762804,21.660783309881207,17.143052186622135,25.030933936413014,-29.480522504976836,14.026554934531692,-15.626291602044372,5.594938876068703
OSP_2_25.08.2025_20250825_215900.WAV,723.95764,1.0179434458788013,29893.931146117473,3413.987871088652,0.009488234868319768,0.5374969459698437,0.0018678958,2764,-1021.590706736586,-82.61267202189642,-345.1782619891498,28.710326705898918,-95.81040892199493,73.84453616872828,15.747869324302826,22.165855781177623,26.64468528034566,-25.57969110852756,16.330916500393997,-15.013954169231752,8.401609551298959
OSP_2_25.08.2025_20250825_220000.WAV,686.2476,1.0528857537819136,28722.80208916313,3402.221756676515,0.009547386543084452,0.5373827834139985,0.0017502947,2743,-1030.43875250646,-81.27215565720282,-349.41600486890496,26.824792425925974,-98.36844004173177,73.63932224676934,14.805289677514866,23.01726867937568,27.064557213035357,-25.74788302523794,17.729735139026594,-14.389479655020846,8.460260531528476
OSP_2_25.08.2025_20250825_220100.WAV,704.75635,1.021193367815456,29786.199811645725,3413.213473657013,0.00925905434267534,0.538340076438012,0.0018543696,2736,-1043.4350428166051,-88.07422477107838,-372.8009080728747,26.98690555187416,-112.3483831682846,75.08995770439607,7.36904480054811,28.360603824569974,27.23606391606501,-22.738592914400947,18.932214696492213,-12.137597815506114,11.816795167993773
OSP_2_25.08.2025_20250825_220200.WAV,729.2643,1.0427389807123795,29630.12571480145,3406.240544924826,0.00925591534144452,0.5372798916837305,0.001850295,2759,-1006.8855327113146,-77.2747939888975,-326.7499599130728,29.430486394268716,-82.27941292881232,70.79127097055705,19.172653601926758,18.855254911023223,27.214982828583153,-29.74195987983695,13.432034541433847,-14.297453923635244,6.934298864539838
OSP_2_25.08.2025_20250825_220300.WAV,751.45245,0.9798013230117038,31359.377483927252,3413.0239846034765,0.009101833025245821,0.5381801034298213,0.0020642271,2716,-953.9490133627775,-63.70878168129889,-265.61586803178403,33.4099915921057,-48.12519156441124,59.33780573143301,26.625781063774607,6.208407549703879,21.09256337326237,-36.20913628787471,6.253974446832744,-10.080936973391239,3.864084240289596
OSP_2_25.08.2025_20250825_220400.WAV,755.0346,1.0001949178280036,31275.08346719487,3405.8870236122066,0.009041623934557454,0.5382760872347356,0.0020394232,2724,-990.4360062025133,-72.93050724286371,-309.6681143010709,31.44056143290901,-70.40845950708007,66.25798472138955,22.720468637956976,16.23955605288483,25.584565193820247,-33.70760504479137,11.49533220368831,-12.654718430447396,4.814769842972717
OSP_2_25.08.2025_20250825_220500.WAV,685.0646,1.0118089717936403,29509.172109631567,3402.766935533445,0.009111469857026124,0.5379630491437081,0.001822472,2745,-1027.7413582491433,-82.21459687954408,-354.06014202402105,27.907792297137423,-97.8544619270586,71.93574507483079,13.258462157296066,25.941006914930213,27.166562703714643,-27.02721769902077,18.021354158381055,-13.751062890096946,9.008566915219863
OSP_2_25.08.2025_20250825_220600.WAV,706.59485,0.9249337088678471,29459.493395127218,3417.20443531232,0.009382723724697931,0.5392090207325019,0.0018769879,2720,-972.1123022279305,-68.13504508727314,-282.4005290515246,33.090914958593125,-58.60853852031198,62.384135597655785,26.325409288635196,10.836766675934816,21.934770687789086,-34.842876378664926,9.605376313542422,-12.952260013446905,2.940906883595518
OSP_2_25.08.2025_20250825_220700.WAV,729.54443,1.036071891514798,32148.091913372773,3417.124182750896,0.00889192345807569,0.5391166726777736,0.0020345186,2725,-1003.771185145687,-79.02234260744449,-330.8676618445338,31.982198083416236,-81.85807185025347,68.53622868847464,18.627615229589466,21.00149810628314,25.586538394200986,-30.003686110511808,15.072399790308147,-14.755968573247888,6.354176726527152
OSP_2_25.08.2025_20250825_220800.WAV,583.60455,0.5835171386085811,26819.25443301997,3403.469207276289,0.009205253316306167,0.5376743705789278,0.0015889404,2735,-1044.0099688478092,-84.17553458730922,-366.3714200340176,26.93075488536677,-106.51668903185363,72.0507214877004,10.404710227955274,27.222566083527184,26.09610634367471,-23.0820664609769,19.98680297165103,-13.982688155725878,10.311889484711951
OSP_2_25.08.2025_20250825_220900.WAV,730.66455,0.9698362947011866,29974.39498369143,3409.1838778488614,0.009292970149539928,0.5376194707511169,0.0019076661,2740,-1012.5823378324,-78.06315852620457,-331.93791620284816,30.261754543686713,-85.34006689714509,69.39583304529565,19.403024058647873,20.563748843656402,26.081656752104237,-29.194185704849964,15.544298224375483,-15.079619249580233,6.357855662355783
OSP_2_25.08.2025_20250825_221000.WAV,606.70264,0.8025988118754597,26144.773108432437,3403.3388397845024,0.00986371763348131,0.5377503577578183,0.0015222137,2732,-1043.0960460514063,-83.40910147486778,-359.1026043002811,25.80131781918451,-106.51963833714302,74.31570943006969,12.77883398019753,24.78626459964775,25.664892549121113,-22.115748890402433,19.89293709625776,-15.685123237141067,9.378613566159684
OSP_2_25.08.2025_20250825_221100.WAV,514.64136,1.0915420822772282,25126.604455089404,3400.6540243434924,0.009906753020184036,0.5377452677075577,0.0014057122,2750,-1107.3906559671805,-99.69385082218739,-439.42017531980156,16.30244630763401,-166.5543724062246,77.09920975674387,-21.60789183492362,36.135580620051456,13.737074655493783,-7.011425766877647,22.869212062933745,-4.072035735862983,18.389881488363073
OSP_2_25.08.2025_20250825_221200.WAV,519.87354,1.0943100879198744,25658.85114488077,3404.0252825185403,0.00961280524941671,0.5390214160228965,0.0014560487,2739,-1088.636087314942,-95.34276660122542,-418.027178410444,20.233653339873317,-147.41386411500088,76.20491374488766,-10.706249459586525,34.27460464821905,20.95507869514867,-12.022106412261483,22.356411680742443,-7.143694608452402,16.9977664943568
OSP_2_25.08.2025_20250825_221300.WAV,523.3019,0.32083718848748477,25445.101666544695,3397.936087120702,0.009619144194250034,0.5367817939082279,0.0014436265,2750,-1075.9795567991425,-90.92322480181623,-400.5295596629535,21.329392523292498,-133.98498466858405,76.21342305796858,-3.4232147323582196,31.58810095806778,24.14471951087294,-15.939776178056377,22.452411335970687,-9.433975057920835,14.561355566061595
OSP_2_25.08.2025_20250825_221400.WAV,525.7744,1.0918353251825248,24957.72367829673,3399.1240815020396,0.009949493038593295,0.5370301156459419,0.0013954894,2750,-1111.1548932447197,-100.09929348519621,-442.6732926085088,15.099908255576818,-169.8499803677601,77.46795442194974,-24.311131412633852,36.96808426853941,13.826485702394521,-7.043754297314873,21.85935689604381,-3.315339126260105,19.128156557046673
OSP_2_25.08.2025_20250825_221500.WAV,543.333,1.0986122886681098,25143.921691703483,3397.28161599073,0.009823970531442835,0.5371460960768801,0.0014100716,2747,-1110.82428079908,-99.85320718601196,-444.0014729918997,15.41377320420024,-169.5137631386843,77.05384060481983,-24.619681491841213,36.32735142051659,13.447473362984788,-7.029174490512453,21.90698776300908,-2.9025666492104114,18.510066286711655
OSP_2_25.08.2025_20250825_221600.WAV,540.05005,3.1524687046725343e-305,25332.903315892123,3394.8451852628973,0.009733376793751938,0.536349139636076,0.0014294165,2734,-1103.3354114771134,-97.98175700371998,-435.3643822960268,16.47860327623175,-161.1596888264144,77.17093843241466,-20.290517209839006,35.525819500836214,16.83098094246891,-8.659561833299286,22.279001385179114,-4.072105107633326,18.58872112390092
OSP_2_25.08.2025_20250825_221700.WAV,521.5085,1.0944703260552822,25691.943416710816,3397.1266577201254,0.009414909860293636,0.5370141183451228,0.0014696176,2740,-1109.2840582514834,-100.19925570606601,-445.3229301340742,16.23297045810459,-167.67907743331654,75.83203721802595,-25.509323239287912,37.80406037137676,14.269350837728851,-8.251560554712114,21.688467530459263,-1.6238532047569263,18.957023389525833
OSP_2_25.08.2025_20250825_221800.WAV,535.08923,0.7650872559741276,25309.21277509344,3396.8714059932104,0.009888579668244047,0.5360219221193224,0.0014282719,2732,-1079.5253148237057,-91.99726749060713,-403.86003414504705,20.131527572281872,-138.2010773207029,77.47452636157757,-4.58169969579768,31.906758558479805,22.876690299995992,-14.27076232187657,22.624230003432864,-9.235185139401437,15.198542022830514
OSP_2_25.08.2025_20250825_221900.WAV,607.62585,0.9807426105136158,25927.288044269324,3396.6104400299237,0.009760290957292549,0.5361891666278853,0.0014978105,2764,-1037.0485040509577,-80.68626533709,-350.6722938549285,25.59893605698994,-100.33787092094492,74.25609746236483,15.33247891522118,22.272050373146172,26.007532834472546,-24.225612709284785,18.871207106125098,-15.33284031133193,8.630229450526084
OSP_2_25.08.2025_20250825_222000.WAV,520.2654,1.0699483223028636,25163.118547739436,3395.5609694064783,0.009758077401859284,0.5367927011587863,0.0014186591,2744,-1098.1288550666677,-96.63777489241114,-426.88653669371433,17.167397808893178,-156.01947901624064,77.85289539947816,-15.128831449946157,34.602268808669464,17.976412400764698,-9.787428336726695,23.30059037662122,-5.693794293401946,17.29637225163228
OSP_2_25.08.2025_20250825_222100.WAV,533.7971,1.0472082089555923,25115.355663345523,3399.7292579837845,0.01002214224180019,0.5371788178285555,0.0014181364,2745,-1061.6939254409244,-86.64873408903391,-378.43278733380663,22.774087961157477,-121.18307290367349,76.38745486098686,5.841249491720479,27.258887250082214,25.222124724236952,-17.996534101860277,22.105453016803853,-13.478971285135914,11.574105170881575
OSP_2_25.08.2025_20250825_222200.WAV,553.0305,0.9101222626346921,25114.398564630977,3402.1546119158515,0.010005266142850704,0.5382026450809755,0.0014186634,2748,-1063.0768640239276,-87.51078572246928,-380.2556987994771,22.940227012663094,-122.48163211108677,76.22628648551438,4.933819333445681,28.47956177011006,25.388745479585975,-18.33895601271931,21.674039041044843,-13.090839189390485,12.355803830350796
OSP_2_25.08.2025_20250825_222300.WAV,520.8511,1.0794139786813042,24744.86744249961,3397.01081383162,0.010088284526212726,0.5371231908507074,0.0013825087,2755,-1096.8009551780451,-95.50406571472385,-421.87278025714625,17.395021624609523,-154.8106771774566,77.71545941884733,-13.205431218086183,33.94555220827595,18.56921104471348,-10.302680892672367,22.953500612777347,-6.678048244217829,17.80064245706202
OSP_2_25.08.2025_20250825_222400.WAV,534.077,1.0920412931755328,24899.137018859918,3398.001139292034,0.010019941532663038,0.5370941048492182,0.0013985842,2757,-1097.4324576326615,-96.02995705999082,-423.7786839836619,17.480093808158493,-155.11979601476563,77.5520238434636,-14.404793389674747,34.19442287574747,18.886585508304563,-9.718822439423814,22.566477321324694,-6.461408016830933,17.918293276124704
OSP_2_25.08.2025_20250825_222600.WAV,519.61584,1.0961812457358695,24975.145084083917,3397.495723420935,0.009928192898683767,0.5372555321574832,0.0014033538,2744,-1118.9361577808133,-101.8416278961854,-452.71143946846246,13.7857979039857,-178.05356040381974,77.14151129869377,-30.369695097393894,37.37230953703441,10.648403093891377,-5.70881934221887,20.556181245273024,-1.1818747909670768,19.352377706791497
OSP_2_25.08.2025_20250825_222500.WAV,533.7809,0.8295510654793817,25231.85456831981,3393.474217271033,0.009942187772597123,0.535789961257446,0.0014310988,2734,-1070.8565844224106,-88.6728505963939,-390.9389469140961,20.92731109157778,-129.6027203118607,77.0721290739872,1.182387201750333,29.733792048888905,24.666009574663143,-16.806971588392205,22.008534295273837,-11.36181127161149,14.017294348061967
OSP_2_25.08.2025_20250825_222800.WAV,533.35657,0.29073673961268,25592.154676757382,3397.4655150546623,0.00955406406384304,0.5369163166651154,0.0014597386,2764,-1104.703780215635,-98.77015091965816,-438.4041977976683,16.949768475495425,-163.26937799813265,76.31707695324667,-21.035737959133325,36.8027865688327,15.098356364298722,-9.09736045913943,22.789051849528438,-3.3506075296933244,18.070498812613295
OSP_2_25.08.2025_20250825_222700.WAV,559.4165,1.0493393985643331,24978.68733902139,3398.7848973035116,0.010048087961179373,0.5374591341679077,0.0014040131,2768,-1092.9556776281138,-95.1828156516438,-417.6330143014227,18.102264886070376,-150.72640805420383,78.4327189032971,-11.058895382307817,33.16116200027805,19.62899272951579,-10.930544754240767,22.75365676022393,-7.505818547827347,16.952944336047853
OSP_2_25.08.2025_20250825_223000.WAV,525.02594,0.8641281166666621,25389.214406205614,3392.329475418756,0.009773623368506068,0.5360579160461653,0.0014328163,2753,-1101.1718569922025,-97.54980872431936,-432.9604656484886,16.05975196447356,-159.725954600628,77.69242863867791,-19.174120581259505,35.91977431475946,17.239628047547846,-9.363029866810459,22.524137718185635,-4.251796604961578,18.236326777296146
OSP_2_25.08.2025_20250825_222900.WAV,529.51746,1.0757428387721293,25866.215584669866,3396.4827708671296,0.009439436221327554,0.536273516032204,0.0014809893,2730,-1085.774343868206,-94.00108762947434,-415.2586373407595,19.87990101732287,-143.9580021560368,76.19926412813577,-9.667896961612467,34.42953905619922,21.733883736814825,-13.546103034112308,23.0852208363622,-7.1554241412902275,16.0450965573685
OSP_2_25.08.2025_20250825_223100.WAV,517.57117,1.0884060820888874,24881.560700269925,3393.770866941926,0.010134457576864491,0.5361644435266195,0.0013894574,2743,-1115.2072233620047,-100.30471460030327,-447.23944163628073,13.445907060432669,-175.25364169415784,77.66872998099363,-27.238860110783513,36.55947638019266,11.358292674965865,-5.803749865173317,20.879707626690443,-2.366670189373047,19.543494380707
OSP_2_25.08.2025_20250825_223200.WAV,519.906,0.6873371029105955,24356.829566371478,3398.6885553697944,0.01029141942471915,0.5379601405435592,0.0013516848,2718,-1135.9014597043001,-105.40875000980076,-470.5913576923374,10.239550544896042,-196.41892678560407,76.90958053104738,-41.85277376454942,37.63389230180554,2.668346745599786,-1.6814112935179963,17.256883341652085,1.2546778092564055,18.638066421556168
OSP_2_25.08.2025_20250825_223300.WAV,516.8981,1.096404757012165,24762.628299699063,3396.6305033662957,0.010113003539896234,0.5369515834419211,0.0013944167,2761,-1102.54644284436,-96.94476714207993,-428.2877743357783,16.05874229546266,-160.0159185161766,78.30629529481274,-16.92184019861989,34.74540138932062,17.439778994551407,-8.646687985827317,22.621848774510998,-6.029581985346733,18.096252749550356
OSP_2_25.08.2025_20250825_223400.WAV,527.1974,0.8719696979423256,24986.776658688177,3393.0745978705386,0.01000343756980242,0.5354518364901341,0.001409431,2751,-1069.717023029948,-88.17672119782429,-388.29927220135494,20.802234701944347,-129.24936746033254,77.11417638423988,2.1637228645202318,29.405573230709354,23.96846173436635,-16.84679149491786,22.44456653603329,-11.397284434289668,13.961796152928281
OSP_2_25.08.2025_20250825_223500.WAV,648.30225,1.0263108125643665,26270.861835044725,3399.8354322901996,0.010020580149669802,0.5366679949274014,0.0015619186,2754,-1028.4875941111457,-78.34711375264966,-337.88912068667423,26.262885580758276,-93.94292626706569,73.77032215567883,18.066986376444714,19.16561272187744,26.848679557443788,-25.210291519395458,16.49468076325296,-16.080907232387812,7.501367739846881
OSP_2_25.08.2025_20250825_223600.WAV,522.2291,0.6929301509699877,24692.2346062577,3395.310796405353,0.010121426319439786,0.5364971146686522,0.0013884676,2736,-1055.1520218181445,-84.16000921312846,-367.4985473175715,22.84808952548295,-114.45743675656762,76.43453095782773,9.892610956985765,25.61681356010494,25.970962812639645,-20.107437632626652,20.530803656719307,-14.693311453727755,10.780422664539959
OSP_2_25.08.2025_20250825_223700.WAV,526.7068,1.0529951014583303,25137.834491447233,3391.1893251535316,0.009928214101579102,0.5348155802075577,0.0014149916,2738,-1086.05050600267,-92.84486033102465,-410.43752541038367,18.235752800606182,-143.6797204660818,78.57842365937,-7.224560336061688,31.75565643111269,21.097331577710246,-12.207737096596615,23.51822320368965,-8.80471469836295,15.502955146798515
OSP_2_25.08.2025_20250825_223800.WAV,520.8168,1.0847892201262637,24929.88133345404,3395.1074093456073,0.009934067042670783,0.5364251268149665,0.0013937997,2744,-1122.8348390633312,-102.77649784022516,-458.278159085609,12.692724189200977,-182.243680938177,77.21910150362058,-33.16549444644984,37.14618512679799,8.431538114030644,-4.083582249630283,20.27340282428546,-0.40287517960379166,18.997878798919754
OSP_2_25.08.2025_20250825_223900.WAV,524.5952,1.017800564340479,24742.83657138416,3399.716664849799,0.010109316255179641,0.5374711321435219,0.0013845249,2740,-1109.2730857781987,-99.36748048313463,-438.0580973296606,15.324053520715216,-168.05744406762244,77.71236278306824,-21.981495965366076,36.02230378262385,13.865636635544725,-7.13710264083916,22.266356786365773,-4.105840547940836,18.78977165168612
OSP_2_25.08.2025_20250825_224000.WAV,525.6841,1.019868778725885,25097.47755140385,3392.6952914760136,0.009899574626288663,0.5359833831673492,0.0014112812,2736,-1093.7480831829548,-95.06075071035562,-420.6447602178229,17.52783203088495,-151.67608419803375,77.80965082649665,-11.907793087804627,34.21737622791119,19.167119048958945,-11.480185502492748,22.95386941849446,-6.455104444793058,17.46423891192452
OSP_2_25.08.2025_20250825_224100.WAV,558.0094,1.0656059924612733,25844.312448846948,3397.7747491604678,0.009881631389016102,0.5375038538951973,0.0014903096,2743,-1058.5837024526313,-86.17739893812757,-376.9268375255153,23.060535542494154,-119.151436112796,76.03179111176993,6.521898640563653,27.615346146503846,26.06792971197386,-19.716835462446625,20.860614382993322,-12.779385680591592,11.963932246854295
OSP_2_25.08.2025_20250825_224200.WAV,531.73694,1.0135102974280117,24966.73354044423,3399.2675668891793,0.010178684153166853,0.5371595483525688,0.0014135794,2741,-1043.3450572649108,-81.10515419662973,-352.5840961048978,24.558108280886028,-104.90298899957561,75.18058289972655,14.165910609446003,22.672707418214117,26.834779915796144,-22.86833181963331,19.308998282552054,-16.167773586617475,9.017931128164381
OSP_2_25.08.2025_20250825_224300.WAV,570.76526,0.9765877008776246,25171.60750413586,3400.440823526381,0.010084589971298408,0.5376692805286671,0.0014493276,2760,-1034.305276846772,-79.09311090841193,-342.53450827046674,26.00066135933163,-97.00593130134392,73.2838502114836,16.81137374138536,21.10742944515215,26.744607078758325,-24.63049905315901,17.41033776334741,-16.20183820347572,7.865609563130122
OSP_2_25.08.2025_20250825_224400.WAV,518.75183,1.0960815266222488,25002.62000876475,3393.276209722383,0.009950351352451717,0.5361015450483991,0.0013996641,2743,-1108.8205165363768,-98.86740448874012,-440.30831221834865,14.841155746364015,-167.84554010523917,77.39921229898388,-23.04186109859298,36.767575727358086,14.73777024392735,-8.075817929429968,22.38406793600408,-2.954419310037631,18.847206464735805
OSP_2_25.08.2025_20250825_224500.WAV,524.83575,1.0906326425713184,24754.34100752053,3400.946190737113,0.010122952327915167,0.5378717918140358,0.0013894294,2747,-1102.255941168313,-97.12013275881768,-428.2492493720218,16.948713133191376,-159.85234456124206,77.86285543010725,-16.649184319168917,34.109828348740365,17.308290797628864,-8.541270473941935,22.68206578156695,-5.851532477523006,18.30308242032612
OSP_2_25.08.2025_20250825_224600.WAV,519.28284,1.0957408184853508,24737.49655762986,3399.9491646838933,0.010101397970232412,0.5370282977708488,0.0013813457,2758,-1118.779033597021,-101.73572363159784,-450.4011850635125,13.874957372585591,-177.94614567827847,77.20026409029424,-28.14233938388706,37.086375372073874,10.201585067188912,-4.887909681297902,21.177313747636507,-2.699773273450875,19.512281076349225
OSP_2_25.08.2025_20250825_224700.WAV,555.17175,0.7001611840565406,25655.79037704404,3401.5955411357286,0.010050314845544606,0.5386378443782577,0.0014801482,2742,-1030.9797248438567,-78.82908410174467,-340.61721843103646,26.694396561691857,-95.92201243372381,72.79143711602526,18.26795852098305,20.702992690918446,25.89128543845427,-24.936168758725554,17.590388290718977,-16.98439670992128,7.996675814076111
OSP_2_25.08.2025_20250825_224800.WAV,545.2091,1.0012283151307688,25153.98309255332,3400.8037926776187,0.00994135248284208,0.5379481425679449,0.001414526,2749,-1098.319240984601,-97.11097541693499,-426.3082552263014,17.754443678254674,-156.58710199501704,77.38072674977367,-14.976527575655044,35.14635589572951,17.904866440615727,-9.58976284836957,22.742070471621272,-6.350112381751444,17.693163280867587
OSP_2_25.08.2025_20250825_224900.WAV,517.6239,0.295439191872116,24771.816104353555,3401.911449023245,0.010018166078561467,0.5384207900921445,0.0013820437,2754,-1127.1754695726565,-104.3594744202629,-462.51225222437677,12.647374105699443,-186.97316416652447,76.69149291733207,-36.47866710120892,38.264583429778966,6.830174322716777,-3.743747246324886,19.509752399205798,0.2088635630976418,19.335777685735
OSP_2_25.08.2025_20250825_225000.WAV,515.4907,1.0930645400773615,24812.89665298307,3399.559131196276,0.009985136208307327,0.5378172555612435,0.0013857307,2741,-1130.1544313735199,-104.67492213538337,-467.10500246106335,12.017825076870672,-189.97645702730478,75.846508102305,-39.72039310719803,38.5579300125468,5.650238858739087,-3.3009311807076713,18.14247852171717,1.1691760334974148,19.413240982763604
OSP_2_25.08.2025_20250825_225100.WAV,517.04486,1.0759699059401429,24652.292823572065,3399.627507062439,0.01011300921973361,0.5371130107501861,0.00137805,2749,-1126.2022841862793,-103.31825810890061,-459.97187219735747,12.438516812725245,-185.8088093652387,76.48266816236776,-34.95838026794536,38.04613784103398,7.601559600325503,-3.6873163382812475,19.257124879592645,-0.4777446154975567,19.320373327621848
OSP_2_25.08.2025_20250825_225200.WAV,525.72,1.0948283127492178,24992.149422909657,3399.679974466931,0.0099305291976931,0.5378601574134401,0.0014143393,2730,-1109.1522267516914,-99.2504081757151,-438.9079885145279,15.842892874662228,-166.86287644321467,77.11013817588571,-22.21582043010768,36.25698943844854,14.867645223747136,-7.498424689818411,22.217882970978582,-4.023418077169078,18.60924077096832
OSP_2_25.08.2025_20250825_225300.WAV,529.0749,1.013331411386089,24822.300314672368,3398.300035976399,0.010084753835073446,0.5365654667721519,0.0013911801,2753,-1100.4767221877912,-96.772703186339,-426.89564165967545,16.801873003808907,-158.47679827528228,77.64465559421944,-16.074476472099427,35.311473045458364,17.242255005144884,-9.774772033314184,22.785757351594903,-6.009358427808901,17.796130296980515
OSP_2_25.08.2025_20250825_225400.WAV,526.44946,0.6706114704823766,25219.265008191946,3400.885074469553,0.009841178020777528,0.5374235038160834,0.0014328306,2715,-1059.799016217423,-86.74193224088846,-377.23964567925606,23.652465085927787,-118.88581419797183,75.49737459747479,5.975225096141516,28.351013971880853,25.741314224282533,-19.675696945233184,21.17982523992778,-13.039540125498268,12.012523403099667
OSP_2_25.08.2025_20250825_225500.WAV,524.1936,0.5149546252595446,24739.555301445947,3401.4382935898025,0.01003197793747258,0.5384938686708861,0.0013862711,2717,-1113.4433073004939,-100.53642256138929,-443.5189601342488,15.192483218896552,-171.46701334041765,77.15059357002337,-24.81615833720157,36.915234318618225,12.834582625033358,-6.779724097499127,21.58153211819748,-3.067909338128383,18.69876511450511
OSP_2_25.08.2025_20250825_225600.WAV,536.90234,1.0941046566932566,24960.071007395924,3398.5700817222714,0.01002800928644691,0.5366709035275503,0.0014092356,2723,-1089.3325327412338,-93.81160648806824,-412.55411080953286,18.823122839908542,-146.84653879835005,77.4837463424849,-8.860129456706677,32.98157075329456,20.94860803683085,-11.71590303564616,22.97121676392695,-8.24851226147604,16.248438273636914
OSP_2_25.08.2025_20250825_225700.WAV,529.6913,1.0077428696665327,24827.3777014185,3395.170841159016,0.010058028251363994,0.5362720617321296,0.0013975502,2754,-1084.6644064698723,-92.27632419812669,-406.4475417791849,18.7938465964196,-142.3261733045131,77.72431193077546,-6.254809145042899,32.448904030369626,21.965788820107107,-13.0894816462286,22.859033673668716,-9.193155135465195,15.553325142740382
OSP_2_25.08.2025_20250825_225800.WAV,588.0259,1.0068061585149821,25597.776624628586,3397.103140749477,0.010168647895196309,0.5363458674609084,0.0014878586,2745,-1016.7559359721877,-74.4627170708296,-321.80660118176075,26.61504496158252,-85.49833296658409,71.96820947845475,22.435621049722073,16.588223097398867,25.18422047111665,-27.66228126647652,15.416532077260078,-17.472202620190316,6.2416565554322965
OSP_2_25.08.2025_20250825_225900.WAV,527.4365,0.7602621133049453,24881.86155636571,3395.842284031832,0.010084925301148743,0.5368083348845868,0.0013981067,2747,-1102.1629971126888,-97.24417315807152,-429.2032742252108,16.06579470619152,-161.0589294869036,77.90133455778322,-16.216976036498018,34.939037488709424,16.31324444366979,-8.311905358942585,22.459786245471943,-5.798180056114452,18.528499292177763
OSP_2_25.08.2025_20250825_230000.WAV,523.78674,1.0549363260192117,24274.022957538116,3397.9506020310946,0.010350810658437657,0.5379383260424423,0.0013534604,2738,-1085.4999251796896,-91.56981179021656,-402.7562857727941,18.857407425313838,-142.50576675562323,78.31538542390005,-4.058180388689536,30.479100975851274,21.651752628382816,-12.259746962459232,23.21301684429387,-10.356966874567828,15.520606662337732
OSP_2_25.08.2025_20250825_230100.WAV,516.1436,1.0969275848160995,24641.77944896421,3398.4744823783994,0.010083901772182668,0.5376849142544676,0.0013777352,2748,-1105.4349352248112,-97.97742594666305,-432.2216268314385,16.004805936239066,-163.16742980871618,77.86965779638837,-18.736530636412127,35.248484862940046,16.102257072132662,-7.791455682131812,22.431121189595988,-5.51078440223271,18.309522725139104
OSP_2_25.08.2025_20250825_230200.WAV,575.9375,0.9426892637337547,25323.477725687928,3399.135863808402,0.010066373768115538,0.5375827496742368,0.0014593111,2744,-1046.500425084555,-82.42267063787143,-358.2432896822503,24.68224211950364,-106.99559001798384,74.86877757235519,12.511546967524005,24.05120922937794,26.201413974538156,-21.84586228727128,19.532033916122316,-15.785508335745858,10.077987561122923
OSP_2_25.08.2025_20250825_230300.WAV,524.7042,1.0556447712606511,24694.51166291827,3399.7412381874806,0.010097871516282029,0.537480585094006,0.0013890531,2741,-1091.3783996909544,-94.28217673367351,-413.4502226721721,18.58620228354284,-148.41690690852707,77.7190035261764,-9.336302676318464,33.15316253428027,20.05684987898699,-11.352802374066279,23.34204949512513,-8.40969354299307,16.678291745590155
OSP_2_25.08.2025_20250825_230400.WAV,558.59766,0.9626062158532963,24590.262258669725,3399.515613305157,0.010196596467684123,0.5381452002280342,0.0013777241,2743,-1094.6863357125285,-94.6702567718396,-416.9585287765581,17.97109331265434,-151.72297202627252,77.71072248159409,-11.264355173576996,33.41996293851707,19.63252903037072,-10.771440472344011,23.22375440182861,-7.743526756274364,16.901269662489998
OSP_2_25.08.2025_20250825_230500.WAV,520.2098,1.0880650497276356,24436.92008653655,3399.4304088523068,0.010251800049019726,0.5372464427820178,0.0013600724,2773,-1127.2023286323229,-103.36553712203089,-459.415196014649,12.038778437264849,-186.9443349929444,77.25128763493052,-34.70515236319205,37.2128684092434,6.9439626356189015,-3.476971392900946,19.274003645401848,-0.5423005029055322,19.6212648324291
OSP_2_25.08.2025_20250825_230600.WAV,518.30896,1.0962855546326236,24683.120206735857,3402.678858242143,0.010038123504165422,0.5386585681543187,0.0013864628,2757,-1108.4973199292383,-98.78777074040427,-435.79066467942494,16.145155659964463,-166.10628983595927,77.01334525478656,-21.142259974564396,36.36286983760571,15.313030252226419,-8.101232795513873,22.332381676774162,-4.222862347850732,18.516230497060327
OSP_2_25.08.2025_20250825_230700.WAV,516.9021,1.0768520897027862,24800.702020204375,3398.1098576867626,0.01002862682322568,0.5376878228546166,0.0013881195,2736,-1111.5108300463437,-99.8477289186973,-441.31232655833753,15.014803826673779,-169.49284794150807,77.50968439015627,-23.602118593140492,36.780151557180034,13.916716582883236,-7.1651946034633776,21.640474887829363,-2.931591421110012,18.889339353533238
OSP_2_25.08.2025_20250825_230800.WAV,560.6494,3.1524687046725343e-305,24778.07885455239,3397.2546926074297,0.010210223633629787,0.5368428745113552,0.0013973583,2741,-1071.715317881894,-88.49940509184427,-388.58789468704447,21.16696574855855,-130.13444037253814,77.06855589914525,1.996496481909229,29.55660772547358,24.118014925651824,-16.426136340465238,21.868218851854305,-12.481016375135761,13.609012446519666
OSP_2_25.08.2025_20250825_230900.WAV,525.32336,1.064505425996577,24425.306375235315,3398.701660270225,0.010289131336498898,0.5381241128769546,0.0013606871,2754,-1104.7375717380237,-97.27226387728076,-429.48915919226823,16.03960907283746,-162.33017278025503,78.1313172066104,-17.130506947595702,34.49467892175124,16.254651171682337,-7.993310057694186,22.590932097368075,-5.965613950858832,18.06241523953999
OSP_2_25.08.2025_20250825_231000.WAV,545.6515,0.9512504999938545,24663.320849751068,3399.1714620560906,0.010263934478901426,0.5373122498603872,0.0013835947,2760,-1070.8679536352822,-88.33080322760928,-386.1686391236767,21.159234061957605,-128.99569585007714,77.12561780893772,2.4796744136760283,28.969471347199647,24.594298348427234,-16.063264970105667,21.880782990126537,-12.568009876902309,13.775251220234587
OSP_2_25.08.2025_20250825_231100.WAV,828.6235,0.8460284046165654,59345.03300882825,3439.8019027280334,0.00798013936358609,0.5375558451228593,0.0048745605,2764,-920.994497781705,-76.442078574021,-291.3622155590786,41.07897367602473,-53.84875716534464,63.49453145331038,25.094234242535723,11.97503723462407,19.562429602915675,-39.20803253286651,8.57757220902425,-9.262369744868337,4.477457908944289
OSP_2_25.08.2025_20250825_231200.WAV,847.5889,0.9732724460619306,48212.00809857577,3404.177620146357,0.008835590017212586,0.5357554216306776,0.003826324,2751,-922.2280372055161,-63.797291275427526,-262.80136315353064,34.559415914026516,-43.19717140228783,58.71953685801746,28.897781014445208,4.603148208587026,16.290058942245594,-36.62253782927968,6.623027608044354,-8.882762495902728,3.7210846994431908
OSP_2_25.08.2025_20250825_231300.WAV,890.1851,0.7891638444509395,53611.92846202007,3392.484630231609,0.008440546916070097,0.5330842359689129,0.0042519653,2776,-944.0743191166183,-73.04958613048953,-306.0112968539727,32.482208778996736,-62.61311760523017,67.33252475152278,27.05437569787017,14.009140388134112,19.620864953335186,-35.821936935704635,10.689827619731297,-12.206811562345182,5.996158416128396
OSP_2_25.08.2025_20250825_231400.WAV,805.2997,1.0398377587697731,34190.07969836746,3404.040031134794,0.009541840976348484,0.5364222182148176,0.002375643,2725,-978.30071705478,-70.78085748086494,-298.14680756547307,30.81917503902543,-67.04676269305436,67.53092012009927,27.234256027622937,11.673404090712848,21.81501096025838,-32.859071725360174,11.470101291518063,-14.711715499601551,4.824041195402159
OSP_2_25.08.2025_20250825_231500.WAV,756.14294,0.995509531599714,36357.44962068265,3406.966922336336,0.009425602812658317,0.5367305298306031,0.0026068608,2753,-1003.0354405547973,-79.41409030990975,-332.5784695396756,30.119672554610364,-85.43289605949145,72.03427101465202,20.54376945400894,19.43354494494131,24.804100082715358,-28.94802869487453,15.524810485291841,-15.873250055526823,6.641959099763848
OSP_2_25.08.2025_20250825_231600.WAV,734.79004,3.1524687046725343e-305,28749.66095735693,3396.816561419629,0.010036765509394576,0.5358757649618392,0.0018192321,2738,-1036.3833168680483,-82.49094342874906,-356.54617633649787,25.189397946285617,-104.85766851672669,75.94120730061947,14.077786123563598,23.033250376887754,25.26991772707077,-22.936734937952814,19.16228701098238,-15.820515099866777,9.396965424699717
OSP_2_25.08.2025_20250825_231700.WAV,775.556,1.0319281966477336,29446.994928612126,3399.339600872926,0.009948580181877395,0.5369326775409531,0.0018937316,2741,-994.7940062995683,-70.97924132027703,-303.5858087348423,28.69831109853491,-72.33340975094143,68.83456421045629,25.645840129421924,12.757049173821168,23.394112573895754,-30.86148035290506,12.714826174175874,-15.784986034625236,4.396888441702487
OSP_2_25.08.2025_20250825_231800.WAV,721.78516,1.013258410083746,28198.573213065018,3403.0797498039014,0.009908441191977098,0.536968671467796,0.0017725509,2725,-1020.5307285192029,-78.38916739640892,-334.2733875703097,27.441837367239064,-91.21074367957209,73.13550273061476,19.207905537226914,19.251938405632696,26.072105168488097,-26.57602928842408,16.454336544250115,-16.472076428682335,7.009886345886653
OSP_2_25.08.2025_20250825_231900.WAV,776.86176,0.8508150367871731,31326.448016112765,3396.8946411937823,0.009696869038815944,0.5365280185452346,0.0021287068,2769,-963.3564525744584,-63.760542687659246,-273.13994409090355,30.590733956678612,-53.837676765392686,62.50088618965591,29.33789102628445,6.430449716461154,19.68613989922216,-34.37991724657346,8.319491693773163,-12.891363801322415,3.9642268938554754
OSP_2_25.08.2025_20250825_232000.WAV,761.2089,1.0228217000474036,30581.7492843633,3399.0873174317576,0.009486534593791354,0.5377343604569993,0.0019682422,2719,-1003.5026754180448,-75.58743186383916,-323.9950424012963,28.801416311959272,-81.32283804463383,70.78642005530381,22.19704334148731,17.186427501725102,25.00433062942249,-29.45586969285548,14.55951084933038,-15.561883140626449,6.256558727432239
OSP_2_25.08.2025_20250825_232100.WAV,691.5384,0.9077323946284226,27370.351533944195,3401.523215610835,0.009805095714682507,0.5372089945551005,0.0016279723,2747,-1040.1758443457786,-83.53920183998667,-359.72012282095926,25.679335143541977,-106.85041011449057,74.5444238817096,12.61316948307643,24.95568025286814,26.03641409620473,-22.872090500017652,18.976589690412077,-14.27730425749075,10.030469643251095
OSP_2_25.08.2025_20250825_232200.WAV,857.0331,1.028418660186758,39283.079738209875,3402.1657145348818,0.009543899652725887,0.5371221001256515,0.0029563312,2720,-937.4564257022944,-60.37758326845699,-254.6250946009353,31.17142802800481,-44.78983699403051,59.68287079576257,29.502428398535613,2.6316472227923065,17.25051856095877,-35.852088327295945,6.658517657715666,-9.575061122591679,3.559649787856644
OSP_2_25.08.2025_20250825_232300.WAV,767.60077,0.9358226771531963,30841.035151179116,3399.3931653770774,0.00969370765947744,0.537360605337863,0.0020592865,2748,-963.0580238730256,-63.60219893704894,-271.4810875078305,30.488230933536755,-52.735598257561264,62.36564241417715,28.23444207205068,6.343582575643625,20.258725133388616,-34.46076695626011,8.200431477223864,-12.533009111694575,3.2731947060173447
OSP_2_25.08.2025_20250825_232400.WAV,709.9077,0.8398032304396997,28405.17973307764,3406.792396154829,0.009721406442582087,0.5371897250791139,0.0017343881,2737,-1025.0505188469642,-80.93524147302777,-344.2335739822109,28.256960778362497,-95.54148145176232,72.97589937446634,17.275382338997485,21.42136980593317,25.956241029568584,-25.22273762116729,17.059928714903002,-16.462931860919287,8.108870096464335
OSP_2_25.08.2025_20250825_232500.WAV,653.3855,1.0268461334863392,27537.872452033964,3399.4416844103125,0.009710872174120996,0.5373035240599404,0.001663968,2756,-1039.8159144288663,-82.96348191122888,-358.42961807321,25.318550563908293,-105.66730096214312,74.82753392594887,12.763752207469894,24.6117361547693,25.82881199577304,-23.25830072120302,19.7231476874716,-14.874395527733768,9.702641622503569
OSP_2_25.08.2025_20250825_232600.WAV,771.77374,1.0374737646379164,29466.059758920415,3398.8245870786664,0.009608491793995729,0.5375271226963887,0.0018124455,2735,-1015.5938152721604,-76.80692240339938,-332.3364026155866,27.913627543901786,-86.85294092497874,71.00277973719928,20.054712187996248,19.570076040995104,25.48856014003895,-27.94189743879281,16.05517187977297,-15.862358089389527,6.919624512942177
OSP_2_25.08.2025_20250825_232700.WAV,838.71,1.0138294767229517,32439.59107850972,3408.6095705601315,0.009465491576701504,0.5375198511960164,0.0021641594,2748,-982.7767744668977,-71.08383568272382,-299.30015354811144,31.66552111869875,-67.34047056692661,66.02359986624347,26.223875625124812,12.522443545655891,22.5582649753964,-32.51855754336967,11.564696729138854,-14.582690759368539,4.165031601074436
OSP_2_25.08.2025_20250825_232800.WAV,667.5137,1.0145926784883097,26918.224913688686,3402.8478597873163,0.009786440999342838,0.5388319934381981,0.001614185,2725,-1034.4618528012254,-80.86701201972184,-349.5068388288685,26.662499837468886,-99.37896600018638,73.08547440789296,15.255567404778526,22.77628662048254,26.574971385486712,-24.599596484638028,18.135640970781214,-15.207243463335145,8.531549828871038
OSP_2_25.08.2025_20250825_232900.WAV,808.41003,1.013796154373722,34282.000702485704,3402.611663033228,0.009321206934400287,0.5370464765217796,0.0024286506,2757,-938.2569797384606,-59.458567573476614,-251.863441010785,32.1145802291471,-41.727726784729526,56.96143621081174,28.729707829763385,3.1046224901109016,17.28597098662989,-36.15702760940695,6.164983544785837,-8.773162756743329,3.1117473050381714
OSP_2_25.08.2025_20250825_233000.WAV,686.30115,1.0628811555140298,27124.351305556393,3399.664862624498,0.00975160629373726,0.5373780569387565,0.0016157371,2772,-1020.8345977138437,-77.44860559427943,-333.75159698601436,27.68461095109346,-88.74515003912012,71.66136878040936,19.558717208763586,19.624095102536806,25.808237635705275,-27.355443402829696,16.207351692096406,-15.937396366759435,6.827657634604891
OSP_2_25.08.2025_20250825_233100.WAV,611.2023,0.8956825651912066,25784.28849173805,3404.389722999323,0.00990932421102651,0.5382193695318317,0.0014719155,2752,-1046.188178586884,-83.4432848547039,-360.82399428880683,25.29432565520721,-108.40329306384521,74.58822095576637,11.680699743418964,25.073010285821294,26.82169636006905,-22.429494412189264,19.487096498797587,-14.81757599483722,9.899554461752897
OSP_2_25.08.2025_20250825_233200.WAV,653.1974,1.0420463798136987,30672.176567899245,3406.329968083173,0.009691999302044242,0.5372715294583023,0.001919724,2748,-1014.889330206758,-78.43390426822475,-333.26754375974673,28.380995020574986,-89.73689197289514,72.2092129954949,20.495170712089426,19.220852432072746,25.086867065580552,-27.51522240285851,16.121388141540507,-15.380042551253887,7.178485600958842
OSP_2_25.08.2025_20250825_233300.WAV,654.78253,0.984000729531356,28396.281598066773,3403.8278601205307,0.009758415251352561,0.5378397972123976,0.0017430823,2771,-967.8410095085819,-63.61241236843085,-271.4571542263441,31.02832432118315,-54.222980059066074,61.824766171394586,28.975327082935948,6.360950456217082,20.37691668677606,-34.217196763427566,8.763491539991263,-12.938746517519654,2.7280242333593137
OSP_2_25.08.2025_20250825_233400.WAV,728.94434,1.0409543857227825,30215.08264823965,3397.2486549882537,0.009423022218782414,0.5368748691129933,0.001859233,2767,-1003.5894315800167,-74.66592345286791,-322.9108141798111,28.75665163701977,-79.81937275830664,69.74558830463303,21.984110217778767,17.4782528925113,25.101645798034415,-30.14069553167136,14.773035502615938,-15.268549814420675,5.6882447491364845
OSP_2_25.08.2025_20250825_233500.WAV,633.7728,1.0850514253576666,28509.432536800465,3401.952874195753,0.009674816537881983,0.5386901991809382,0.0017462714,2752,-995.43372082718,-71.31588489526123,-306.00205080476445,29.910916534046713,-72.21521346068116,67.63078609824134,25.914299674945415,13.468265269412283,23.379183674257295,-31.3122862327586,13.010676496008815,-15.608587766832748,4.547393579181459
OSP_2_25.08.2025_20250825_233600.WAV,708.6894,1.0572350647416644,27065.64891966202,3396.4514192737,0.009831853093318245,0.5370562930472822,0.0016275706,2742,-980.4220838247495,-65.50910790718908,-284.6903491899274,29.662842610365434,-60.51741573358832,63.98627140261672,27.880110211505716,9.020820184004242,21.92492310876724,-33.135923376254404,10.428966017441997,-14.15002057682195,3.261421362459705
OSP_2_25.08.2025_20250825_233700.WAV,520.37695,0.6259997233482648,25016.45741629665,3399.7640149189256,0.009924297261787323,0.537398417139799,0.0013994443,2742,-1126.775672039783,-104.30867863537517,-464.17306085300385,12.929288574207257,-186.99730827284353,76.02089567705262,-36.66365731557953,38.66990232605346,5.833286197309931,-4.209129258478551,18.966427440943256,0.3856536041874833,19.39850046619926
OSP_2_25.08.2025_20250825_233800.WAV,522.3975,0.5242994348494935,25225.40555824209,3400.0539373212055,0.009774051104207543,0.5374260488412137,0.0014181712,2764,-1122.6193444375403,-103.28843492167117,-460.3568757759391,13.884756916212863,-182.75812396156232,75.4391024595074,-34.952099628334594,39.07634487436824,8.233032240148951,-5.6926242474128905,19.841974111894423,0.43370363467341194,19.43308927847833
OSP_2_25.08.2025_20250825_233900.WAV,671.26306,1.0526996029472806,27426.926423898665,3402.3282303044307,0.009671867975018194,0.5381495631282577,0.0016420125,2754,-1033.504103123589,-81.66050340963353,-351.7513311703744,26.766707841302,-100.181929821217,73.03347147710299,14.827774307255568,23.890605557750135,26.078649280025182,-24.91206412209577,18.471760276773228,-14.704167195548234,8.738969031847656
OSP_2_25.08.2025_20250825_234000.WAV,756.8983,1.0230402477854388,28568.678170655043,3403.8789605488605,0.009718598491342814,0.5381826484549516,0.0017781334,2738,-998.5379104605505,-72.82560013039983,-310.22784084702204,29.737815582960287,-74.90421727696997,68.06053921424666,24.311888649025928,15.278135129215883,24.288263246763453,-31.077418683346593,12.720189277839902,-15.10818033242384,5.204275760633475
OSP_2_25.08.2025_20250825_234100.WAV,680.9087,0.8973394704886966,26508.23378203868,3404.951065354714,0.009934914204497304,0.5379397803425168,0.0015370691,2741,-1030.9564086073633,-80.44196383549841,-344.8575351616371,26.84726717375729,-98.32563212313178,73.41741371015377,17.06371477081083,21.811035450906687,25.754060437478348,-24.873947419931206,17.71407644741102,-15.96558095779287,8.30651484402123
OSP_2_25.08.2025_20250825_234200.WAV,742.8749,1.0985736024765838,27757.7095093242,3406.1421677916674,0.009968758726017062,0.5377612650083767,0.0016699734,2734,-1001.1062136206149,-72.7031006958469,-309.11004914230193,28.758457939935568,-77.26780629685149,69.44815607933853,24.290566230220854,14.560510728967609,24.296501505125903,-30.019121115031112,13.38491055462951,-16.433640439789837,5.353579683539492
OSP_2_25.08.2025_20250825_234300.WAV,658.20654,0.9437330418902725,26917.62828435727,3402.356181616427,0.009903261205592477,0.537297343284624,0.0015900804,2755,-1041.8277650531077,-83.47665598914239,-359.7535192940088,25.135885760635414,-107.38744105216341,74.819870949752,12.230595600641221,24.948664982653263,25.977531845929207,-22.151967492168314,19.24094234898552,-14.97334690571862,9.941808447260865
OSP_2_25.08.2025_20250825_234400.WAV,878.7804,1.0053783417624316,33347.562917417556,3406.4075980544935,0.009671362592805786,0.5379986794955324,0.0022550365,2753,-946.8159927393626,-59.97085034334809,-253.63088387053145,31.56109744093244,-44.98123959847518,58.47885629590935,28.88349311750172,2.3399166787745953,18.278757772547557,-34.48064815741336,6.831156531170483,-10.603994433949433,2.4206485461805833
OSP_2_25.08.2025_20250825_234500.WAV,740.03595,1.0063448126346641,29396.137304367083,3414.9708104682304,0.009783500528331006,0.5381641061290022,0.0018570599,2755,-1008.7719765697461,-77.53560238890347,-323.23155478391163,29.977235273179073,-84.79378282736432,71.07323515171747,21.694115686594046,17.187282852920745,25.256307260847276,-27.62131852636703,14.263437619594091,-16.430738694561235,6.5165111145548
OSP_2_25.08.2025_20250825_234600.WAV,794.7502,0.9241210344016841,30563.922031335747,3411.5322913902028,0.009578018317367007,0.5393908082418094,0.001924415,2750,-989.5155525027956,-72.37709552862067,-303.81906004839374,30.944728176877454,-71.24842819864882,67.2800765842365,24.504154152743876,14.027279940367135,23.957139287684754,-31.856045961217934,11.796778885558945,-14.891069036575471,5.038912414488879
OSP_2_25.08.2025_20250825_234700.WAV,812.96313,1.0584275826617555,34191.61255383714,3401.938421235835,0.009425690421877268,0.5373835105640358,0.0023040662,2734,-946.7830972013539,-60.47631052038318,-258.42337870675453,31.665532703011046,-45.5454182913758,57.990088304882214,28.611226784560603,4.305550962043855,19.030401446785596,-35.56676688673883,6.114985407513331,-9.771360790910869,3.6111542245379957
OSP_2_25.08.2025_20250825_234800.WAV,724.60706,1.0551597459496298,28034.14368800528,3406.520183695858,0.009421544052334975,0.539296642311988,0.0016915975,2735,-1018.0007960664313,-78.25360119926603,-335.7197088514909,29.260206778436622,-88.23022177973264,70.1996055130483,18.667238518045604,21.041485958015564,26.755106724147467,-28.587694001357836,15.887145120683542,-14.831035629667829,7.361301999927587
OSP_2_25.08.2025_20250825_234900.WAV,574.1045,0.8116445318244826,25704.35977865093,3404.9631117577787,0.009596956808219051,0.5389432473938943,0.0014587973,2743,-1098.6916505665597,-98.13219211283504,-431.3054399236409,19.03577332208969,-157.60920492381413,75.3457162994137,-17.345628321454395,37.00699498908372,17.448870633709603,-10.471541869643374,22.143266035251838,-4.824616871528346,18.13882449682573
OSP_2_25.08.2025_20250825_235000.WAV,691.5116,0.9893289183636058,26993.39330477526,3407.2367316432533,0.009704592175915792,0.5383553465887937,0.0015997436,2768,-1043.9790754251421,-84.53312694643456,-362.8365491738431,26.36355938879364,-107.658462008464,73.95812269455601,10.94407127996863,25.93590894669946,26.638324161785643,-22.62589385482319,18.900955008888598,-14.338121867306997,10.788554347420755
OSP_2_25.08.2025_20250825_235100.WAV,675.672,1.026657215088485,27455.441532345623,3400.553873177767,0.009802715446475947,0.537815801261169,0.0016513986,2725,-948.9583143154114,-57.30429681519285,-247.59165683286884,30.613143041917596,-41.60856673727808,56.451609734916154,28.60913418969569,1.724155811056267,18.360848563155713,-34.43581353162123,5.593348743180476,-10.041473831749464,2.9295940204031434
OSP_2_25.08.2025_20250825_235200.WAV,684.1797,0.6981050597458787,27749.466043207296,3402.757464839291,0.009874013662619547,0.5384506032436709,0.0017231901,2758,-960.5909048151083,-60.763864375073815,-260.17756145950307,30.73185104230529,-48.472741227339796,59.39759179509071,28.872514718812262,4.562024697315409,19.62098892310457,-34.562509644171804,7.178573907578139,-11.97729302676838,2.6267361190423344
OSP_2_25.08.2025_20250825_235300.WAV,649.2077,0.8443791107488726,27882.95816281133,3406.5340068302175,0.009589597942725932,0.5388189047375279,0.001676568,2735,-1023.911912382724,-80.07200918486234,-342.1854563867511,28.67291309520932,-93.00221278971797,71.8226418287258,17.657741974349367,21.813788822799175,26.099663306655334,-26.347322316757204,16.79924183011156,-16.214873089842534,8.269168931651333
OSP_2_25.08.2025_20250825_235400.WAV,549.6904,0.8849669280510255,25264.84913213617,3402.732213847647,0.009921198871150371,0.538120840701787,0.001421106,2754,-1094.4247756768004,-96.08096478699849,-422.2661789242358,18.841617959744834,-153.27495584585623,76.78392129780217,-12.634351662164836,34.78054923278954,18.89020278265426,-10.526251945898311,23.014399414868937,-7.4164561067619,17.192557532399448
OSP_2_25.08.2025_20250825_235500.WAV,591.55695,1.058029875612473,26781.36380617599,3399.8036916823426,0.009867220458484524,0.5371024670746463,0.0015537939,2740,-1055.1137910955488,-86.95337594789405,-377.19541841423694,23.505902825507814,-119.25601349008849,76.6145413361825,6.591180758369749,27.447968356269072,25.136128798810898,-19.226492037486736,21.08057525274857,-13.279517521820852,12.333069592286343
OSP_2_25.08.2025_20250825_235600.WAV,749.41113,1.0338081270346282,30452.689458372657,3397.024575189785,0.009342145781362238,0.5366487254514147,0.0019243913,2744,-995.4962759452026,-72.68984496397927,-313.6645159656073,29.83494478113548,-72.95445571373823,68.59087073133882,23.38747918133704,14.359846730872087,24.88289230433042,-30.721251117809246,12.846833398108277,-15.292507206440195,5.361563669139005
OSP_2_25.08.2025_20250825_235700.WAV,615.4968,1.0043618550718745,26194.803900570598,3402.236214587626,0.009777737338914735,0.5379917715701787,0.0015140538,2738,-1055.2478460898687,-86.73557394731495,-375.24854462498496,24.197993754485577,-117.21767868526136,75.82594002119842,7.478769841369816,27.45297381980903,25.19073372591735,-19.27039582923368,21.4452157442375,-13.664262904735956,11.797233353854292
OSP_2_25.08.2025_20250825_235800.WAV,648.8096,1.0197178100799076,27303.228044392232,3404.979800659825,0.009766569493198042,0.538509138821668,0.0016272606,2741,-1011.948357720442,-75.35489351123691,-323.0542822609012,29.160131252641616,-82.80201149506871,69.92638523377096,22.505611964699284,16.964303983444424,24.979338660115815,-28.208362911061418,14.700125242391522,-16.653708285919382,6.30222361793422
OSP_2_25.08.2025_20250825_235900.WAV,706.6472,0.977795953782747,28396.144987131414,3394.8017998412834,0.009535134999850294,0.534855937034624,0.0017254123,2748,-1029.548039633533,-80.78706714100643,-351.14839363735683,26.3344221546634,-100.03569963881411,73.50798330386367,16.445414272571423,22.904570867189936,25.244133156345246,-25.02316307169824,19.294844896196437,-15.025950175139267,9.116929948191206
OSP_2_25.08.2025_20250826_000000.WAV,739.6169,0.9882227070635445,31321.4066325878,3413.3335228473434,0.00942370001539722,0.5385953061010796,0.0020405375,2751,-998.5257357139837,-75.91603766542659,-318.51541978477684,31.346207011139857,-78.35551343041115,68.86289628522206,22.91337059624625,16.83869067618463,24.343104247700808,-30.242491638895117,14.094005833570074,-15.694698392907476,5.603211694863149
OSP_2_25.08.2025_20250826_000100.WAV,633.32275,0.9718916772474685,26977.79981100851,3403.9827575367804,0.009722296242498558,0.5385764002001117,0.0016340736,2734,-1005.1258269398276,-73.28605476012751,-314.5371718637843,29.6819999347537,-77.32739882606893,68.2057831921817,23.781017935230167,16.059782247999156,24.676646343623748,-30.230826150809786,13.813715699679086,-16.08575665012021,5.231830080122987
OSP_2_25.08.2025_20250826_000200.WAV,769.34955,1.011212430423601,34897.635914616556,3408.0439607048474,0.00934943319033858,0.536298966283507,0.0023701508,2753,-983.5145207270953,-72.97618002862052,-304.277172271443,31.81788715650977,-69.39168481710507,67.18137151191365,24.188780389707844,14.023760772126586,23.830858210004134,-32.47406344754082,11.014858480994988,-14.620010764233875,5.273575710012154
OSP_2_25.08.2025_20250826_000300.WAV,639.7085,0.949827083262347,26614.06542329177,3410.9642727535306,0.009713834406345705,0.5387898187360387,0.001559859,2758,-1055.2451974268838,-87.62527384934258,-375.726587483614,25.30359615919025,-118.4082334714775,75.35871589477696,7.613353502256148,27.65912123419267,25.619033677789574,-19.83895147547119,20.827123770481002,-13.213903198383587,11.777327348021318
OSP_2_25.08.2025_20250826_000400.WAV,842.63947,0.9114619525744032,33949.27688796044,3414.558493742389,0.009420136142669466,0.5388029074367089,0.0023999598,2762,-962.6787086436525,-66.76076107512972,-277.0432313247091,33.80704959852124,-54.97784033442868,61.470909035791585,28.43895086924638,8.13618109362901,20.299995672933875,-35.09110117326311,8.4458619324157,-12.171102306357671,3.637261697139142
OSP_2_25.08.2025_20250826_000500.WAV,763.74646,0.9109077233169725,30358.50396000465,3424.151186381012,0.009409188395543276,0.5392566490599404,0.0019680164,2720,-1000.5912510584382,-77.50015215608015,-319.33352923159674,32.375214210400294,-80.85169368963687,70.41659870473264,22.965307308507455,15.730519738223816,25.227802476135537,-30.061264567248234,13.512015620810056,-15.635703422321006,6.523605621735613
OSP_2_25.08.2025_20250826_000600.WAV,728.9223,0.9782070150142468,30518.569322948184,3426.1726903078156,0.009501228737503847,0.5392882800865599,0.0019476061,2748,-1037.909656680463,-88.28030825382031,-365.4499524446938,28.94321581395086,-110.37683002653412,75.62795775514958,11.056588622668674,25.59485482884739,26.07610627335197,-22.169321306941193,19.430462987373556,-14.441196587677586,10.625118535995586
OSP_2_25.08.2025_20250826_000700.WAV,758.3225,0.9744733322592878,33242.5895967173,3414.8342881048256,0.00970264475472167,0.5386989249813849,0.0022617779,2740,-978.1721945265963,-70.31790669858684,-290.8078899423293,32.13771567218719,-64.68245770321536,66.17840716373085,26.4307740818892,10.245864622340287,22.655527340214842,-32.56367277449149,10.433510614973981,-14.71824887764061,3.8808627243900364
OSP_2_25.08.2025_20250826_000800.WAV,781.14984,0.945186707150381,27853.263113512636,3406.091853136789,0.009933641905123233,0.5377990768103127,0.0017134502,2744,-997.8866907484079,-71.43228054077083,-304.00263225044694,29.556202168322667,-73.23000724598091,68.16856097376561,25.796053705609353,12.665372066502528,23.452234696473305,-29.9193194283399,12.652071151741943,-16.438647491894347,4.483275545692822
OSP_2_25.08.2025_20250826_000900.WAV,634.9094,0.9402638196361988,26519.41401752759,3409.4729905987742,0.009717984082751109,0.5391908419815711,0.0015512615,2725,-1067.0476629445925,-90.46953779903806,-391.25537159510674,24.120165697933892,-129.05450621938928,75.16678471832084,2.6458442908441713,30.446642759366455,23.234058661427788,-16.025563753141405,22.605623742466207,-12.855347149719645,13.631391832187896
OSP_2_25.08.2025_20250826_001000.WAV,701.9485,0.9408522933660617,28086.19472744475,3406.851124288337,0.009709864288277532,0.5385589485992182,0.0017280562,2733,-954.8172459358674,-60.669425744463155,-257.53401021213114,31.622552641794623,-47.570233273261465,58.869297646474074,30.542176840614967,3.331946487875406,17.561853545658238,-33.95567364523762,7.609177988833107,-12.495921173797296,2.7539151029061055
OSP_2_25.08.2025_20250826_001100.WAV,812.26794,3.1524687046725343e-305,62936.58585656966,3272.1108736845913,0.008860996732658284,0.5097449012239389,0.0049731345,2742,-867.7036302213244,-39.62270128080605,-227.36406089206108,14.164461999426202,-36.18531238088015,53.67998853918049,32.01394560744067,-0.5446262172691907,8.93997919416348,-38.552511493205785,3.6620958638705554,-0.3233401081889671,7.47243677362426
OSP_2_25.08.2025_20250826_001200.WAV,769.24646,0.8898815489442753,335974.15851710906,3082.0160816584944,0.005644276355979431,0.46702748493975904,0.041501626,1712,-587.6914573624935,-30.19741535016595,-280.6863274290191,-10.411248084675211,-61.221650376651716,55.89498365139332,25.030221371081083,17.842940277294247,7.404692962125227,-38.69844799683775,8.762468283384504,3.7322617837358165,14.433629598468363
