filename,ACI,ADI,Bio_Energy,Spectral_Centroid_Mean,Spectral_Flatness_Mean,ZCR_Mean,RMS_Mean,Event_Count,MFCC_1,MFCC_2,MFCC_3,MFCC_4,MFCC_5,MFCC_6,MFCC_7,MFCC_8,MFCC_9,MFCC_10,MFCC_11,MFCC_12,MFCC_13
OSP_3_27.08.2025_20250827_203617.WAV,674.33167,1.4677217480413822,247922.39398942358,23717.13390866644,0.0002834584626708148,0.6227428723392312,0.0047484874,2852,-845.4592837510788,-112.49919468874346,-150.9228211913416,161.92419838931647,-14.214771726494028,-36.82195830214247,-3.3397449345430275,3.1892260940716417,30.10754885682152,-28.504373438158918,5.597924452936152,1.3222433152774762,-1.7573956276007145
OSP_3_27.08.2025_20250827_203700.WAV,614.5254,1.4271596431228593,1206902.328487661,23281.4844317339,0.0002546955114005018,0.6115663567976605,0.017273316,4139,-757.3992821837663,-108.79608678353053,-170.55717044970973,154.64589099740823,-0.25323237934960396,-32.69454842469816,-6.281963745768467,0.28795898164360756,26.131344891204193,-24.37771783099074,7.496662592146478,1.2059899138014794,-3.879477192058348
OSP_3_27.08.2025_20250827_203800.WAV,799.1383,1.0023157393485143,323995.7193653321,23726.62166068161,0.0002850202343140518,0.6222092759983555,0.0042358995,4098,-952.0666584733897,-158.73361450836703,-213.5187648652503,207.72175590330275,-15.855044825468614,-21.96261028640463,-21.21196957272097,-3.8101409566619857,38.43426308927979,-29.590534083254703,16.622378430426842,-10.000180526335894,-1.7014624831409633
OSP_3_27.08.2025_20250827_203900.WAV,604.27576,1.4268407491755164,276938.128109071,23835.023800622224,0.0002812440265233595,0.6239424108112511,0.0034731072,4123,-1048.7555107154085,-198.0771489648537,-261.51571525435986,238.87114413938818,-20.976206491480987,-2.8413468511417213,-33.83105440363585,-7.216938054619044,36.52482704062565,-29.822479771191844,26.067470623887353,-14.794275567202439,1.3763462829552144
OSP_3_27.08.2025_20250827_204000.WAV,602.2041,1.7906064297804374,293382.58820667636,23784.955085065725,0.0002734242436208964,0.6221940039523085,0.00377411,4128,-1004.4970571832206,-178.3378448612956,-235.9773272028575,224.93365560150124,-18.951195802599624,-14.53992664592034,-27.346847991647152,-4.879823385606454,38.79027731759896,-30.460168510897287,20.830430833105563,-12.40372602761774,-0.0998015669909469
OSP_3_27.08.2025_20250827_204100.WAV,545.08545,1.3683859544582466,273750.08030344866,23848.427165823246,0.00028019841325690456,0.624328636007509,0.0034323395,4120,-1110.8627779031513,-229.4103633066847,-306.49857018566064,256.5914467333865,-24.133791151135355,18.310463275600902,-41.63295601476993,-8.048094636417037,28.981822268633465,-30.751535468198327,31.711578176099778,-14.732321583328684,5.923806040300205
OSP_3_27.08.2025_20250827_204200.WAV,660.8937,1.314993748826239,274076.344546469,23849.625860092114,0.0002830923065564137,0.6242934860602581,0.0034449087,4122,-1046.4053047597072,-196.05888115696,-257.3929009176808,237.65760247810695,-21.49598961831633,-4.496960822526433,-32.99835058404992,-6.619355189146799,36.86882747234731,-30.052169200823915,25.506165115923462,-14.51212553744743,1.0332148304825621
OSP_3_27.08.2025_20250827_204300.WAV,542.04736,0.3805062184775957,275174.35345314,23836.466101029433,0.0002793552651583899,0.6237339958653966,0.0034692076,4144,-1105.1169401349582,-226.52185741973696,-302.50066350606016,255.18055286339683,-23.570928235006434,16.16489735881523,-41.14710389131364,-7.98259676291969,29.84930470149381,-30.624793434805852,31.15551029601156,-14.85633980776402,5.799386041050341
OSP_3_27.08.2025_20250827_204400.WAV,541.9166,1.4186109171026404e-304,277967.2738267752,23834.89441780295,0.0002777243838370588,0.6242428216535311,0.0034789252,4110,-1164.3487599365112,-259.87374649061684,-354.23508840001125,267.71382510764596,-29.13522619824537,41.647362879113274,-46.19897216822429,-4.374126161471061,19.052909470286544,-32.71797556844113,32.065736853680136,-13.764119761087,11.966302107205163
OSP_3_27.08.2025_20250827_204500.WAV,544.30853,0.9922607884376587,272153.99768400716,23857.808461044235,0.0002837149694583524,0.6246076538646519,0.0034034902,4124,-1147.8504710293214,-249.4345082295566,-336.4856021179016,264.5076094007783,-27.61747398509976,33.528334392698376,-44.91471160990421,-6.0708551162092315,22.48108846330086,-32.15118116246033,32.8490213716196,-14.080535955168019,9.761998524118745
OSP_3_27.08.2025_20250827_204600.WAV,532.5581,0.3590579175743966,271011.11991752574,23866.331091012606,0.00028207868258395746,0.6250675727434218,0.0033802413,4112,-1204.7777747124708,-282.190369659981,-387.0703267134483,272.399064371041,-36.49632367031046,58.50565234862812,-47.75317564408028,2.403351644668644,11.87815412932151,-34.294159282640145,29.055572375889437,-13.392429666933333,14.926718040109648
OSP_3_27.08.2025_20250827_204700.WAV,540.9136,0.9994220133405094,286142.26851692836,23795.82303840177,0.00027411791605882997,0.6224779912847523,0.0036161935,4105,-1082.6099313220345,-216.88928394004068,-291.4513586610859,250.04376757942399,-21.3098213718415,9.907712031104719,-38.91323016037897,-8.531639123523444,32.12525937019204,-30.123040629332824,30.093496978457946,-15.015598211075893,3.9518257727827155
OSP_3_27.08.2025_20250827_204800.WAV,587.41943,1.2790399867721869,270438.21109517786,23869.46557003583,0.0002821147870194669,0.625225444489264,0.0033762816,4107,-1153.8509054807082,-252.45386941731147,-340.5282191074954,265.5699892026426,-28.482040738423933,35.733607973306626,-45.22072584502761,-5.559209621874038,21.4550715464997,-32.36392326374759,32.75697252806878,-13.931097599190242,10.437840906694374
OSP_3_27.08.2025_20250827_204900.WAV,609.32196,1.326287605150793,272975.17821593676,23853.462636222535,0.00028272699910886564,0.6245926242320342,0.0034195005,4094,-1119.0839918288407,-233.64064916682509,-312.9391845148964,258.3208016558236,-24.9062351520574,21.600574101315782,-42.34631370840052,-7.709965900448699,27.550035875678372,-31.0113728509194,32.17022987736289,-14.724308400866562,6.772397290763074
OSP_3_27.08.2025_20250827_205000.WAV,551.54517,1.1819903997764327,275225.2922171429,23843.462307865528,0.0002788224515694449,0.6242902134789624,0.0034461338,4130,-1153.3962355728288,-253.2908228030479,-343.43561723812445,265.64592645016415,-27.981426221079843,36.607733475878405,-45.388413432934996,-5.448991350678436,21.01748224178535,-32.37275433793335,32.71321432262686,-13.940851876259854,10.585727289597578
OSP_3_27.08.2025_20250827_205100.WAV,698.7814,1.2721807318669103,281537.923124433,23830.585943978585,0.0002783354696252463,0.6236172131958235,0.0036397865,4105,-1041.7116658938614,-194.36004462669763,-255.7245617010418,236.39958831072997,-21.2373653807324,-5.314767562271224,-32.40864105604923,-6.583384068600719,37.15485547678285,-30.116511892952026,24.976051444517864,-14.28338564132975,1.0100504093605438
OSP_3_27.08.2025_20250827_205200.WAV,617.67566,1.7879030210603735,274651.37735819176,23862.474133029085,0.0002847153926820509,0.6247729192200882,0.0034510829,4119,-1032.6140068462935,-189.50863836125072,-247.70944756291877,233.15194050087953,-21.648255603502577,-8.289652904840905,-30.559824983818746,-6.186638021846587,37.82544828018932,-30.041618101482616,23.76014960632504,-14.128148040856452,0.5211393006523473
OSP_3_27.08.2025_20250827_210300.WAV,652.91394,1.295993520337373,276332.4530480662,23845.172106480226,0.0002825901952138159,0.6242190651374581,0.0034882962,4123,-1107.1670358408603,-227.73318863687493,-304.5831446833014,255.49277807955818,-24.126774936012918,17.440566044640413,-41.103440949982705,-7.997272371612566,29.368367697644228,-30.831153724145025,31.583788961744222,-14.802667647685329,5.478505088570304
OSP_3_27.08.2025_20250827_210400.WAV,715.54297,1.8895160981800478,281942.32499889494,23842.636975032947,0.0002828573538594468,0.6242640328285962,0.0035837595,4103,-1042.8192080483366,-195.16766155984547,-257.54256549245576,236.71490472592677,-21.374563665721677,-4.345992759890716,-32.443201519879636,-6.942268819429627,36.8771050979984,-30.014947236357724,25.33293158474257,-14.533426520456935,1.0113690500932195
OSP_3_27.08.2025_20250827_210500.WAV,734.0788,2.0776183377240303,283100.04227869125,23840.16838712246,0.00028427434930978487,0.6242324584794279,0.0036062927,4113,-1044.4080039947796,-196.07083223312372,-258.80504215397167,237.37862937209982,-21.407286573062656,-3.898471999304591,-32.78405520621781,-6.985477807468018,36.84674628800793,-29.989491720774758,25.46675821653111,-14.612050374886,1.0701176678286892
OSP_3_27.08.2025_20250827_210600.WAV,703.20374,1.1081214442026277,281698.07200105727,23846.04150538109,0.00028472810452039135,0.6241745822731786,0.0035934604,4112,-1006.3851611759857,-177.33962407237073,-231.69268823336225,223.91357655296193,-20.87866541986261,-14.826507784254128,-26.373082366478727,-4.669681745982402,38.783765986510076,-30.363916742954135,20.59408427121207,-12.728793129076905,-0.3115186605592168
OSP_3_27.08.2025_20250827_210700.WAV,792.1158,2.107178624381632,291529.68612215994,23815.00971324467,0.0002848921702218678,0.6234667350595755,0.0037690906,4118,-919.5402386789526,-139.08631727672622,-180.4243551262729,190.2049054579338,-19.20573077325822,-31.24447417102114,-11.733550795357068,1.097644079145713,36.02690614583266,-31.411413830648687,11.310982821200732,-4.543937011202982,-1.7616638149383843
OSP_3_27.08.2025_20250827_210800.WAV,768.55554,1.989588212243045,295958.80102942133,23795.69182443306,0.0002876473926353459,0.6232187461213852,0.0038350902,4084,-1028.36485819342,-189.33937756826097,-252.44842257215066,232.12436726601086,-19.901291711402028,-6.868023502221592,-30.934297607567,-6.701361649371426,37.64522829216054,-30.167053382493663,23.97664730731332,-13.945529886547007,0.5138481984722125
OSP_3_27.08.2025_20250827_210900.WAV,747.1142,1.8458643807372102,289527.0293778326,23808.62992272405,0.00028793631484688796,0.6232174734508812,0.0037280857,4112,-1007.5071837606126,-178.74980288814012,-236.2949041556734,224.45604107147912,-19.89988371092993,-13.122313307090796,-27.182766398777883,-5.226725176719679,38.465945334912156,-30.33502719651527,21.30913171589132,-12.862712358312741,-0.2779105711649599
OSP_3_27.08.2025_20250827_211000.WAV,719.89075,1.669813600478463,291946.0909155651,23794.674530567027,0.000289129108599931,0.6232700771650428,0.0037522044,4104,-987.1268938234728,-169.68360955895025,-224.4322611655946,217.29389277634002,-19.272572283064967,-17.69555273511353,-23.886611407941206,-4.153338270300857,38.828277432948894,-30.75253956039613,18.923028582157077,-11.174564185375502,-0.9197230787796642
OSP_3_27.08.2025_20250827_211100.WAV,722.2638,1.6171659312100468,284484.7942355664,23828.65851511635,0.0002843365191156809,0.6237492073080861,0.0036167928,4103,-1053.596132948906,-200.84035083619256,-266.79444616195224,240.17739111819458,-21.291270685551385,-0.3451570317090804,-34.33516544695135,-7.6855225609965565,35.97189401952958,-29.961744394023814,26.616329788592033,-14.758592367469648,1.7007559096101745
OSP_3_27.08.2025_20250827_211200.WAV,822.14636,1.8304739480482997,299481.8110929257,23790.12766018004,0.00028415689226743174,0.6228696707831699,0.003890629,4113,-1021.3749265471178,-186.45696034045946,-248.08953197913144,230.10817679359857,-19.686397054877162,-8.786542579980427,-30.163287736167373,-6.022500743530559,38.01637695393975,-30.407376933188036,23.219281876579732,-13.576699572679956,0.2844481926046816
OSP_3_27.08.2025_20250827_211300.WAV,817.2826,1.8930984222127072,305241.95850598655,23778.106080986232,0.0002841614559378896,0.6230425721616296,0.0040062694,4112,-1010.6985529083411,-181.89861415974192,-243.0213950912864,226.83094039353148,-19.133825974054666,-11.34724404061215,-28.392843992679023,-5.725442604918606,38.37452323388699,-30.28565886059949,22.023273718295364,-13.269861097905746,-0.09457484046210586
OSP_3_27.08.2025_20250827_211400.WAV,759.5667,1.7192803965061627,289423.41184386204,23807.12032621371,0.0002877929999293106,0.6235003699228931,0.0037194204,4125,-989.3774141599116,-170.31572068562514,-224.17841810305472,217.98629772555265,-19.588112514042848,-17.784371331806668,-24.26730831590642,-3.968375052560511,39.04847048621131,-30.732607433092756,18.920317415730747,-11.367261548668749,-0.8211279453780747
OSP_3_27.08.2025_20250827_211500.WAV,798.6124,1.9569506098426166,290836.8056469083,23824.416034948,0.00028565744742648484,0.6239573798405114,0.0037528975,4132,-1002.3801160739839,-176.20886736757578,-231.7197688365668,222.71676701580688,-20.255700376268543,-14.870464837698561,-26.093784427822744,-4.752911370188698,38.69374525295413,-30.45975325858187,20.523261859671695,-12.361328918019879,-0.583343603463309
OSP_3_27.08.2025_20250827_211600.WAV,782.94147,1.8498727757007538,298574.57556361763,23785.693469509853,0.0002893335621042014,0.6233322562096624,0.0038729603,4130,-1008.0095564872269,-180.05743322586466,-240.30518531070308,225.0760852230792,-19.194817746475106,-11.736127832795418,-27.810958718287324,-5.73565496220085,38.35246658437382,-30.275612807031518,21.765681774372823,-13.085979539435165,-0.3072042391637845
OSP_3_27.08.2025_20250827_211700.WAV,705.63965,1.3826990277133477,283940.02036648913,23821.88335087589,0.0002848209485014617,0.6237512678222353,0.0036236495,4105,-1059.0287329069688,-203.72489188678844,-271.2039928422594,241.78317538835327,-21.27733236327136,1.755831280720612,-35.511268308889456,-7.840025121173489,35.37908298911629,-29.974317642329453,27.628980102195126,-14.994819839987976,1.5737007176559863
OSP_3_27.08.2025_20250827_211800.WAV,740.9072,1.7891637222564698,295738.7164838655,23801.471615492657,0.0002855381477621668,0.6234081922163957,0.0038331405,4124,-921.7571289310105,-140.62500771110052,-183.65545176275867,191.71535212891067,-18.55273109130943,-30.533568920107623,-12.665077155090334,0.45312505578299367,36.552516367773535,-31.18532883811858,11.64534935346717,-5.142897211280903,-1.8973441865435754
OSP_3_27.08.2025_20250827_211900.WAV,770.85913,2.02898058348638,291125.2400647812,23820.971101068935,0.0002840650527837304,0.6237994474913119,0.0037734343,4127,-1014.8424054613475,-182.4320612876278,-240.6911695705283,227.5026881142647,-20.38852780414685,-11.47418834202282,-28.225120761788286,-5.66331204370468,38.25870711630083,-30.266653913543028,22.16436138916925,-13.269577947091456,-0.06376697411322095
OSP_3_27.08.2025_20250827_212000.WAV,788.677,1.9539633758030472,297638.96748551104,23836.11887340721,0.00028176367138106487,0.62484140101387,0.0038724847,4101,-986.997698377913,-170.50793501496423,-223.50430276560525,218.12011542782824,-20.41821460644291,-17.549490083428363,-23.969156572888394,-4.100216498835458,39.19835985796484,-30.853707063462526,18.7679704044886,-11.352986726896086,-0.7430839235395225
OSP_3_27.08.2025_20250827_212100.WAV,724.81934,1.455765449215839,289540.6820288501,23834.74866073302,0.0002852114659865813,0.6244967497207398,0.00371226,4128,-1027.5801260136222,-188.94546225716462,-250.01284084431524,232.01058248305714,-20.84800970952656,-7.267486417090392,-30.49899912436056,-6.721084929385558,37.800610061507605,-30.140917704243076,23.91540335771497,-14.053257643168372,0.2782628074690583
OSP_3_27.08.2025_20250827_212300.WAV,752.10846,1.6301983718447284,298611.1464100204,23805.356492352334,0.00028300777914247856,0.6234672804897915,0.0039626383,4123,-1007.0786333024992,-179.0642150701364,-236.782201967564,224.70892792486808,-20.183711493047745,-13.034267641500799,-27.06802032967189,-5.091682381862093,38.482802841960456,-30.688494716592075,21.356190187902847,-12.550890256382313,-0.30078004962137145
OSP_3_27.08.2025_20250827_212200.WAV,726.9115,1.7719976479320536,293771.8365450764,23811.930734009577,0.0002884370955038845,0.6239308961733586,0.0038034143,4079,-1018.4685321192425,-184.32848653847458,-244.46355071509194,228.4626479596869,-20.182321948434513,-9.705210991017127,-28.992464398165488,-6.1416466827535166,37.98409785896598,-30.176145175079498,22.75372675412134,-13.492102660076181,0.08515009979619641
OSP_3_27.08.2025_20250827_212400.WAV,793.3867,1.7793137943723845,298907.7250087325,23809.33915848676,0.00028532727104274894,0.6236853313694614,0.0039016574,4114,-982.4913510250885,-167.6512800811177,-220.98854191191185,215.6207134177309,-19.715714336222607,-18.85720170739942,-22.857116286700787,-3.528608208569429,38.71884406064113,-30.970718790908514,18.26607361508273,-10.889961498385805,-0.7305240892151907
OSP_3_27.08.2025_20250827_212500.WAV,762.29987,1.8979215819239852,288580.0563080306,23837.064344179533,0.0002858650549695701,0.6241645221158619,0.0037072683,4097,-1007.3150460573036,-178.39548980560423,-234.20251666741206,224.45062844798306,-20.686562563730444,-13.7130783345308,-26.78128018243467,-5.0204569771899825,38.626155820365035,-30.491886742833945,21.170811292022787,-12.812297941454302,-0.38764364995948425
OSP_3_27.08.2025_20250827_212600.WAV,778.5303,1.9204136728310905,303521.89007898164,23814.83063986547,0.000284648612977324,0.623670544150273,0.0039858553,4143,-985.204774935052,-168.98251030739183,-222.48362737813028,216.79788243110795,-19.915175861623794,-18.276843457859087,-23.294984363518736,-3.795526831193966,38.74040866188293,-30.85187143938143,18.69578130896753,-11.153458726362317,-0.9004622341267974
OSP_3_27.08.2025_20250827_212700.WAV,795.1934,1.9277285758993326,292584.1689702744,23828.412583073594,0.00028315407070196683,0.623886958739295,0.0038133527,4141,-980.426193380774,-165.93151344335283,-216.8026895321159,214.5340148536782,-20.191784034485483,-20.284642334084122,-22.179243108344433,-3.09788880559583,38.84308144851003,-30.917665656199294,17.685508732490643,-10.513326695946441,-0.9095437305625838
OSP_3_27.08.2025_20250827_212800.WAV,761.91077,1.6046934076347596,291657.0872350172,23815.164021829834,0.0002845466427367558,0.6237038153934467,0.003774879,4118,-1026.9854321193466,-188.24123976849296,-249.58401084177024,231.4975561235876,-20.60744470664661,-7.7830609222243226,-30.08215981492845,-6.519313629651419,37.54338251378595,-30.156289139579044,23.8275573744649,-13.822208386932273,0.24776776338373044
OSP_3_27.08.2025_20250827_212900.WAV,753.8522,1.570127040075991,296368.72989056073,23802.1908053108,0.00028433117333675573,0.6234527962873898,0.0038492288,4117,-1000.0494426796183,-175.9569859808693,-233.1077253999674,222.32848617179314,-19.683759810539755,-14.492943905391362,-25.965456949281087,-5.0393294646332185,38.55637324836846,-30.569404434267494,20.693950060082496,-12.32982644844114,-0.5926566313454218
OSP_3_27.08.2025_20250827_213100.WAV,748.0635,1.8409361914895783,284475.40424080007,23842.30323198861,0.00028543954719728235,0.6242766383269207,0.0036562958,4117,-1019.7781102384458,-183.9133111456189,-241.38649321747886,228.62030985345322,-21.144454401543364,-10.74222001779496,-28.65745872939834,-5.614953893142535,38.18112298346062,-30.500071170134902,22.71851755939555,-13.279491188798772,-0.21680527816301223
OSP_3_27.08.2025_20250827_213000.WAV,729.97546,1.827485143439506,282469.06694535934,23843.02130184487,0.0002840948607276959,0.6239796818760084,0.0036085853,4103,-1012.5855866740278,-180.41916036887451,-236.3585116732928,226.09059239100495,-21.06990829485925,-12.83537971065914,-27.268733749210902,-5.125355386615377,38.33261262236764,-30.527151192440655,21.66252545365606,-12.852456537242237,-0.1995062116565631
OSP_3_27.08.2025_20250827_213200.WAV,797.716,1.5977980987407396,306097.2564923721,23787.978415332236,0.0002867686307478503,0.6232680772542509,0.004031963,4119,-940.0865462221385,-149.43386416605824,-196.904460331738,199.65037608914702,-18.710624078461276,-26.651188462659828,-15.885111305041155,-1.0656531188515728,37.4511623184971,-31.29782301041962,13.905994564528147,-7.023112048472468,-1.644193889987224
OSP_3_27.08.2025_20250827_213300.WAV,789.5638,1.9329560006582645,298232.671555155,23819.39613525824,0.00028320526281461027,0.6237694488294341,0.003903824,4142,-927.3832624139916,-142.87238077199572,-185.7015806931013,193.82906057789688,-19.432696707515824,-29.757991972169183,-13.135598081334482,0.3794648825191105,36.7596085146833,-31.619572063749935,12.211811361321004,-5.282387171558889,-1.8574379533580856
OSP_3_27.08.2025_20250827_213400.WAV,752.3733,1.8449211525723659,288106.08472125215,23838.861256880093,0.0002835672480900499,0.6242438519106057,0.003719213,4104,-1006.9864658599189,-177.91563109863623,-233.2685204096601,223.99433754677727,-20.947313780708704,-13.952993615015501,-26.440145095846756,-4.803855227228399,38.507692330175374,-30.652487193506268,21.07013757167116,-12.486194731477735,-0.45026749903134483
OSP_3_27.08.2025_20250827_213500.WAV,777.4719,1.8655517800155863,291693.74716888135,23827.859130425437,0.0002885704694349772,0.6241195544247239,0.0037788944,4112,-1001.5633481666806,-175.8134765393319,-231.03237996901836,222.31291510004107,-20.49301093349065,-14.897799756631684,-25.913563858947196,-4.715580114526115,38.85725191758788,-30.663962848730776,20.365545349808322,-12.201452697146786,-0.5863907838403173
OSP_3_27.08.2025_20250827_213600.WAV,782.88715,1.690666895571928,312218.9721358564,23798.006381704825,0.00028278087709854315,0.623412313244694,0.004146775,4133,-990.5168286940335,-172.12057085589126,-228.14214102736887,219.30102130845776,-19.504457987031834,-16.6343049912606,-24.561183848055396,-4.292100734623377,38.79327071495965,-30.72544267554481,19.39849328519283,-11.753421997969145,-0.6063496968061399
OSP_3_27.08.2025_20250827_213700.WAV,800.47766,1.864288769098486,291013.30875456485,23835.94257244058,0.00028502378361451185,0.6241410080132184,0.003757214,4127,-901.6701038538394,-131.38628090297166,-169.12552878713495,182.6314810963009,-19.69860407545535,-33.77093312187875,-8.179238769702318,2.3680194178277896,34.33097090223347,-31.659812221725566,9.819883573693701,-2.154347165430848,-2.1508098396538853
OSP_3_27.08.2025_20250827_213800.WAV,788.1715,1.7989087730222928,300656.82205766055,23816.91777581255,0.0002837063851839851,0.623661696060103,0.0039435998,4104,-911.5426835815238,-136.3045153140443,-176.89088374494023,187.47373536507166,-19.10236041677412,-32.15812687976643,-10.541817656950032,1.5914753722068349,35.44661686137812,-31.57222238602434,10.772602424763525,-3.724567704141969,-1.8161903775304333
OSP_3_27.08.2025_20250827_213900.WAV,792.3891,2.0631229672724154,295205.04894523666,23822.470031675104,0.0002847560731544953,0.6240664658837036,0.0038281372,4128,-997.1919791845935,-174.06225800849916,-228.80089601956607,220.95722642198484,-20.224915721829024,-15.927931868904617,-25.416864671204053,-4.324592772450283,38.90521621937988,-30.63084033107367,19.802248311765112,-12.106163932154999,-0.40805040740607923
OSP_3_27.08.2025_20250827_214000.WAV,745.7566,1.8372535623042197,287744.6881310141,23831.681394670195,0.00028981196760081784,0.6241191908045799,0.003688605,4111,-967.8070597868854,-159.9671143658937,-208.73031319440457,209.3255766698166,-20.074890759937514,-22.71606695093472,-19.884107539828968,-2.369937110279568,38.5138365933416,-31.107371606988153,16.44039883534115,-9.475992052365589,-1.2602952924971902
OSP_3_27.08.2025_20250827_214100.WAV,794.3379,1.9603363752783416,291312.4776314452,23831.5577919296,0.0002827942055512151,0.6241341598338401,0.0037844714,4121,-1035.235250017957,-191.97806348111328,-253.79910416129917,234.18830107017456,-21.163696880534534,-5.818233656943497,-31.471962972668873,-6.571485482752066,37.287101846238556,-30.354170661966986,24.7381900253568,-14.039309767698844,0.5129465923827541
OSP_3_27.08.2025_20250827_214300.WAV,741.4767,1.7568125509116517,297172.36485406855,23805.57544672603,0.00028364105615653353,0.6233263170806441,0.0038733822,4126,-995.5377510190006,-173.77201985059193,-229.56565346101587,220.66532706800325,-19.82254872570703,-15.845406863048748,-25.099992172592717,-4.575319902644063,38.65556779837982,-30.642047335060997,19.913916229666107,-11.843382279361865,-0.5778725439047998
OSP_3_27.08.2025_20250827_214200.WAV,747.1373,1.7130687524789225,286983.4063008861,23836.557522400315,0.0002827812932050672,0.6240714959623619,0.003684249,4113,-1031.8231026802969,-190.08805013076145,-250.66498799938498,233.00796511949216,-21.18656919079592,-7.086295114191972,-30.846535928588338,-6.405426533507292,37.63765264519368,-30.31589382227699,24.200529897575983,-14.038041760507452,0.4229066383254336
OSP_3_27.08.2025_20250827_214500.WAV,791.09015,1.7891857845201675,292731.53865375905,23835.377059998304,0.0002872853998183438,0.6240348915345352,0.0037968182,4142,-964.9624699825989,-158.98169098344545,-207.01669277024476,208.67273126924968,-20.24338431923849,-23.538015133481625,-19.402668196681706,-2.0328080212605637,38.726169632341914,-31.23391178460588,15.77812241380154,-9.18070723407331,-1.106577610452574
OSP_3_27.08.2025_20250827_214400.WAV,767.74023,1.8872024934630471,289972.00131025247,23835.19085819829,0.0002846171394652996,0.6240999189369493,0.0037306987,4096,-1007.9406796429555,-179.15739836157917,-235.51021388178046,224.96601294690657,-20.68934494152082,-13.15363264892022,-26.993237155943493,-5.237668181425166,38.587445715842094,-30.51581681708318,21.318846372883794,-12.748609907371137,-0.3348157948221226
OSP_3_27.08.2025_20250827_214600.WAV,742.634,2.000976747410441,284605.872896543,23842.286401043824,0.0002846237264592906,0.6241746428765359,0.0036482615,4114,-914.0764526988547,-136.16124817095672,-174.9773440525759,187.36727770763548,-20.021045228999004,-32.25778769213037,-10.310756862826409,1.7428594180661072,35.609788209053264,-31.855226562963693,10.651206118147023,-3.425819194047153,-1.8763837240826995
OSP_3_27.08.2025_20250827_214700.WAV,776.45105,1.8252340954032302,290153.71878751233,23824.134749713245,0.00028560279267011144,0.6237883570769207,0.0037417614,4105,-1015.2584608576826,-182.48988485848164,-240.78853343291297,227.35090824092978,-20.545664393779674,-11.162317412767747,-28.253315539756155,-5.623932090075129,38.21118420537049,-30.529006417959014,22.365470436787287,-13.031439049937257,-0.21644489789261773
OSP_3_27.08.2025_20250827_214800.WAV,764.62976,1.8774718263231815,292099.4034424476,23826.221822679974,0.00028508250005100015,0.6238607174855716,0.0037669248,4130,-1015.5150813949715,-182.80990562511664,-241.47673731730313,227.48260801319384,-20.558763610993143,-10.700413099081716,-28.28972289219433,-5.954146382447625,38.144835517867214,-30.3445098690244,22.51512695695995,-13.283111861723595,-0.20091551207441957
OSP_3_27.08.2025_20250827_214900.WAV,762.0863,1.6714398464613116,292623.7278534286,23820.415080834642,0.0002833401721622573,0.6237477528275103,0.0037753002,4134,-982.091866660937,-167.05123593985758,-219.15787624915367,215.4511177253698,-19.942381483944327,-19.544408923550478,-22.589648447622977,-3.507441186790016,38.8493779939001,-30.872360136757983,18.083910538873784,-10.763748415729584,-0.8930455419411591
OSP_3_27.08.2025_20250827_215000.WAV,765.30646,1.874877067073925,283858.297504761,23839.772233235817,0.00028414744924059313,0.6239281690222788,0.0036316353,4128,-1054.3061750765307,-201.07867094122415,-266.2802355901743,240.22478385561692,-21.895658911192037,-0.1974773073631813,-34.24732754958072,-7.432810764143148,35.81533732121124,-30.213997431932608,26.826944653197447,-14.562997063258742,1.5223270135392883
OSP_3_27.08.2025_20250827_215100.WAV,800.9003,2.0300227138797826,301968.3579795353,23810.851810547803,0.00028476119865455246,0.6236075772620082,0.003980403,4107,-917.285900409832,-138.94516285212055,-180.97774915479417,189.97187127338879,-19.09041002377595,-30.963854733712378,-11.5253161856108,0.8515688273080213,35.942908053698254,-31.573169898258914,11.45108501405843,-4.269015500552237,-2.0056662120572675
OSP_3_27.08.2025_20250827_215200.WAV,765.6033,1.6621142796255073,296462.6528927199,23811.79584311295,0.0002856467173330102,0.6236400000581792,0.0038454223,4110,-1011.906456221429,-181.48088830304843,-240.33119043092782,226.39972571555535,-20.201923576304253,-11.444374132198488,-27.999876195524923,-5.555797838844061,38.29476205923414,-30.517118819394913,22.045453068358878,-12.995765304879844,-0.14782399582344105
OSP_3_27.08.2025_20250827_215300.WAV,716.84436,1.7986523801853387,280440.22886634007,23849.788141927263,0.0002836860660742884,0.6242743960026995,0.0035855735,4114,-936.7160402748387,-145.5216732966052,-187.267328258149,196.5168370674361,-20.445921866517143,-29.18811582487595,-13.969763790702489,0.3315317571007673,37.16561496096228,-31.72147051814613,12.731344454580473,-5.987892465605619,-1.5819137141225867
OSP_3_27.08.2025_20250827_215400.WAV,756.3165,1.7553851525736046,302292.65306232317,23799.197488023772,0.00028490407793805927,0.6232523203813454,0.003926127,4114,-1008.2198721140722,-180.30213263700946,-239.6270070114901,225.49653585155687,-19.71241882589452,-12.025639481353933,-27.61866234213718,-5.580515198121965,38.312585670662315,-30.315422971257025,21.70817986221567,-13.017735900983718,-0.16174249946129254
OSP_3_27.08.2025_20250827_215500.WAV,733.17065,1.840164702449965,281631.39201460686,23844.92070301458,0.0002847080524723558,0.6242374279547288,0.0035836196,4140,-1015.081336178653,-181.5841814304608,-238.05827709488125,226.8372014331598,-20.964815338391542,-11.890265310506202,-27.95170787572405,-5.533318910152985,38.43714520644371,-30.411021267726678,22.043928758199762,-13.07196056349084,-0.24077303654250298
OSP_3_27.08.2025_20250827_215600.WAV,725.84393,1.7726294984658084,288627.71591643547,23820.976921811387,0.00028387448345820466,0.6237635703037732,0.0037056203,4113,-1020.606183436714,-184.97159869012208,-244.62451791710288,229.2014649574188,-20.37072767178968,-9.674835118979107,-29.12496341389341,-6.223101251958261,37.95172428899528,-30.222195200331818,22.99311614394063,-13.443405568858722,0.014798338538817558
OSP_3_27.08.2025_20250827_215700.WAV,759.13196,1.8967086977955903,291558.50347419654,23815.00076120023,0.00028258437839545506,0.6234001925732282,0.0037798118,4104,-996.1002373747956,-173.15823402325464,-227.74827553778326,220.2770338497811,-19.857466835238203,-16.363237115532225,-25.333590274561825,-4.361610134215024,39.08523822864753,-30.602778982551808,19.631868253287827,-11.96571810534117,-0.6658999297865994
OSP_3_27.08.2025_20250827_215800.WAV,682.13916,1.8751164723600635,283029.8087590287,23835.449544463143,0.00028616833645325474,0.6238209616831637,0.0036081336,4089,-1041.8022878779266,-194.74201593444184,-257.4438865658127,236.06645712410943,-21.247576366548664,-4.074843047079494,-32.47595553872222,-7.012620408495868,36.90513689265522,-30.088380971112088,25.290310624783302,-14.379476030802376,1.0855368570474957
OSP_3_27.08.2025_20250827_215900.WAV,666.6443,1.651061553240363,278513.99955739133,23842.48009717654,0.00028230190418784276,0.6239355626318729,0.0035255111,4103,-1068.6961750069036,-208.04812049897,-275.99069307263784,244.6700795962012,-22.233045752185713,4.23342134728221,-36.2783313568043,-8.051924195012615,34.275662241363875,-30.097754036637543,28.530963835054628,-14.910467476332652,2.427269027203643
OSP_3_27.08.2025_20250827_220000.WAV,737.15,1.7512605007453448,280642.90936232376,23846.644913553213,0.000282822115699713,0.6240285281820156,0.0035775504,4119,-987.6539958682953,-168.49117526202824,-219.42928758896429,216.78856780175173,-20.76222838053026,-19.089547088956788,-22.973890651782877,-3.5942843348471603,38.970707241566586,-30.91708612143893,18.458148923686156,-10.95979105682064,-0.987708238133785
OSP_3_27.08.2025_20250827_220100.WAV,762.725,1.5187597684335312,289552.90055957675,23828.12917249476,0.0002815736355407674,0.6236452119469095,0.003743237,4097,-1041.5764743921113,-195.11223512646836,-258.605246975227,236.39553629632894,-21.230409263636673,-3.9119968355990413,-32.32538018817961,-7.109269586257682,36.80218104106915,-30.1811448185222,25.43582733830388,-14.118266566265278,0.7197367035051805
OSP_3_27.08.2025_20250827_220200.WAV,783.6491,1.9808491432116886,286448.78996701766,23833.8562733428,0.0002844667014420384,0.6239499256275599,0.0036888137,4109,-973.3138708171847,-162.29489361132062,-211.51666749360209,211.33785951257107,-20.21826153240721,-21.696715165298368,-20.915313681214272,-2.7157164582383935,38.85215660565879,-31.017246480191908,16.84241506396876,-9.97348446458578,-1.1249934881306265
OSP_3_27.08.2025_20250827_220300.WAV,785.8585,1.5873605474201058,294845.04294906044,23812.80243620244,0.0002847257123918855,0.6233787995880911,0.0038215884,4126,-1035.933063488096,-193.05376797055226,-256.7764192014352,234.66265749698226,-20.631302215541137,-4.641487758335654,-32.00007074230619,-7.036360987766353,37.16588415496218,-30.16959075648918,24.86906706842772,-14.246461353053174,0.9556964307181848
OSP_3_27.08.2025_20250827_220400.WAV,684.22205,1.824401356909214,284906.55043319013,23834.793207444978,0.00028448647732243746,0.6238144165205721,0.00366144,4133,-914.5158487875618,-136.39398995544227,-175.74621529304585,187.63294959723748,-19.752649639263808,-32.185892742697845,-10.391479743476738,1.5545458601473057,35.479740305240846,-31.602863923264074,10.903285380577843,-3.7265809693007386,-2.0567463038380227
OSP_3_27.08.2025_20250827_220500.WAV,734.8822,1.2640028009848139,287791.71764152165,23831.91334575766,0.000280946543009245,0.6236270309397108,0.003707106,4120,-1008.1803213378189,-178.84958515957422,-234.89017322255884,224.86499640505716,-20.661425139823045,-13.510619829772278,-26.890356168455018,-5.171407479041964,38.646794733171646,-30.572975661933526,21.241598764721175,-12.513745261347136,-0.46048789774746673
OSP_3_27.08.2025_20250827_220600.WAV,715.1062,1.3669723930923878,284263.48407214927,23847.188069514257,0.00028358809169057964,0.624158825400273,0.0036252772,4117,-967.9924773172617,-159.63802884206638,-207.11544196977397,209.3069283167204,-20.61846120412372,-23.35591123125906,-19.480789472255356,-2.0797513245700388,38.597353385679284,-31.17906363447894,16.05617060101229,-9.374540605793056,-1.092214598392188
OSP_3_27.08.2025_20250827_220700.WAV,560.4697,1.4186109171026404e-304,271331.398315997,23865.873707705072,0.00028183472387471154,0.6242880317580985,0.003407994,4108,-1188.7843885131715,-272.80890454393125,-372.2603611559053,270.45256074678434,-33.71926649257548,51.833816961763816,-47.051129494947624,-0.7524586910250521,14.540572319882784,-34.02794752059402,30.93376220615058,-13.093053520141925,13.750386699465892
OSP_3_27.08.2025_20250827_220900.WAV,602.4883,1.989266504396357,278053.0104755588,23863.453632998895,0.00027960116204630794,0.6242691841139693,0.0035188615,4117,-1006.1403854277794,-177.16953053120818,-229.87782707047444,223.94515104264508,-21.441476360348158,-15.162923390482355,-26.25501294217054,-4.5072637539470275,38.90853855218067,-30.61601189862984,20.54250818039035,-12.421766759112035,-0.34193851604509656
OSP_3_27.08.2025_20250827_220800.WAV,611.9954,1.380091026292099,271530.6551114018,23867.440989397175,0.0002813465648102669,0.6243162123192565,0.0034032385,4102,-1139.9815392630546,-244.9701909039845,-329.06522575519034,262.83863721760304,-27.129287109025437,30.239821363807927,-44.167101915074404,-6.848730695779162,24.008339682434816,-31.828376045769236,32.755054977961386,-14.051900370238508,8.948585574732776
OSP_3_27.08.2025_20250827_221000.WAV,534.4187,1.6053065592352211,272308.4232170857,23870.58380016844,0.000283016660465179,0.6244299648209631,0.0034147743,4113,-1047.2329496098612,-196.3000500725829,-257.14097089270797,237.64145452727553,-22.20436793516248,-3.8396569494928046,-32.655822982272205,-7.043119729476146,36.73891642852442,-30.13793414530297,25.712498441042133,-14.414607428932499,1.044936683682834
OSP_3_27.08.2025_20250827_221100.WAV,532.96826,1.580148901689412,271631.2823061801,23865.753996231415,0.0002803905076371192,0.624413177690983,0.0034132896,4116,-1171.3888456234965,-262.77008005050766,-356.4931133126777,268.1964662409531,-31.09976496864662,44.093295975960274,-46.17091746554463,-3.2775646947689117,17.86329117536093,-33.703594828407624,32.10756449730753,-13.027019211651208,12.364866213835715
OSP_3_27.08.2025_20250827_221300.WAV,527.4688,1.6753194682857224,270609.4165292808,23872.847323835496,0.000281817243526655,0.624272274885193,0.0033911867,4114,-1182.0114052736205,-268.77213787573385,-365.1943584655075,269.89288538179534,-32.66497649029179,48.42761414062788,-46.78223851173136,-1.9013162602592504,15.907709679842323,-33.851151579579536,31.62192060501522,-13.028626584312436,13.08602888416861
OSP_3_27.08.2025_20250827_221200.WAV,524.6855,1.0772981435949025,270740.6942566829,23877.097314268678,0.0002819013468755084,0.6247053464766662,0.0033898854,4119,-1184.4797132838994,-270.3251952368673,-367.3724291873617,270.3707422717647,-33.19512868131728,49.416498490019755,-46.82598560046355,-1.4331622581861954,15.481456610258551,-33.96788833583654,31.27796650338845,-13.009823722300426,13.487718187006166
OSP_3_27.08.2025_20250827_221400.WAV,528.19653,1.882048134425707,270661.52979318093,23868.619070697903,0.000280228536746548,0.6244570545216892,0.0034017586,4111,-1191.1854905298846,-274.02693815566283,-373.6373127057185,270.84699175107346,-34.101894927819124,52.5620176277873,-47.183061822301894,-0.3796852039612932,14.222950451380127,-34.18766404672597,30.767099267389522,-12.879758400622858,13.852668375267646
OSP_3_27.08.2025_20250827_221500.WAV,525.72656,0.4131488445595253,271292.05802842724,23872.323661988503,0.0002820391762938593,0.6245128096104319,0.0033982047,4096,-1200.0341386998007,-279.56726313849373,-382.28438532249675,271.9063827186403,-35.89464945847312,56.66102940765162,-47.49790962637522,1.4594733727944307,12.588560060845134,-34.554474167203814,29.769014319047724,-12.911832565281488,14.569134056394413
OSP_3_27.08.2025_20250827_221600.WAV,542.1544,1.408206493335974,275118.87110039673,23876.759899067903,0.0002771746152644452,0.6248223715596686,0.0035147422,4100,-988.0447338497451,-168.2663896668571,-216.81256592963413,217.0880769420293,-21.83487347045605,-20.081077819540965,-22.317603838517904,-3.152630986791427,38.924350015455076,-30.964003068315975,18.024432368013763,-10.791936096751503,-0.6169520794927706
OSP_3_27.08.2025_20250827_221700.WAV,526.0,0.8146932025368343,270461.4793315425,23874.874015486475,0.00028154366084722344,0.624646924840201,0.0033849603,4114,-1169.3903792269296,-261.4928598389346,-354.03846490632225,268.10307127371175,-30.78047525123277,42.88660019520498,-46.01976707198949,-3.8663236328719566,18.30304063255472,-33.29857785408108,32.334650089459366,-13.130498784507445,11.98775354796977
OSP_3_27.08.2025_20250827_221900.WAV,525.02576,2.020441181115591,271612.43149891356,23868.337791992704,0.0002800860483847956,0.6243356659969591,0.0034089694,4120,-1176.3903815387753,-265.7101230480161,-360.59102423016634,269.2386656896498,-31.701376580940234,46.017392189504626,-46.56682222811033,-2.766295978757186,17.026248519158667,-33.665828936383946,31.834624038990352,-12.979022978767055,12.780366903489051
OSP_3_27.08.2025_20250827_221800.WAV,530.00085,0.8117247039959392,270742.259588007,23869.778939551532,0.00028071612919350564,0.624394754270355,0.0033992124,4106,-1198.8061608591117,-278.5903152955457,-380.75818618678494,271.77519924750703,-35.54139222813213,55.914549640271005,-47.43656187943748,1.1115504278522554,12.844462886211204,-34.52988669787793,29.966088064229208,-12.806900504228144,14.478094853966622
OSP_3_27.08.2025_20250827_222000.WAV,529.9153,1.5166015443483098,273488.78190708713,23861.028445627682,0.00027818737454584665,0.6242001568899714,0.0034290408,4106,-1170.4391738605286,-262.6817181228976,-356.6836659292596,268.4786192827837,-30.727269262245013,43.76961119817939,-46.15969816722006,-3.6615811547505284,18.033003398316005,-33.43583557544443,32.057367171155924,-12.996679358599133,12.254226527988171
OSP_3_27.08.2025_20250827_222100.WAV,544.485,1.714946036046004,276588.97686296894,23848.227254366106,0.00027668359088276086,0.6235933354730359,0.003482971,4118,-1134.4254932042068,-242.97067299413942,-327.11932154168846,262.30818651889336,-26.379587443384004,28.582030815060016,-43.71388348905407,-7.0768943208560025,24.55472889607477,-32.03224778895618,32.91530516066614,-13.714897411372752,8.37221203811816
OSP_3_27.08.2025_20250827_222200.WAV,537.86725,1.521989319332626,272871.4304418301,23859.300778748515,0.0002787574744587931,0.624009619934529,0.0034335235,4137,-1149.1092656632827,-250.40796987148238,-337.61432248898745,264.74366365909094,-28.023067450330156,34.405587266675845,-44.80589451458905,-6.032027106330404,21.946260986906182,-32.472025535877556,33.01946865942969,-13.40462281796429,9.746940540489343
OSP_3_27.08.2025_20250827_222300.WAV,543.79065,1.523434897690718,272076.6868166854,23865.270096187418,0.0002820151468481136,0.6242463366482561,0.0034122653,4136,-1166.970145047692,-260.47862709629,-353.11900924384713,267.65082497943615,-30.353689966955006,42.35611267353173,-45.93552946923024,-4.125003892790104,18.535556791706117,-33.26170821369548,32.4310052414813,-13.018883731411828,11.829723072981318
OSP_3_27.08.2025_20250827_222500.WAV,534.67334,1.8006975830093213,272590.42616607377,23862.43333183605,0.0002813932918326816,0.6242045203316992,0.0034134411,4118,-1116.4670518400803,-232.37589068246078,-310.3868308193073,257.74008198360053,-25.060833782292914,20.77889390077202,-41.951670172148766,-7.863032129189586,27.942125138506402,-31.314958639413078,32.19966859904486,-14.308174267671214,6.505519257565217
OSP_3_27.08.2025_20250827_222400.WAV,537.96313,0.2868359830561607,272667.3962761249,23860.754315390775,0.0002786735758605154,0.6240231344832133,0.0034189452,4110,-1148.6326455193391,-250.13639156876414,-337.07421451364905,264.77869402762275,-27.950624306671678,34.007179965803374,-44.80763411278783,-6.022767444794667,22.17675899801188,-32.44285297554138,32.83071844008757,-13.431383116674116,9.86874533709524
OSP_3_27.08.2025_20250827_222700.WAV,574.57983,1.7758805367446377,275054.16200826573,23857.304500921822,0.00027971254282119234,0.6240403458366948,0.0034669468,4108,-1027.7464657772107,-187.18234165662975,-244.58136967345968,231.32053968940104,-21.540449546750423,-9.326147330437443,-29.78983538375389,-5.992730157891344,37.987195062482854,-30.345007494627616,23.37060509914974,-13.562324661112875,0.28866592717872
OSP_3_27.08.2025_20250827_222600.WAV,591.41693,0.8739157600922456,275252.082931599,23846.535175667042,0.00028243732628000206,0.6237089060754624,0.0034549446,4132,-1110.5487654917113,-229.6365506136852,-307.5225877666797,256.2675929786629,-24.224343484908918,19.229242890321167,-41.660190570967025,-8.334289774147335,28.97212877511679,-30.96520786665542,31.732338824136864,-14.534554144448459,6.2205473767383745
OSP_3_27.08.2025_20250827_222800.WAV,528.989,0.7433025339260839,271635.7484467704,23866.890992286204,0.0002837090374255156,0.6245286876900521,0.0034017535,4115,-1198.7186546326475,-278.8007734188829,-381.78387638767003,271.6751384473395,-35.46292203858771,56.344100818733175,-47.38547581956072,0.9203543927835274,12.784246901033086,-34.27626582976612,29.735961319105172,-12.958809437514795,14.614461616948153
OSP_3_27.08.2025_20250827_222900.WAV,553.54517,0.8428306762057158,272645.93906920066,23858.161307745715,0.0002796025330836305,0.6239508346779198,0.0034278415,4135,-1143.631550835621,-247.2532576771309,-333.2484561067773,263.5340073520391,-27.297435294308237,32.24907704446231,-44.43811207932914,-6.674746020976797,23.057012935456793,-32.14502184030229,32.998287067809066,-13.616800827930698,9.17672054580065
OSP_3_27.08.2025_20250827_223100.WAV,583.7689,1.521454027208031,276112.3898407195,23850.639605322973,0.00027896585469068487,0.6236449695334803,0.0034954136,4109,-1013.6817223582925,-180.375541791004,-235.11160156663587,226.5055779603544,-21.273910306685313,-13.494202409297896,-27.293385806998923,-4.9727399295111745,38.664477912954546,-30.768641781978907,21.460467001380223,-12.418188032288493,-0.23249203684540218
OSP_3_27.08.2025_20250827_223000.WAV,594.15955,1.8264916594368974,275478.2498599988,23857.73302567557,0.0002789474884035019,0.624103373328317,0.0034780677,4117,-1104.058929897242,-226.13361512010087,-301.63677858607156,254.78974767629063,-24.260819857325984,16.433967338471795,-40.41095692603484,-8.4317877872581,29.59156982225613,-30.82403291989991,31.66267035922493,-14.388563116163622,5.11264391525672
OSP_3_27.08.2025_20250827_223300.WAV,570.64136,1.4131233575884372,273868.05761593155,23854.260386107133,0.0002791285158884161,0.6237863571661288,0.0034522968,4133,-1131.5071812320032,-240.7669533016173,-323.2960952955048,261.1332381847543,-26.206925585344283,27.182208791081607,-43.466147031250934,-7.255274447125764,25.23373196945196,-31.812246027040473,32.79162202054517,-13.824607362913111,7.910698990176154
OSP_3_27.08.2025_20250827_223200.WAV,555.2348,1.8189202288089799,273827.58276057395,23863.531457217858,0.0002806462629471439,0.6241700976247363,0.003439445,4132,-1049.288256049773,-197.67162247136926,-259.44396450522714,238.58603901572528,-22.105372027638047,-3.017739841759392,-33.054634411041725,-7.219774501072296,36.50366166173901,-30.164833297170546,25.95912453124831,-14.26782355029126,1.2478099971539536
OSP_3_27.08.2025_20250827_223500.WAV,665.90955,1.7552809429713447,276643.27912131656,23842.80518624545,0.00027907498320318405,0.6236876342970399,0.003500048,4118,-986.4340379213442,-167.6465054180834,-217.59409596107847,216.32974184334495,-20.647949271439238,-19.985412748613914,-22.912955227105073,-3.197824688194152,39.204794954228994,-30.945247548065375,17.924413162628348,-10.77128767586839,-0.7593941633588582
OSP_3_27.08.2025_20250827_223400.WAV,529.5521,2.138938621585798,273295.33487848967,23849.468871691948,0.00027967720171756885,0.6237066031478838,0.0034260612,4118,-1188.144436949114,-272.92515917763495,-373.3117917422818,270.56289074923757,-33.182597162660755,51.89778312383637,-47.238466142247276,-0.8907971147098508,14.734930835035629,-34.06323267792156,30.683642883922694,-12.921625689052236,13.888006804954236
OSP_3_27.08.2025_20250827_223600.WAV,539.61163,1.074578932363162,278410.45203292585,23849.480168573315,0.0002768294628633648,0.6234569779190455,0.0035640483,4111,-992.5150981362402,-170.67147312242815,-220.97350294552515,219.15036292810694,-21.147936746913853,-19.082705417841026,-23.810126641494122,-3.2976596359227446,39.417120480574816,-31.206248848494493,18.37037656246042,-10.90375805459261,-0.4257979410664243
OSP_3_27.08.2025_20250827_223700.WAV,533.01575,0.4604013875842258,271338.3012158474,23863.077343870737,0.00027965962192174444,0.6240817379297505,0.0034146158,4103,-1161.8313158422652,-257.160582482868,-347.6716898054643,266.8123836174752,-29.577688277216062,39.63162680819569,-45.71914906100091,-4.71800473944238,19.8072473989727,-33.11572444657239,32.620309151751236,-13.02929418250787,11.16322935800489
OSP_3_27.08.2025_20250827_223900.WAV,556.1958,1.4186109171026404e-304,272260.5026403573,23855.491123403302,0.00027962359934553517,0.6237894479373526,0.0034189564,4099,-1172.3402166126475,-263.5475751046575,-357.9563640716776,268.4769588975793,-30.91637369545661,44.57055710003818,-46.418647222535824,-3.2269614648148863,17.683358918852736,-33.61911764108845,31.9539011263891,-12.813926923164665,12.434416606412817
OSP_3_27.08.2025_20250827_223800.WAV,543.77386,1.4186109171026404e-304,271304.6232156176,23862.974280924693,0.00028306167796994373,0.624230094948492,0.0034068888,4110,-1191.1263128307382,-274.2629068610127,-374.46614023272105,270.71984469999023,-34.11974635749307,52.843071400398735,-47.160744906959486,-0.1564718127350137,14.086572956025835,-34.263178978867536,30.53393340240969,-12.701147775287827,13.972166123525357
OSP_3_27.08.2025_20250827_224000.WAV,529.3594,0.7144608765547436,271935.27326077234,23855.028234840986,0.0002803356228229423,0.62407040510193,0.0034132702,4110,-1196.5296573275016,-277.5402374991963,-379.9765369951406,271.35765771890146,-34.86571614980236,55.32617171500401,-47.495647545659054,0.909158049253879,13.152077484048124,-34.6221001791229,29.967067785675127,-12.571485965798338,14.436245619532166
OSP_3_27.08.2025_20250827_224100.WAV,603.44763,1.1365613793786495,273260.3046447748,23861.885558134563,0.0002784276450750194,0.6240653750232716,0.003438544,4124,-1066.0748231250843,-205.92207366789407,-271.03436983360166,243.85930601828022,-22.686547634410807,2.0826877103866184,-35.50421817752876,-7.591515875647904,34.91629040548658,-30.47131645282186,27.923062019885386,-14.301935558753934,2.125940829084812
OSP_3_27.08.2025_20250827_224300.WAV,527.3194,1.8950421273771756,271917.2101737264,23860.119859312963,0.00028232460892844963,0.6238347792486347,0.0034170153,4105,-1196.8162524722031,-277.7623174496693,-380.0247462424939,271.4138425724632,-35.08871268343642,55.44274313886116,-47.34432553542088,0.9518728382077583,12.936745693801328,-34.53474773004024,29.898671415132565,-12.591424323081347,14.656137914424107
OSP_3_27.08.2025_20250827_224200.WAV,549.105,0.022993637240888935,270884.67828090047,23867.70287501289,0.00028080785986987723,0.6244069961485355,0.0033979795,4097,-1198.0137906218213,-278.219851768685,-380.65876590387,271.389767803105,-35.4448425342648,55.92747726689194,-47.31561631597187,1.0941075673241893,12.779784902081818,-34.539836964103166,29.920963037469697,-12.704612254411211,14.538518836679668
OSP_3_27.08.2025_20250827_224500.WAV,574.9352,0.36856649192784224,272269.09144671896,23854.38125486224,0.00028204814072514656,0.6238376882097865,0.0034084294,4121,-1187.8471442327495,-272.5120041985222,-372.6391160906337,270.23043946477077,-33.33809303779656,51.710473994095906,-47.081523031015756,-0.7399435159507757,14.709549272152026,-34.18707164813846,30.71296749554808,-12.867116260582055,13.984134509551778
OSP_3_27.08.2025_20250827_224400.WAV,575.55505,0.6644882962380244,271925.47647431603,23860.827672511492,0.00027986791671780274,0.6240198012985603,0.0034169026,4112,-1145.3476242445188,-248.10365674202362,-334.1323976369703,263.8702933488644,-27.614721121425134,32.76550985253032,-44.548949113035555,-6.375208012508593,22.824085812550095,-32.35651513275838,32.844010817511844,-13.417919769076077,9.51907029686741
OSP_3_27.08.2025_20250827_224600.WAV,540.29663,0.9086429387447483,272202.31934191135,23865.01255638255,0.0002799389745634474,0.6241782790779756,0.0034234102,4113,-1145.3480373682712,-248.1651243965949,-333.990635848769,263.9812828867825,-27.707498067719033,32.77192425544569,-44.54967510841895,-6.450159502364363,22.864661568091663,-32.40095628144781,33.01299254663805,-13.462953088057823,9.381384774217345
OSP_3_27.08.2025_20250827_224700.WAV,567.8771,0.6903084871537621,273093.16943938425,23854.094527749738,0.0002787086571571309,0.6237230872610773,0.0034333577,4113,-1107.0173685503062,-227.34222337192062,-303.17563641791435,255.28459052013224,-24.267485391478147,17.310242731986623,-41.05340158124397,-8.230056263629097,29.502104117958496,-30.9402931338914,31.552276144680214,-14.32257920812312,5.604347747742099
OSP_3_27.08.2025_20250827_224800.WAV,559.755,1.3478420873210735,272957.5331077933,23860.49291958013,0.000280755954983193,0.6241052520323942,0.0034218896,4101,-1108.1435594176319,-227.99143981580806,-304.049633119023,255.62024156875793,-24.456385635788493,17.73448580734479,-40.96675007055766,-8.3115636259105,29.175466932813542,-30.75550244098499,31.53966107566768,-14.476803035145965,5.858753135053756
OSP_3_27.08.2025_20250827_224900.WAV,590.16785,1.311834942784099,273955.9101851889,23857.46475306505,0.0002787377384746887,0.624028043355157,0.0034514186,4109,-1114.7516827736265,-231.5978801268023,-309.54118557514516,257.31405649746995,-24.944418183961954,20.368823030408876,-41.689668516994296,-8.041212696074776,28.057787718152127,-31.239513308339667,32.13860670651612,-14.082321744309693,6.344382770895565
OSP_3_27.08.2025_20250827_225000.WAV,564.6925,1.7305922036661534,287259.1313417372,23829.048808097272,0.00027146228223396025,0.62325335063842,0.0037026873,4109,-1044.4661627706791,-197.0795160188841,-260.08711925554474,238.68910072631806,-21.398044229961034,-4.062196789023521,-32.61269472191336,-6.931011391222364,36.54332320260973,-30.66938616623066,25.733329602765927,-13.477811309273667,1.2143429769471192
OSP_3_27.08.2025_20250827_225100.WAV,588.54486,1.813529392274959,291951.87215863017,23819.700644486904,0.0002733908639979507,0.6232420178105995,0.0037797887,4118,-1048.1074460815112,-199.4456339273926,-264.36733663718604,240.253762440186,-21.055315543479736,-2.6048275643486525,-33.365522715876125,-7.25508674510925,36.00599917693145,-30.312176278188428,26.21863180536859,-13.973949431482268,1.6394134959623028
OSP_3_27.08.2025_20250827_225200.WAV,600.3702,1.8516850526873885,286996.0466285429,23830.778189607,0.00027357841163075993,0.6232682590643229,0.0036944137,4116,-1015.2232690577423,-182.6394320761186,-239.7625177679554,228.38850488732558,-20.748176183532912,-12.442132566697104,-27.835026297789145,-5.354029315480009,38.20319656516657,-30.650794439921583,22.064744577538807,-12.608749779627127,0.1607941014772178
OSP_3_27.08.2025_20250827_225300.WAV,693.10095,1.6542356247300434,308895.7064996085,23765.05073774306,0.00026776007421862406,0.6220624340635472,0.0040946556,4117,-1023.6563811359715,-189.775654625943,-253.59403575576277,233.6245693665203,-19.236920359943458,-8.140466015889295,-30.590447536895457,-6.510698022268302,37.5948936628994,-30.937621705133537,23.93781812942413,-12.568879910696296,0.588042095905908
OSP_3_27.08.2025_20250827_225500.WAV,667.33496,1.954291231336289,321675.7694519722,23765.54846951404,0.00025984132882429556,0.6217343274869679,0.004318952,4150,-981.6618106297086,-171.35285145536014,-227.53116943551993,220.27809420286172,-18.721852816722645,-19.18231369454275,-23.403664119869585,-3.9999458513573067,38.51505826645101,-31.13351980846539,19.002506764503266,-10.200392756591693,-0.7143289921214053
OSP_3_27.08.2025_20250827_225400.WAV,672.2678,1.8440984731745302,330686.09747243364,23726.17214353133,0.0002552803999680134,0.6213533747827976,0.0044887345,4131,-991.9838830339746,-177.26500423747024,-238.5567625333051,224.880309456561,-17.62149096351269,-15.832735844720629,-25.556867950770357,-5.234486066927549,37.830877359432755,-30.622089335384125,20.80672594900514,-11.172307040875573,-0.22969680896355682
OSP_3_27.08.2025_20250827_225600.WAV,695.18787,1.4281728369913473,297423.1454047559,23816.33155352013,0.0002721679851650602,0.6231762631678974,0.0038812435,4107,-989.6838019431984,-172.00318008820122,-225.54158641766276,220.338024928873,-20.111933488371093,-18.33302483669717,-23.904552957144627,-3.991278992308497,38.73394246884939,-30.808226441692778,19.147534013873173,-11.102971676459989,-0.5754744941334154
OSP_3_27.08.2025_20250827_225700.WAV,673.1426,1.7349546806138112,313180.07261238154,23768.421394484336,0.0002645964417824355,0.6221940645556658,0.0041839383,4127,-994.7787118393499,-176.16865376926089,-234.198593151144,223.702429887179,-18.85946100863646,-16.185911800325123,-25.44357920959638,-4.726852715286982,38.272446136059514,-30.75688054296128,20.37306838767093,-11.328839818102637,-0.30726562792105566
OSP_3_27.08.2025_20250827_225800.WAV,616.8332,1.899343723627313,306372.3540795004,23785.538510410035,0.00026429749567552946,0.6226399234555355,0.004028776,4114,-1021.2052507276941,-188.30202521203302,-251.11043352397942,232.8174574693423,-19.563853161800406,-9.403892688372691,-29.295784548230756,-6.506167692556862,37.088373532912804,-30.27838969153381,23.592974674418322,-12.91769815191301,0.6721337051625539
OSP_3_27.08.2025_20250827_225900.WAV,656.6467,1.8565999566792806,314748.82449958957,23780.06832079862,0.0002646922382045597,0.6223582390506702,0.004256314,4145,-944.9289598131226,-153.25705317402713,-201.3237406412778,204.72270287679797,-18.767609948514313,-27.65151438045453,-16.387201096129186,-0.9049347747361878,37.456666516174145,-31.40009746380494,14.494626931065113,-7.071816164146796,-1.3640926726546843
OSP_3_27.08.2025_20250827_230100.WAV,675.4121,1.6410853464233117,292443.9461005491,23821.529799700773,0.00027163597742119893,0.6230593592916098,0.003784132,4123,-949.8826076734508,-153.14319203954594,-198.81814254384614,204.21075697689042,-19.90108303009885,-27.11040395781256,-16.83490404780854,-0.8211310054971339,38.302967045971435,-31.681320122738455,14.041491784294132,-7.217423922556002,-1.1929972526245658
OSP_3_27.08.2025_20250827_230000.WAV,685.758,1.8737653038197406,316978.7831075606,23766.471639716547,0.00026197042188339615,0.622001042862573,0.0042711105,4132,-1021.6941214236564,-189.58966748554397,-253.4363526296117,233.7954677577652,-19.328360474812456,-8.691551092542687,-29.887952744746826,-6.538889659235107,37.026979839274794,-30.614190134664227,24.035336712935887,-12.590351650978093,0.6306598849640108
OSP_3_27.08.2025_20250827_230200.WAV,691.7269,1.8585501309781876,352620.45368629915,23696.794355498354,0.0002472992427731763,0.6200555538855964,0.004897131,4116,-984.2729664047433,-176.25207918222716,-238.24715707407566,224.657144620855,-17.087540460079502,-17.200533414929076,-24.9193768088501,-4.801428652830951,38.06274615883623,-31.266088896648217,20.1907797446215,-10.024806557604787,-0.37226116397667675
OSP_3_27.08.2025_20250827_230300.WAV,530.9662,1.8467424109390147,274216.56662085006,23855.190390959106,0.0002765930744305693,0.6237231478644346,0.0034435268,4114,-1165.705530513042,-260.0708126881811,-352.7934108931733,267.82132385909557,-30.059841381666484,41.61508196365485,-45.79357503655599,-4.078183762668139,18.702199784918896,-33.31933114907948,32.396569715662,-12.978419805554537,11.827426062203106
OSP_3_27.08.2025_20250827_230500.WAV,524.19147,1.7492634997194763,271072.10564391303,23866.598298263125,0.0002810184838517539,0.6241530074779694,0.0034115303,4126,-1143.8297755003264,-246.969197397194,-331.82335247950294,263.61748793855156,-27.57135024737787,31.65802858151676,-44.31395378924924,-6.505255103590271,23.222381458563685,-32.27201898660828,32.86950400196097,-13.38369592150465,9.163469927142609
OSP_3_27.08.2025_20250827_230400.WAV,595.60144,1.2967422324825122,274117.2376016336,23859.780129024843,0.0002806305946095188,0.6238390214836478,0.0034586957,4089,-1064.2107003908127,-205.1325456976118,-270.2085808323026,243.1891489240934,-22.56142492229002,1.8584550466809167,-35.30710657726132,-7.665166816761867,34.980839111167185,-30.359342726746824,27.79673524950479,-14.299637139513505,1.9928343728883107
OSP_3_27.08.2025_20250827_230700.WAV,846.0467,1.528290090353136,369284.1150992229,23687.184956980338,0.0002842237945545566,0.6213608289957491,0.0051831603,4122,-917.0951588166281,-144.70401186542873,-197.27528368460472,194.85626041057196,-15.580625574183742,-27.442260244353488,-14.371072941119246,-1.4028128159288702,36.54212237129821,-31.00364742809093,13.008330470544893,-5.578185009388008,-2.136100642931883
OSP_3_27.08.2025_20250827_230600.WAV,538.90564,1.4497086357886624,272506.5568028151,23865.4158753689,0.00027894095404648605,0.6240570117599603,0.003419437,4120,-1105.8010840315371,-226.5540388019913,-301.3309427781838,255.04100386782127,-24.52653843302966,16.51623399834486,-40.61802231399102,-8.214775553143161,29.631620866373023,-30.900471576168844,31.476927538609985,-14.271242971586393,5.348400419635864
OSP_3_27.08.2025_20250827_230800.WAV,858.45966,1.7582146117852893,373874.9039079872,23673.871361740694,0.0002850400092284523,0.6208435793409458,0.0052397368,4123,-914.721335424591,-144.06381313069807,-197.03227214673961,194.29071459978934,-14.923645273216408,-27.749251985944174,-14.553406356958313,-1.3412950277402913,36.55328095586039,-30.762187088327615,12.915711610159496,-5.742440033353395,-2.0814098785083988
OSP_3_27.08.2025_20250827_230900.WAV,868.40076,1.4021217812113538,424300.4878918162,23578.897341240252,0.0002810288595846889,0.6191674116839394,0.0061505754,4123,-898.6035116424367,-141.59929758119782,-199.46743731901856,191.6901115331106,-12.100942608467731,-27.874643080013612,-14.248317349269378,-1.796153901929195,36.37652676880053,-30.55441404875375,12.18864902284123,-4.8640490611992915,-2.1751509192099387
OSP_3_27.08.2025_20250827_231000.WAV,842.2279,1.7250611964407792,375178.3495733072,23647.826924764446,0.00028634027479303837,0.6203604493763187,0.005253072,4119,-980.0508602076317,-173.98990345973823,-242.40841752698546,219.08698433312102,-15.530641182299165,-12.51034311243061,-25.48690478973856,-6.2348104795744845,37.82045923560624,-30.670617767725048,20.550746567374162,-11.406237747443113,-0.5420955961445663
OSP_3_27.08.2025_20250827_231100.WAV,852.3791,1.7449884072994402,380858.4233525733,23656.02991076099,0.0002835978704351348,0.6203691762597741,0.005373709,4104,-938.0128793375918,-154.95862114463807,-213.93604985375603,204.02914826579809,-14.82999886048906,-22.878883329380212,-18.579159968923545,-3.3168727724629194,37.66068139065196,-30.765230971626405,15.49379029915516,-8.010981123136162,-1.6619734567498645
OSP_3_27.08.2025_20250827_231300.WAV,821.8639,1.6928695696827685,339396.1391489591,23734.09232662009,0.00028239156039160904,0.6218059000519734,0.0046438756,4109,-937.8859607401329,-151.33519387725292,-203.49792992605654,201.22824851352817,-17.14345467188001,-25.336283697784665,-16.682302714848504,-2.067772443463325,37.48245577273741,-31.008448654114684,14.454674097015522,-7.3078408793870935,-1.6781415731767015
OSP_3_27.08.2025_20250827_231200.WAV,850.167,1.7227492777110276,362632.3562157913,23709.82511837593,0.00028420661752427364,0.6215487600068264,0.005060741,4143,-947.532623575078,-157.08586185230772,-213.32274284754922,206.0475837056915,-16.763929596990078,-22.526564206978232,-18.946141390746096,-2.8246061263529505,37.871832074241254,-31.212988124096366,15.921105426026823,-8.43693779929515,-1.4306785411238911
OSP_3_27.08.2025_20250827_231400.WAV,859.09106,1.6411018840988156,355139.71318493347,23715.188860016027,0.0002815665577986623,0.6215675470475983,0.004989553,4117,-924.0126144104504,-146.2786399250751,-197.34705466519327,196.45337499969432,-16.520894037642854,-27.276498258356288,-14.97517171076392,-1.1016130778438922,36.902586605986144,-31.181574549505196,13.220767832540153,-6.093705159175012,-1.7617635097396835
OSP_3_27.08.2025_20250827_231500.WAV,831.3613,1.7863645051492036,320788.63995629404,23759.386152351664,0.0002850693982076939,0.6224868999782798,0.004301683,4118,-996.3072111071032,-176.197260914777,-236.89900422232878,221.8935755146691,-18.650817072629287,-13.37484168264733,-25.940768626602505,-5.452765041335621,38.08087558850895,-30.658569576412724,20.88567139472783,-11.94494603483546,-0.41837787931666126
OSP_3_27.08.2025_20250827_231600.WAV,834.3082,1.7497608883689824,315354.89392162324,23780.751400351266,0.00028985888180700414,0.6228625801903624,0.004203688,4090,-959.2510582355529,-158.34722884310312,-210.2048982135045,207.42167312846559,-18.74648381072041,-22.484060935156382,-19.296505363077355,-2.7268997752701196,38.21431469923382,-31.120422176267418,16.08937688881613,-8.807090785699463,-1.3183236409450267
OSP_3_27.08.2025_20250827_231700.WAV,808.8101,1.7315710314778172,318829.16700758354,23775.735953748317,0.00028493530790774715,0.6229214866536862,0.004280838,4104,-921.8200288284706,-142.1627068971242,-187.59317346760736,193.0329711908606,-18.188454563299175,-29.611233389635146,-12.952386639706218,-0.016315626668469082,36.60331300972235,-31.439214450104373,11.93197448364861,-4.98456813370807,-1.7081487162955153
OSP_3_27.08.2025_20250827_231800.WAV,824.0132,2.108803503997177,304348.461852551,23798.658982367866,0.0002862357924316849,0.6232003833041144,0.0039876685,4112,-977.7338965812991,-166.02105932289751,-219.6097438080555,214.2800380489359,-19.4232643662104,-19.451686552723732,-22.0501204703394,-3.710687340052471,38.63236885199019,-30.924126664364955,17.828074913881068,-10.302186328884204,-0.7497897240070655
OSP_3_27.08.2025_20250827_231900.WAV,842.9594,1.6861220227641667,354075.98923631624,23703.6122081227,0.0002850800589806421,0.6213591321017439,0.0048748963,4143,-890.183413137146,-132.0435157286756,-178.12204941118307,182.82989219054852,-15.54174286247686,-32.29394606248562,-9.707240401133353,0.7750717414157682,34.61994426284951,-30.776733601240423,10.133167367874913,-2.5876141330631874,-2.489970909225809
OSP_3_27.08.2025_20250827_232100.WAV,843.92584,2.021708081675266,314113.1112399515,23780.95036767978,0.0002823318019490323,0.6229599697855902,0.004167068,4107,-894.5761912481303,-130.50518239898813,-171.16807978484616,181.56845042150505,-18.035660032213094,-33.53002151843763,-8.257967358255062,1.9322466687125888,34.10516252675161,-31.414458369687697,9.850158334242956,-1.8556481643523912,-2.480789386991151
OSP_3_27.08.2025_20250827_232000.WAV,784.81885,1.481907299400462,313708.6041121102,23771.44785453506,0.0002858754937008163,0.6225135048521472,0.004159788,4116,-1011.9647955050024,-183.28456120840053,-246.73446096004798,227.2465292994928,-19.36755644538171,-9.49133708693611,-28.02574025155139,-6.33028149774657,37.378030056059885,-30.516182309444254,22.845532800025108,-12.877206481933127,0.09623154915533137
OSP_3_27.08.2025_20250827_232200.WAV,830.3606,1.8846981485123802,316740.1991314302,23780.19048675195,0.0002859262626427072,0.6227188896301353,0.004222632,4125,-979.251308386602,-167.48010283053992,-222.84654222528278,215.29010779273614,-19.096075672076964,-18.49831439057746,-22.617273852932875,-3.844086398125322,38.34866759914517,-30.984473470312476,18.628400426987696,-10.612249324879294,-1.0176570029753653
OSP_3_27.08.2025_20250827_232300.WAV,799.555,1.5928426378560456,309494.7601893712,23780.129169796157,0.0002844240411721061,0.6227965831342311,0.0040970664,4119,-968.7116271970352,-162.4422657891336,-215.7585866539713,211.15391670773076,-18.848987245704546,-20.944096547160388,-20.729872771175717,-3.2435435487203037,38.28816812457156,-30.993949845033917,17.176287155058127,-9.653962601454822,-1.0904031466386703
OSP_3_27.08.2025_20250827_232400.WAV,806.0143,1.9302685835700633,312072.1107508895,23777.97908027542,0.00028752419995266114,0.6230980848369431,0.00411996,4159,-974.0093362227512,-165.25219793644942,-220.11998916580424,213.29787973292375,-18.965561106461266,-19.21383164629809,-21.81303425751462,-3.8203701551396376,38.48638009671614,-31.041995993608076,17.874043364883214,-10.036555467637255,-1.01824654187139
OSP_3_27.08.2025_20250827_232500.WAV,859.57385,1.8817745959164587,325162.4045900741,23778.79170896698,0.00028351358509195367,0.6227565243150366,0.004394564,4114,-926.228210801215,-144.47454968831792,-190.89642171026685,195.1596886369658,-18.335857809707232,-28.72819871483923,-13.726764689006158,-0.2512638782228967,36.69818680489237,-31.498505175529033,12.708383766154284,-5.688313213347813,-1.6102101126159676
OSP_3_27.08.2025_20250827_232600.WAV,794.22644,1.331903226767696,314607.14902553963,23766.918259694696,0.0002863726004702393,0.6227389493414112,0.0042033494,4108,-1019.4632221182802,-186.95730813600017,-251.9732708179728,229.87225009145664,-19.347993287255555,-7.299607690072441,-29.54130197247141,-6.7505026355875595,37.2782141372853,-30.581269481027398,23.56031969313116,-13.103420228896773,0.5543724528557876
OSP_3_27.08.2025_20250827_232700.WAV,820.8904,1.7644339330673728,325144.24146981543,23772.42679377651,0.00028393000279686636,0.6227094355063919,0.004410362,4085,-976.6700232141283,-167.15686629323667,-223.21991293579126,215.0157005024062,-18.745996214280893,-18.563099666301063,-22.52899291553174,-3.9076375341923244,38.42148593758885,-31.036201220802027,18.445284779635827,-10.538503282319228,-0.8825140235463367
OSP_3_27.08.2025_20250827_232900.WAV,776.7728,2.000673806754761,297812.3418654564,23815.52260315172,0.0002850919646166278,0.6236390910078193,0.0038849858,4121,-900.8045167091261,-131.59345719292295,-170.61216561192003,182.76092563362445,-19.13274734702707,-33.4367324273543,-8.381651806938388,2.0515949865848597,34.3272072285722,-31.61666276832584,10.020671417535718,-2.148402412400777,-2.2366370189040454
OSP_3_27.08.2025_20250827_232800.WAV,786.55194,1.8117291476081854,301322.0112408205,23803.97430233984,0.00028448402254081844,0.6233775875209445,0.0039428733,4098,-1006.3461908998208,-179.15761335982526,-237.94624431298527,224.7316267417034,-20.016431529513095,-12.68142425143806,-26.694631620995448,-5.496636904601942,38.17954377338385,-30.669346895754032,21.436755973883773,-12.280683603530175,-0.19951852112018875
OSP_3_27.08.2025_20250827_233000.WAV,794.0288,1.909388798643437,294217.1578463742,23811.136272141535,0.000284126679795054,0.6233714665818543,0.0038093622,4112,-1006.3906179115664,-178.7017338815713,-236.65438553377777,224.348544842192,-20.184909812954174,-12.877369089304654,-26.62012340876574,-5.456097413888887,38.28834269375423,-30.720771660894627,21.364270509916658,-12.188700295160297,-0.3218461834887665
OSP_3_27.08.2025_20250827_233100.WAV,796.363,1.8103423418390627,297599.5012847631,23805.29915020007,0.0002873327514449089,0.6232162007803773,0.003878816,4129,-967.2472037101014,-160.76757413314448,-211.48849178921023,209.95774326227018,-19.499975949445076,-22.17125208999634,-20.104710564001774,-2.6694880131910237,38.49190873983071,-31.1592237993594,16.459107468359615,-9.366087916161666,-0.9079995319674687
OSP_3_27.08.2025_20250827_233200.WAV,735.7428,1.8867889582741784,284092.25715961546,23830.9693261613,0.0002836052057189219,0.6235537008773426,0.0036292973,4101,-1085.2437416203225,-217.0546276140252,-290.72818454594454,249.34427262619818,-23.04236512645515,10.945804105543106,-38.2770455784206,-8.338793601542786,31.90150045904475,-30.680816074132903,30.256716459527066,-14.578321398041604,3.820811358756333
OSP_3_27.08.2025_20250827_233300.WAV,713.8972,1.4414716559821243,285578.30015566084,23835.957698349765,0.00028376233491502297,0.6237216327805014,0.0036719698,4109,-996.8017989040035,-173.0214536581227,-226.6491884235827,220.3358852981302,-20.61180560917887,-16.62686765216124,-24.5827988576523,-4.301264583440294,38.75023952786139,-30.856997252524707,19.679366435637967,-11.569312931589039,-0.5148978423429877
OSP_3_27.08.2025_20250827_233400.WAV,723.15,1.429284875033776,287552.99444221053,23818.83504762572,0.0002834967158477245,0.6233905566394129,0.003691074,4099,-1034.957463643464,-191.7921430230212,-254.61939087067017,233.99602447668929,-20.685129366226274,-5.566184254894787,-31.25841591252081,-7.047784631258851,37.057774051764206,-30.245096772700407,24.784560915415074,-13.850777043442948,0.6796693416336125
OSP_3_27.08.2025_20250827_233500.WAV,769.14435,2.018336777984146,291402.4126760326,23811.383995021155,0.0002831635336493699,0.6232248064571181,0.0037594028,4100,-1013.2574453186489,-181.72073305531157,-240.41623223398386,226.86780440154502,-20.160837849555,-11.672643998895648,-27.870506572984763,-5.636191211074451,38.16360794689187,-30.48972328221893,22.03602685321914,-12.893117401727524,0.06274345680774697
OSP_3_27.08.2025_20250827_233700.WAV,733.4647,1.8867156235124403,293688.2593964743,23829.701271417187,0.00028401316483635757,0.6237574493646829,0.0038138805,4102,-842.9948941032153,-108.00654273012636,-138.58482292983405,157.31920809388185,-18.381498093216063,-38.501417323052536,0.6283054640335349,5.3561490238117635,27.58417806768145,-30.47886955010829,6.557611591510893,3.9451564786772164,-3.3884667459567552
OSP_3_27.08.2025_20250827_233600.WAV,742.02686,1.7904839436609195,290432.18455762276,23821.8277978533,0.00028150660385319824,0.6234691591938687,0.003765784,4128,-938.3826088991902,-147.24837938628406,-191.30355963109156,198.15525604848688,-19.682972096595385,-28.39455861888755,-14.776115056013303,-0.2639778317613684,37.499141813328194,-31.65370850637648,13.007530001376571,-6.186778106727174,-1.4704947420039562
OSP_3_27.08.2025_20250827_233900.WAV,749.2229,2.0151960942847964,285489.43580555957,23820.35587580666,0.0002835794007396039,0.623196262275816,0.0036526017,4116,-965.280351222254,-158.9134395440452,-207.3146913138686,208.74350269969895,-19.912590273248963,-23.725224655825528,-19.444476600028587,-1.959316254565122,38.742996511960165,-31.413579280793442,15.652898383476437,-8.869228040867384,-0.8014568790914463
OSP_3_27.08.2025_20250827_233800.WAV,705.6266,1.4450646579969404,290536.12339221523,23818.25219504043,0.000284173557746238,0.6235270960034752,0.0037434548,4116,-1012.2158604742948,-181.33361544957324,-239.55466327011393,226.5544254126957,-20.42031208490306,-11.790759670606418,-27.71643993712707,-5.658992550647805,38.358112146791676,-30.62428823065325,21.908343481507274,-12.57466266210867,-0.10328700784899227
OSP_3_27.08.2025_20250827_234000.WAV,730.42896,1.7288729540237409,294738.43288722576,23813.377652983603,0.0002813138026296974,0.6231575367304828,0.0038263875,4095,-1025.0778432373602,-187.57085830638312,-248.61755367162996,231.15437074838033,-20.6156890649339,-8.36345661713407,-29.789463931071758,-6.314862538236206,37.797448757803416,-30.559801206755754,23.367853919588068,-13.130731694329839,0.43860174332011387
OSP_3_27.08.2025_20250827_234100.WAV,731.34485,1.9488429510140408,281883.93285257276,23840.400550878316,0.00028071170437900093,0.6238496876745376,0.0035951415,4099,-1066.6653188993796,-207.18944381098072,-275.09121801272084,244.16420613637627,-22.392184558371916,3.5849155311794263,-35.69776437731701,-7.881749953568882,34.42578820942806,-30.336656299712008,28.20187772716822,-14.563201954669442,2.4101245778390306
OSP_3_27.08.2025_20250827_234200.WAV,711.4602,1.652534380563155,283634.1147961919,23833.406632916493,0.0002802741742959605,0.6235965474509743,0.0036231827,4120,-1067.2786091638525,-207.66054005100014,-276.3682111613682,244.30702705134524,-22.196083687959828,4.181461413635277,-35.79410675705832,-8.03868398284744,34.103942439076405,-30.415664828119596,28.548419749244935,-14.437037043680434,2.333926743645361
OSP_3_27.08.2025_20250827_234300.WAV,769.09625,1.798046243877013,289561.2865525531,23823.200978155404,0.00028118908669355066,0.6231593548312027,0.0037242463,4113,-984.7925529957499,-167.89799451585802,-219.6746904161098,216.21163278919337,-20.270957917268145,-19.28830048248849,-22.782050456445475,-3.439654351546345,38.80085743278469,-31.16995090983106,18.394295240800826,-10.487315562205422,-0.9204824867524475
OSP_3_27.08.2025_20250827_234400.WAV,722.34155,1.6220811165049909,288607.56194332783,23830.0052123214,0.00028358529512427445,0.6235061878451967,0.0036872262,4096,-1056.584560133974,-202.9282576862793,-270.46607833114587,241.3411591063581,-21.696992149813827,1.3444573056904308,-34.37303982206824,-7.944961341578613,35.165469969703764,-30.365158443789326,27.415907930846707,-14.45626449459543,1.9151373858574763
OSP_3_27.08.2025_20250827_234500.WAV,790.53284,1.7498834074498264,291952.96556142456,23823.778240743217,0.0002864649508400774,0.6235221265281743,0.003761396,4081,-991.0861973748058,-171.26912114380397,-225.34447256746418,218.66722056124038,-20.325896463175454,-16.990347840074246,-23.861726606172873,-4.3825248327726785,38.6317484692764,-30.819222165531475,19.38886094452741,-11.330286872681867,-0.6644480060183293
OSP_3_27.08.2025_20250827_234600.WAV,724.61395,1.3617657845247342,284276.7629903396,23840.92899453668,0.00028264935378264033,0.6239199875690393,0.0036577352,4127,-966.4300826033451,-158.88809674496383,-206.42949418392755,208.60205775872205,-20.572987715393797,-23.505137004125633,-19.15490373404941,-2.03993418574234,38.57586472570469,-31.471950161618782,15.973362272470762,-8.876451205914094,-1.1563214168701814
OSP_3_27.08.2025_20250827_234700.WAV,707.44446,1.3694630406142756,283975.69803279825,23835.07101154739,0.0002802104849880823,0.6236126073406665,0.0036274914,4111,-1044.675303312518,-196.1824461954149,-259.3230463261465,237.28066116318212,-21.4759264887954,-3.415593100528373,-32.65316140397833,-7.191106616557398,36.79029159878324,-30.436982843472304,25.566681485226262,-13.911628071717178,1.117388360978375
OSP_3_27.08.2025_20250827_234900.WAV,666.0984,1.2832537778303446,278538.54872356,23846.531362310972,0.0002823842772155832,0.6238620507594328,0.0035360178,4104,-1033.0374696987406,-190.00184754694772,-249.5034892923213,233.1579094824311,-21.4799865754046,-7.4019416590930724,-30.565448558073676,-6.400728451234939,37.40197087994066,-30.407255688626872,24.31515990420986,-13.63390061633377,0.39505291140036747
OSP_3_27.08.2025_20250827_234800.WAV,784.9835,1.9130726645728253,294538.9040483725,23821.720000922553,0.00028059198210694857,0.623572912141616,0.003829403,4104,-995.894376398655,-173.59540272940896,-228.40003023873217,220.6900393247872,-20.35945888426655,-16.144389366694543,-24.700124606401456,-4.4765411258826235,38.606674104499476,-30.883463226251415,19.884412614768987,-11.53171051213228,-0.5718790609701693
OSP_3_27.08.2025_20250827_235000.WAV,703.26746,1.7653291001701032,278763.5801441356,23862.101818471332,0.00027946026050166195,0.6242130048017253,0.0035465818,4075,-1069.0252714437593,-207.84273802537425,-274.4825330173952,244.8028044275253,-22.916776437323357,3.8168018207891947,-35.91465141836409,-8.028936740820585,34.52721217120417,-30.345741221192522,28.37860771531154,-14.532323787401735,2.2501451681541047
OSP_3_27.08.2025_20250827_235100.WAV,575.5841,0.7027686331261491,272371.34240910696,23863.855126769253,0.00027936600136795926,0.6242862136573787,0.0034294077,4119,-1178.5784652545485,-267.06412992000264,-363.11648773541737,269.3525180738021,-32.10504986579027,47.27200116911025,-46.47306592222787,-2.449952908756238,16.355727884662894,-33.774639434445234,31.712558095092405,-12.717542043607395,12.888550641226741
OSP_3_27.08.2025_20250827_235200.WAV,569.75104,1.4516423935919625,274444.2130143996,23860.777921865414,0.00028050175897957955,0.6242406399326672,0.0034530684,4099,-1109.5861282538779,-228.90354326396826,-305.4545241220276,256.06549200492316,-24.67720626270478,18.399621086690974,-41.10451221737357,-8.259749031253518,28.940096305023683,-30.90782804152978,31.78205269540394,-14.42729944103938,5.840047312473083
OSP_3_27.08.2025_20250827_235300.WAV,685.7312,1.5134470118068146,276775.9742418684,23853.155950213288,0.0002787887871370716,0.6240073170069504,0.0035068234,4108,-1024.3010085362962,-185.48045735951555,-242.44019591413954,230.13908216118998,-21.48968695070141,-10.390957477210756,-29.102501762628144,-5.706541474945915,38.23821079468954,-30.58321154911136,22.796717592402594,-13.159110156744829,0.2275267613356828
OSP_3_27.08.2025_20250827_235500.WAV,672.1022,1.9377869613867058,278163.2780129048,23856.952507527312,0.00027829414893174313,0.6239267145417029,0.0035487828,4126,-978.6687506694549,-163.76666247217608,-211.6790362707879,213.17610844070546,-21.104179618120355,-21.988893507730165,-20.987082877751792,-2.4497071633681413,38.9400745257353,-31.327103895852296,17.04070079751826,-9.965997034243115,-0.8871890828359382
OSP_3_27.08.2025_20250827_235400.WAV,719.1319,1.978407197404264,280007.45560042304,23849.72629034554,0.0002789090655321876,0.6237753879584523,0.0035685848,4130,-981.9939999096274,-165.60653730385425,-214.73599208853852,214.5933770799323,-20.963073949894667,-20.872800615111288,-21.7833928748037,-2.813052219259712,38.96720407145839,-31.326430628570204,17.63224207507766,-10.252658908079015,-0.861959818897045
OSP_3_27.08.2025_20250827_235600.WAV,730.44324,1.9723716952198918,286395.34572977247,23840.845880480156,0.00028068416349970034,0.6235837601425779,0.0036736955,4114,-958.2498418009174,-155.44048680192031,-201.34390966460361,205.76045427599598,-20.476532904324323,-25.364826956742856,-17.838384175039987,-1.412477822034317,38.50815650494508,-31.453623450827806,14.732765635563629,-8.179870996451506,-0.9850230015136079
OSP_3_27.08.2025_20250827_235700.WAV,743.7988,1.6660099913185555,276624.9484784591,23865.969765147005,0.0002802852814429702,0.6242198529811034,0.0035144973,4118,-1003.1641096191202,-175.0535279137768,-226.96101106222142,222.2546728953372,-21.715075675107865,-16.22493281859716,-25.15176644680047,-4.0963759489103415,38.82599050303446,-30.996347636151516,20.10802558204432,-11.8402956626871,-0.413579875778362
OSP_3_27.08.2025_20250827_235800.WAV,622.6695,1.6671682139043682,273757.2981889213,23862.96876976678,0.00028345356434126277,0.6241933693139506,0.0034442965,4080,-1071.7235747685206,-208.82734756968506,-275.90270562427537,245.33328792438456,-22.7729263614455,4.507893104668611,-36.39900948536145,-8.077239906080814,34.26495085887807,-30.15033041505914,28.563006566235305,-14.878544326598853,2.6784677526018545
OSP_3_27.08.2025_20250827_235900.WAV,658.73975,1.6630651972222785,275958.92775073065,23856.789367319107,0.0002806950112096625,0.6240024687383642,0.0034948546,4105,-1105.818897962278,-226.82656974715113,-302.8940700065489,254.82630647895562,-24.482585485367757,17.246492028580622,-40.594576425370406,-8.441189074315092,29.438598442620865,-30.74596744778063,31.605425871113702,-14.39664549412402,5.280275511935422
OSP_3_27.08.2025_20250828_000100.WAV,670.3415,1.6428027723777014,276355.8798355676,23866.068522893973,0.00028104160507668585,0.6242789412544992,0.0035045415,4120,-1060.022503938879,-202.9599536351808,-267.1749284320844,241.97239509533844,-22.639520820237756,0.3648824506938283,-34.367355743192604,-7.624106480048455,35.42732323679306,-30.291380554480984,27.276233668433175,-14.456955944872794,1.8020604108708793
OSP_3_27.08.2025_20250828_000000.WAV,679.4016,1.7394458996209416,279442.5844755128,23855.555479460687,0.0002809865263225053,0.6240796774156013,0.0035561207,4086,-1036.6408987347052,-191.76703941383013,-251.7271003532547,234.51471213923415,-21.924327752732136,-6.520070317698161,-30.87890167693513,-6.522684730879029,37.28486590311445,-30.52068018500051,24.550586924236537,-13.668108228151095,0.6047119414026708
OSP_3_27.08.2025_20250828_000200.WAV,749.4191,1.7926000510411209,278113.48962874716,23865.830312204766,0.0002811396701356083,0.6243210605878429,0.003535957,4134,-997.2044013824858,-172.39346188914476,-223.66059425583344,220.11596473084498,-21.549409434628988,-17.42844939361094,-24.075328604673206,-3.989063531759258,38.877230472421864,-30.91835007462788,19.392295091365135,-11.545463306486575,-0.5307307719662466
OSP_3_27.08.2025_20250828_000300.WAV,714.0859,1.5193153522345524,285268.1245958716,23841.563717462814,0.00028012878597971695,0.6237445408495718,0.003685103,4124,-989.6284929970484,-169.59812149429962,-221.1377597454348,217.7294446078981,-20.85655237950795,-18.658301850049664,-23.174550902255717,-3.605653541067804,38.857086318968115,-31.087398849472486,18.674995974973548,-10.913047050846123,-0.7113780459024001
OSP_3_27.08.2025_20250828_000500.WAV,737.49133,1.2893878222638109,281306.3999054121,23854.366405519093,0.00028091817081629813,0.6239464106328348,0.003593852,4102,-1034.250612155238,-190.5376390769935,-250.22465161630274,233.53041763467385,-21.779982123277502,-7.112021515558105,-30.502402353896805,-6.4607708422772205,37.31721441345487,-30.31942662325995,24.263981142706772,-13.748654984845453,0.6523280844892574
OSP_3_27.08.2025_20250828_000400.WAV,741.1341,1.652437935520486,287019.4552775679,23846.91592856673,0.0002797924132040743,0.6239081699143602,0.0037057216,4086,-997.9619423660565,-173.53435680869325,-226.29782269642098,220.88244591987828,-21.144718471992483,-16.739913628656208,-24.634457028608605,-3.9785841969228777,38.7489763917871,-30.992506673444524,19.714564780400504,-11.654239455442383,-0.4242141895949809
OSP_3_27.08.2025_20250828_000600.WAV,714.0967,1.760988683369406,281000.031608666,23848.736162984507,0.0002812476039350454,0.6236927855824128,0.0035720035,4111,-1046.6467961889605,-196.7593812908746,-259.42765695488,237.7650677218269,-21.886064931061263,-3.3366558347914603,-32.62277784727594,-7.058994453932171,36.53924604917373,-30.37263437453259,25.788717273793164,-14.14559898571405,1.1824806579897056
OSP_3_27.08.2025_20250828_000700.WAV,747.56586,2.0952752231852467,280444.57185377425,23845.665998494645,0.0002794875286562785,0.6236799376706591,0.0035762126,4123,-1046.384064882974,-196.67760092777695,-259.1231246474594,237.67158937754607,-21.886317078592796,-3.3252874519709854,-32.69215390254847,-7.014297605038856,36.4966766015173,-30.371768624861847,25.83692203685552,-14.110392391729363,1.2439954172110002
OSP_3_27.08.2025_20250828_000900.WAV,674.80133,1.5502370036556803,504353.49189631164,23658.262316311593,0.00027916058620944565,0.6208054598291858,0.006785801,4101,-842.982347962709,-118.80263017024123,-163.39088743744125,167.47525109960975,-12.923208505306032,-33.485120775732724,-6.0039287219525725,1.69962655648802,30.739840496681936,-29.36845509273098,8.420413340150606,0.5919227243234781,-3.0342218011653204
OSP_3_27.08.2025_20250828_000800.WAV,768.17816,1.8453069756791283,285349.81011606514,23849.02825632081,0.0002798295356185074,0.6237682973656448,0.0036827116,4118,-970.9030325705293,-161.02212578613262,-208.63111045909824,210.5881967400859,-20.916165868137895,-22.873321227398353,-19.832269758690696,-2.1982931476883896,38.653698969893206,-31.313470297278247,16.336230480757187,-9.381525477344992,-0.9456728929552373
OSP_3_27.08.2025_20250828_001100.WAV,692.37006,1.2837261539514955,646484.2625699426,23413.632607645566,0.002783321291352704,0.6149818909283981,0.01396365,2581,-838.6505981622734,-140.3303105849514,-212.86328829277795,184.5577068864447,-6.189843218030414,-20.628491744407402,-15.091597505519093,-3.36962131933123,31.728613385780257,-29.11844713429409,14.435692791942936,-4.2584346363300805,-2.6381827150459443
OSP_3_27.08.2025_20250828_001000.WAV,650.202,1.361858092810032,971846.7826384121,23527.490369306135,0.00028369747040326773,0.6187079170286707,0.013317288,4115,-795.4738154262388,-114.60267438348043,-167.8735546809103,160.64151890246427,-8.154394509358116,-30.938268027325943,-5.642793809067411,0.668318511058405,28.103061389605706,-27.778834166490626,8.45544596564156,1.3791435283765856,-3.485071852079594
