filename,ACI,ADI,Bio_Energy,Spectral_Centroid_Mean,Spectral_Flatness_Mean,ZCR_Mean,RMS_Mean,Event_Count,MFCC_1,MFCC_2,MFCC_3,MFCC_4,MFCC_5,MFCC_6,MFCC_7,MFCC_8,MFCC_9,MFCC_10,MFCC_11,MFCC_12,MFCC_13
OSP_3_27.08.2025_20250827_203617.WAV,644.91626,1.4186109171026404e-304,144263.49584829638,34285.45312029501,0.0001958685603763392,0.6878238761241916,0.0021080475,2847,-1054.2135052120127,-151.84602468030644,-114.16901739470659,196.49481712379696,-89.2747600153498,-13.15638492053754,24.65218262638369,-8.86784341214964,17.546139565160402,-31.558589601535136,27.599515052163273,-11.9758687268358,-4.33923074825407
OSP_3_27.08.2025_20250827_203700.WAV,597.72473,1.1315142557326034,486807.1261915534,34099.81053466692,0.000235083697105222,0.6857072265079587,0.005177959,4139,-885.1393297442501,-105.73847142211854,-80.52127705721873,140.9205181191142,-70.18631730222343,-9.912224335548137,31.818040645432106,-15.864328573640487,7.408171143868288,-17.679696112648855,22.40427460546843,-8.16415804130377,-10.529720717859728
OSP_3_27.08.2025_20250827_203800.WAV,706.2574,2.302585092994046,204681.3711049309,34314.084902724775,0.00019606367953919147,0.6886210515713721,0.00206179,4109,-1105.9712526388375,-176.96129177781467,-138.79647158408306,222.52143673292727,-93.4514298171425,-9.564430263894382,15.15471049668128,-7.852753114777018,23.047055359587723,-33.40693948240077,29.465837236325378,-17.533053240005774,-0.8237741064859238
OSP_3_27.08.2025_20250827_203900.WAV,563.5057,2.302585092994046,190513.77222892203,34320.30436949851,0.0001823351612748023,0.6882147186685517,0.0019000873,4118,-1332.3132340434736,-289.419756138712,-271.0239170795408,304.36745859396586,-99.63750874931523,39.96295462578752,-27.24869057330485,-8.65945173360026,15.614666078969336,-26.02509226992022,43.363202993426505,-30.057369501779235,8.085762466183606
OSP_3_27.08.2025_20250827_204000.WAV,573.8527,2.302585092994046,191742.40257130342,34306.32477427827,0.00018625840744057237,0.6880727294081029,0.001912459,4082,-1277.3753656336019,-258.8482647338313,-233.71301402715207,287.79849067243293,-97.12840595667058,22.19126393048224,-18.542343561267888,-9.615459899689176,23.278920106430316,-27.655784977816705,40.391582613958086,-30.797049652027635,4.982028416443996
OSP_3_27.08.2025_20250827_204100.WAV,544.96796,2.302585092994046,189353.6922526673,34326.21455304091,0.00018156327296156092,0.6882928491226845,0.0018883072,4105,-1385.8129235091708,-320.47727917565334,-313.1012911485238,315.78535675154467,-103.56251422041667,61.485405422940616,-33.351658884161054,-4.853506998665284,5.271074076432263,-26.280500432567127,43.37143728721787,-27.52689019084428,12.352188772209182
OSP_3_27.08.2025_20250827_204200.WAV,631.5969,2.302585092994046,189891.39258346029,34323.79935596178,0.00018104265821345484,0.688103272552476,0.001897376,4112,-1256.382352451619,-246.3022558518465,-215.2470891761104,281.0482480062254,-97.63473029470573,13.477369114868594,-13.933628785081936,-8.473881266309515,26.092910348480586,-28.789469738170194,37.889449929804826,-30.532141708137047,4.272974985361719
OSP_3_27.08.2025_20250827_204300.WAV,532.48883,2.302585092994046,189830.5829758864,34328.509857376135,0.00018148216178556493,0.6885071056443731,0.0018928262,4080,-1384.1455851111107,-319.73291141044507,-312.12265828883784,315.4695947494599,-103.53044229638012,61.15642006354913,-33.14503645861693,-5.170278000892329,5.473134430314752,-26.19568975395667,43.46917366017988,-27.51192555021936,12.189907700652375
OSP_3_27.08.2025_20250827_204400.WAV,535.1107,2.302585092994046,190115.16605383155,34321.3790730769,0.00018256853032666825,0.6881663132388532,0.0018942454,4098,-1384.556122891549,-320.2526057284712,-313.81730300955894,315.21683923744126,-103.5102941831722,61.948411277737335,-33.13419778051471,-4.859937506474516,5.186466125181503,-26.524801457777528,43.167416599195896,-27.32211301610235,12.583391989068284
OSP_3_27.08.2025_20250827_204500.WAV,541.0092,2.302585092994046,189362.9631017822,34325.796736386976,0.00018162815049217482,0.6882951671291772,0.0018891973,4092,-1377.4217120679941,-315.37695614642587,-305.4926418565147,314.4814543430485,-102.78534222217365,57.448183309748785,-32.64329230986993,-5.617181114744878,7.199849474423742,-26.09205240961276,43.615954924670014,-28.10597943746457,11.593418101475407
OSP_3_27.08.2025_20250827_204600.WAV,530.25775,2.302585092994046,189456.44707231608,34327.04228417848,0.00017996332368893514,0.6883761610030951,0.0018895874,4099,-1381.0150254214811,-317.602887665771,-308.23266647897333,315.3415037317763,-103.16282036452671,58.800257701553505,-33.04978935615554,-5.1995708172670785,6.531737602768346,-26.127777021668614,43.441816632609886,-27.876553129503687,11.909746602166159
OSP_3_27.08.2025_20250827_204700.WAV,530.2633,2.302585092994046,191022.69513141908,34306.88546171099,0.00018491073914052666,0.6880622302022247,0.001903936,4104,-1377.0761618210736,-316.23435096637127,-310.57226859940835,313.0090010764174,-102.574650459556,60.35727040869078,-32.15422188697403,-5.7118714082352255,5.958836310037814,-26.55181879051209,43.45961095578791,-27.629362940165688,12.203866061626409
OSP_3_27.08.2025_20250827_204800.WAV,559.17426,2.302585092994046,189267.3803732277,34327.15857344733,0.00018016404021520583,0.6883425271833985,0.0018874261,4132,-1382.2560894536368,-318.2252824689675,-308.9410517110847,315.6674359220125,-103.3279462909565,59.14029676840481,-33.163435789250656,-5.1346420018940755,6.42302744687376,-26.128537312972597,43.44490003665324,-27.88475062234307,11.945561308012245
OSP_3_27.08.2025_20250827_204900.WAV,580.20337,2.302585092994046,189336.33639683653,34325.318936874566,0.00018233393001652236,0.6883936142284511,0.0018881669,4140,-1352.2983934639133,-300.5038877936479,-285.06068865768026,309.22819610553506,-100.82344765762798,47.04818019158283,-30.02323731176447,-7.57446919210939,12.359287406943652,-25.840640596562693,43.801139541260646,-29.450942306736433,9.430935569044205
OSP_3_27.08.2025_20250827_205000.WAV,536.6766,2.302585092994046,189811.48948585562,34319.32886264279,0.0001826383388594742,0.6883049391173323,0.001892791,4137,-1384.6753138309866,-320.0755890910419,-313.0159816874283,315.4644637958069,-103.504443119444,61.345843116366595,-33.09195062706953,-4.854027431901565,5.262091237262476,-26.264809108397692,43.20498267665952,-27.596551279839154,12.495183193022205
OSP_3_27.08.2025_20250827_205100.WAV,621.42957,2.302585092994046,191054.4824945789,34325.156463098574,0.00018223574963945855,0.688463472580983,0.0019097306,4095,-1239.1645636249923,-237.6761167765668,-205.2561647305223,274.9152367747311,-97.46663346861443,9.543594603847058,-10.452788982001566,-8.148143324650839,26.899270123496006,-29.868950687091186,36.59870652415893,-29.593234534015682,4.081157913987932
OSP_3_27.08.2025_20250827_205200.WAV,595.1821,2.302585092994046,190022.20874572967,34321.23189264082,0.00018137050457036694,0.6882219908457833,0.0018943049,4111,-1381.145223630086,-318.0196866266557,-309.2932552736953,315.29552700078864,-103.2137269466646,59.20432612324387,-33.011223033664905,-5.030632734924268,6.322148683082487,-26.19096255010418,43.295248706351565,-27.714875217499703,11.957262949047799
OSP_3_27.08.2025_20250827_210300.WAV,617.3653,2.302585092994046,189949.98940739423,34320.11508257337,0.0001819358445305879,0.6883443452277064,0.0018946687,4110,-1385.0632863422652,-320.35101630038184,-313.0977182374935,315.630405465106,-103.70209104708611,61.33858112273563,-33.229135318023694,-4.645606200145737,5.284521179960459,-26.219585101627274,43.22096597832722,-27.57918504173233,12.276143053152905
OSP_3_27.08.2025_20250827_210400.WAV,682.2873,2.093617472010291,191262.7715329863,34322.45061113433,0.00018299241258597776,0.6882711234932049,0.0019095949,4117,-1257.9137124604106,-247.78828622710276,-217.64136183172428,281.7784934631818,-97.67186487677897,14.592259247334352,-14.51611562533503,-8.397059430150833,25.881779686658895,-28.972681511235848,38.14566140531593,-30.520529873371064,4.492329994269324
OSP_3_27.08.2025_20250827_210500.WAV,714.5719,2.1503841079153325,191678.85413732758,34318.81349926808,0.00018381478273231462,0.6883008485176394,0.0019173902,4102,-1172.1176311628872,-203.71956619578572,-166.37880124929706,248.1080496587495,-96.26881484275026,-4.090642275223702,4.207997234659515,-6.817006790038248,26.81928489781899,-33.379419903723544,31.66185127739439,-23.35647953241381,2.343959011769931
OSP_3_27.08.2025_20250827_210600.WAV,707.69086,2.302585092994046,191606.8666839023,34321.458199515,0.0001825259012718568,0.6883354368105976,0.0019164796,4130,-1169.5379067587382,-202.3497188115846,-164.6711655397752,246.9694984408728,-96.30403350696818,-4.608856197161504,4.882541887662913,-6.788329185952345,26.74274580541261,-33.47216253682978,31.418275049291292,-23.031097069336813,2.2611079746017335
OSP_3_27.08.2025_20250827_210700.WAV,730.0511,2.302585092994046,193542.6648936844,34315.00530994246,0.00018434964869625054,0.6881655405700223,0.001944847,4101,-1211.364456401256,-223.5774840923419,-189.49979635176777,264.2158737607068,-96.88367205185686,3.555618010517653,-4.510818035954755,-7.594501066769618,27.43772948206021,-31.453153237051225,34.42124780856312,-27.43814510886411,3.4781898506871056
OSP_3_27.08.2025_20250827_210800.WAV,702.734,2.302585092994046,193231.01465707255,34310.36225198894,0.00018717674860706254,0.6883312553086893,0.001935571,4094,-1210.2956546479536,-223.21478645795017,-189.63464082707264,263.7370309390432,-96.650464040472,3.742118835423602,-4.394181559553476,-7.787537695123974,27.324257651731518,-31.44180327129657,34.49763599306151,-27.22323786330141,3.2712774905395485
OSP_3_27.08.2025_20250827_210900.WAV,686.28064,2.302585092994046,192174.3934796896,34311.80504214623,0.000185217533713994,0.6880685933573024,0.0019222274,4129,-1254.1690413878994,-245.96472231673044,-216.44513231668387,280.2243025916787,-97.46008661041297,14.15897468229971,-13.517241771310546,-8.598222674644095,25.67448504833133,-29.010960172461402,37.947129472330225,-30.24625252258284,4.4075105560941665
OSP_3_27.08.2025_20250827_211000.WAV,676.60333,2.302585092994046,192077.94217845204,34310.723307112734,0.00018735514098541594,0.6883731612299869,0.0019168851,4100,-1286.4902926895336,-263.86541638564086,-239.53160831367526,290.7728810506209,-97.97861758197176,24.662779311131747,-19.907006685876077,-8.962060140081771,22.27286635997062,-27.617987396710415,40.82486343765271,-30.922834386950946,5.481752344550872
OSP_3_27.08.2025_20250827_211100.WAV,667.7424,1.4186109171026404e-304,191580.17029330632,34318.348626845785,0.00018439319403766715,0.6883688433747557,0.0019135086,4105,-1254.9572055052274,-246.27321856816897,-216.2445510902447,280.60521905691513,-97.58903745420957,14.03051558721562,-13.761580538256101,-8.424711474812927,25.850294540991502,-29.103745862635417,37.89705068690396,-30.201323712107847,4.463456252246117
OSP_3_27.08.2025_20250827_211200.WAV,775.83276,1.971389032567323,195678.59580991408,34304.37492729529,0.0001866653819168148,0.6879722824600903,0.0019745235,4102,-1141.736293746599,-189.70269356831736,-152.13137047465366,235.29032428682078,-95.01992395475067,-7.6814062750229235,10.461872594276091,-7.091338365170668,24.936399809506025,-33.85083248251506,30.48674637522585,-20.212239473500997,0.7732772974788
OSP_3_27.08.2025_20250827_211300.WAV,762.6415,1.6594707716816284,194880.78043388974,34301.386875950004,0.00019022793964176246,0.6881809030444243,0.0019578673,4088,-1196.356893751182,-216.5245918456778,-182.91210702618176,258.2333558691691,-96.01377973991808,1.4904172435462857,-1.65605677967757,-7.81474225542102,27.256396001969424,-31.976318514857255,33.63362964177809,-26.137016076129797,2.952364845996686
OSP_3_27.08.2025_20250827_211400.WAV,701.04504,2.302585092994046,192295.2972201428,34313.47869507675,0.00018552602800415313,0.6882252633255376,0.0019234855,4112,-1246.133403905712,-241.72734396158776,-211.28121315134953,277.298623933816,-97.29315223399934,12.084228909129873,-11.97065028506729,-8.385975473918121,26.087166948081183,-29.482397644886426,37.46599414072293,-29.8518100416805,4.14365288259955
OSP_3_27.08.2025_20250827_211500.WAV,776.7645,1.1566625554615497,193640.03126418823,34315.01625331664,0.00018483305439582218,0.6882084009645816,0.0019467358,4129,-1191.3883772289175,-213.40700597539401,-177.73094510229558,256.19086249255855,-96.58621278986863,-0.5635521069782569,-0.023598418544503202,-7.19442155063387,27.32474579779742,-32.50599633921867,32.95953556973833,-25.470851580403714,2.9052890954910406
OSP_3_27.08.2025_20250827_211600.WAV,708.5762,1.4071616203851565,193795.4136118473,34309.25903556959,0.0001883942465757831,0.6881285888194638,0.0019406859,4099,-1221.4319991362559,-229.2549907827824,-197.1906761507833,268.11061249467247,-96.8352439361832,6.667388362775245,-6.881840571616459,-8.023536450896895,26.993286198441993,-30.900591692829273,35.544958257304124,-28.296192548668856,3.6350448082807874
OSP_3_27.08.2025_20250827_211700.WAV,670.09064,1.4186109171026404e-304,191689.35015585882,34314.93725790366,0.00018379625477500148,0.6881652678633762,0.0019156918,4122,-1244.387495224828,-240.68368286368218,-209.44647366161365,276.8481931399977,-97.4171973513398,11.154412803137024,-11.524153043188251,-8.226059920715597,26.346025669293834,-29.560238653067795,37.19487404049612,-29.877110308187,4.067785850389204
OSP_3_27.08.2025_20250827_211800.WAV,702.78326,1.4186109171026404e-304,192840.37037343302,34310.45109974388,0.00018736021850905923,0.6883522537204458,0.0019278545,4123,-1223.2025616246524,-229.97095368673797,-197.59882791364808,268.79942174388674,-96.80834797852808,6.707626792941515,-7.293435273537834,-7.960493616569587,27.05306797819341,-30.80551875042697,35.52677384744985,-28.286635545012125,3.713376921306186
OSP_3_27.08.2025_20250827_211900.WAV,724.77673,1.9599390375714922,193640.4863158698,34313.40068864452,0.0001845210607409686,0.6883153019698873,0.0019500529,4096,-1105.9986332460328,-172.91187359370227,-133.70533086797192,219.25300629070253,-93.56857158849817,-11.54058529484788,17.499830390116593,-7.315623855881932,22.281353446767483,-33.93838848773484,29.003450752488643,-16.05385342020167,-1.3790029211173935
OSP_3_27.08.2025_20250827_212000.WAV,729.80066,1.4186109171026404e-304,195286.62972707566,34291.15446237077,0.00018414353801901267,0.6876382622696174,0.0019592692,4116,-1143.560690815915,-190.97082066135232,-153.40132653516847,236.76625264545513,-94.99978617725816,-7.959518455396497,9.907517472466047,-6.5826673559198685,25.125022105229068,-34.19785089103939,30.553737358820072,-20.224350605063833,0.9779765557320131
OSP_3_27.08.2025_20250827_212100.WAV,702.79535,0.6559757323365468,193468.56692815642,34306.600718403824,0.00018452451133145795,0.6879652375383971,0.0019362554,4102,-1214.0051094564076,-225.2954488853397,-191.68453015407957,265.7969550086388,-96.81625349058153,3.9393538032169904,-5.225974343561927,-7.509588113519776,27.515621708231702,-31.51163709766478,34.700008550785135,-27.555004694109964,3.4308076861097927
OSP_3_27.08.2025_20250827_212200.WAV,689.3528,2.302585092994046,192705.70404816628,34306.65379495344,0.00018635233237015495,0.688095454961952,0.0019275122,4069,-1226.1729831146797,-231.35511240349354,-198.98017791977227,270.02265823169375,-97.01713876907834,6.967289115716429,-7.672438925784867,-7.850052240532863,26.985174491224388,-30.64817232372592,35.596545092584584,-28.581021762565094,3.898198931995811
OSP_3_27.08.2025_20250827_212300.WAV,696.0084,0.594880254188934,194365.82290679563,34312.097847967576,0.00018780687853694236,0.6882136278419668,0.0019519003,4118,-1217.2309360127374,-227.04829883985317,-193.8998665350115,266.7323125948782,-96.96739411432105,5.208091112586718,-5.898810107194239,-7.762432356062372,27.221680786493447,-31.113177020362304,35.046471456786776,-27.924390958086907,3.5001356946107127
OSP_3_27.08.2025_20250827_212400.WAV,730.9866,1.4186109171026404e-304,194182.7188559691,34309.45944125963,0.00018632755704616882,0.6882525339901564,0.0019476069,4115,-1186.0998117544068,-211.17346566171884,-175.82702157171403,254.11859558768015,-96.36216785247407,-1.025018689836763,0.9648038989464333,-7.2272003853396996,27.119068745946862,-32.74273649642308,32.75221634476007,-24.958401049656164,2.753808157713754
OSP_3_27.08.2025_20250827_212500.WAV,705.11096,2.024692178268361,192988.8677680806,34313.918777652114,0.0001840744345308912,0.688254397485572,0.00193455,4101,-1174.6917825709984,-205.216504540771,-168.22279334263186,249.32188069271268,-96.27902412406611,-3.604065495145379,3.6094217957287293,-6.764079622185753,26.77326709285589,-33.246952056160985,31.87550600937048,-23.668928815984568,2.374663523187572
OSP_3_27.08.2025_20250827_212600.WAV,734.48553,0.6908360395756099,194485.69114687113,34304.70302734263,0.00018606753816347157,0.688056912422624,0.0019503084,4128,-1185.3901962092314,-210.89782438566212,-175.50410646764828,253.86254703393607,-96.29009428738865,-1.1881357893973856,1.0668981915967812,-7.091460056732626,27.00680040285909,-32.764088348132105,32.71391501158,-24.91499812110816,2.797654390668522
OSP_3_27.08.2025_20250827_212700.WAV,738.99835,0.6931471805599453,193716.7223004337,34315.13674067742,0.00018363295679649864,0.6883237104248116,0.0019476989,4119,-1179.3002692284765,-207.5256040904716,-170.9253291735767,251.23047939574124,-96.39039661469623,-2.6813386802354393,2.5865899668520766,-6.905868919073603,26.932571556830037,-33.05443067048686,32.18533655487938,-24.193063894788473,2.599883825834227
OSP_3_27.08.2025_20250827_212800.WAV,704.3978,2.302585092994046,192754.99385019494,34314.5992376958,0.00018713815198949057,0.6883225741471191,0.0019300873,4119,-1208.295262467844,-222.0675819292416,-187.93536157043556,262.95424125477837,-96.74479816414481,3.0016053372058713,-3.969191444642658,-7.422819489120626,27.494242217536396,-31.73607393803783,34.16457294415058,-27.135795195098105,3.465369327046066
OSP_3_27.08.2025_20250827_212900.WAV,705.9845,2.302585092994046,192809.45524625335,34308.61860465326,0.00018695479713644718,0.6882304447518152,0.0019243871,4106,-1287.1590624917153,-264.4465270306123,-240.32197919481374,291.1330876890133,-98.03508272079938,24.899557653144118,-20.037311860699763,-8.8870224769951,22.25603304920961,-27.624749760513147,40.697784728927026,-30.961482997783033,5.620852213891549
OSP_3_27.08.2025_20250827_213000.WAV,665.9199,0.6931471805599453,191105.5843738516,34314.26998630956,0.00018381201091927638,0.6879810999749837,0.0019068209,4127,-1280.4579426787043,-260.05501880243366,-232.84937446637858,289.4357104711707,-98.00041579632264,21.10629084506553,-18.815594166691948,-8.62753873518287,23.634979367143146,-27.66571051120465,39.8595842102148,-31.115336287206556,5.2180206287854
OSP_3_27.08.2025_20250827_213100.WAV,680.475,2.302585092994046,191926.18738255632,34317.37969273329,0.00018285701046018505,0.6882410348599087,0.0019186625,4093,-1246.620004632866,-241.85671403197122,-210.37985663495996,277.8823678619878,-97.60899154088811,11.32503044304353,-11.953356689969336,-8.07110932318046,26.437020542071657,-29.533500056673876,37.154095413580244,-29.931312201397205,4.104346408442173
OSP_3_27.08.2025_20250827_213200.WAV,728.6858,2.302585092994046,195363.94885903056,34299.7660256407,0.00018887269301478703,0.6879043330540817,0.001961584,4103,-1261.3520016142022,-250.7079124116427,-223.73226939204176,282.7259738159071,-97.41609786638686,17.29136610909664,-15.175390794302578,-8.629787212087768,24.710418977813116,-28.748103231219545,38.70030353286848,-30.48684247582078,4.773255249232675
OSP_3_27.08.2025_20250827_213300.WAV,733.24786,2.302585092994046,193939.2009379047,34306.76436478961,0.00018518586265786155,0.6880191880032347,0.0019444401,4130,-1215.674488706662,-226.07288098099144,-192.7951874313844,266.091792331116,-96.83710261544613,4.622210004909047,-5.512520883437729,-7.6060150523250005,27.263525042807615,-31.33330674879177,34.87506772202755,-27.68991860809406,3.5060927408645415
OSP_3_27.08.2025_20250827_213400.WAV,715.64905,1.4186109171026404e-304,193127.7918063221,34315.50857358047,0.0001832849326158219,0.6881202712667551,0.0019407204,4084,-1162.1344958286368,-198.89895054651885,-161.16105545291813,243.8348728789069,-96.09246143452494,-5.57475806932254,6.514652188650637,-6.662012820859373,26.172615477629037,-33.74045200692473,31.213543568056014,-22.257766606829076,1.9319760239389778
OSP_3_27.08.2025_20250827_213500.WAV,740.6801,0.9846379569532162,193667.7780841866,34310.6896286412,0.00018523692104234203,0.688150996215559,0.001947947,4119,-1170.1443920123586,-202.9510947185781,-165.96033885246297,247.36160177405537,-96.13336543538544,-4.275739907602413,4.678061095967881,-6.77798872685255,26.546030953381337,-33.45764545276994,31.679358140728922,-23.087841879939802,2.1592260467279463
OSP_3_27.08.2025_20250827_213600.WAV,750.7776,1.0361987848192837,195632.5376150793,34304.38231274231,0.00018765186222521695,0.6882077191979661,0.0019645286,4114,-1202.1423577953885,-219.61374027753308,-186.12794303830603,260.6790573394356,-96.47375788184092,2.5741314346906514,-2.7933412325684754,-7.598590096915214,27.282213570627274,-31.97924305409446,33.92250326927081,-26.53106194873366,3.2062068979014926
OSP_3_27.08.2025_20250827_213700.WAV,724.4536,1.3007701006711332,193026.0669850872,34312.89477762371,0.00018415792446547,0.6881764033847622,0.001934958,4116,-1189.8926366290777,-212.73287591082632,-176.7863509143145,255.65652943740275,-96.52598739082985,-0.9545959682817104,0.1942057264134879,-6.998110914056135,27.31489554880743,-32.61421951129068,32.76218411119101,-25.25588323043682,2.954237767438811
OSP_3_27.08.2025_20250827_213800.WAV,742.76636,1.9116908460370392,194923.68040758133,34312.79009491395,0.00018563168411659731,0.6883537536069999,0.0019572482,4108,-1171.3207805065829,-204.05791046331285,-167.55034350875405,248.09961078943152,-96.06764502354781,-3.4648369949475577,4.036681787173302,-7.077341230783635,26.697085465981946,-33.30786881678212,31.889231687509053,-23.426295553636727,2.22679289855864
OSP_3_27.08.2025_20250827_213900.WAV,762.7189,1.2474907586544604,194691.9376175642,34309.511225466835,0.00018513028813730195,0.6881038179657684,0.0019599916,4117,-1194.991476358153,-215.4844167530548,-180.22584121420203,257.83604869903036,-96.67947967764647,0.2241404818495711,-0.8095895372604017,-7.220970753538469,27.235998603411538,-32.300912154336054,33.24114238229159,-25.81256682501576,3.050061202971688
OSP_3_27.08.2025_20250827_214000.WAV,737.035,1.8146172708175319,193198.67385216604,34314.037645692275,0.00018513708595443594,0.688093046053244,0.0019400147,4101,-1167.951499117765,-201.78372198633576,-164.46252968476404,246.3943443619753,-96.14761464161623,-4.662546421594881,5.185505617741281,-6.810065623874002,26.52022990371674,-33.53043101524314,31.531449967819412,-22.870941581657288,2.0618722561181646
OSP_3_27.08.2025_20250827_214100.WAV,751.9602,1.9263285664902547,194112.71394104362,34314.8459146018,0.00018361333710973794,0.6881809030444243,0.0019552156,4122,-1196.4060927267572,-216.01579820839834,-180.53221101080376,258.36373669388263,-96.82626998284643,0.29558322378346014,-1.0523625441656772,-7.190928683474204,27.371597441779173,-32.285756143470124,33.290222838369104,-25.945020488046115,3.0195987280493766
OSP_3_27.08.2025_20250827_214200.WAV,724.0528,1.023706876273555,192723.29844053613,34316.063350812205,0.0001831171175054107,0.6882847133744066,0.0019308951,4121,-1219.1365290644428,-227.6096811535779,-193.66584233252937,267.4494659198459,-97.15643470386023,4.906052197038007,-6.190283594611992,-7.478229339905401,27.38110948049747,-31.146643559190835,34.95639691701313,-27.999920877338255,3.5636398096573054
OSP_3_27.08.2025_20250827_214300.WAV,735.84955,0.6492483548708982,194671.95526171313,34312.689335374955,0.000186282119911165,0.6883590259354929,0.0019572976,4098,-1178.8007630530014,-207.7084691371403,-171.73736414298415,251.1870551227268,-96.16247696263376,-2.2498200854441768,2.3809923059152722,-7.11440199787176,26.948385516253186,-32.994696372847756,32.25472653877931,-24.187355924404322,2.5682318427442126
OSP_3_27.08.2025_20250827_214400.WAV,725.97986,1.4539808249223667,193249.36205938781,34308.26514826566,0.00018473407584433262,0.6880710931682258,0.0019334159,4090,-1225.6413770384331,-231.2075698272907,-198.39538435184235,270.1649098594363,-97.06588310234642,6.501644609810984,-7.64399383062798,-7.689368413833516,27.16710912780698,-30.742461169244617,35.50017091954903,-28.514090126440117,3.791374011182225
OSP_3_27.08.2025_20250827_214500.WAV,749.45337,0.5623351446188083,193774.33376306854,34316.15039417463,0.00018398367285900354,0.6882563064320953,0.0019473215,4115,-1191.5808223443269,-213.68174604997313,-177.93802570003263,256.3756240804875,-96.63801046667929,-0.5159219474577414,-0.17870303787103417,-6.991342836294026,27.335334179586365,-32.67014941107024,32.981784296860994,-25.403817236952126,2.9446315351429906
OSP_3_27.08.2025_20250827_214600.WAV,718.7003,1.6984599885246825,192100.70737089333,34315.11087618455,0.00018352371992890113,0.6881503599000512,0.0019217064,4121,-1193.6744390874044,-214.4180184663326,-178.28714174394048,257.1672671604468,-96.76561013255755,-0.5806915978115785,-0.4161668143946264,-6.918659381760698,27.297842937443978,-32.52404330253577,33.10788481823565,-25.573895147878755,2.91107574611055
OSP_3_27.08.2025_20250827_214700.WAV,723.57434,0.8599672810355049,193224.7532594191,34312.20510841461,0.00018425094288435838,0.6880825922984735,0.0019377827,4120,-1178.4770779314174,-207.18592741881002,-170.65058150314175,250.96798403977303,-96.31510775795559,-2.8147955900640445,2.725395241418926,-6.89653375845595,26.877361174460876,-33.08700885101881,32.25641022920519,-24.171846812520222,2.4901825063029386
OSP_3_27.08.2025_20250827_214800.WAV,719.39075,1.9337060414254827,193243.1633567405,34308.520383516334,0.00018470010311861224,0.6882907129206227,0.0019347338,4117,-1243.3033442845997,-240.50045002388745,-209.64153128000518,276.61308518803486,-97.2930146117659,11.04460264534376,-11.44916693361843,-8.02899616772772,26.425806320731848,-29.717011530238004,36.85187421607466,-29.622940014875134,4.142993670507447
OSP_3_27.08.2025_20250827_214900.WAV,701.6526,1.4686867003246236,193079.91606222602,34311.17585553619,0.00018609786239716917,0.6883158928342874,0.0019330331,4088,-1166.7605109764108,-201.4829655109543,-164.56365167356157,246.05916566974076,-95.94316033130877,-4.565354589513443,5.226829362602513,-6.982905723684749,26.564552041941663,-33.468568460273254,31.46203995402242,-22.829728881387606,2.0703599771113446
OSP_3_27.08.2025_20250827_215000.WAV,703.92737,1.6330881386741014,192162.577672293,34313.12320181599,0.00018369482047559554,0.688150996215559,0.0019240458,4095,-1195.9996183865871,-215.5337003198416,-179.77659362272445,258.1503135243945,-96.76727522396445,-0.17670893156209358,-0.8575412783482119,-7.061065674504404,27.400306789832005,-32.34813799825829,33.16714125568735,-25.84242160968228,3.0308437341937204
OSP_3_27.08.2025_20250827_215100.WAV,730.72156,1.14225140799707,194257.6729956078,34307.598165524316,0.0001864327663611092,0.688081910531858,0.0019453273,4109,-1198.5476790644539,-217.61501358307257,-183.2179185995206,259.3822148647744,-96.53967941927418,1.3496958387794218,-1.9059245304854897,-7.364368530615523,27.33278296329018,-32.19506548520068,33.625259508347874,-26.213412525713654,3.1290859158491484
OSP_3_27.08.2025_20250827_215200.WAV,757.122,1.7765692406176192,194699.5994613743,34310.669137115816,0.0001869711703913582,0.6881703583874383,0.0019565914,4109,-1193.2965564339688,-214.95674504150935,-179.8893191950217,257.2858035533563,-96.64197621572818,0.251522368663738,-0.581209401862599,-7.270306718939984,27.192160495552606,-32.42247850718931,33.25563468908922,-25.698716241926277,3.017939120817635
OSP_3_27.08.2025_20250827_215300.WAV,688.818,1.1362907636974602,191219.77196172427,34319.861505709436,0.00018241232491131583,0.6882330809160616,0.0019098349,4114,-1213.129288290189,-224.14656837076237,-189.17599720818905,265.0860988933199,-97.18432258473929,3.109507167535373,-4.680648443147824,-7.308118185627534,27.594769350478067,-31.544228517933327,34.442868826723846,-27.50659622250869,3.438895348234635
OSP_3_27.08.2025_20250827_215400.WAV,697.7453,2.302585092994046,194649.9034214638,34303.502297640865,0.00018765883437469943,0.6879033331297124,0.0019488581,4125,-1226.5789400121166,-232.1451789271842,-200.64801241043662,270.3422400587064,-96.89057938805615,7.794727826676979,-8.03811398405999,-8.073854567561556,26.88812587189029,-30.577552065789433,35.81458183609034,-28.685772554915122,3.914424016359969
OSP_3_27.08.2025_20250827_215500.WAV,664.93134,1.7030003699855414,191732.42280774462,34314.65515986123,0.0001823258998540754,0.6882236725367681,0.0019172078,4130,-1202.3403624122102,-218.64199185065306,-183.1133179730328,260.73253454132436,-96.92141788086434,0.912068389053813,-2.2306956061538163,-7.1224323075866875,27.500123426598737,-32.08301692624201,33.61268581049138,-26.44619555851902,3.22364907100835
OSP_3_27.08.2025_20250827_215600.WAV,659.5482,2.302585092994046,191888.11727151528,34313.90815188296,0.00018517596878804866,0.6881976290520572,0.001915705,4130,-1273.2611151678902,-256.31659188155936,-229.1205298554657,286.8511930254673,-97.79839134897611,19.62253522784362,-17.429161444392044,-8.696537938243061,24.164312287330198,-28.206888124933116,39.51979679595773,-30.91194652568489,5.087001583943806
OSP_3_27.08.2025_20250827_215700.WAV,738.605,1.9942625370118043,193409.4738799398,34316.22806228083,0.00018455149951928412,0.6883401182746905,0.0019428673,4126,-1158.1817108622108,-197.09554134313072,-159.38722722642103,242.1357902607179,-95.91473985356735,-5.900787072372195,7.34026706922724,-6.892776871721935,25.906824940488153,-33.658124128290844,31.076588011571594,-21.833584563058245,1.6437180996154368
OSP_3_27.08.2025_20250827_215800.WAV,657.5789,2.302585092994046,191755.82883095928,34318.063154752446,0.0001838221024479619,0.6882588971452341,0.0019146872,4098,-1283.851289545097,-262.0734717120715,-235.50987142695084,290.5327731435111,-98.27328678752576,22.468845679580657,-19.258619518766448,-8.743228183973537,23.038845577052417,-27.594120172555243,40.27222056165722,-31.04029717410927,5.381929544120254
OSP_3_27.08.2025_20250827_215900.WAV,650.6749,2.302585092994046,190714.08028449508,34317.21715102847,0.00018294222800194112,0.688130679570418,0.0019016627,4083,-1332.4968805967299,-289.4814236753146,-270.8877757457083,304.56903723814287,-99.80719710103162,39.585754337555244,-27.35109367631601,-8.197990804528159,15.837196614296223,-26.161918147839444,43.24521705467526,-30.276145366751827,8.066081491849724
OSP_3_27.08.2025_20250827_220000.WAV,688.796,1.9558740546449325,191489.18454454906,34319.42260043057,0.00018237243727753233,0.6881101356697384,0.0019151075,4117,-1196.874135059232,-215.867362524324,-179.8208416905742,258.4441773129204,-96.83171056365605,-0.08052568855381842,-1.1552559820364992,-7.005984747278293,27.55003433944046,-32.40037300974649,33.21102584216595,-25.913764365260693,3.064541463464359
OSP_3_27.08.2025_20250827_220100.WAV,713.05615,2.302585092994046,192326.54607939467,34312.179051128034,0.00018562283216962144,0.6881760397759006,0.0019242973,4125,-1292.558744572713,-267.08609619571496,-242.447962158558,293.1411278233949,-98.23082872174615,25.686507440763656,-21.11840839063392,-8.76549888631862,21.948319475843178,-27.204167810061435,40.95552531468098,-31.067984236107012,5.744997174750419
OSP_3_27.08.2025_20250827_220200.WAV,696.6291,1.3074527141226555,192568.1040900868,34317.183518207385,0.00018384678960432053,0.6882281721964303,0.0019290328,4117,-1190.8449046793978,-213.1119414302134,-176.88457110612015,256.0485950141103,-96.80205814767086,-0.9210731003587773,0.20485678706782864,-6.936814749078477,27.24044652494224,-32.66072858310724,32.95805869039824,-25.360658330107693,2.8865940407522026
OSP_3_27.08.2025_20250827_220300.WAV,722.45844,2.302585092994046,194654.63304568455,34312.42180365286,0.0001852448620708582,0.6883256193713349,0.0019556077,4126,-1234.8295787005577,-236.28286780915354,-204.7625781564566,273.56961961577196,-97.26809595854355,9.32236068250714,-9.651692705281276,-8.075041171538901,26.657227599802592,-30.20108293095474,36.42374539764397,-29.128694631867734,4.0491724382141285
OSP_3_27.08.2025_20250827_220400.WAV,662.89777,2.302585092994046,191237.50010306755,34315.54871580411,0.0001841048905996511,0.6881433604294657,0.0019071541,4076,-1330.0824125168538,-288.21868790772226,-269.67519489703403,303.78325509188085,-99.7566584879882,39.01897369545975,-26.92761295060953,-8.24904358417108,16.16725754074987,-26.3117337379831,43.10473342042515,-30.290194828449,7.957208907826954
OSP_3_27.08.2025_20250827_220500.WAV,702.7329,1.0412326101085876,193041.6775739374,34312.480335183885,0.00018316973443516064,0.6881835392086708,0.0019381753,4103,-1184.0368681132047,-209.7769070868121,-173.53785461203347,253.2851466404934,-96.43568922795293,-2.0520187826283385,1.6046157213948,-6.993675955705664,27.16108283602735,-32.89051311687583,32.44414180346856,-24.602202576133127,2.689383176630151
OSP_3_27.08.2025_20250827_220600.WAV,707.48376,1.4725289686010141,192431.243603303,34320.43560847439,0.00018215878087816532,0.6884318386100251,0.0019246254,4112,-1190.4659600602217,-212.89224931913705,-176.46063940872588,255.91953161341044,-96.80339399099847,-1.0858327994853079,0.2487982889779725,-6.949639455133861,27.394257092179068,-32.63307159348853,32.67427058067932,-25.241955511845237,2.98768647809387
OSP_3_27.08.2025_20250827_220700.WAV,539.776,2.302585092994046,189766.4864915138,34325.16029405371,0.00018087044580966639,0.6882979396467467,0.0018923413,4106,-1391.0226388314363,-323.70474120824383,-316.80948697333724,317.23256418140335,-104.36628789809717,63.024120258522316,-33.77779452408709,-3.9114201942794455,4.3728106045346715,-26.371959829636282,42.996152003502544,-27.441368894175913,12.789199318319367
OSP_3_27.08.2025_20250827_220800.WAV,593.80994,2.302585092994046,189879.5514331626,34329.353297602676,0.00017965857207889174,0.688485607270432,0.00189292,4106,-1330.6753358296742,-288.0315681514632,-267.62402605734866,304.48684340881636,-99.76431243480384,37.927490524225135,-27.220545728772823,-8.294187384199974,16.655673535736845,-26.122844089843092,43.1741793318465,-30.40016530600403,7.730539385118814
OSP_3_27.08.2025_20250827_220900.WAV,586.0405,2.120826629240196,192457.95609185615,34322.99654206371,0.00017954055766566842,0.6883013939309318,0.0019269502,4099,-1163.7243010199595,-199.76564353590072,-161.44125791793294,244.9191144356193,-96.31340419144777,-5.767393591227401,6.1631989658794595,-6.531539591033163,26.438297339009257,-33.81929407159689,31.255091639037246,-22.374638441260593,1.9371091889107022
OSP_3_27.08.2025_20250827_221000.WAV,554.3058,1.2176500004522488,190074.57812057954,34327.857465224195,0.00018156787806375427,0.6884703811493531,0.0018945382,4105,-1290.9833576160277,-265.5896942469378,-238.5025779397629,293.1297290287504,-98.45351253188817,23.72348395303576,-20.825271549260624,-8.566640152623046,22.754771593115283,-27.306008007583483,40.700344043822604,-31.26732426103968,5.545775562775601
OSP_3_27.08.2025_20250827_221100.WAV,526.3643,1.7740783669201872,189865.22117843482,34325.140903874126,0.00017993219748347356,0.6883239831314577,0.0018926376,4107,-1382.777538250341,-318.85084288436974,-309.73997995095385,315.93595455781946,-103.44574283409503,59.4169904037579,-33.234655208237555,-4.844944919748664,6.06014546305538,-26.142562597947144,43.60598898464432,-27.95801184491081,11.941542274257948
OSP_3_27.08.2025_20250827_221200.WAV,524.26544,2.302585092994046,190198.1063754279,34329.084186938344,0.00017919031622505197,0.6882798046547752,0.001895064,4104,-1391.7174137227548,-324.5144581776581,-317.2742322595671,317.8119524708161,-104.40405823089434,63.257556993258895,-34.149494717391214,-3.9344658322843538,4.312426754392512,-26.159350537396726,43.031357808004685,-27.403926621693774,12.726403362411506
OSP_3_27.08.2025_20250827_221300.WAV,527.06506,0.8222062265520329,189833.26469467947,34324.66935165634,0.00018004606683009252,0.6881048633412454,0.0018918633,4081,-1380.0510501418776,-317.1558667997425,-307.15304619585663,315.6253924547956,-103.1251506741474,57.95164259538015,-32.98495393396468,-5.2640577410959715,6.853634612969597,-25.99944555769365,43.53958617759591,-28.019271492741613,11.577723495223555
OSP_3_27.08.2025_20250827_221400.WAV,527.438,0.8972116709321956,189546.7314811937,34326.81775575338,0.00017995752663549507,0.6883360731261053,0.0018889743,4120,-1379.0273682112784,-316.4018749285387,-306.1369586112576,315.32267203738974,-103.08634406868917,57.53654455833587,-32.8467950076037,-5.349642664270482,7.050871234213633,-26.044465698946837,43.62985247682994,-28.107551517774862,11.56815432849431
OSP_3_27.08.2025_20250827_221500.WAV,524.68115,2.302585092994046,190011.2580817529,34327.01056224715,0.000179749766875689,0.6882692599977892,0.0018928343,4089,-1391.2321620961852,-324.0870436897184,-317.0144904696377,317.50601787113413,-104.36635333548394,63.13128271050875,-33.971588167156746,-3.9360074701599914,4.358569937004129,-26.29196947340399,43.06308566042827,-27.3685405078908,12.631904838597452
OSP_3_27.08.2025_20250827_221600.WAV,545.8828,2.302585092994046,190271.90573514363,34315.443679839576,0.00017978490236454571,0.6880046436487713,0.0018957877,4089,-1388.2215680631066,-322.37618997905173,-315.03161918673646,317.07946444417144,-103.68642751126193,61.77492190977881,-33.9887428029124,-4.19134280286853,5.168578486932164,-26.267684047299525,43.0040994470287,-27.50624621881901,12.576767158733743
OSP_3_27.08.2025_20250827_221700.WAV,525.4646,2.302585092994046,189924.410000535,34329.97981751041,0.00017979506906489032,0.6884100675294378,0.0018924101,4103,-1376.1625306828842,-314.99385551262463,-303.9152007438095,314.89721650450196,-102.8488575874965,56.46749327194359,-32.76163475585425,-5.571092676458539,7.691828119272703,-25.997666533120015,43.60067989283733,-28.167067719079743,11.311444215789058
OSP_3_27.08.2025_20250827_221800.WAV,529.17487,0.6492483548708979,189597.18747905188,34324.83801351957,0.0001797166340514976,0.6882937126937309,0.0018898514,4111,-1390.4230366092286,-323.29622893852957,-315.96961222659263,317.29651316311555,-104.17971326949971,62.53948677419789,-33.85647965223214,-4.077475852795208,4.578556003871053,-26.23348006274739,43.16002267268653,-27.49386176342817,12.56427775782158
OSP_3_27.08.2025_20250827_221900.WAV,525.1931,0.6140476358070647,189861.5349267502,34325.437402028074,0.00017978414461771944,0.6883619802574933,0.0018918423,4108,-1392.1640121438281,-324.61071473820397,-317.8103680529744,317.56208334971143,-104.40703116685715,63.56095909482648,-34.06019807736136,-3.808344065852539,4.098446340000397,-26.272008710706913,43.01554996556747,-27.308587942400326,12.761430433402397
OSP_3_27.08.2025_20250827_222000.WAV,528.06305,2.302585092994046,190166.4240256036,34327.38133589509,0.00018177024833358917,0.6885501932944709,0.0018939648,4097,-1388.988048080935,-322.94377042876613,-315.9291919017869,316.8216799266934,-104.05326819598915,62.770292468213995,-33.89660918705873,-4.1805637551162045,4.685810821432899,-26.3578573895144,43.13634446969456,-27.332819580835466,12.549845667604082
OSP_3_27.08.2025_20250827_222100.WAV,539.4961,0.8734433739514067,190291.83594699128,34318.7259087746,0.00018131460346375628,0.6882508977502793,0.0018950927,4101,-1389.6634725949987,-323.41561345674575,-317.5142835910603,316.62569770293635,-103.95515423423085,63.48535496791799,-33.86055788577717,-4.135086308392608,4.308133532868776,-26.335412765357223,43.11893430154271,-27.359616049896143,12.647028626411705
OSP_3_27.08.2025_20250827_222200.WAV,530.19946,1.4143182481595715,190015.73136101503,34326.92380627312,0.00018022885263666014,0.6883955686260821,0.0018933334,4116,-1389.4195796843107,-323.0035036197948,-316.01512290880277,316.944639827241,-104.15686724645003,62.68414957091649,-33.76017122874743,-4.184094089120821,4.670183472638899,-26.284016532914933,43.114223377816614,-27.528780965094775,12.590379352584257
OSP_3_27.08.2025_20250827_222300.WAV,551.58545,2.302585092994046,189856.06801269896,34323.45302837428,0.00018058971825419168,0.6881774033091316,0.0018919932,4129,-1390.737618414891,-323.69416278050215,-316.96786034446063,317.1253147408524,-104.30441749281559,63.13290742532436,-33.860623843813705,-3.875672286526815,4.334857534225649,-26.349986653003878,43.064590394264805,-27.46877220944331,12.750371677438665
OSP_3_27.08.2025_20250827_222400.WAV,530.4889,2.302585092994046,190042.63785158063,34327.82307656904,0.00018053833198345158,0.6885199228567439,0.0018931008,4098,-1392.0691705373556,-324.63918968821014,-318.2612484164157,317.4158451089266,-104.42466143732582,63.88724851462969,-34.02991161945973,-3.9236142105668397,4.095204474664461,-26.281442622759172,42.991020868121154,-27.33500258366655,12.825351263886015
OSP_3_27.08.2025_20250827_222500.WAV,530.5653,0.9975191079195416,189981.86273696285,34326.63102262358,0.0001801683310450456,0.6884804258441544,0.0018922908,4135,-1384.6149037967566,-320.11565173640247,-311.79483364083853,316.10962225108534,-103.59176191071732,60.61373905528333,-33.427327951240095,-4.783460273889854,5.634388905044284,-26.172246334130975,43.43447821779493,-27.637050835275566,12.027674346641113
OSP_3_27.08.2025_20250827_222600.WAV,599.74585,2.302585092994046,190296.1660686269,34324.9375926645,0.00018202822490049968,0.6884492009331658,0.0018956969,4116,-1305.5244882953873,-273.97426923679427,-250.01506492871118,297.24598966301437,-98.70239536822315,29.470649909446017,-23.298081200166916,-8.845436613021457,20.35285497312812,-26.78555313785194,41.93630791237316,-30.80967067547731,6.241702167749877
OSP_3_27.08.2025_20250827_222700.WAV,550.0678,1.4490982361189035,190556.55952477222,34324.03717144153,0.00018115016858031395,0.6883634346929396,0.0018987961,4085,-1321.7243789377467,-283.2689305716246,-261.789606760161,302.12999818744805,-99.37311385471264,35.01649209754519,-25.891993269711932,-8.51858729154647,17.937561736593402,-26.294367777116413,42.78050958432949,-30.6353657496691,7.1906919231950255
OSP_3_27.08.2025_20250827_222800.WAV,527.68207,2.302585092994046,189865.15493274396,34327.663701996746,0.00018052740180639075,0.6884730627647072,0.0018909848,4136,-1389.8871589407072,-323.33382012314087,-316.1409094265565,317.0377537155055,-104.26876582063458,62.827443117406226,-33.83331080906732,-3.9819831917254214,4.5492777202836105,-26.396544456215004,42.94779670092833,-27.27661749872904,12.780318021589242
OSP_3_27.08.2025_20250827_222900.WAV,542.19604,2.302585092994046,189800.82199984847,34326.603160174694,0.00018077825492084556,0.6885281040561295,0.001890875,4125,-1387.9685410639638,-322.0720876712038,-314.7288446463521,316.5307444366539,-104.10807685039197,62.155918382000884,-33.587032215333814,-4.2007854647559,4.869621237824949,-26.395732111186675,43.17429582151265,-27.53810309764219,12.613627089433761
OSP_3_27.08.2025_20250827_223000.WAV,595.75977,2.302585092994046,190264.2245015524,34323.67661338914,0.00018129808517775925,0.6883467541364144,0.0018959019,4102,-1347.9204141414746,-298.3784054143951,-282.18860066868,308.60566626579157,-100.50617000213246,45.297148953973945,-29.711985485392855,-7.619807869864052,13.324595251751909,-26.037029861682555,43.74753517378588,-29.623270333086847,9.049487143356727
OSP_3_27.08.2025_20250827_223100.WAV,565.287,1.4186109171026404e-304,190144.32662267986,34321.62626003471,0.00018278419223288303,0.6882298538874151,0.0018951393,4073,-1372.136224985559,-312.6583214263813,-301.9599135882693,313.67135629239067,-102.32015797279928,55.472755653732136,-32.235273979575226,-6.052283549196432,8.217993423238067,-26.032880590737346,43.76244663175893,-28.243222599712045,11.025393780414625
OSP_3_27.08.2025_20250827_223200.WAV,541.38635,2.302585092994046,190835.8253849431,34329.983838170396,0.00017988856831443158,0.6884473828888579,0.0019013567,4136,-1367.783530123771,-310.4400473920965,-298.0895381930386,313.18306620235876,-102.24367574490566,53.55353162226196,-31.839046108029184,-6.317742314222125,9.198168795105424,-26.0354734146752,43.68499546663117,-28.41511226645826,10.771732774725988
OSP_3_27.08.2025_20250827_223300.WAV,555.0727,2.302585092994046,190022.03714977595,34322.98187222995,0.00018091039596799727,0.688302121148655,0.0018932872,4109,-1379.1176542631795,-316.8056763261654,-307.42268672564967,315.0463355931029,-103.06334747828063,58.2725295670551,-32.78965857987966,-5.3117410001503655,6.673672885695117,-26.063690547745733,43.537965316092546,-27.92040673619802,11.648524445266371
OSP_3_27.08.2025_20250827_223400.WAV,527.6047,2.1567520287701023,189686.99038156623,34325.87707711736,0.00018170655696267524,0.6885121961684353,0.001888997,4104,-1393.7747470777479,-325.5686817794599,-320.180132597825,317.2226530762195,-104.63220922180933,65.00426570733414,-33.905076232073355,-3.608795233345006,3.4048182815660413,-26.555281628055315,42.86799600042737,-26.962550637376367,13.087908745694175
OSP_3_27.08.2025_20250827_223500.WAV,630.2138,0.6922017029622767,190898.29421367054,34327.71474152761,0.00018344676990138733,0.6883338914729359,0.0019051911,4089,-1204.6743176400219,-219.83587116816346,-183.9561471255798,261.65890140018206,-97.13399877003721,1.4913867290484546,-2.862702151692685,-7.2972990717553206,27.66324342050629,-31.89500429800442,33.76072963551392,-26.66704820960403,3.237424333814434
OSP_3_27.08.2025_20250827_223600.WAV,536.515,2.302585092994046,190436.54896593682,34319.73859069507,0.00018160144815309773,0.6882729869886205,0.0018958744,4111,-1383.8715230818586,-319.9099155986343,-312.1800430383829,315.965068563421,-103.2657500306076,60.685071477053356,-33.42152282711192,-4.9850814435985225,5.600515820104567,-26.21022078988208,43.57643626354745,-27.434219115454102,11.944381100954695
OSP_3_27.08.2025_20250827_223700.WAV,531.8615,0.6922017029622767,189769.1324635498,34327.42957469964,0.00018054570035238256,0.6883819332937727,0.001891657,4108,-1384.7236359581723,-319.91477819805993,-311.2666164955175,316.30974311032486,-103.68199380921469,60.19982507148981,-33.30008870532549,-4.826419806074211,5.807196853805764,-26.168903932925115,43.41565758516725,-27.67961482098835,12.018558544142676
OSP_3_27.08.2025_20250827_223800.WAV,532.3655,2.302585092994046,189586.87063483434,34321.12722700133,0.0001803409965055322,0.6882234907323374,0.0018895766,4102,-1381.5953869062982,-318.017982950753,-308.7816447726536,315.6182329700669,-103.25493787578586,58.84483869327806,-32.99001310097188,-5.068603771743997,6.278453997987714,-25.965981795424046,43.42828249109629,-27.89297646371072,11.877714850088006
OSP_3_27.08.2025_20250827_223900.WAV,559.756,2.302585092994046,189755.42990000302,34323.74956127519,0.00018079202682417012,0.6881951746922415,0.0018912668,4117,-1382.5103279307502,-318.66844540403866,-309.9161900738582,315.6890282493224,-103.38266398419455,59.565582097864535,-33.08598597779767,-5.0101914683381885,5.984383923092204,-26.11601866136819,43.586575088009,-27.791391446307564,11.902952090497358
OSP_3_27.08.2025_20250827_224000.WAV,528.1218,0.6854284351999518,189619.90292948973,34325.94613664008,0.00018171416552479046,0.6883658436016475,0.0018894704,4089,-1391.818622823778,-324.2189043569064,-317.7766975093538,317.1983042760211,-104.3896144256103,63.688463462948995,-33.85665247887945,-3.936989548636054,3.9866430683785827,-26.332988341177213,43.226803384804704,-27.35807095016766,12.69322358040044
OSP_3_27.08.2025_20250827_224100.WAV,545.07043,2.134493594451297,190275.7066053397,34324.42390531516,0.0001799489399133086,0.6883254830180118,0.0019005773,4135,-1194.9113593223808,-214.54645307327593,-177.81223081716078,257.5235434750698,-96.9213049788845,-0.840162976616873,-0.5247584320573025,-6.889613251403369,27.53513495673357,-32.48389956312419,32.970245469352385,-25.65003469891842,2.9951882836857764
OSP_3_27.08.2025_20250827_224200.WAV,535.03705,2.302585092994046,189737.73428705515,34326.115347799765,0.00018071138340594627,0.6883325733908127,0.0018907444,4120,-1384.2623836454632,-319.6696433534028,-310.8944140013988,316.20160948225356,-103.63878137053943,60.005044520923875,-33.271598494895564,-4.795296902645019,5.847388323248657,-26.126138881119324,43.38848584465495,-27.778554470329905,12.076841866359437
OSP_3_27.08.2025_20250827_224300.WAV,524.4712,1.8373271184219035,189825.39528783507,34322.86762383285,0.00018170230871348859,0.68828089548136,0.0018920138,4124,-1387.886157920036,-321.9520645203959,-314.41561959077524,316.7417912512458,-103.91943480261759,61.79427608012896,-33.56613384812123,-4.435468127937055,4.925379510350832,-26.14973978994619,43.25360099334758,-27.506978408789987,12.393227556622836
OSP_3_27.08.2025_20250827_224400.WAV,545.74536,2.302585092994046,189918.16543891953,34326.922746345015,0.0001808455560754934,0.688328300986689,0.001892779,4105,-1354.2451089916797,-301.88393937982977,-286.3669067220882,310.18217615884214,-101.05173676386777,47.47626429812402,-30.319521862518215,-7.359270002745073,12.06615453976674,-25.871716738701245,43.909760198761234,-29.294009733740634,9.442822421889243
OSP_3_27.08.2025_20250827_224500.WAV,533.4426,1.4186109171026404e-304,189894.68341123627,34328.197231927115,0.00018192788749051244,0.6884466556711347,0.001891065,4093,-1389.8764321354154,-323.1816654720931,-316.4791254263063,316.8120183268044,-104.34405647571673,63.045317913013456,-33.55208178523415,-4.176234810400937,4.41033295175616,-26.39451814102365,43.12012539399272,-27.282828133579763,12.649613514229927
OSP_3_27.08.2025_20250827_224600.WAV,536.90735,2.2294428583339783,189910.42759198992,34321.93000641141,0.00018194611184710753,0.6882990759244392,0.0018930288,4120,-1275.0529805140168,-256.61028929575605,-227.46411688961447,287.9166659462752,-97.98938036560416,18.50455630833635,-17.717564101245568,-8.544340650603473,24.54505130592959,-27.90147680065989,39.416645654555204,-31.023657109528425,4.811022272000668
OSP_3_27.08.2025_20250827_224700.WAV,570.25916,2.302585092994046,189925.30502119503,34326.17340992477,0.00018092130630843428,0.6882928491226845,0.0018915522,4122,-1388.618926822862,-322.43553605248445,-315.4656002716255,316.66203961287204,-104.14464834112907,62.44333292449978,-33.52835298709283,-4.271075612859268,4.69455756801482,-26.398951754518478,43.25855325184891,-27.398667333459652,12.529156561531888
OSP_3_27.08.2025_20250827_224800.WAV,546.13715,2.302585092994046,190133.8720188928,34327.54013364007,0.00018048160118639022,0.6884149762490691,0.0018939303,4113,-1396.869216346288,-327.6136124314405,-322.61620923449806,317.99847509908335,-105.16601306716571,66.16883228745195,-34.243893067991536,-3.1257449897191507,2.9733465168124407,-26.53585048446761,42.546449535852204,-26.979409572104505,13.397818955006045
OSP_3_27.08.2025_20250827_224900.WAV,605.31116,2.302585092994046,189927.44867638013,34324.14833907178,0.00018129515634090145,0.688276668528344,0.0018916564,4097,-1392.2591476824196,-324.6364493786118,-318.6648924232899,317.2635468647698,-104.467553707789,64.01901167785516,-33.95298764801114,-3.7882416892848494,4.0247854855020595,-26.424117738217824,43.036736741438546,-27.33709577363131,12.800684820162969
OSP_3_27.08.2025_20250827_225000.WAV,558.0942,1.8363640402381196,191836.66103502107,34312.160952769606,0.00018330288017386032,0.6883446633854603,0.001911797,4126,-1295.783657994894,-269.2293814726947,-245.12814088063843,294.5607846161851,-97.7281908362803,26.96380089363653,-22.30818235433598,-9.26284619676694,21.742662842993443,-26.81597245663476,41.429006572347596,-31.060071692726744,5.635868647287585
OSP_3_27.08.2025_20250827_225100.WAV,596.6342,1.6190214166916688,191959.0834230893,34303.852247373536,0.00018350917023749567,0.6879652375383971,0.0019123643,4112,-1265.8283178200122,-252.70403364894983,-225.20652587211217,284.70697798607785,-96.78109427771214,17.75997846974232,-16.78746732247436,-9.18377309564359,25.095769544743494,-28.04959316529561,39.00504724751901,-30.813622236472582,4.7414869588530735
OSP_3_27.08.2025_20250827_225200.WAV,586.1201,0.6806294878916636,191493.11871295047,34308.18482625743,0.00018287105772293782,0.6880364139730523,0.001906955,4117,-1317.2959348890063,-281.2621023553131,-260.9644208683248,300.610440972148,-98.45529285245877,34.62437709056699,-25.635360236354643,-9.108107597185418,18.415072315086984,-26.15261701767391,42.64830735176948,-30.60988221576324,6.92853301998098
OSP_3_27.08.2025_20250827_225300.WAV,627.99036,0.5441150530887386,193846.5266960965,34282.49926738361,0.00018864131619864677,0.687765661724495,0.0019304552,4112,-1314.7748080120261,-281.0064716422388,-264.2083372752135,299.2005728463178,-97.57452694135488,36.42407712012836,-25.46418252366212,-9.608027021426981,17.614419894661427,-26.392763537168968,43.178194025377145,-30.288063069136,6.936955279548031
OSP_3_27.08.2025_20250827_225400.WAV,640.6252,0.39116821538770563,196115.54123611355,34260.79415097344,0.00019255636268331353,0.6876472615889416,0.0019538067,4097,-1226.958053003134,-233.85198278514386,-206.96289894152167,270.8020596908546,-94.15408968436432,10.415557419778253,-10.404887676249258,-9.799146135061665,27.185432295154158,-29.50292188837453,36.457485217195064,-29.077599002147334,3.70452502073981
OSP_3_27.08.2025_20250827_225500.WAV,629.1833,1.70807922702766,195885.99498120736,34268.403635058785,0.0001900510332919763,0.6878012044907149,0.001953967,4128,-1284.1854299058284,-264.5644299391345,-243.77236933407184,290.645443393362,-95.80538019026444,26.26569152108868,-21.252513026138136,-10.03113291041379,22.238122872718087,-26.994330297509116,41.114158552442284,-30.94239116411781,5.509530047048984
OSP_3_27.08.2025_20250827_225600.WAV,640.19336,2.302585092994046,193672.1812914697,34302.69714933197,0.0001841272592815749,0.6881432240761426,0.0019312717,4109,-1268.3044541403826,-254.87121790521573,-227.9800816528667,285.9258423013601,-96.80404243252707,19.019970713876464,-17.63995954288189,-9.110729339750238,24.70891677227537,-27.92516114062749,39.27849956496885,-30.86503147964197,4.880418815492966
OSP_3_27.08.2025_20250827_225700.WAV,650.37415,2.302585092994046,194234.02127569873,34280.60877926663,0.00018817014331775549,0.6879166957553756,0.0019369434,4092,-1272.680667845839,-257.4534303467157,-233.76366769796047,286.7194006094215,-96.04921325091146,21.80146171442912,-18.65449854586338,-9.82592330143101,23.806436061669444,-27.53945756399831,39.989395346426186,-30.884589196512206,5.0575226582621955
OSP_3_27.08.2025_20250827_225800.WAV,598.4629,1.8124750531618397,193713.58255232588,34290.53495566381,0.00018827360306374397,0.6880689115150563,0.0019295214,4119,-1237.616010732532,-238.45808691904838,-209.66842500574492,274.6904178143897,-95.55318766287141,11.401353696804861,-11.835709294889053,-9.155254947202202,27.02241548457401,-29.370192583640197,36.80470488546535,-29.629329079953344,4.119256302356696
OSP_3_27.08.2025_20250827_225900.WAV,633.60754,1.6615691458184947,194481.10958254064,34283.11168667249,0.00018711718342925886,0.6877633437180024,0.0019395662,4089,-1277.9197837395518,-260.3928980559185,-237.19235624492077,288.5812603490712,-96.14643184595005,23.325500460936986,-19.820309182313437,-9.866562675313562,23.45743501800873,-27.1820419793795,40.272961479324785,-31.175333091334497,5.264437484463569
OSP_3_27.08.2025_20250827_230000.WAV,641.96826,0.605797499372304,194668.62861783936,34274.326129954556,0.00018832981989747396,0.6878040224593922,0.0019401651,4128,-1267.6490789155673,-254.96769739667658,-230.92299735898797,285.2224592867599,-95.64994775538446,20.39567922059768,-17.992662118888774,-9.80057538020852,24.284137962989686,-27.65780645443653,39.703529095875325,-30.877466363759726,4.830145929111265
OSP_3_27.08.2025_20250827_230100.WAV,667.6388,2.302585092994046,192416.8324844196,34303.84391699932,0.00018368485086296473,0.6880898644757051,0.0019157885,4095,-1225.258073022321,-231.1944500707983,-199.0642920192715,270.11600484741615,-96.383670680505,6.820921477304399,-8.166091718890321,-8.2156746807846,27.463721218177344,-30.48255467753525,35.580892667869215,-28.443565427843637,3.5565247316741426
OSP_3_27.08.2025_20250827_230200.WAV,677.9672,2.302585092994046,199836.77274933486,34241.17873562266,0.00019420905553411136,0.6873953260989715,0.0019914624,4113,-1232.2000299036415,-238.0687491413684,-213.91359880397536,273.2747128551375,-93.31138032576375,13.318872690531824,-12.565174826888347,-10.426059041730536,26.684339195515946,-28.93769963901648,37.527084217443495,-29.48531618032375,3.5861797493569143
OSP_3_27.08.2025_20250827_230300.WAV,529.8374,0.6869615765973234,190126.30289101886,34325.13162114364,0.0001814619353520699,0.6883687070214326,0.001893138,4093,-1384.4964154419738,-320.1668228076928,-312.24727089125224,316.0618751818791,-103.5170490075289,60.81452151490907,-33.48307817097388,-4.8952903681184425,5.72860777550313,-26.116601156620003,43.33497670943336,-27.680288651705723,12.090211202120539
OSP_3_27.08.2025_20250827_230400.WAV,600.7102,2.302585092994046,190631.61152491215,34322.998401125995,0.00018050443943156517,0.6881984471719957,0.0019028337,4125,-1248.025950331832,-242.1847394295174,-209.99357654432956,278.51571496405353,-97.64586202047144,10.97090491634789,-12.193386768279387,-8.084451360292332,26.627548675499767,-29.380341986232246,37.139394949652164,-30.005504817357757,4.1155963429494085
OSP_3_27.08.2025_20250827_230500.WAV,524.82935,0.7206691834849001,189607.78573090382,34327.658138076695,0.00017951850749196136,0.6883269829045657,0.001889177,4088,-1389.4214160160889,-322.7335896543828,-315.1409947788569,317.13632335161265,-104.13124453117662,62.16329053901857,-33.77504133525099,-4.28744984706622,4.88183294230563,-26.15175036143314,43.127501653344474,-27.486407637625042,12.431917801239509
OSP_3_27.08.2025_20250827_230600.WAV,530.0862,2.302585092994046,190126.95789475067,34327.08742480872,0.00018038301498257768,0.6884115674159919,0.0018941339,4091,-1363.8741655441518,-307.8571333615656,-294.2547584657054,312.35888045125,-101.75733406498135,51.52742551748015,-31.554199882573062,-6.584070558644686,10.048944814586122,-25.76269491095066,43.7635973795051,-28.769790544098676,10.325072246965856
OSP_3_27.08.2025_20250827_230700.WAV,825.68726,1.4186109171026404e-304,206093.417315694,34255.31082905918,0.0002004751348398936,0.6875399060725589,0.002100558,4125,-1197.3065494858233,-219.69725239759384,-191.08414844719925,259.53399744625807,-94.85965296157397,4.641953480452988,-3.067383759670108,-8.531757989115068,26.6789577793873,-31.663857559568182,34.29805110960087,-26.473843370219928,3.285763297099903
OSP_3_27.08.2025_20250827_230800.WAV,796.86774,0.5799151714181009,207234.34935521064,34259.25162126124,0.00019996838435764493,0.6876910310056549,0.0021123362,4110,-1170.9495237488707,-206.87973090545702,-176.14945114629427,249.12266589633137,-94.19896146337429,-0.07420250384253867,2.293879823591818,-8.448637270627701,26.38132838638978,-32.62730300925287,32.71953627143757,-24.031483894178226,2.3234902255151635
OSP_3_27.08.2025_20250827_230900.WAV,821.5077,2.302585092994046,214339.27784107346,34220.46964869047,0.0002099892875285465,0.6873110142941916,0.0021996084,4133,-1180.8531214324676,-213.73465313978957,-188.1395078522367,253.62670918042932,-93.14286637536969,4.372320955276761,-0.8903173127045606,-9.483108405969013,26.095816059479155,-31.975087976113475,34.11348348068426,-25.119909393128548,2.655309303303155
OSP_3_27.08.2025_20250827_231000.WAV,809.2951,0.7888818878008479,207777.62658308406,34251.47225989048,0.00020276814636352097,0.687700348482733,0.0021216802,4106,-1188.68565337102,-215.85684324893555,-187.37953991926477,256.17958502780846,-94.42386881711427,3.7385692758229516,-1.515976202390625,-8.815437574839224,26.46485379991845,-31.910260350125263,34.06390739759263,-25.741537967260594,2.945891979162267
OSP_3_27.08.2025_20250827_231100.WAV,820.89795,1.5495999451086433,208724.7597538148,34254.13417561765,0.00020271723765968516,0.6877872964517593,0.0021376193,4113,-1136.4044346160356,-190.5357344470916,-157.8805606348458,234.85127809653216,-92.9512162093684,-5.254231493139233,9.138077933136813,-8.37430309969973,25.090382151267352,-33.3539047675779,30.722590969153913,-20.416083886503586,0.8281818193205723
OSP_3_27.08.2025_20250827_231200.WAV,830.7781,1.8309457518635823,207367.7194339673,34270.87638424494,0.0001969539421590925,0.6877699341286186,0.002126244,4102,-1135.5651304151631,-189.30980654771076,-154.9465584822899,234.1352493042686,-93.58239285062285,-6.3604562279321595,10.015137908934753,-7.8742030375460015,24.889804386185695,-33.6508005607982,30.607644996783538,-20.033207489123942,0.6221074377480664
OSP_3_27.08.2025_20250827_231300.WAV,794.9768,2.302585092994046,200808.34295035375,34274.87919607218,0.0001954710968287827,0.687763707326864,0.0020318446,4111,-1191.8530591819538,-215.7201378695166,-184.41466867079555,257.0288859636761,-95.32189889028248,2.073572518419569,-1.2621023345598545,-8.055755333872648,26.95466258314724,-32.15724197477316,33.53604131926033,-25.74850016493041,3.104372635821267
OSP_3_27.08.2025_20250827_231400.WAV,815.23346,0.6365141682948128,204910.88673964105,34275.803711939705,0.00019586908748028768,0.6878582001797682,0.0020922967,4090,-1166.8190904535893,-204.0913057650863,-171.25867272837723,247.19058126793476,-94.72124051256276,-1.8345064477283186,3.7065344737919554,-7.928952550418197,26.31508396401833,-32.972066017441286,32.22575418457784,-23.43324902917334,2.1675056543256197
OSP_3_27.08.2025_20250827_231500.WAV,793.4769,1.5991514008137888,198564.7019593938,34293.9706045421,0.0001909251196732705,0.6880804560964117,0.0020079352,4115,-1164.3212677002134,-201.4088140035488,-166.35118358352406,245.45067711731963,-95.21340138485112,-3.663703121243134,5.037476694496598,-7.484903804373592,26.366243793157885,-33.267564163937934,31.670017306610607,-22.819982273295846,1.9820753031635179
OSP_3_27.08.2025_20250827_231600.WAV,800.3522,2.268211251760693,199111.01892198433,34300.532251608114,0.00018943617867295422,0.6880864556426277,0.0020206973,4116,-1124.5815379686542,-182.35921377493432,-144.7019078433906,228.23005196707518,-94.22548783460648,-9.221865671353104,13.542643332070611,-7.254061253470281,23.862593607905566,-34.04935306862591,29.74495233513966,-18.212348862110243,-0.05318163038316526
OSP_3_27.08.2025_20250827_231700.WAV,757.6615,1.3119690925702856,197060.6066643353,34296.69786535685,0.00018980527903427122,0.6881446785115889,0.0019830167,4104,-1181.9613958936918,-209.82842260452585,-175.64968747047388,252.70355066007372,-95.7633121935033,-0.9649470334253375,1.4355898085512617,-7.535147164632519,26.98228319770934,-32.76633429202242,32.56560007437794,-24.484046692308013,2.6809920210674734
OSP_3_27.08.2025_20250827_231800.WAV,784.9635,1.9350448898948354,196536.72959367733,34307.51296545842,0.00018808494751956778,0.6881981290142418,0.0019868438,4100,-1161.267905698624,-199.35371742091607,-162.8285148018846,243.9408025997476,-95.57055357166422,-4.86118436882871,6.047227034923627,-7.072327855166937,26.296172602521157,-33.6009110917008,31.248637860825678,-22.21218580671169,1.9408584840311525
OSP_3_27.08.2025_20250827_231900.WAV,804.6201,2.0360982240008085,205063.64483523852,34272.92582941326,0.00019656800172913972,0.6878797440048171,0.0020908718,4107,-1156.2308031218308,-198.92213288833784,-165.6420061433354,242.7179030626881,-94.28469522920172,-3.4592423942641615,5.914240155648632,-7.988951400136505,25.957224917192786,-33.24272298246708,31.496464256791118,-22.154374910836502,1.776121207271927
OSP_3_27.08.2025_20250827_232000.WAV,725.8827,2.302585092994046,196084.92195933373,34293.16091600166,0.00019135511201469872,0.6879507386350414,0.0019655568,4101,-1231.9833284224906,-235.4433617852157,-205.9558817649585,272.3563469766896,-96.5768276639241,9.960958006266216,-9.443895139569463,-8.525369316663209,26.607989638567016,-30.172530622338275,36.278715920398206,-28.995967039224606,4.128324159479156
OSP_3_27.08.2025_20250827_232100.WAV,809.7948,2.231831168018599,198218.51931273652,34297.63551041434,0.00018922884012119662,0.6881429968206041,0.0020058607,4078,-1156.329177530413,-197.28088330284672,-161.18535399301481,241.9649387175167,-95.13026933524533,-5.2615643703471475,6.864764754092409,-7.207301091854328,25.989891119768288,-33.53908468061824,31.11133525349764,-21.872508369155266,1.7052587906828043
OSP_3_27.08.2025_20250827_232200.WAV,783.88306,0.6790412844721119,198725.933102972,34300.1529370212,0.00018929741518765463,0.6880420044592991,0.0020130246,4092,-1130.6588921082937,-185.16002189802117,-147.82711952067646,230.81103493187737,-94.36867132717076,-8.450642015863552,12.243130877306246,-7.282186737422862,24.3064092918648,-33.907962300965266,30.003868230466093,-19.035378637454702,0.30835701381952324
OSP_3_27.08.2025_20250827_232300.WAV,730.5349,2.302585092994046,195720.56516253733,34301.99376433658,0.00019016957047420036,0.6881690857564228,0.001963693,4110,-1226.3047651387076,-232.23413396416888,-201.3968622902771,270.1982158476595,-96.68070384418172,8.187419712254933,-8.17695470714724,-8.2437445970491,26.901848189124067,-30.531262985827254,35.811790815970234,-28.654633264388394,3.943335308508748
OSP_3_27.08.2025_20250827_232400.WAV,748.26306,1.804021791184933,197328.3938348255,34295.17478353977,0.00019027289607308632,0.6880639573443172,0.001991694,4114,-1192.285774943063,-215.00203177697276,-181.4434054517465,257.04428947043704,-96.07491190901493,0.7708389544809799,-0.743677578811382,-7.525791637366406,27.162476020522956,-32.39497871931387,33.273410719952274,-25.6050383599983,3.0300153400573704
OSP_3_27.08.2025_20250827_232500.WAV,812.54156,1.7816232576049607,199808.6912234952,34294.576951813,0.00019243183504979745,0.6882035831471656,0.002024669,4113,-1160.0470617010226,-199.4432271724903,-163.9818228717502,243.7065755764519,-95.1978781836194,-4.348422502787792,5.895692761055953,-7.256949799982678,26.17978815112188,-33.50518376360952,31.368567171754105,-22.31204551942815,1.8566062479880008
OSP_3_27.08.2025_20250827_232600.WAV,752.13525,0.6829081047004716,196137.69180956457,34297.853103328336,0.0001908216786102432,0.6881042270257377,0.0019665312,4089,-1192.8300533562485,-215.41548352487982,-182.07222929385506,257.1680553623693,-95.96335268763295,1.2906669904097583,-1.1023893326686725,-7.700723624991476,27.136256278331604,-32.31880612893764,33.49300975539934,-25.714042720181432,3.0142362190456087
OSP_3_27.08.2025_20250827_232700.WAV,805.3433,0.945997948976675,199254.60242680705,34294.17758020889,0.00019087425220070943,0.6880506401697617,0.0020179206,4133,-1178.3026784898632,-208.46445546876916,-174.26994573628645,251.42378161458817,-95.60083336282544,-1.2601288921476086,1.9157504524674067,-7.528976280183959,26.846005848555432,-32.81929684358052,32.52141063344625,-24.350375255853923,2.555354447090999
OSP_3_27.08.2025_20250827_232800.WAV,756.9355,1.8260829751975012,194888.67012587126,34307.299667196174,0.00018751101081755777,0.6882633513537885,0.0019560724,4088,-1182.5369376974256,-209.66267492058282,-174.37195669118756,252.80416960773366,-96.10683168401161,-1.4270661089977676,1.4727396701453763,-7.30263191042836,27.17253564731367,-32.86190912147888,32.42897553658468,-24.51251306479876,2.733553999138032
OSP_3_27.08.2025_20250827_232900.WAV,728.14954,2.302585092994046,194258.7237798391,34309.07915049219,0.00018573368399501332,0.6883043937040398,0.0019488742,4105,-1166.1060481961035,-201.3176713596489,-164.58980962807922,245.84341867452383,-95.86524955569901,-4.528519694439792,5.292148006571701,-7.002903601277729,26.50624220999907,-33.44494990824955,31.420463615201637,-22.76413416771444,2.110117022622802
OSP_3_27.08.2025_20250827_233000.WAV,746.609,1.3735648907701463,194325.25614714733,34311.704974371285,0.00018652457345056357,0.6883545262758308,0.0019512369,4110,-1138.1466832412796,-188.04443172377347,-149.9250559374298,233.7939240703241,-94.9880112674698,-8.24344959018728,11.084831018905,-6.928063062283622,24.881342095092034,-34.076319390033014,30.080324460454577,-19.49902769835582,0.7086373193153954
OSP_3_27.08.2025_20250827_233100.WAV,748.44543,1.8849631403965506,194177.1050571257,34307.60685468645,0.00018787575043473285,0.6882983941578237,0.0019473897,4112,-1190.1502465225565,-213.24525695886854,-178.26451521873238,255.87679600261382,-96.299645343907,-0.2851190360542846,-0.03723249121188285,-7.367909465574339,27.26691430134704,-32.49753044206331,32.95411166166912,-25.330320384242,2.956793724457868
OSP_3_27.08.2025_20250827_233200.WAV,667.1643,2.302585092994046,191813.19109444076,34317.67944412933,0.00018391684988679875,0.6884076131696221,0.0019144025,4145,-1273.45875933831,-256.49238840549293,-228.7172969791922,287.1792525749368,-97.91196594917095,19.35637500686255,-17.528459936335732,-8.641475835361272,24.29166482129568,-28.11442647830995,39.45898331019997,-30.896851336633947,4.9380373322098015
OSP_3_27.08.2025_20250827_233300.WAV,699.37415,2.302585092994046,192165.29987238935,34323.03561831221,0.00018366462534009115,0.6885308311225915,0.0019197571,4105,-1244.1520423269765,-240.69640836416144,-209.0597208475253,276.9759289812045,-97.58222210897296,11.009278309469437,-11.582958497480915,-8.167915193403955,26.63714005695826,-29.66672264579249,36.90301324558572,-29.742489711149435,4.255557449167937
OSP_3_27.08.2025_20250827_233400.WAV,677.1709,2.302585092994046,191907.77772544784,34315.92928210848,0.00018605264110533874,0.6881749944004235,0.0019157699,4116,-1230.3322951435396,-233.3565201083521,-200.87714114433038,271.58422626563646,-97.1122873210052,7.792371261769129,-8.681766978255538,-7.989890890737746,27.08072515714396,-30.38027857019715,35.867109621872736,-28.831856981910292,3.888728913535471
OSP_3_27.08.2025_20250827_233500.WAV,727.05817,1.837407568108216,193539.45035939425,34313.05310104835,0.00018688291304194018,0.6881964018721493,0.0019399588,4111,-1148.6282281123983,-192.85235948956387,-155.05338789577132,238.27038597044282,-95.40587422386997,-6.968851603084654,9.035991460828043,-7.039103247132621,25.530975913125303,-33.76266128314117,30.527779607636568,-20.84151646052442,1.3829973320786186
OSP_3_27.08.2025_20250827_233600.WAV,725.49414,2.0720260809676354,192315.28141330328,34310.15732621676,0.00018513818186193204,0.6881611318125757,0.0019215874,4106,-1170.214734050579,-203.0278004933393,-166.2139239235938,247.42116840100087,-95.9452732690978,-4.1561420775131515,4.464854287906273,-6.891345477396588,26.635695771850266,-33.41251567929408,31.7254683524215,-23.13358079529399,2.2094232813075303
OSP_3_27.08.2025_20250827_233700.WAV,711.54346,1.8292802673802004,193643.1117360771,34314.40978878512,0.00018505672585153907,0.6881392698297729,0.0019385519,4102,-1158.5692882851708,-197.5025222817954,-159.87835432343832,242.47519823498945,-95.81129305196158,-5.826322377954842,6.9833677835442245,-6.7235346821977,26.06904777514345,-33.82468876383339,31.026250114405748,-21.804479448361427,1.7807445048993296
OSP_3_27.08.2025_20250827_233800.WAV,681.4038,2.302585092994046,192909.0674346243,34312.26022343636,0.00018455320395536137,0.6881864480795634,0.0019263464,4108,-1273.015683659082,-256.7086040088713,-229.70545528428627,287.0822701562715,-97.7718490571648,19.851249825233122,-17.515863204109053,-8.800410840258241,24.061141836233016,-28.1218094975139,39.55432198404523,-30.729399101816654,4.996230058403583
OSP_3_27.08.2025_20250827_233900.WAV,671.3367,2.302585092994046,191784.84345395572,34317.13377930932,0.00018456123766423077,0.6882972578801313,0.0019126174,4093,-1285.792421690315,-263.38061469236953,-237.68281787513533,291.0861657383023,-98.0911528179172,23.65154883394395,-19.83653118146713,-9.030592253545674,22.701227016376837,-27.403342766407036,40.5870003842128,-30.95586316263542,5.446686813451647
OSP_3_27.08.2025_20250827_234000.WAV,743.64404,1.8609901353389449,193631.41897809782,34312.9403802384,0.00018634741420110555,0.6882871222831146,0.0019400886,4112,-1188.5298383048384,-212.29281344653063,-176.90605243966937,255.17452093008845,-96.36068403441058,-0.7486974806915334,0.37355033496678103,-7.2863911875689285,27.33033022922182,-32.68707243196961,32.81081876522485,-25.027689335178383,2.8403795008321104
OSP_3_27.08.2025_20250827_234100.WAV,674.67084,2.302585092994046,191870.6987900069,34320.61588973158,0.00018282498708460443,0.6883681616081402,0.0019192905,4102,-1210.252666741762,-222.7823118615824,-187.97366435207306,263.943339704484,-96.9929465435998,2.728495052579021,-4.174944455698846,-7.427247160575745,27.729742445130118,-31.627176872977635,34.09779092705742,-27.19845315849791,3.446307835479895
OSP_3_27.08.2025_20250827_234200.WAV,699.72095,0.3214659624822584,191931.664344457,34319.35228370584,0.00018398230924084044,0.6882643512781579,0.0019182998,4107,-1238.6288473882541,-237.66842730400882,-205.62296499700616,274.87772904196015,-97.33639397600335,9.537530813425082,-10.46429462342771,-8.094513678563212,26.961952314205917,-29.943501597933437,36.473000167963,-29.478229966390384,4.035490256477775
OSP_3_27.08.2025_20250827_234300.WAV,728.5227,2.0117149811298467,193614.3450025807,34315.277962621745,0.00018354377372035137,0.6881642224878991,0.001943832,4098,-1122.9344899155146,-180.67914541115917,-141.71858476630047,226.8724313403349,-94.57621445760088,-10.058707892876491,14.46334829087037,-7.024740977801389,23.54922779922221,-34.107665507595655,29.577112889216256,-17.816556320627566,-0.2101248513694561
OSP_3_27.08.2025_20250827_234400.WAV,700.60547,1.4186109171026404e-304,192798.6910808482,34313.2050404477,0.00018453763099411901,0.688216763968398,0.0019277111,4091,-1195.7064485199849,-215.80684018689794,-180.6351384474512,258.1613371695669,-96.50415578338387,0.33679220751367844,-1.2476040316819426,-7.231613004830811,27.546772764660947,-32.40820707942109,33.2185950588082,-25.82036859376192,3.0707674766465174
OSP_3_27.08.2025_20250827_234500.WAV,720.4978,1.4186109171026404e-304,194341.41723871697,34315.50789286496,0.00018580820081546398,0.6882299447896305,0.0019523271,4100,-1142.4663755321922,-190.07086758450495,-151.85763330234207,235.74300075395396,-95.31144610007526,-7.84402908348749,10.272040102745839,-6.7975192013632695,25.192929539407288,-34.12636370531936,30.258110642217783,-20.036890545365047,1.0503287946562765
OSP_3_27.08.2025_20250827_234600.WAV,697.9166,2.0943796971834727,192060.5939203629,34322.04066569363,0.00018362124347195418,0.6884340657143023,0.001920938,4090,-1249.257622090167,-243.23792817889083,-212.03613902533917,278.82007633584345,-97.64323001936215,12.095221879593089,-12.592667540821235,-8.170425394509437,26.40822312997209,-29.482500757727752,37.35496758582641,-29.937596916512994,4.203666373450165
OSP_3_27.08.2025_20250827_234700.WAV,647.5548,0.30814012731154783,191806.69821933706,34320.16360636815,0.0001836064848398799,0.6882628968427116,0.0019151124,4125,-1196.9645287992505,-216.1361737102069,-180.45811114027813,258.55237979011156,-96.83248223372868,0.27160025988152,-1.1936043076118121,-7.176756238732707,27.505427484684564,-32.437963730163204,33.29396926456707,-25.76554756185729,3.037645371422101
OSP_3_27.08.2025_20250827_234800.WAV,722.28296,1.8421524622358012,193870.8724090783,34310.45738754466,0.00018506207540976895,0.6882330809160616,0.0019432411,4100,-1164.6156014096405,-200.64598945175996,-163.6621936957748,245.2551572820482,-95.86491350030107,-4.818558727913548,5.570991450934017,-6.860548512228394,26.408343220340583,-33.53868738786916,31.3417952023223,-22.580902113094453,2.068222802465859
OSP_3_27.08.2025_20250827_234900.WAV,668.8641,1.4186109171026404e-304,191290.478578534,34321.91457911667,0.00018172817029118876,0.6882001288629805,0.0019090525,4115,-1222.1188909213006,-228.85197125069104,-194.60591662955923,268.68312081340326,-97.28906775801647,5.128838846442109,-6.727077602302469,-7.599872001663697,27.54400848173805,-30.917873822481372,35.0477291150943,-28.27353315282038,3.674957783309128
OSP_3_27.08.2025_20250827_235000.WAV,658.7146,2.302585092994046,191427.1251932533,34323.96033730248,0.0001804342006344899,0.6884353383453179,0.0019104383,4104,-1272.547252583689,-255.7966251919723,-226.66637663658938,287.25919439507146,-98.04349871448167,18.207212331572546,-17.49115812457963,-8.318319394382078,24.76917388888981,-28.226828446285804,39.250829372737876,-30.9633191356234,4.870924594074641
OSP_3_27.08.2025_20250827_235100.WAV,550.119,2.302585092994046,189976.16876936224,34324.82682656341,0.0001810470122579926,0.6883310280531509,0.001892148,4130,-1395.9060905869032,-326.88968709539,-321.26692794255536,318.0926285736764,-104.9589462665818,65.28798019737485,-34.26465890407635,-3.2670720211101,3.320755115356186,-26.319014208498533,42.663155523648264,-27.222642696363675,13.157347014365095
OSP_3_27.08.2025_20250827_235200.WAV,574.6459,2.302585092994046,190333.3236794783,34325.92175087972,0.00018158698787418737,0.6883852966757423,0.0018951885,4080,-1350.9293632569352,-300.2164232468692,-284.334267318798,309.4305499530462,-100.85073846658358,46.390413207191074,-29.976639058033033,-7.448921587980146,12.67929366306061,-25.90404179784177,43.63170446720701,-29.333957507893345,9.349997546123138
OSP_3_27.08.2025_20250827_235300.WAV,618.1516,2.302585092994046,190532.43112489823,34320.096594439114,0.0001821137742808737,0.6881745853404543,0.0019007965,4113,-1198.5284865274139,-216.51043205400342,-180.31139823356304,259.0709009505974,-96.90760519529952,-0.006743150024446444,-1.3724645582815251,-7.020757339579937,27.545300537284128,-32.25308897360649,33.22599124134016,-26.025745290112106,3.165695268149446
OSP_3_27.08.2025_20250827_235400.WAV,714.9598,1.916671685465858,191889.59294951303,34326.28042256634,0.0001826592470260594,0.6884815166707391,0.0019189854,4123,-1206.3882134136022,-220.8050490386064,-185.11524463397708,262.4156968760917,-97.16559474128893,1.8090677270699416,-3.268685819017841,-7.192471300875189,27.667035893787816,-31.887021920223297,33.84314711574575,-26.811107763125175,3.286607620139181
OSP_3_27.08.2025_20250827_235600.WAV,717.94147,1.337631891162815,192614.8196958128,34320.199706194835,0.00018252815029307003,0.6883990683613749,0.0019286314,4093,-1199.4293233442854,-217.42557970678,-181.86849932344586,259.55545850158893,-96.85585783551764,0.7163682620747567,-1.8082394160259816,-7.106530670459045,27.551867434557206,-32.31049408455482,33.348896201713096,-26.05528157218483,3.263910230509962
OSP_3_27.08.2025_20250827_235500.WAV,625.8652,2.302585092994046,190573.4780804076,34325.77630024537,0.00018188222723039435,0.6883472995497067,0.0019011572,4127,-1259.976269982619,-248.62534404532428,-217.83085339319115,282.6344356587832,-97.80701543828015,14.509665538837034,-14.828759218337275,-8.283479849866843,25.82208563063216,-28.78116103923183,38.17214881610251,-30.56651363553509,4.510076216018509
OSP_3_27.08.2025_20250827_235700.WAV,696.0709,1.4797674629001893,191688.00806850917,34326.653984331766,0.00018027390415778716,0.6883556171024156,0.0019214511,4092,-1116.2703577819289,-177.12971129656017,-136.9910080520762,223.57647254792985,-94.65745007756705,-11.158965810240355,16.087375228962937,-6.751960330623128,22.899160460176155,-34.26068357559261,29.256690927621722,-16.90605306814822,-0.6159720958740285
OSP_3_27.08.2025_20250827_235800.WAV,622.33624,2.302585092994046,190543.77868425052,34329.33028156379,0.0001808031940559911,0.6883699796524481,0.0018982561,4110,-1291.8190765106078,-266.25356766262746,-239.47008021497965,293.43266067898287,-98.60538708296528,24.242732482440285,-20.874154883120664,-8.678128747458816,22.59591389439889,-27.26993122671704,40.68600592485178,-31.12525998141047,5.611973312063019
OSP_3_27.08.2025_20250827_235900.WAV,635.5724,2.302585092994046,190457.59690637246,34323.786369909605,0.00018171520476121137,0.6884508826241507,0.0018996411,4100,-1263.186560047099,-250.36905463000073,-220.041720115181,283.80126559772094,-97.88199093771135,15.343638742157518,-15.396358241206656,-8.291598317813818,25.58651367930953,-28.645444134641107,38.31177806608466,-30.605550227358215,4.682230755057824
OSP_3_27.08.2025_20250828_000000.WAV,664.9877,2.302585092994046,191310.49201512185,34321.63232852465,0.00018223697147119964,0.6883387547414596,0.001909161,4101,-1217.0227188903834,-226.20117638249187,-191.57489092138812,266.68078674992466,-97.17549802023926,3.92872578027916,-5.64871523127637,-7.38642635970153,27.69944079434969,-31.305897943926794,34.51693163431223,-27.700491918926733,3.588943877560715
OSP_3_27.08.2025_20250828_000100.WAV,638.61017,2.302585092994046,190464.21604792186,34325.08964548692,0.00018081260149242504,0.6882633059026808,0.0018973224,4126,-1321.7465481543163,-283.23249709040346,-261.496861813854,302.2322349326724,-99.3466609316816,34.76835456583876,-26.054713394714426,-8.47136745683083,18.222591906825777,-26.18829496865541,42.56540962249925,-30.68351518040159,7.1953212097160115
OSP_3_27.08.2025_20250828_000200.WAV,667.1372,2.302585092994046,191364.7442141402,34325.01237848271,0.00018103159837606076,0.6883866147578656,0.0019132958,4132,-1190.2276422754599,-212.46852144550218,-175.48191168449046,255.73308770554584,-96.93484975388577,-1.5469516746002991,0.4127837226848534,-6.689361860399466,27.478749352333654,-32.827404565157806,32.571207238562295,-25.17295110137478,3.0623622478797867
OSP_3_27.08.2025_20250828_000300.WAV,720.7695,0.9263980701063144,191911.0108435765,34319.50703662503,0.00018465474004617665,0.6883741157032486,0.0019177317,4103,-1250.0984290794872,-243.7363765827682,-212.6880914208542,279.13108264937415,-97.55161268463534,12.335681369283282,-12.881800605028726,-8.153340559922606,26.334280827541267,-29.318482683409467,37.3581197872904,-30.085726024322767,4.397863127639553
OSP_3_27.08.2025_20250828_000400.WAV,710.47253,0.6558179058963933,192692.03003287566,34318.06774902199,0.00018195326356791649,0.6881044542812762,0.001928345,4104,-1238.2561789718156,-237.50247738320516,-205.17016950587015,274.90427020124605,-97.49044420097015,9.185223752265971,-10.276133862722697,-7.918086160902972,26.981193790479775,-29.99594359474185,36.35582153901784,-29.475120798456626,4.101631421117819
OSP_3_27.08.2025_20250828_000600.WAV,673.17847,1.4186109171026404e-304,191716.57160951354,34325.31491540781,0.0001817858086885385,0.6884492463842735,0.0019144556,4090,-1232.0147200801368,-234.09812526615337,-200.8528734659034,272.4570160063201,-97.47050211159872,7.62634251443845,-8.918080660067295,-7.857849473212794,27.336094355439034,-30.39338516240554,35.730529801151555,-28.884191611548104,3.9488227171136208
OSP_3_27.08.2025_20250828_000500.WAV,707.6227,2.302585092994046,192472.24150376575,34325.575457192586,0.00018185809185210174,0.6883492993984455,0.0019318361,4109,-1180.916377021895,-208.0628255541277,-170.7643328794072,251.93177770992722,-96.71007135950217,-2.8735278634461108,2.3741138317251655,-6.7653546383175795,27.23444174674004,-33.118834352407944,32.005457865475805,-24.220425296918393,2.741048692365576
OSP_3_27.08.2025_20250828_000700.WAV,671.6785,2.302585092994046,191642.62280310696,34320.96702151502,0.00018240180966114196,0.6884009318567905,0.0019161555,4112,-1160.138459861596,-197.84645446625908,-159.62959141057172,243.0156305367701,-96.07753035113439,-6.075306027078945,6.947308276244396,-6.619871215557788,26.14407257829406,-33.77790290470086,31.017463580314658,-21.955346784569176,1.8615349409969981
OSP_3_27.08.2025_20250828_000800.WAV,697.5764,1.2931764208570367,192811.1028744955,34318.46275721039,0.00018254348815111793,0.6883383002303826,0.0019311764,4105,-1205.0450890286852,-220.26366553809675,-184.93320598894056,261.96111035758184,-96.98157251879795,1.5938529940889652,-3.0172281458069934,-7.1192747843498365,27.598559956576945,-31.956297100141466,33.71169464299781,-26.716822829924066,3.4011091357168026
OSP_3_27.08.2025_20250828_000900.WAV,676.5721,0.6931471805599453,279291.1342992601,34275.71828064845,0.00019417383672400555,0.6882941672048077,0.002903664,4126,-1027.6445334584187,-147.56089384049756,-111.51664972878713,191.31920429253393,-88.27579130724129,-12.444539603390943,26.670589288985813,-10.257940243470516,15.978787660525246,-30.39863332693374,27.65476441704278,-10.945421696923077,-5.935073717113159
OSP_3_27.08.2025_20250828_001000.WAV,647.97314,2.302585092994046,400718.1414552642,34204.23166340854,0.0002124884695454673,0.6872542458606767,0.0041694785,4074,-1034.3243389951274,-161.4424196664399,-132.68074781051934,203.44349692059424,-88.42102398341528,-7.400974802144302,21.474145407238435,-10.227398264034683,17.787509382836973,-31.66073893807617,28.714072908126255,-13.526866459860726,-3.2759120969122484
OSP_3_27.08.2025_20250828_001100.WAV,702.0547,2.302585092994046,286611.105535169,34045.054899967756,0.0029168137463299226,0.6826999542649629,0.0048731267,2599,-1037.0016896563154,-162.8562657324985,-143.3073514897156,204.13794295674012,-81.99238282500646,-6.028593970484362,17.591613641228996,-11.546076907598607,18.474227859817024,-29.62424440475176,28.648945231218555,-14.86836557611221,-3.3036540074435923
