filename,ACI,ADI,Bio_Energy,Spectral_Centroid_Mean,Spectral_Flatness_Mean,ZCR_Mean,RMS_Mean,Event_Count,MFCC_1,MFCC_2,MFCC_3,MFCC_4,MFCC_5,MFCC_6,MFCC_7,MFCC_8,MFCC_9,MFCC_10,MFCC_11,MFCC_12,MFCC_13
OSP_2_25.08.2025_20250825_204500.WAV,628.0936,0.9683632431883912,613842.5925662075,10635.872822091387,0.0033120683874732315,0.6118558843085107,0.014485694,8234,-786.1046827479347,-132.17169071840024,-261.1670818411597,97.21793791466455,-34.20282742246381,81.82283945742338,-15.607000770050249,-21.39821882030126,6.082174494329932,-18.50982867771098,30.556415030361983,-14.501899334798377,5.615559130377793
OSP_2_25.08.2025_20250825_204600.WAV,637.36,1.485212683212242,1069864.1658753322,10566.474371604481,0.0032910519034575606,0.6169633581283245,0.025217742,8224,-697.9696083583166,-122.465541847691,-252.28211903302326,89.12727979547229,-36.37230894809542,77.21693181175455,-12.636874513930417,-20.492209965482864,6.802725559575723,-16.164093033981487,26.866863061287518,-14.254922480000404,7.056888518651955
OSP_2_25.08.2025_20250825_204700.WAV,707.1849,1.2575670874428713,588698.3260124355,10462.845835087774,0.00391237778679908,0.6053618735455452,0.014512837,8216,-739.6150396433873,-104.7389102881489,-224.57321190806954,83.29822535744923,-23.95656945736579,67.46208752337812,-8.455862991536952,-26.20255962652052,11.456770137547634,-20.42182529556612,22.179072347693396,-8.782262378455032,6.721713867613117
OSP_2_25.08.2025_20250825_204800.WAV,886.06323,1.9459101490553132,140840.7725353189,10526.986135254749,0.004103307503073078,0.6084241501828458,0.0033668696,8195,-927.9524109338283,-134.12462317873295,-280.52534207407274,100.4945660185767,-30.81128082087645,89.07572918037141,-7.494285523672532,-23.039527987806448,8.306649017911374,-27.850734136872177,22.577066285277258,-14.225772008782748,10.702453099065904
OSP_2_25.08.2025_20250825_205000.WAV,580.7106,0.8377518693329338,102761.62281443222,10636.533450617566,0.0034128815650236507,0.6156651273686835,0.0023159334,8259,-1004.2335339945776,-159.32609486710402,-322.6601533425625,109.50730602782177,-44.3428932530619,104.53677912255532,-9.375547511136357,-13.360325998675812,5.63619491312656,-27.44023205545642,22.428085234308515,-18.61282995665795,10.212114568577295
OSP_2_25.08.2025_20250825_204900.WAV,711.1924,9.457406114017602e-305,102789.59652396175,10619.146303542399,0.0034675728387649055,0.6139974391206782,0.0022618026,8250,-911.767393071569,-116.78005118806485,-229.29215257516648,102.94491920054949,-14.959388222431919,68.32870538102175,-9.06139966757685,-34.037321562827024,9.454826241496592,-22.575753948477143,27.098192126190035,-8.294091949762773,4.380187189228569
OSP_2_25.08.2025_20250825_205100.WAV,538.82574,1.9459101490553132,99310.2643572208,10616.677585317495,0.003497086582812055,0.6138965363198138,0.0021318344,8245,-1107.3513677948429,-209.23852433721555,-440.63402333740163,94.28460625186405,-108.00903512417135,129.33934523917915,-27.9899584910528,26.002232400678135,3.7144300781207003,-1.9632966454011855,19.461933258080265,-14.556761199816822,4.372803875480674
OSP_2_25.08.2025_20250825_205200.WAV,558.1633,1.8252749082525792,100400.04581040885,10627.42493887638,0.0034667020598988384,0.614501953125,0.002172507,8237,-1066.510596435662,-189.33508811187951,-391.2664987816586,103.20209238816602,-77.74914200976036,122.75486063054295,-16.682059633101233,10.426517206582261,5.221113675001444,-16.255633363598374,19.36554108678493,-20.670686924465038,6.336910513584818
OSP_2_25.08.2025_20250825_205300.WAV,536.03467,0.6930128020601277,99869.97696748938,10625.619384144766,0.003479630530631615,0.6147093427942154,0.0021477146,8236,-1088.3901128611046,-200.19242816126084,-417.8882153671073,98.65286989864666,-93.78500590247984,127.1386060240007,-22.315022923134407,18.989482233787854,5.007519649256498,-9.015330254951769,19.590227082963924,-17.783985203683358,4.790923739996061
OSP_2_25.08.2025_20250825_205400.WAV,530.4139,1.9459101490553132,99834.18228020826,10625.16241868003,0.0034748255810597936,0.6144053357712767,0.0021445889,8245,-1122.4276788148095,-218.19506850019792,-459.96748188859453,90.21899267275617,-121.03941026319492,131.33203118353617,-34.81528141854768,31.436702340522583,2.076933839553383,3.831384017774344,19.426236997896194,-10.097877821699527,3.68609585056821
OSP_2_25.08.2025_20250825_205500.WAV,577.71606,1.5383500379630166,101454.46566831623,10632.614647062088,0.0034588951869341895,0.615025946434508,0.0021944093,8216,-1059.51744751696,-186.71559792391676,-385.133378487668,103.78572807729658,-75.07449187152152,121.63246861974736,-16.0089183670252,8.286131450032133,5.604462321206447,-17.860866633657135,19.64092181512098,-20.221087858106632,6.534420319993486
OSP_2_25.08.2025_20250825_205600.WAV,567.2821,1.6201572595678344,102604.1113502814,10644.714761948693,0.003440062768412457,0.6159857567320479,0.0022590025,8261,-993.3910636521515,-154.82495351044363,-309.8921937358758,109.73041134513464,-39.652616356232386,101.10773978401792,-9.45569009552507,-16.500506457291362,5.5501835597923845,-28.542061596489354,23.333605940036843,-16.96899813449646,9.799880814521078
OSP_2_25.08.2025_20250825_205800.WAV,579.9999,1.8924426479328398,101976.13847588586,10633.453660162008,0.003449621314113756,0.6162408057679521,0.0022150932,8284,-1018.027026020728,-166.08095312487873,-337.2149523693253,108.56749580299346,-50.6788538028578,109.45653853913917,-10.727907505064689,-8.168660432544803,5.513994969921308,-26.410168177850124,21.680635854215577,-19.26627753674389,8.96040065190373
OSP_2_25.08.2025_20250825_205700.WAV,575.7228,1.8357645960860745,100809.89680231028,10627.967305713004,0.00345801366350469,0.6150404909823803,0.0021825477,8236,-1062.356770337231,-187.31521170074527,-386.8356163197384,103.5252739392664,-75.3843267417111,122.27352699916132,-15.925658787610239,8.506274061689993,5.480452247678364,-17.709229173458112,19.515541101612435,-20.291862289924843,6.190287493832214
OSP_2_25.08.2025_20250825_205900.WAV,588.61145,1.877592753083351,102643.69092636442,10628.386442989507,0.003467987644822423,0.6148129726978059,0.002241246,8223,-1039.4307741321497,-176.48308858873753,-361.39014337872345,106.5475697006223,-62.03447772076626,116.0330410720018,-12.944172290302458,0.17603744756185102,5.224244749953611,-22.907835598241025,20.686401649088317,-20.37116898381824,8.077969463568568
OSP_2_25.08.2025_20250825_210000.WAV,557.9608,1.0898902987340136,106019.5721932824,10663.206194846958,0.0033936236292650902,0.6180469269448138,0.0023247309,8241,-1051.9610762580544,-186.45445605481646,-379.1631518015605,105.29365658788288,-72.62629159550384,121.51713534623379,-16.120190474641316,6.506489438453396,5.580252115115419,-19.23973052332031,19.897716417897072,-20.228356394208042,6.5741498654033945
OSP_2_25.08.2025_20250825_210100.WAV,805.6092,1.9322197743371619,111497.01106922726,10629.181114259394,0.003445728486802995,0.6151094477227393,0.0025669408,8214,-973.6183781067862,-146.55669196556667,-293.81048320192804,109.01215831651807,-33.53068013495442,94.50388091362906,-9.239493701972362,-21.236703194925397,5.985153780934372,-28.337578718388095,25.14460096025406,-14.958840227074193,9.55774467155002
OSP_2_25.08.2025_20250825_210200.WAV,780.7524,1.916913832181156,112019.67222079395,10640.485173052288,0.0034499632157849367,0.6165566302360372,0.0025539368,8246,-949.438701403527,-137.10892685186633,-272.72545110407737,107.86261674897366,-27.696389379609197,86.65027521302989,-9.630128566926762,-26.24966724153996,8.173171291501927,-27.61998330862366,26.31124025202596,-12.697633371545056,7.658546841038103
OSP_2_25.08.2025_20250825_210400.WAV,778.1038,1.9359321855144291,108245.04068212911,10619.157467354824,0.003465896725029714,0.6142457353307845,0.0024401438,8232,-959.4096931979373,-139.2090326267026,-278.5745340693619,107.8429839273882,-28.027317319126066,88.58478713500764,-9.266485036761264,-24.920940944154435,6.861513503315603,-27.791256229811033,25.716505299271173,-13.132297465376524,8.943134793004578
OSP_2_25.08.2025_20250825_210300.WAV,588.28723,1.5567045874903152,111205.64343672975,10644.546174402254,0.003433280446477552,0.6163109312666223,0.0024414824,8229,-1028.4492707697264,-174.78188347199122,-355.29515254439605,107.30977591823206,-60.181299113488045,114.6116194277247,-13.039153397373829,-2.0555587977770333,5.073812841106344,-23.146997614356472,21.38863092204612,-20.05416195656315,8.38286070675614
OSP_2_25.08.2025_20250825_210500.WAV,763.10474,1.913253981056871,111215.95038271602,10624.620399142941,0.003456446397450113,0.6146586966007314,0.0025542686,8234,-943.1977303145753,-132.44371634015388,-263.3491726852677,106.93503795235634,-23.960001190411376,82.45984729750316,-9.345324740024008,-28.140533677797354,7.7598502946560135,-26.88748121221171,26.83774718493372,-11.296370931941222,7.436941323191333
OSP_2_25.08.2025_20250825_210600.WAV,605.98254,1.8255864650154554,108421.18372328515,10668.150807553813,0.0033618393750608423,0.617990436959774,0.0024136864,8271,-994.2897667641661,-159.34945296245897,-316.4998171124083,110.44501808763765,-43.0324874604391,103.74667153887819,-11.01805825242376,-13.88918046136501,5.180099823224086,-28.011314483000994,23.79093855843849,-17.539853342346063,9.891721548434772
OSP_2_25.08.2025_20250825_210700.WAV,548.6455,1.085290391960573,103611.4207520468,10652.299880121882,0.0033851591257136947,0.6167145424700798,0.0022550412,8242,-1066.7062102490631,-192.92109242504088,-396.3868092261856,103.45468307786302,-81.54421852098099,123.87250000441003,-18.03904752686915,12.01000375157736,4.604078966420838,-14.611119966292524,20.18811404828092,-20.165835716293138,6.486377993060017
OSP_2_25.08.2025_20250825_210800.WAV,731.6998,1.9402290369008464,110024.80850512048,10627.300822702953,0.003405116144837492,0.6146849287317154,0.0024870543,8240,-983.5846313474145,-151.3214273557917,-304.3153905018776,109.78635264191348,-37.083202112540185,97.57265488453939,-8.422669691093148,-18.403645292027655,4.946231876125532,-27.378251063415146,23.580345755367112,-16.881098321212463,11.001299570968964
OSP_2_25.08.2025_20250825_210900.WAV,623.3606,1.2838913965799248,103207.20993415602,10618.927582847347,0.003442637054056802,0.613997179396609,0.0022637616,8223,-1018.429546620171,-166.11385144045727,-339.4443533463413,108.68276244706965,-51.49920596357155,108.5888229564339,-9.829180533194867,-8.20359536556334,4.7894079332159,-24.37988925883617,21.239103747887423,-20.017721642440627,10.079885169015393
OSP_2_25.08.2025_20250825_211000.WAV,807.33997,1.9316383832391226,115283.72723940764,10608.384448224322,0.003406402953087098,0.6130823013630319,0.002739716,8284,-941.6757740691622,-131.88220780577768,-263.33158736729905,107.11840670702448,-23.410302219431994,81.33645452659155,-7.826560559700536,-28.92084990635159,6.7950445500881305,-25.16568132089187,25.691792914699477,-11.727137174624144,8.452598969684436
OSP_2_25.08.2025_20250825_211100.WAV,723.3076,1.5305399588254387,109108.91713770725,10645.108207848447,0.0033766418503597445,0.6155111109956782,0.0024678758,8222,-996.4474176448359,-158.85946613465953,-319.38444104149625,110.44340661309212,-43.81792475508532,102.68733916443404,-9.298092475309259,-14.503429092856347,4.992781771804341,-26.12604750063725,22.314909023757355,-17.933794536175302,10.700316264862451
OSP_2_25.08.2025_20250825_211200.WAV,628.12317,1.8312344799602824,107062.28490413049,10666.597878024204,0.0033470527217560873,0.6177016237948804,0.002375221,8231,-1040.9460866494426,-181.87778392328684,-368.60433122835707,107.65589191686192,-67.05858635290669,118.21847813887813,-13.92728806275879,2.096394324809394,4.838106550250791,-20.1953792162089,19.917972173376906,-20.87029991128365,8.742099462800496
OSP_2_25.08.2025_20250825_211300.WAV,804.46106,1.923350203155536,114522.72809746632,10632.250114878583,0.003392274490686075,0.6148560868932845,0.0027065089,8227,-868.3057364548913,-101.04064291575402,-194.4794720028903,96.87851562783125,-9.60659348302239,53.29022442845064,-9.240332050186469,-36.50624654614425,12.651067924351155,-16.80967518241831,25.60607675929377,-5.948761358881384,-0.015320618890267961
OSP_2_25.08.2025_20250825_211400.WAV,612.8048,1.9018485121759083,102755.45192573569,10622.021572910222,0.0034319941944487673,0.6140702917220745,0.002247442,8263,-1005.0509902484796,-159.39590457843437,-323.4189204095742,109.29058799982295,-44.444828336567625,103.99347725813375,-8.991794281544427,-13.075475059989154,5.057617271414884,-26.32891792517007,21.732635671298134,-18.229501711255,10.711010359078054
OSP_2_25.08.2025_20250825_211500.WAV,753.9773,1.9213431189886627,107679.08591773327,10621.719074164412,0.0034036208834926757,0.6137487533244681,0.0024193386,8236,-1003.0679822339773,-159.7638695826463,-324.71161744389207,109.55832581692852,-44.763721794887246,104.15054907235782,-9.008502632803703,-13.008082057506805,5.303973580694884,-26.408757569404397,21.586318848238268,-18.405976823210345,10.902886836501425
OSP_2_25.08.2025_20250825_211600.WAV,740.1659,1.7234448674887248,105072.18143667627,10624.940257891421,0.0034220212778829423,0.6141867779670878,0.0023348427,8282,-951.4335863226459,-134.87770893703674,-268.54806814613033,108.343599929281,-25.033489382303586,83.69843249435382,-8.058600105364668,-27.855093387332218,6.787261851020395,-26.14157098501709,25.306858029777917,-12.174827668136343,9.489589174655338
OSP_2_25.08.2025_20250825_211700.WAV,751.9479,1.8873652068297435,107837.32656209134,10603.35984789491,0.003417568980127946,0.612965685255984,0.0024283978,8263,-982.5132928294746,-149.4494573024106,-304.09087092917594,108.62299497190884,-36.665362860931936,96.85451605268445,-8.222189576977781,-19.1159596906254,5.939507822627385,-27.05662178308248,23.0948315556227,-16.372178339292134,10.842181882862068
OSP_2_25.08.2025_20250825_211800.WAV,812.5182,1.9134962348239752,113517.26880133351,10626.519558956763,0.003364979684054549,0.6143542999916888,0.0026595308,8257,-887.4683209790799,-108.58415276161766,-211.0837221852175,100.35970617786575,-11.77620389846537,59.984221500418954,-9.20502320031353,-35.767960133468655,11.209857495048842,-19.394529086498938,26.275376638586142,-6.504482456330007,2.3817393472414246
OSP_2_25.08.2025_20250825_211900.WAV,626.677,1.8937465085748042,103864.72081335515,10614.182907064747,0.0034037541391062627,0.6136452532829122,0.0022961204,8263,-982.0448818799032,-148.53354518318255,-299.89195265082685,109.3426723109118,-34.677947772470034,95.8872670195172,-8.135509489134867,-20.3538344583372,5.698048834784589,-27.517228851735048,23.092696180458248,-15.777082005245202,10.987071177978796
OSP_2_25.08.2025_20250825_212000.WAV,603.74713,1.9124961950098178,100598.34095033167,10614.080150773656,0.0034173820594158573,0.6135368184840425,0.0021824166,8232,-1008.7960822579704,-159.9561070853048,-325.54004811410846,109.60392727396375,-44.29439067391187,104.39594364934618,-8.584912616103795,-12.855565858086663,4.934741814273343,-26.54732733495764,21.39622867635488,-18.50647891187641,10.777667609537898
OSP_2_25.08.2025_20250825_212100.WAV,679.11847,1.905060098936215,105118.92146346679,10607.895174653017,0.003387424310952487,0.6134483824384973,0.0023470046,8233,-962.3854431339331,-139.04397344369877,-280.1440460708035,108.36248120087528,-28.085206321435845,87.74056799193606,-7.522259851652337,-25.219137372728085,6.419779181583763,-27.049477980954617,24.341393239073163,-13.266170087148009,10.073966389824992
OSP_2_25.08.2025_20250825_212200.WAV,806.0514,1.888652961587815,109382.78273740446,10606.218617242539,0.003391914193164424,0.6137374553274602,0.0024891389,8235,-925.2060012443771,-123.09541019275142,-245.25987314388695,105.01934728505718,-18.447578242774213,73.86136736219021,-8.178504829610292,-32.42515244821034,8.72175091943505,-23.802951237384573,26.062372247666204,-9.278634421608398,6.6809374692769055
OSP_2_25.08.2025_20250825_212300.WAV,793.5792,1.937923243216886,109611.6937782232,10612.378711776779,0.0034098433783585546,0.6131728152011303,0.0024933263,8266,-972.5810751487469,-144.54942652077443,-292.04514380791755,108.9448137514184,-32.40715773302597,92.36735728245188,-8.11589407625955,-22.642397252090483,6.332835563991832,-27.001294208077905,23.930409608859563,-14.469857761201164,10.304640799251176
OSP_2_25.08.2025_20250825_212400.WAV,784.86066,1.8960740754325274,108401.23431043174,10617.673578999418,0.0034028925127786757,0.6135660374418218,0.0024557975,8246,-932.4566156324212,-125.9157216948896,-249.73891626674046,106.35802960506386,-19.541356238599505,75.82803552863415,-8.257009887853185,-31.754167300287737,8.364632457443442,-24.415108517175245,25.869279464160602,-9.790595283422547,7.271808841032028
OSP_2_25.08.2025_20250825_212500.WAV,787.8365,1.933167954730093,105995.79717795242,10617.207676726262,0.003411004834045456,0.6137282351230053,0.002375493,8271,-958.2704718801428,-137.5617344157816,-275.42686198765983,108.50573761163406,-26.92471284931517,86.24845525635682,-7.953673468491861,-26.362880273903507,6.652374002528104,-26.762385472926486,24.854162641314566,-12.641065339912437,9.578556323426987
OSP_2_25.08.2025_20250825_212600.WAV,677.84357,1.930288458723009,106539.03603079599,10622.09729783967,0.0033701935567664754,0.6139701680934175,0.002388594,8245,-965.7478363720371,-141.16980474167337,-282.7928804380962,109.25458870170155,-29.029289192367674,89.4092509442692,-8.028165725795395,-24.979700469374478,6.632184993688062,-27.325119112241776,24.23922390962028,-13.595565363526388,10.004222680274191
OSP_2_25.08.2025_20250825_212700.WAV,747.3806,1.8474274420531103,106433.09414179849,10615.309245919903,0.003415078989724224,0.6137891404172208,0.0023836745,8225,-919.7506637863812,-120.4235559703744,-238.67491228178253,104.49351254476899,-17.364943088199514,71.07992827133728,-8.202531516242447,-33.04069274742891,9.262062219646879,-23.40244957920723,26.203047025569244,-8.527717546713964,5.926855328723042
OSP_2_25.08.2025_20250825_212800.WAV,832.7545,1.9096321150304678,118887.32378491548,10608.307842508057,0.0033731414233359636,0.6131213898354388,0.0028506096,8203,-919.8234888323491,-122.61960386366434,-244.1155533182646,104.97377504173949,-18.305327026426276,73.2100999111896,-8.540807676857572,-32.30820903315667,9.317658521334648,-23.992686174824737,26.175598896969348,-9.146795967117999,6.337523925874912
OSP_2_25.08.2025_20250825_212900.WAV,854.2269,1.935434904440285,113200.37359328511,10616.461062888333,0.003389636077810071,0.6136909647190825,0.002640302,8223,-950.9942740389688,-134.859853642063,-269.9152578762113,108.08388287122906,-25.117399886668455,83.9599216872275,-7.940372572580217,-27.86912379356531,7.234990289793155,-26.29962477848524,25.014508044097738,-12.04649626458225,9.176435804352318
OSP_2_25.08.2025_20250825_213000.WAV,679.8857,1.8742419649658624,104211.37614219727,10613.317136020083,0.003396152773341291,0.6133573491522606,0.0023096094,8212,-987.3025543321385,-150.82607243420603,-305.4950283466999,109.44098033149814,-36.6538186380361,97.81948389482272,-8.299765891928898,-19.111863521640313,5.66438254293307,-27.45091859220424,23.264196076157592,-16.36744717117172,10.5459002472087
OSP_2_25.08.2025_20250825_213100.WAV,760.7734,1.9373229821913056,111607.33081483115,10621.078351549868,0.003406509633913009,0.6137465456698803,0.002547595,8279,-889.1683071581089,-107.19286095290018,-208.70785934458786,99.80832905796186,-11.155342307411624,58.80065791320875,-8.862379011471711,-36.09918678611,11.3722058557456,-19.08923759137053,26.043287952970932,-6.231963359806166,1.8601029278534968
OSP_2_25.08.2025_20250825_213200.WAV,547.881,1.5454654516613737,100018.07776808969,10615.123835042992,0.003400453996679297,0.6133083911652261,0.0021620623,8250,-1083.0149430015433,-196.5180891162703,-410.47151258396,101.05949315675349,-87.34492037074058,125.89658830846217,-18.71666524927107,15.46589420052656,5.0959400122162055,-11.572079776776887,18.210191868490615,-19.464652870563967,6.058802765441677
OSP_2_25.08.2025_20250825_213300.WAV,810.88,1.9182924417211615,105801.78976401224,10619.462905336843,0.003401396588610394,0.6138974453540559,0.0023582214,8251,-962.2036066093594,-139.23585386608647,-278.6509285939605,108.8750312935739,-27.580821390778844,87.60581327818583,-7.973449319261373,-25.708013250169866,6.208219869147613,-26.824869514861525,24.733610963879123,-13.16529642324213,9.879345795922847
OSP_2_25.08.2025_20250825_213400.WAV,736.6338,1.9105865539382485,105708.80745645711,10610.191261108046,0.003412818468376831,0.6134687707779255,0.002349184,8245,-989.5030469084793,-152.1140655217501,-308.60926518992403,109.09885699802395,-37.877040230388864,98.97290055565313,-8.35290454760063,-18.005410682704213,5.532677078708392,-27.318563569937798,22.517433314004357,-16.72162136900677,11.175534056670523
OSP_2_25.08.2025_20250825_213500.WAV,712.41766,1.064413286891956,103203.51287179707,10616.563194836917,0.0034345158174490732,0.6133403372257313,0.0022621306,8250,-1004.5806647016096,-159.08185900100747,-323.8867248008419,109.34016621931335,-44.39345037000254,103.65338644742167,-8.938097260911391,-13.269783791626663,5.1782236279565526,-26.242489559983184,21.620177898746167,-18.29764168731713,10.902555939531116
OSP_2_25.08.2025_20250825_213600.WAV,646.99835,1.8365624409609604,106067.26104369176,10620.805111340049,0.0033949527602597663,0.6139515978224734,0.0023689698,8228,-951.9135731981919,-134.7480348431051,-268.99087477090654,108.0923005786222,-25.155622882934033,83.95224538675303,-7.688511322085974,-27.969696162026214,6.829031961153684,-26.265817899952594,25.304640685525527,-12.183914086209569,9.222924614477616
OSP_2_25.08.2025_20250825_213700.WAV,660.6572,1.8486435503467282,103744.55492457432,10609.043915001885,0.003440568311331078,0.6127641393783244,0.0022837655,8281,-1008.7111213419104,-161.06398166023905,-329.0357723983491,108.46717397423971,-46.70414198699823,105.40907537280577,-8.963378611046256,-11.420230427251761,5.141853559615707,-25.44597790767463,21.19410274636405,-18.807645479423833,10.325538009055617
OSP_2_25.08.2025_20250825_213800.WAV,721.88617,1.8835462270582448,103201.97224826031,10610.686630024222,0.003436906659350985,0.6131829444398271,0.002280323,8253,-979.8027650518511,-146.7034071716805,-296.1866244616893,109.15697475641538,-33.342898133798315,94.20330237092526,-7.968083615259738,-21.213674774253494,5.631181499337999,-27.301295014688176,23.375946387894,-15.267095029748774,10.845585640485883
OSP_2_25.08.2025_20250825_213900.WAV,555.265,1.8759028215017286,100361.80043914526,10611.116183992253,0.0034881731065128647,0.6128912743101729,0.0021667161,8233,-1082.4337718682227,-196.61794577799836,-411.2407505721093,100.15847460277067,-89.1334017978013,124.98081581983992,-20.119795509991654,16.118503040558736,4.515366147989722,-9.860036179146533,18.95955144367179,-18.401800683187577,6.770462171499095
OSP_2_25.08.2025_20250825_214000.WAV,738.8209,1.8813778809402297,102676.23883827245,10605.081731906173,0.003470184128818,0.6123637747257313,0.002257623,8237,-958.0060436435215,-136.24381888940673,-273.43531084063113,108.01424263812122,-25.759419931872014,85.11495248694087,-7.9264320171636715,-26.61542543352212,6.472108165615273,-26.205704912653594,24.722218521750957,-12.649328906102257,9.788919062109537
OSP_2_25.08.2025_20250825_214100.WAV,709.1607,1.7889588819731341,103932.70162283818,10608.650343415737,0.003457857321228926,0.6128877680352394,0.00229873,8245,-983.0660483587769,-148.79995662022557,-300.9136302439003,109.16354122725342,-35.02292167092244,95.84855774373219,-8.349327957431939,-19.77019847238919,5.70232993206709,-27.139420721178436,22.88991440183286,-15.797525406457982,10.924198436354718
OSP_2_25.08.2025_20250825_214200.WAV,780.67395,1.9346590411579312,106494.16739721507,10605.668072712368,0.003454094311700068,0.6124522107712767,0.002396782,8261,-975.835873008003,-145.92636730642883,-294.52441016697014,108.9226381998154,-32.9877849852181,93.30941342120565,-7.771870126810256,-21.350317680662506,5.482830659851498,-26.778442486307444,23.22665380719197,-15.342794897210254,10.765906997830461
OSP_2_25.08.2025_20250825_214300.WAV,608.9011,1.938434447341502,103055.83843202566,10613.252684287203,0.0034482568234425353,0.6126583018201462,0.0022720534,8227,-997.2333012975156,-155.1309132352849,-314.53611083033684,109.5366360133309,-40.417239022299036,100.61264902536827,-8.3627102602053,-15.905133046695594,5.174618749008102,-26.65678234916217,21.85509486514964,-17.46427762507075,11.138218343257169
OSP_2_25.08.2025_20250825_214400.WAV,860.89105,1.9316177689554888,120728.20498340583,10611.208748139516,0.003394227719579935,0.6125642817071144,0.0029018624,8262,-906.4193428658526,-116.37514858894589,-229.48090470090932,103.09214585355834,-15.203724274990652,67.05443117485169,-8.52021635159994,-33.977641394887456,9.908702268762339,-21.56974543150347,25.81659730667952,-7.947606799965174,4.845553771950257
OSP_2_25.08.2025_20250825_214500.WAV,790.6643,1.9368042980687044,112252.0768469084,10601.264838909747,0.003474502226276262,0.6126446663065159,0.0026033903,8256,-960.6553617581804,-139.0040021581932,-281.7125688979656,107.72326467561454,-29.319180798959806,87.73701594486941,-7.811439058360307,-24.92273987635912,7.009374141889806,-26.307498733098747,24.549199242934336,-13.11562091743239,9.577691997163557
OSP_2_25.08.2025_20250825_214600.WAV,748.65295,1.9225971406739237,107485.36338895826,10608.053735468366,0.0034486394805183576,0.6129090654089095,0.002410693,8259,-954.7699174303465,-135.54663629638605,-272.8114979110038,107.84815426753842,-26.08502591510054,84.74432948337474,-7.637788971498149,-27.19018665998962,7.115538902536772,-26.38312629177138,24.72688102418894,-12.23331541091332,9.442245109399028
OSP_2_25.08.2025_20250825_214700.WAV,761.6979,1.926163644735611,109354.87157324218,10608.331736652406,0.003407772240447056,0.61307373046875,0.0024840294,8254,-957.6654991572241,-137.30591806027937,-276.8273887048426,108.30967670671942,-27.180880565402735,86.22430814230502,-7.493971241707923,-26.58983412520548,7.268165188046645,-26.598772072706794,24.354988908731553,-12.658048028491663,9.329168263214624
OSP_2_25.08.2025_20250825_214800.WAV,813.594,1.9383525126471524,112416.41768459116,10615.965127740286,0.0033984917278056135,0.6133054043384308,0.0025907953,8247,-935.8605538845625,-127.79601999673605,-254.2406680623566,107.05231234309402,-20.57492963869759,77.06160060574274,-7.925974506362194,-30.942477983117318,8.070541274158602,-24.932692562033626,25.600223628431536,-9.67944728297787,7.502451463019671
OSP_2_25.08.2025_20250825_214900.WAV,822.6256,1.8504010357601448,108671.20155327303,10613.881152857215,0.0033787174292346897,0.6132087869847075,0.0024731038,8231,-941.8271469202233,-130.02653613343637,-259.82318279037924,107.25005013086644,-22.10051590937933,79.79698107064998,-7.758550271421708,-30.172208416243976,7.976563964573315,-25.682977442040183,25.280090470267414,-10.648881718046454,8.368422443831173
OSP_2_25.08.2025_20250825_215000.WAV,638.5583,1.741120666025887,102910.93818581599,10616.995799809314,0.00341524223861878,0.6134379934757314,0.002269586,8214,-1022.6172164742045,-167.1706477687344,-342.3901372302519,108.71389775504518,-52.080076371245916,109.61786666224677,-9.644479584972572,-7.591803005080508,5.509140345115654,-25.107344059642237,20.305526674370643,-19.52597001421298,9.691867247932304
OSP_2_25.08.2025_20250825_215100.WAV,615.25793,1.4735253474298087,101586.58449569209,10617.976521704457,0.0034045393499183545,0.6136609665890957,0.0022187217,8236,-1045.2698599115595,-178.10101879696816,-367.4587961608488,106.70147687129987,-64.22521524039925,116.73131058916,-11.72961104011375,0.8175112418848562,5.563715473665467,-21.29162270924453,18.75737301562299,-20.900952058887107,8.7999633884793
OSP_2_25.08.2025_20250825_215200.WAV,781.94714,1.8565552806167256,113735.06245011458,10617.527635793049,0.0033895906603956224,0.6133604658410904,0.0026728672,8244,-938.0397002873117,-128.57601438938957,-255.78170422939831,106.83042436375617,-21.285178469501922,78.39875365605187,-8.076582215769651,-30.693831822082135,8.04215365334392,-25.066157402423237,25.573725149451427,-10.210137352440993,7.7662645722325365
OSP_2_25.08.2025_20250825_215300.WAV,813.08887,1.936920295864705,114437.15833744225,10593.991817070279,0.0033981495752759957,0.6122137840757979,0.0026523082,8267,-963.4122475495495,-141.19111833142676,-287.8495944590657,107.69579399175534,-30.995684171333547,90.11427389178401,-7.435757072816114,-23.55944759685626,7.094703822378194,-26.995684190848806,23.702971174995533,-13.873650977497613,9.716779169259873
OSP_2_25.08.2025_20250825_215400.WAV,677.6299,1.9300383972572037,102812.60168293088,10625.427973169952,0.0034218831148164286,0.6143736494348404,0.0022800993,8247,-952.4806600071596,-134.1019840517796,-267.10176081742685,108.27815540483805,-24.446436726738035,83.228712414166,-8.172196606563768,-28.351659965826478,7.337151908532539,-26.47897504085182,25.289490550477023,-11.778793741218749,9.25310111297966
OSP_2_25.08.2025_20250825_215500.WAV,887.3358,1.9409187218061343,122185.74731931897,10618.92367538379,0.0033752420176178005,0.6134678617436835,0.0029406273,8267,-917.2560148310588,-122.19097255140929,-241.48897243741334,105.05584555186617,-17.938092020530572,72.29033571464196,-8.729197342931885,-32.52156297148687,9.10070043593922,-23.448243963840106,26.21204415808942,-8.861437353340982,6.177367573810033
OSP_2_25.08.2025_20250825_215600.WAV,840.6108,1.935353838868302,118992.47004441709,10606.686867191174,0.0033815775022514967,0.6131824249916888,0.0027976169,8259,-924.0764447252769,-124.10122103578611,-247.19991984239957,104.97204146421984,-19.1398569660511,75.25246179791918,-8.333902844119118,-32.1339509121421,8.937583248445788,-24.353236262730892,25.838490791996854,-9.334896373236369,6.787058967672326
OSP_2_25.08.2025_20250825_215700.WAV,737.1483,1.9148440530884285,108041.64870324828,10612.542749974373,0.003406137430151806,0.6134059175531915,0.002445477,8218,-968.140147568181,-142.43880827082748,-287.6880627371506,108.76730387003131,-30.897416815049922,90.70253101026948,-7.774205297587386,-23.725174530284473,6.637752142381076,-27.3059783311657,23.946761954171237,-13.829434568506114,9.99422048799877
OSP_2_25.08.2025_20250825_215800.WAV,835.61835,1.928074386729818,116394.71903202792,10600.840786265688,0.0033907764616341873,0.6129715290475399,0.0027640944,8236,-921.061434496524,-121.60040694936367,-242.61994872164453,104.3167373706746,-17.74642063074816,72.5395803457352,-8.118627728392457,-32.49803337131879,8.882216851409746,-23.726196165336916,26.053712374152976,-8.643497050562932,6.206085048109262
OSP_2_25.08.2025_20250825_215900.WAV,669.82916,1.9224621955085814,106719.71072270373,10603.399087570866,0.00341575099760119,0.6133172217835772,0.0023707207,8236,-993.24093513657,-153.87630523182838,-314.75654549339447,108.62829555416332,-40.713907026152945,100.37538604231368,-7.833191623053599,-16.04720169242764,5.9458871243753615,-27.36914488630074,21.955218917878334,-17.044467886610224,10.584208592411654
OSP_2_25.08.2025_20250825_220000.WAV,762.0161,1.9332737575176613,107975.69497664279,10614.88116633541,0.0033944733230171042,0.6134479928523936,0.002457149,8241,-959.7901577634624,-138.21997936296586,-277.45031051902873,108.64653103687387,-27.302471681220556,86.94093171743167,-7.90337996231231,-26.29630541119253,6.917335510873512,-26.99967727658721,24.67557072991147,-12.598521315357043,9.379989135789288
OSP_2_25.08.2025_20250825_220100.WAV,731.91565,1.9060747059461571,108152.525821666,10610.136552423124,0.0034036968304767155,0.6129073772024601,0.0024330362,8208,-975.3055757540261,-146.2419473819912,-296.16281309112566,108.8376933433595,-33.87632783046424,94.01065723113724,-8.148313214837192,-21.283817354410587,6.454213669736358,-27.43198630975665,23.400047223072,-14.971634144107902,10.372886197651878
OSP_2_25.08.2025_20250825_220200.WAV,748.6919,1.9163368114923611,110800.49593012202,10613.79234277587,0.003387132940827613,0.613634344872008,0.002540698,8276,-932.5934307308321,-126.77442990148472,-252.49352041925775,106.18414642637424,-20.42907951844717,77.01820990764152,-8.369371064571846,-31.146874678024698,8.695564601747783,-24.95177325912589,25.639587683754062,-9.84762968468026,7.395929497891325
OSP_2_25.08.2025_20250825_220300.WAV,828.9248,1.9311222409660522,113275.3008784466,10611.299606224095,0.003393257229698753,0.6132561866273272,0.0026297458,8284,-958.3665139611295,-138.48091098045865,-279.000220900252,108.29939942262176,-28.111891164069302,87.33137221612546,-8.04403718078521,-25.850607580042187,7.2829820094672595,-26.966245286266023,24.687231697483472,-12.698229977431897,9.24829922559624
OSP_2_25.08.2025_20250825_220400.WAV,779.14246,1.9362507678674725,111643.55207972502,10616.885124265906,0.0034179648130625204,0.6140135420129654,0.0025841114,8235,-936.3194494637002,-128.10023749185288,-255.269019616788,106.54316796334541,-21.399671232658374,78.05938306010636,-8.233989332953119,-30.477751121818084,8.251609843963461,-25.262128157479737,25.763163265947444,-10.16863571512927,7.851223517431206
OSP_2_25.08.2025_20250825_220500.WAV,654.1488,1.8421981651355828,103911.54027376455,10608.777919932974,0.0034330987427356905,0.6130226946891623,0.0022878589,8255,-1050.2648365565897,-180.66541428221925,-376.33703242297656,104.91646494692198,-69.66849984714048,117.70166480504874,-14.067611183874941,3.7037628847145636,6.100558939028722,-18.87430188251774,19.652478509060405,-19.899819343112412,8.189435564438421
OSP_2_25.08.2025_20250825_220600.WAV,740.8313,1.9300854571674453,107848.13866691852,10605.783757017496,0.0034136184843461923,0.6134047487948803,0.002422239,8250,-924.0490070712661,-121.71352767700631,-242.76226594133752,104.47006267306578,-18.068561975809597,72.97046535566163,-7.956739824604736,-32.71387014793821,9.156239587890605,-24.09829450213264,26.014452843639003,-8.880895046688261,6.405994197527785
OSP_2_25.08.2025_20250825_220700.WAV,867.2268,1.9168226813179297,115880.71510815945,10606.02401764604,0.0034294465877988374,0.613152167137633,0.0027277872,8253,-952.7082985911082,-136.01678772816177,-274.3835331532958,107.41850013450586,-26.76726845366474,85.81927730445537,-8.003480420450991,-27.066652755602714,7.485320704960765,-26.66678530023073,24.997073155776008,-12.029913200987036,9.128049444371513
OSP_2_25.08.2025_20250825_220800.WAV,561.3812,1.7353373410649457,100372.1850367753,10617.640970420345,0.0034510561830068324,0.6136087620511969,0.0021728205,8220,-1012.1442197623752,-161.26478022962561,-329.73242088197117,109.13099264872268,-47.147932051566485,105.22805682605302,-9.406050723356392,-11.607461200480774,5.864665320744421,-26.03529984268907,21.669998540599643,-18.010293421887702,10.161872666207554
OSP_2_25.08.2025_20250825_220900.WAV,786.21796,1.9199300453916806,109935.40136934702,10616.367610305184,0.0034147164412749566,0.6134703291223405,0.0025286786,8240,-943.310948785063,-130.75779471347659,-261.0776665169419,107.2198710055357,-22.905040969605103,80.2843710176086,-8.037946043754618,-29.55915996771293,7.809363274394101,-25.742521115401768,25.586769663567352,-10.502753704107855,8.188892131186453
OSP_2_25.08.2025_20250825_221000.WAV,605.75244,1.9239838119907224,101890.36912762854,10620.703995130749,0.003398469918004501,0.6139821154005984,0.0022371344,8264,-1010.274674707999,-160.85984084959517,-327.98082018073836,109.36826509023379,-45.98742821908712,105.4880411766212,-8.770163161756507,-12.395630066763648,5.636943829121982,-26.76486377705143,21.517352826442462,-18.361142038284044,10.136382810568287
OSP_2_25.08.2025_20250825_221100.WAV,520.3627,1.9406041480951075,99455.15925836198,10618.800641449841,0.0034081971492287704,0.6137004446476064,0.0021460848,8239,-1111.861332796996,-211.02743112422462,-445.1685134896316,94.59936559594541,-109.91400938507812,129.78340492806277,-27.805182549185346,26.404641864161594,4.170791312904626,-1.1604940668131851,18.353466489997327,-13.800730054140555,4.323593073714201
OSP_2_25.08.2025_20250825_221200.WAV,582.5354,1.4148125844409594,100294.04911477666,10613.492363259455,0.0034363558684372265,0.612978541597407,0.0021751022,8288,-1014.0315522798682,-161.57549859267988,-330.6146537896393,108.95354364510958,-46.941990296480185,106.03061487022107,-9.118708095842354,-11.45124396030474,5.73927468719686,-26.24434260817943,21.35234157699106,-18.775466538966523,10.188421794045244
OSP_2_25.08.2025_20250825_221300.WAV,521.3727,1.2641825442106107,99218.27862446834,10621.38192516179,0.0034341020473855595,0.6139314692071144,0.0021368347,8226,-1113.7466574582775,-212.04631537322706,-447.29698332435913,94.17764735311066,-111.86485669169285,129.56800279839135,-29.108911425253694,26.75466421198521,3.821119967891095,0.21768262669138946,18.70039280431454,-12.966590139397573,4.454593061116756
OSP_2_25.08.2025_20250825_221400.WAV,526.40906,1.914803841545134,99815.74388068654,10618.373964322696,0.0034096286945486296,0.6135800625415558,0.0021538814,8229,-1107.9879777776807,-209.71235927002817,-440.8654450523831,95.56616873982315,-106.47908323949852,129.83198407931633,-26.826992384560754,25.219687776814308,4.2856056893939,-2.6968144694910356,18.150652739412543,-14.71246035043309,4.657162926331946
OSP_2_25.08.2025_20250825_221500.WAV,526.51776,0.6385723227249007,99397.14221121643,10615.393564370246,0.00342598075280894,0.6136599276928192,0.0021438894,8263,-1036.3689125141618,-172.5917115906784,-354.95522733048927,107.81214235412537,-57.79501810595265,113.37893832681077,-10.813539269198431,-3.422812653585201,5.357917737003402,-23.35578012348032,19.967586294132985,-20.51864687641019,9.217616677324479
OSP_2_25.08.2025_20250825_221600.WAV,535.85803,1.7174474756247908,100059.5272292945,10623.344199568068,0.003410682086505895,0.6135861660571809,0.0021638891,8254,-1081.3789534322425,-195.8466843828921,-408.22341721021814,101.66903590062948,-86.67064608833357,125.16199853839724,-18.924013536011127,14.533619792661828,5.4130862689463815,-11.812177347062534,18.704212813090443,-19.08587582451481,6.022285095102907
OSP_2_25.08.2025_20250825_221700.WAV,517.28284,1.8817923751506616,99184.73005471204,10618.003364263735,0.003449601291021169,0.6138358907496676,0.002133211,8261,-1126.4695364400566,-218.4932913821232,-463.5382889907407,90.41758127655689,-122.89066213554983,130.31725307972107,-34.79115837921201,31.136834566504717,2.2027938502751074,5.388181053652315,18.992585848291654,-9.209041998247894,4.5436695827947355
OSP_2_25.08.2025_20250825_221800.WAV,526.8244,0.9805504932729098,99799.62006068708,10618.244656163459,0.003424889380528399,0.6137071974734043,0.0021546374,8226,-1043.1987425479645,-176.77036371864708,-363.71573621353036,106.93986811300621,-62.260094489783874,115.9911161205226,-11.894216691522098,-0.02114305927962101,5.214489951355505,-21.94955109247717,19.287804609392992,-20.86470464286099,8.920440090545863
OSP_2_25.08.2025_20250825_221900.WAV,583.8058,1.8913118230817356,102328.2475046946,10627.653328067832,0.003392679745073948,0.6143609229554521,0.0022450862,8248,-981.8359579838861,-148.03387010015885,-297.4714694068478,110.04396290802505,-34.08988581279766,95.01317620895514,-8.249764827001961,-21.20159652606465,6.150497742699354,-27.68045036401263,23.293001132117368,-15.297388218185354,10.380145170414405
OSP_2_25.08.2025_20250825_222000.WAV,518.27075,1.7323289140202172,99648.49566505605,10623.627229964044,0.0034082947884058017,0.6136943411319814,0.002147439,8250,-1122.277174973365,-216.8899402803394,-458.57567106499744,91.93166775923663,-119.0126765590149,131.0344888759845,-32.189434534695145,29.63184870089173,2.9705463219688015,3.009932432724379,18.210464390766024,-10.883062311201021,4.404825120482139
OSP_2_25.08.2025_20250825_222100.WAV,537.9115,1.8524910237586858,99886.74147651337,10622.515322345935,0.0033984955401261704,0.6140702917220745,0.0021555251,8237,-1076.587121003004,-193.59318688704195,-402.5323523954239,102.62713818635653,-83.07688512370318,124.49573743945729,-17.15148865316493,12.870394715803645,5.5221277233629795,-13.661138146097743,17.99454655258954,-19.784324843794515,6.2128029066159955
OSP_2_25.08.2025_20250825_222200.WAV,564.59564,1.6808627996327419,100685.1645532986,10619.519576218288,0.003401383280371937,0.6137283649850399,0.002189171,8223,-998.5880665991269,-155.19839030137152,-314.56193960013394,109.57948600464509,-40.31212446252124,101.36724888131224,-8.263171201748,-16.3190926691022,5.48595047488353,-27.61301162522647,22.07098714964197,-17.141214905234516,10.703671393542292
OSP_2_25.08.2025_20250825_222300.WAV,528.82605,1.394224287018099,100454.52297256123,10631.872657430775,0.0033818691479935987,0.6150010129238697,0.0021731544,8258,-1082.0681235260001,-197.35674490308455,-409.6203756202248,101.59917423094201,-87.38272816414593,126.45553494983061,-18.802329790130017,15.404443879519548,5.336279564844953,-12.048626848465913,17.888796680982747,-19.11145209793866,5.734127003428592
OSP_2_25.08.2025_20250825_222400.WAV,531.37915,1.8841538791593844,100426.02540677114,10630.8599207028,0.003391704987111217,0.6148686835106383,0.0021799514,8257,-1042.169173184125,-176.63084065549748,-362.06919789374865,107.68907565572742,-61.60819915887772,115.88020763133295,-11.657798078478086,-0.7933215164143815,5.459516723152766,-22.591706529588112,19.307665337699493,-20.82839299456062,8.993326769088487
OSP_2_25.08.2025_20250825_222500.WAV,571.8262,1.7982475682546988,100004.20461251089,10621.980621261553,0.003409325829762522,0.6138653694315159,0.0021667606,8247,-1034.8966413601179,-172.4794561158819,-353.7078949513314,108.1652956579841,-57.14540325119961,113.37068914129281,-10.606827918664617,-3.905860451217448,5.474150104390484,-24.047137469471057,19.62984316844325,-20.097218613413034,9.201366948015165
OSP_2_25.08.2025_20250825_222600.WAV,520.0851,1.9378061152029544,99595.5255858355,10622.7003552067,0.0034041108374595662,0.6139079641788564,0.0021487111,8221,-1103.724733708695,-207.31398641223942,-435.00812941097445,96.89856133165559,-102.9864785185737,129.2877737606151,-24.96666549850942,23.225195353912678,4.632550206233966,-4.352389571694466,18.053017607997916,-15.770478416854647,4.837278801242692
OSP_2_25.08.2025_20250825_222700.WAV,523.8639,1.906176345721657,99769.83410427239,10620.720425637704,0.0033992617606051524,0.6136721347240691,0.0021565931,8259,-1088.4472933981244,-199.382753009004,-416.20111411653517,100.31212580966462,-90.99320564509264,126.73942460173863,-19.76306128830502,17.6287652741017,5.115029991177583,-10.114022828642451,17.690323224556725,-18.526968424196355,5.508283302856633
OSP_2_25.08.2025_20250825_222800.WAV,529.3439,1.366964149297898,100406.33347745927,10628.73904546488,0.0034085029952104387,0.6144413075548537,0.0021706165,8256,-1084.7526300693096,-198.27623282124333,-413.1229537855201,100.65580192599126,-90.16869252183204,126.03720177809167,-20.27626918218643,16.48843003363307,5.520597719824404,-10.229013497961052,18.529986292305193,-18.025691930103218,5.404580883263039
OSP_2_25.08.2025_20250825_222900.WAV,526.0121,1.7393763215175304,99703.71367677709,10623.998136323493,0.003418265180105136,0.6141449623919548,0.002150259,8246,-1093.9620410768382,-201.87522262208978,-423.66254236696125,98.8439742904122,-96.56722625022316,127.22319294736192,-22.581569656232254,19.41008571785127,5.496781750759119,-7.554752117864892,19.011828149132967,-16.947553838180017,5.349745153382224
OSP_2_25.08.2025_20250825_223000.WAV,523.0576,1.3595796434763006,99881.54657101155,10625.320301259453,0.003407484013408418,0.6140730188248006,0.0021560933,8199,-1090.4400620517335,-200.55644418319383,-419.36140538968317,99.74000951678912,-93.61681085209764,126.9417984968366,-21.242836133059914,18.357234313689887,5.307461692746619,-9.100164570759633,18.373115914556262,-17.692498189862867,5.581426100065234
OSP_2_25.08.2025_20250825_223100.WAV,532.1478,1.6500577756492016,107669.0889159484,10683.593163506936,0.003269523378888433,0.6192343853889628,0.0023577863,8248,-1062.2054738074323,-194.26232326195966,-392.66600497438543,105.57464878219612,-78.90573045910944,125.1794466710435,-17.335550853040584,10.589927919019972,5.155430227777982,-16.601400226921342,17.83744629479349,-19.683512729842384,6.52840138493262
OSP_2_25.08.2025_20250825_223200.WAV,518.6804,0.7951917463207212,99410.63000705146,10629.161399336888,0.003386244416707987,0.6145463659408245,0.0021425125,8260,-1121.2820635433773,-216.92591016652443,-455.9494324348767,92.86347965831705,-116.48891559670513,131.70310453303628,-30.748256967889215,29.63802613750584,2.897167357096393,1.5422477392041538,17.63263687739613,-12.089914045960937,4.011260371403467
OSP_2_25.08.2025_20250825_223300.WAV,521.9458,1.7497752193508593,100197.12115932864,10636.42439727794,0.00336924910897922,0.6153899497174202,0.0021658065,8241,-1088.9231765229233,-200.94935993351132,-417.20894971960945,100.5017729775683,-91.92510541140602,127.81833263776953,-20.517098152045435,17.900771544786632,5.214147941404244,-10.06927466650766,17.714675274101072,-18.47403576419363,5.2758462458909525
OSP_2_25.08.2025_20250825_223400.WAV,541.5842,1.3959823921746608,106155.78612004725,10706.998605853838,0.003247161364331821,0.6208999958444149,0.002328482,8273,-1052.2327797419787,-190.00207074196115,-380.6488535489619,107.54184868473007,-73.52136389903778,123.41059602221924,-16.481424307228636,7.014785283148221,5.57860503519214,-19.649336999936608,18.705685981355735,-20.708513460319104,7.479854084487586
OSP_2_25.08.2025_20250825_223500.WAV,670.6631,1.9097825395276404,104681.1741681439,10632.036676121223,0.0033681928623803263,0.6148732286818483,0.0023304326,8265,-966.6717720023253,-141.76016629489217,-282.8347627053904,109.54743869120098,-29.27572450092898,89.92342699101009,-8.509613109943068,-24.841680551724192,6.679868116970383,-27.62221415124748,24.407037035287075,-13.42713042457546,10.016621511759869
OSP_2_25.08.2025_20250825_223600.WAV,537.2803,1.1192745341089543,99770.59266258223,10630.073036250596,0.003393908528299595,0.6145190949135638,0.002154828,8273,-1088.0070738289169,-199.88370379069232,-415.5692895301147,100.61179331874422,-90.72048402770262,127.38572955117588,-20.0257416551983,17.519226759483665,5.079285815540903,-10.464937479667585,17.747579005903933,-18.77793833419637,5.542567775576535
OSP_2_25.08.2025_20250825_223700.WAV,531.96643,1.7157761055728398,100622.87672220536,10634.597580116992,0.003386742829075236,0.6149328353557181,0.0021812834,8247,-1048.092691853868,-179.99015375301568,-369.16983547072107,107.08494788767291,-65.2062963880627,118.09836597543736,-12.683134107670655,1.635184539097146,5.606373932415118,-21.664746263342632,19.122432958441184,-20.92095754386092,8.528375812569537
OSP_2_25.08.2025_20250825_223800.WAV,522.1798,1.4116213231429666,99648.96671237252,10628.101592983667,0.003396483687462379,0.6146383082613032,0.002148826,8243,-1110.2426224340236,-211.03206415063588,-443.0409547764051,95.2961515152392,-108.38553319489218,130.24322956189053,-27.452515774869763,25.78139796963105,4.0823901091969885,-2.2475408215134616,18.3051048325445,-14.117213311104278,4.398206622437703
OSP_2_25.08.2025_20250825_223900.WAV,557.1645,1.7059624242571454,100703.48994473631,10626.731646050817,0.00337774298937437,0.6147989475980719,0.002186977,8239,-1042.3845700612474,-176.84011615301094,-363.2461764024842,107.45351180526377,-61.897093462447,116.36409647631861,-11.389562312421942,-0.6895645853366662,5.521766518763569,-22.789360736102154,19.2132693972769,-20.70380321023026,8.63107575287185
OSP_2_25.08.2025_20250825_224000.WAV,524.40076,1.5886904414880392,100397.7927415093,10634.127366967297,0.0033900092656509533,0.6153307326296542,0.0021674014,8234,-1105.9095244621517,-209.75688455148352,-438.91339238874144,96.26968048703829,-105.94240361911469,130.0255464091144,-26.391554596358148,24.498163871033775,4.335319083787907,-3.216220863241441,18.201043225947124,-14.825314969213345,4.533256872063558
OSP_2_25.08.2025_20250825_224100.WAV,584.8407,1.5006238194651236,101181.27971909601,10631.976160602295,0.0033929361903174433,0.615034777052859,0.0021974968,8222,-1016.8807929570368,-164.82980752163667,-334.99032166538575,109.47991256357946,-49.22100796820365,108.18776031706336,-9.651350381366143,-10.00661301550508,5.553882287850898,-26.025969220128133,20.847120329388897,-19.189612427730918,10.154776596949581
OSP_2_25.08.2025_20250825_224200.WAV,577.6836,1.7840763930108945,102348.71719469831,10632.945529760955,0.003356981789055274,0.6149677682430186,0.0022343402,8244,-1013.7935368690323,-164.01329594739536,-332.28104094460883,109.96251172577858,-47.535632950619664,107.73411688411717,-9.43217102584187,-10.913798076622161,5.298113957317731,-26.758027672440715,21.062789686695595,-19.096855533148272,10.305398227305492
OSP_2_25.08.2025_20250825_224300.WAV,544.73596,1.5776631822972011,100697.0059462071,10627.235716685862,0.0033792051590061417,0.6144579298952793,0.0021858385,8281,-1060.6072042810022,-186.07874140650566,-384.08352911548155,105.18547279411817,-72.64670121597769,121.35400940549059,-14.403272116957622,6.7632265831430765,5.507131433993628,-18.57938631644606,18.53851872910027,-20.793161826607296,7.649646109930977
OSP_2_25.08.2025_20250825_224400.WAV,532.2595,1.837030530139309,104097.41595898887,10664.923233610996,0.0033016340969046474,0.6180077086103724,0.002270443,8248,-1084.9885783180907,-202.91933304770507,-417.2711126680595,101.2932713523226,-92.92426137825865,128.73207046517655,-21.864671267312062,17.96637984264205,5.479151778913407,-10.177878460096883,18.15432171785847,-17.709553008824567,5.1513857675651815
OSP_2_25.08.2025_20250825_224500.WAV,522.7306,1.894414176300211,100297.95563305906,10635.560786374226,0.0033713752466020706,0.615320733252992,0.0021660216,8259,-1111.811609699077,-212.90948657645893,-445.62451242964505,95.06604587737148,-109.99641760043617,131.11594226060615,-28.24970347418285,26.69287185176543,4.119723945928619,-1.604681091328545,18.02525547165533,-14.041062620999822,4.071615853962123
OSP_2_25.08.2025_20250825_224600.WAV,522.91437,1.8266212337241432,100496.07369677274,10638.614999547417,0.0033729673755622303,0.6155421480219415,0.0021709807,8230,-1077.8131146740586,-195.6930229076912,-404.5749491509796,102.47971078365177,-84.62273309188792,125.79237033037894,-18.2059255779299,14.096065300723698,5.536121179402439,-13.487780775217882,18.143516722817512,-19.813636318103043,5.783632300595591
OSP_2_25.08.2025_20250825_224700.WAV,556.9003,1.2451019724391115,104042.54140815897,10657.927886457497,0.003340028470761619,0.617507609915226,0.0022757053,8227,-1060.9323212738354,-189.88826652105652,-387.4346992009135,105.11251560984672,-75.86329552016336,122.94003535055823,-15.816722484273813,8.6019277958528,5.321892999335928,-17.156326230256177,18.321854027737857,-20.245619428451572,6.608219483992519
OSP_2_25.08.2025_20250825_224800.WAV,534.00397,1.7950814319663304,99832.40951686839,10623.256374940887,0.003403825666728076,0.6141191198470745,0.002156979,8206,-1094.1697264412753,-202.50988373173305,-423.83199250263465,98.83941206003668,-95.96618589201192,127.73268287798119,-22.032242267714746,20.09783035483563,5.263132152555509,-7.86773266077381,17.922403977775645,-17.36453759389729,5.294101843868234
OSP_2_25.08.2025_20250825_224900.WAV,519.4031,1.2197768229755566,99257.25348903591,10619.792194944224,0.003404402498966287,0.6140893814411569,0.0021368824,8239,-1125.49936399941,-218.46438825519272,-461.7435007524524,91.18087299588731,-120.64177899724756,131.33784294058333,-33.172005544351705,31.00253376625603,2.573061583287318,3.8162284379457843,18.070002179139884,-10.451763698896709,4.142570916804515
OSP_2_25.08.2025_20250825_225000.WAV,519.1367,1.8431791941066404,99398.6557604377,10617.026906295583,0.003399468499107704,0.6132378760804521,0.0021449865,8227,-1095.2968597339468,-202.53415652398436,-424.46526017102656,98.94893774611555,-95.84453743423578,127.60101394505033,-22.08346628818501,19.98396355951483,5.04536763139001,-7.737975348278087,18.095646860901724,-17.212179924578802,5.363460275587432
OSP_2_25.08.2025_20250825_225100.WAV,523.71265,1.5263787301958724,99849.42119562173,10624.074293190693,0.0033812882926786128,0.6139744535405585,0.002156079,8228,-1073.9914100990306,-192.3199795866219,-399.1874759007015,103.26030239777675,-80.93547250883555,124.16807325265574,-16.43594339224989,11.637804198215928,5.491857367313983,-14.898157704681594,18.061504336423845,-19.862120702234225,6.332200611920202
OSP_2_25.08.2025_20250825_225200.WAV,522.18286,1.3592216173288743,99690.20258232216,10625.763629004943,0.003392110828818452,0.6144710459607713,0.002149667,8250,-1116.1045606367,-213.97895778514112,-450.3986876734808,93.94050337669802,-113.02903402546808,130.69210703434263,-29.471911961581746,27.71681230639772,3.8037422822498597,0.18258088475496384,18.116859188002067,-12.706900960842386,4.204758772267497
OSP_2_25.08.2025_20250825_225300.WAV,527.97235,0.6931471805599453,99974.78617916547,10623.848664157187,0.0033879809141322908,0.6138261510970745,0.0021574157,8194,-1103.6319518371542,-207.9381904771494,-435.49050981231744,96.86482498610056,-102.99130473932294,129.5922530542046,-24.896025155870248,23.61994378314558,4.585834365478744,-4.505890422012165,17.66939931375266,-15.718909104746396,4.687889051147371
OSP_2_25.08.2025_20250825_225400.WAV,527.8424,1.5310083483314167,100453.080321512,10628.154113662866,0.0033940020685008622,0.6145032517453457,0.0021717185,8234,-1078.511301180197,-195.03654843356566,-405.55390396345496,102.00554167138093,-85.34204511619588,125.1845147820826,-18.275436330639526,13.885068462530961,5.604282530523317,-12.816888720284187,18.508243551929827,-19.301886369306494,5.930743405949972
OSP_2_25.08.2025_20250825_225500.WAV,524.3259,1.4476250588116846,99822.32989364139,10628.466806989354,0.0033878092959691553,0.6147466131981383,0.0021579266,8230,-1070.9619214600825,-190.71323879032803,-395.43941035732973,103.76880941022434,-79.17049435102129,123.32222648025358,-15.858715747250475,10.590477304397416,5.66499563078763,-15.892808736593595,18.168899464296988,-20.159573309916304,6.806407734177506
OSP_2_25.08.2025_20250825_225600.WAV,531.79663,1.6864904762248125,99899.43793251053,10619.382754713088,0.003396306262492532,0.6136101905335771,0.0021585717,8241,-1081.9132078959651,-196.30367306063076,-408.72259439748507,101.5001752285589,-86.19713675259362,125.89759915645742,-18.5504823670607,14.854238805781465,5.340474428675426,-12.201066406693938,18.001458255753352,-19.292096539490256,5.912049734343536
OSP_2_25.08.2025_20250825_225700.WAV,528.70374,1.3091402260246991,100993.86979139481,10636.856865168382,0.0033691838178584914,0.6151576265375664,0.002186281,8262,-1088.5385620288096,-201.5216043066816,-418.19121490891024,100.33399110013207,-92.4874881533826,127.82962679481003,-20.97523404810152,18.510351817639595,4.947285839611134,-9.900566105395244,17.908021010901574,-17.95342304894244,5.357849866558538
OSP_2_25.08.2025_20250825_225800.WAV,622.48456,1.767198438486051,105057.54761967833,10647.886163865498,0.0033052266839938686,0.6156092866938165,0.002322435,8259,-1033.392805348922,-176.26817956505806,-357.43868772724005,108.67333628803246,-59.439431740630276,115.87123195483638,-11.603615569341104,-2.097939041762076,4.99937923592135,-24.121207667221924,19.66251161252104,-20.31046118759641,9.0252017464946
OSP_2_25.08.2025_20250825_225900.WAV,542.98114,1.4447068929536961,105924.07398189328,10670.349231898947,0.003261522369143219,0.6180461477726064,0.0023193224,8211,-1069.0338089622971,-196.44436469123784,-400.52417365057016,104.50104002533831,-82.56854233877634,126.27202726592851,-18.012187472405074,12.722869352230452,5.263558724945161,-15.095754332005054,18.101917602065978,-19.48749238642882,5.950162427214982
OSP_2_25.08.2025_20250825_230000.WAV,529.5687,1.3547886044624367,100587.99909127805,10636.898486615437,0.003353926027722319,0.6150285436751994,0.002177945,8233,-1077.624258823447,-195.85926570377066,-404.00448481473995,102.85068473473879,-83.5295893922984,126.15458003643509,-17.64048366649048,13.973183290126146,5.075954263513852,-14.110932365430301,17.733571547564228,-20.125593473653673,5.922577001914218
OSP_2_25.08.2025_20250825_230100.WAV,546.4703,1.4862996896142393,101477.60918300248,10629.598478512586,0.003376287640124761,0.6143861161901596,0.0022151798,8260,-1019.3739128236679,-165.91568700021048,-337.2752987472438,109.59177555887501,-49.597556110294576,108.97183857203308,-9.81701232293185,-9.09244563725087,5.573153911766809,-26.520298886072904,20.636681575244307,-19.19947861455738,10.123680521571446
OSP_2_25.08.2025_20250825_230200.WAV,575.6901,1.9386140923161748,100433.5636047856,10619.017708308864,0.0033970341957521655,0.6137239496758644,0.0021769914,8207,-1041.578254340738,-175.67663680471145,-361.63158687347465,107.60438966746199,-60.73344452560202,115.25499654150116,-11.366476640156304,-0.9535913954417459,5.605805109306065,-23.2384933167649,19.28420426090406,-20.461906845452972,8.96503662606431
OSP_2_25.08.2025_20250825_230300.WAV,522.09216,1.8896240039444248,100125.77818825688,10624.378005993669,0.0033769946351721414,0.6140488644863696,0.0021633173,8221,-1085.5155270969847,-198.33339290920804,-413.22921025717864,101.10943848250547,-88.95089897003429,126.65027269587848,-19.21622753212409,16.421683067869683,5.454476793045386,-11.285060766173636,17.76566342905871,-18.986828302255994,5.615222677910296
OSP_2_25.08.2025_20250825_230400.WAV,543.3982,1.8085433359992842,99583.66011111438,10619.934900379245,0.00338808180710645,0.6140574353806516,0.0021527812,8240,-1047.3198754849097,-178.21540268754174,-367.1952290847873,107.060453258191,-63.40509762469065,117.09527076069826,-11.663008082626801,0.6058559547919269,5.477161930664291,-22.18904161017442,18.98007763854551,-20.659504483247424,8.397119483014848
OSP_2_25.08.2025_20250825_230500.WAV,540.7053,1.4567484225605944,99801.2250939095,10622.74784309103,0.003372186710952019,0.613527858003657,0.0021610819,8224,-1055.0516991873549,-182.44253482902252,-376.49335012858296,106.20886680797007,-68.17921430206741,119.4250841498819,-12.831010790213087,4.089810814443253,5.487584217464314,-20.602074048233078,18.697867689093236,-20.948011537437793,7.770026813395756
OSP_2_25.08.2025_20250825_230600.WAV,528.1299,1.891596931848145,100298.69941941967,10632.540919363188,0.00336510032800549,0.6150034803025266,0.0021687686,8233,-1078.5638007462207,-195.37963451824996,-405.16672709077045,102.45136406872315,-84.5654515858704,125.53423129270452,-18.049945205927273,13.947220729310022,5.589062917835536,-13.577720578176205,18.177830556547455,-19.473362827248522,5.8698357203579725
OSP_2_25.08.2025_20250825_230700.WAV,526.6943,1.9084604512732048,100149.59068672734,10623.093806841911,0.0033832337784298317,0.6135929188829787,0.0021624842,8242,-1108.0379872971428,-210.03112170950254,-441.066073447982,95.95907065564066,-106.42673098833573,130.1349175415206,-26.55747217307262,25.040366829273303,4.5682349560298965,-3.1103235832438183,17.862420848603943,-14.525305235212693,4.498189657523494
OSP_2_25.08.2025_20250825_230800.WAV,550.3054,1.9459101490553132,100511.1130307511,10636.896197856468,0.003363412807337497,0.6149137456366356,0.0021761619,8225,-1074.160030691623,-193.60745098183114,-399.91514138368655,103.36601429791196,-81.75155479893701,124.83607808131367,-17.00916598667628,12.295610291213823,5.5271595178212864,-14.834940612720466,17.878384921674886,-19.81007516817073,6.218506959296498
OSP_2_25.08.2025_20250825_230900.WAV,526.1035,1.6531545416991753,100022.31407435604,10629.975475264324,0.0033753983692684816,0.6144454631399601,0.0021618211,8245,-1050.5387845107757,-181.09910242882881,-371.6607124308725,106.87543328718745,-65.87500725512332,118.62739051421008,-12.591541452151453,2.6510886127717184,5.410863788901733,-21.422456200425593,18.676041385036534,-20.893203671868516,7.897177337465897
OSP_2_25.08.2025_20250825_231000.WAV,529.1939,1.790281704043036,100739.24278821665,10634.019719318863,0.003372612847231138,0.6149577688663563,0.0021881023,8234,-997.7972982742078,-155.46698226990154,-313.0796492539589,110.40310548238158,-39.79461714961006,101.01337295653987,-8.69623587527567,-16.436245553853368,5.696202163740781,-28.126944874261266,22.20525317639817,-17.04655016375569,10.49544062058391
OSP_2_25.08.2025_20250825_231100.WAV,938.4812,1.9273930479353723,186006.32565108628,10591.02299362692,0.003215896051946192,0.6123275432180851,0.0052509247,8252,-848.0983593039886,-104.38779036529006,-207.29023035736316,96.91628349224155,-11.51017262348279,56.94983171628578,-9.375501363226105,-35.714295857204306,13.599179737905596,-17.363733759859556,24.531109187405942,-5.408796546264893,-0.18430682245937302
OSP_2_25.08.2025_20250825_231200.WAV,897.0483,1.9137294034195005,142245.93016316555,10616.74834795356,0.003300744737460945,0.6141743112117686,0.003596383,8232,-936.6090853585723,-136.5122759515379,-274.13943303641605,107.74051367239223,-27.58448880520601,84.88902830053307,-9.366606950804329,-26.64305085497168,8.092601115986312,-25.85059274936291,25.32386612933351,-11.28348972259584,8.555796204840226
OSP_2_25.08.2025_20250825_231300.WAV,882.6279,1.7863136062066687,136985.10556575735,10597.646232705496,0.0033407716208874905,0.6132183967752659,0.0034125226,8264,-917.874348879129,-127.68042429350074,-258.57965874010074,105.41453355947017,-23.18639772828994,77.88929831815888,-8.81467539488576,-29.800351148566957,9.872133689633175,-24.892017846917124,25.67870981602468,-9.575544377226189,7.089149505144785
OSP_2_25.08.2025_20250825_231400.WAV,860.63025,1.9381828120607618,119724.97145682068,10642.370363431555,0.0033141527173489354,0.6159651086685506,0.0028480792,8273,-943.7419419661463,-135.77104224549495,-269.3530017457637,108.67196209305015,-26.088526202309367,84.21596538301408,-9.320432925459224,-27.421382461737217,8.210961896131844,-26.85548720781604,25.498815370754368,-11.642596310882498,8.796370751234692
OSP_2_25.08.2025_20250825_231500.WAV,817.7378,1.9349789535498896,120208.41405801704,10613.56107702153,0.003339829114368567,0.6138880952875665,0.0028745718,8264,-934.6070761133964,-129.9357881870949,-260.60138421549726,106.78638034601099,-22.900175847660847,79.76729065322706,-8.6427177070712,-29.759020007538695,8.74982886236775,-25.629492297071394,25.807384873648637,-10.332492455195238,7.855026077326752
OSP_2_25.08.2025_20250825_231600.WAV,669.65466,1.9459101490553132,104920.1439695632,10619.90616134432,0.003375873972613066,0.6143536506815159,0.0023256636,8264,-995.8738370620222,-155.22346690275882,-315.4303110298979,109.5805798796407,-40.73715878976759,101.43352644599331,-8.711982111289768,-16.246289516748963,6.283583873942437,-27.954448244840336,22.243632707386745,-16.989620001338547,10.392043450040378
OSP_2_25.08.2025_20250825_231700.WAV,775.0172,1.8890107085811794,107570.15712370754,10617.877549534645,0.003375945001672195,0.6136977175448803,0.0024270138,8263,-975.7869145628605,-145.98439370909873,-294.52052749021976,109.33564642906212,-32.90872535571326,93.81488925826744,-8.289378120444066,-21.94667864891133,6.420240697409219,-28.179367379131783,23.825918180886745,-14.441812508596117,10.07899330471195
OSP_2_25.08.2025_20250825_231800.WAV,701.56274,1.9371782984991723,108855.943415074,10620.873615771281,0.00336901450825207,0.6142267754737367,0.002475321,8239,-933.3697881483831,-126.64154927778861,-251.37898336268907,106.4236973007529,-20.136798379939847,76.65242438963091,-8.541817547764628,-31.201719040845877,8.623261106843506,-25.1993620109869,26.026892507668155,-9.69072179495078,7.224240632874322
OSP_2_25.08.2025_20250825_231900.WAV,854.70166,1.926775522302133,109376.11615579463,10624.530814995682,0.003367624031901352,0.6139699083693484,0.0024987797,8265,-939.8727593553317,-130.1525285967276,-258.97751217534,107.46745019816774,-22.416808575777225,79.62790857193794,-8.461717327033641,-30.13399169812441,8.454216992484836,-25.767484009522775,25.712624726998268,-10.30442230848169,7.8682627741281355
OSP_2_25.08.2025_20250825_232000.WAV,723.422,1.8965104949433573,107527.1507831178,10628.016645718833,0.003370777527093789,0.6146967461768617,0.0023944133,8223,-1014.8529232031541,-166.0473996330212,-339.346380896968,108.8971190184444,-51.65110333882148,108.7703006088321,-10.272170142930849,-8.420403042517366,6.1890323800210005,-25.683987958389743,20.782565914053805,-18.91814701157788,9.709297557308245
OSP_2_25.08.2025_20250825_232100.WAV,727.8036,1.9043358128845167,106744.39790227784,10629.276535256602,0.0033519630439970537,0.6146816821808511,0.0023764465,8231,-1011.6122364361916,-164.09614187091685,-333.94543140684254,109.43079730983105,-48.67935084613034,107.6104993646092,-9.696020531250914,-10.195037065379383,5.909252757152458,-26.593390335199288,20.960343585312078,-18.715307339688955,10.178857659826422
OSP_2_25.08.2025_20250825_232200.WAV,880.23596,1.927382573475654,116745.15592885998,10603.788015417607,0.003388663389696752,0.6123983180269282,0.0027406611,8244,-941.9836036339249,-131.49691944382545,-265.09061798016506,106.87285688984821,-24.03406554933668,81.30093992083384,-8.205236552070534,-28.685147507924828,8.397174376143324,-26.146207332216054,25.353277353953896,-10.889301544038156,8.184647195876108
OSP_2_25.08.2025_20250825_232300.WAV,794.9883,1.9203594600199483,112165.69913722099,10611.938537158097,0.0033977792106569234,0.6135035738031915,0.002588468,8243,-917.7149609806365,-119.69880759205135,-237.15045614694782,104.34655004513753,-16.39384023565851,70.46777784972178,-8.635134338266226,-33.59050325852211,9.606205474464966,-23.206594788023004,26.085133307968903,-7.986990945335069,5.644146871614549
OSP_2_25.08.2025_20250825_232400.WAV,634.6388,1.7473409344111415,104250.01859843812,10613.628130544175,0.0033990817396105256,0.6133625436336436,0.0023110602,8203,-1026.9543013323969,-169.7456700686186,-349.2742853837916,107.76232816780465,-55.53295411372631,111.62874716232619,-10.717878101116227,-5.126844921012525,6.101900442700238,-24.202514697265705,20.023152630680595,-20.00289492210205,9.360056847026224
OSP_2_25.08.2025_20250825_232500.WAV,659.2985,1.9183012829515786,106690.66669602953,10635.349789736463,0.003346944066940612,0.6151830794963431,0.0023837856,8244,-995.2129110757525,-156.7162495616511,-316.2702878839143,110.40613025032789,-41.35559778480112,101.81445361696338,-9.17187893808699,-15.761111065403496,5.947040826633868,-27.846241476762263,22.225260262443193,-16.736194703204614,10.52367889710026
OSP_2_25.08.2025_20250825_232600.WAV,699.5405,1.9151136834577422,105252.58428813182,10634.114002075763,0.0033816978517562817,0.6151295763380984,0.0023271271,8228,-996.5436361095967,-156.53675103959438,-316.27636429520595,109.83162770569588,-41.80540457128736,101.92066107327997,-9.49931259172228,-15.45108606181264,6.037246206001623,-27.567808696803983,22.41445824954062,-17.028970576965783,10.484054172758091
OSP_2_25.08.2025_20250825_232700.WAV,816.84686,1.9362048884096454,117422.64998053444,10623.396166889845,0.003360941484456072,0.6140821091672207,0.0027752032,8255,-895.5901616141329,-112.10621288435956,-219.5422251812531,101.85059656644862,-13.406500145398287,63.213016131228486,-9.003736894524712,-35.38177416074449,11.205305937738077,-20.802259945964842,26.224231828960896,-6.489143026831921,2.7473618528533517
OSP_2_25.08.2025_20250825_232800.WAV,680.96387,1.9345915993299927,103735.1967573303,10620.874022521813,0.003400412990176334,0.6138483575049867,0.0022827776,8263,-1017.1571982133361,-164.77269825812732,-336.58612311362117,109.12595778734836,-49.550152667478066,108.10970253218427,-9.714528194107327,-9.416652077179913,5.674526368519316,-26.112933999784598,20.93072318878829,-18.983958264674676,10.13052095371336
OSP_2_25.08.2025_20250825_232900.WAV,908.85547,1.9182077255960888,121441.31470465461,10611.544374702436,0.0033730563344880424,0.6134317600980718,0.002940138,8232,-927.9995754597207,-126.2067414050167,-251.4285066922066,106.08714105838756,-19.964433676866253,76.12236995716283,-8.564253362610296,-31.24398885425547,8.588769262912194,-24.78292218396076,26.172704179942787,-9.348850768661617,6.797636204747903
OSP_2_25.08.2025_20250825_233000.WAV,716.7168,1.9402416903785964,106383.76164990112,10634.61027444204,0.003376730968317525,0.6149089407413564,0.0023752556,8286,-993.9895259567429,-155.2282840311728,-312.90224389758475,110.18340880492853,-40.183700039702,100.8545308074895,-8.951767159514372,-16.57501021403535,5.844519903426901,-27.78890277296232,22.41748195776398,-16.813049200440666,10.733212637334791
OSP_2_25.08.2025_20250825_233100.WAV,632.7474,1.9197308765528391,102278.70359662332,10616.232063281195,0.003401527874521466,0.6138609541223404,0.0022386475,8221,-1003.640657435289,-157.35596768673193,-320.09498239315127,109.50600041023395,-42.33993088607777,102.8276045831235,-8.512534376654692,-14.715740996227828,5.67862708172799,-27.282008025626396,21.647838837788576,-17.60272960968779,10.612136355640093
OSP_2_25.08.2025_20250825_233200.WAV,842.28906,1.9363348480181433,110088.5678696962,10613.26702392035,0.0034044427135145076,0.6135961654338431,0.0024996898,8250,-942.272996834424,-130.97336129455113,-261.72808421078133,107.09968503821156,-22.89674734225365,80.60289127678338,-8.174859760567971,-29.14022521283433,7.858167996708136,-26.034030177869692,25.606844228083656,-10.746362176493673,7.9581892535722005
OSP_2_25.08.2025_20250825_233300.WAV,725.7465,1.9128532390404858,107282.70518382384,10612.581220871367,0.003405892459183067,0.6132316427027925,0.002462574,8260,-921.7823783226911,-120.23336554190783,-238.10501352618036,104.73558994010492,-16.55090112072088,70.80885759010431,-8.50265260788508,-33.48816714632414,9.515455988483572,-23.380092069370974,26.16159398308522,-8.325747635056885,5.770362832820865
OSP_2_25.08.2025_20250825_233400.WAV,729.35706,1.905847419455903,107334.92839418122,10614.97958492931,0.0034185573679974273,0.6131978785738031,0.002414885,8241,-970.9516213244773,-143.5181865346279,-289.6975264277126,109.15322933296545,-31.468671507834337,91.3307475946978,-8.05913652694655,-23.2422457202886,6.6626326864750665,-27.420807007474256,23.959116194166835,-13.899679954685734,9.934733488873055
OSP_2_25.08.2025_20250825_233500.WAV,709.41724,1.8630990616820151,105275.73579744117,10619.585417510967,0.0033925128385540924,0.6135283774517952,0.0023505997,8229,-1013.4118005320041,-163.23433308055428,-333.6902691191886,109.2748261806717,-48.45409712901578,106.76488259140011,-9.528399977499076,-10.618510941374034,6.070754420042164,-25.884345963144884,20.94167500106809,-18.71650092239542,10.059041889443634
OSP_2_25.08.2025_20250825_233600.WAV,736.69946,1.9377221737122028,102661.77143971417,10620.257759090693,0.003402409206327579,0.613539415724734,0.0022617427,8249,-963.2858857028021,-138.70976824292092,-277.9853124960187,108.97020619792129,-27.466338376270954,87.40174286913042,-8.085289552210666,-26.243803025079647,7.066762460995668,-27.24789392501031,24.690966607525365,-12.768040471304348,9.606750266073064
OSP_2_25.08.2025_20250825_233700.WAV,545.1056,1.66033674042685,100524.57513711788,10623.921630958519,0.003401442645899426,0.6137499220827792,0.002179927,8249,-1030.6801854391854,-170.870897916629,-349.93949393450686,108.4816931794279,-55.49150302027867,112.3382409432887,-10.635458884896972,-4.9871180248521325,5.489600203785545,-24.605266402800726,20.222191178175578,-20.040258318669075,9.522239123367576
OSP_2_25.08.2025_20250825_233800.WAV,530.9308,0.5702010722118868,99907.3679193269,10626.295227478333,0.003401874606654175,0.6143500145445479,0.0021597762,8231,-1071.8040509166947,-190.87497875797374,-396.9389428069285,103.37831751014646,-80.45371525901143,123.04197239860828,-16.808599610692564,11.032354564766107,5.911651841116614,-15.0465187523148,18.84630918358298,-19.997347389494028,6.7917614291778365
OSP_2_25.08.2025_20250825_233900.WAV,759.94403,1.9287214674998574,108619.71544444248,10621.386916322048,0.003385182071711569,0.6134113717586436,0.002481052,8237,-962.9646850727504,-139.8547274174266,-280.4733787978157,109.18039940384847,-28.316059830110984,88.29257804184233,-8.037303823748683,-25.839377521699717,7.080028637051592,-27.262235134835088,24.364682511587393,-12.90548376288095,9.76600479266837
OSP_2_25.08.2025_20250825_234000.WAV,820.01245,1.9282126201778809,112026.97815568227,10621.27350437846,0.003371217775913532,0.6138071912400266,0.0025795884,8231,-942.8855236351252,-131.56020111478446,-262.1169454355921,107.6005524579059,-22.901773067216315,81.1595208806662,-8.328165896290434,-29.540830745364286,7.933309146745807,-26.174899978924362,25.493251980786845,-10.674337831027865,8.440651274556227
OSP_2_25.08.2025_20250825_234100.WAV,731.97327,1.8322593768289779,105603.52108162495,10612.788422274582,0.003389207424677583,0.6129946444896941,0.0023544214,8246,-976.0268206469608,-145.4785670899379,-293.61107982315735,109.17971017316376,-32.21742959402696,93.46801367071365,-8.25892611752478,-22.24755037936281,6.398743041089418,-27.826405681876956,23.73751631615254,-14.700943555807761,10.060671886612672
OSP_2_25.08.2025_20250825_234200.WAV,700.1012,1.8639242190073144,107773.12564219377,10613.334976424947,0.003377585297764386,0.6130533421293218,0.0024455136,8255,-912.9904701520325,-117.74975452884857,-232.31216407720842,103.53037709411723,-15.285464691952624,69.09244008869125,-8.941300252573997,-34.28165232041649,9.911938075899485,-22.610684703410264,26.267933493642587,-7.923028571688251,4.994800321212919
OSP_2_25.08.2025_20250825_234300.WAV,655.04706,1.8944646125211182,105478.31377476918,10613.092866338615,0.0033773188928977608,0.6132163189827128,0.0023406,8226,-1000.9766091720182,-157.5050537513982,-320.77375988439036,109.28903213452125,-42.54038729756011,103.30054568488973,-8.591072431550252,-14.797548821840621,5.745885149922169,-27.459546865868944,21.829238603799187,-17.40461657632352,10.282436112372086
OSP_2_25.08.2025_20250825_234400.WAV,892.8251,1.9171156384935886,115643.80860588493,10620.795644367408,0.0033808531306887784,0.6133577387383644,0.002702583,8246,-945.010900156236,-133.02693131619384,-265.3217363260033,107.69960193087023,-24.025422964469723,82.27377044780981,-8.644758136273547,-28.469157955046196,7.875024030687703,-26.3863642336376,25.354454406240976,-11.06909214781264,8.528083404971857
OSP_2_25.08.2025_20250825_234500.WAV,771.28015,1.9309289283501645,110573.7578650883,10614.34617955039,0.0033746044343935834,0.6133026772357048,0.0025443945,8270,-960.5692867855898,-139.28989511117004,-280.38781194174203,108.43883734006674,-28.39354970151545,88.11639015321767,-7.993646797468615,-25.38570091123736,7.303150057738586,-27.518547281722714,24.421706837883246,-12.827897466675466,9.353372480252936
OSP_2_25.08.2025_20250825_234600.WAV,731.98126,1.9142712832799313,114176.60045522822,10613.562507107208,0.0034005803782756845,0.6135957758477394,0.0026577974,8278,-887.5488217300627,-107.03557082072065,-209.76415111455134,99.3064754518375,-11.35192893375246,59.33586758637811,-8.952170954367888,-35.990728568131416,11.990355469029236,-19.694749050628737,25.8530518488965,-5.985330813526201,1.5182335674901728
OSP_2_25.08.2025_20250825_234700.WAV,867.765,1.9305885005147636,115463.75332926043,10621.17266341523,0.003378738109243768,0.6137168072639627,0.00267083,8248,-927.5654629781636,-125.45956316099432,-248.81285846134983,106.05834842049721,-19.76754663598908,75.64188379545165,-8.706138851077242,-31.878656839570546,9.02368522790466,-24.6529852470649,26.051940205209227,-9.158496674012143,6.778069098035585
OSP_2_25.08.2025_20250825_234800.WAV,682.9943,1.91207548200547,105699.55026371572,10623.691209821483,0.003388397686268288,0.6140605520694814,0.0023565658,8229,-1007.445048879243,-160.88992886359352,-327.9205102551027,109.3643997981762,-46.25570679553613,105.34126773408585,-9.520226591720306,-12.356824949370223,6.154000440595401,-26.457954594097984,21.460052599819853,-18.231710328554925,10.31800018685929
OSP_2_25.08.2025_20250825_234900.WAV,531.4321,1.4661883879275321,99972.39208900192,10616.383353387177,0.0034282818590638756,0.6135095474567819,0.0021626975,8262,-1056.8340745015876,-182.7297683048712,-379.59649367977113,105.16942543869234,-70.83280615199762,118.97016159772217,-14.140231638470894,4.935039383892091,6.023574110455068,-18.690086824648365,19.57341425416109,-20.37223729725759,7.616115900181534
OSP_2_25.08.2025_20250825_235000.WAV,739.36633,1.9359593256024743,105353.33789283741,10610.069957511221,0.0034126252206043276,0.6130828208111702,0.002364569,8246,-934.9534140135885,-126.181905849194,-251.27954223619633,106.15823167034631,-19.57592378067815,76.62684656932146,-8.362935814484366,-31.64161255608403,8.553718727447855,-24.97445328535433,25.844128150351025,-9.623312354737925,7.319351568971127
OSP_2_25.08.2025_20250825_235100.WAV,808.6654,1.9185183319626689,104607.59182987617,10615.320513386938,0.003409451785147701,0.6135613624085772,0.0023359417,8238,-908.7427914527007,-114.43564005959878,-225.04495386804567,102.8750281650452,-13.582511754860766,65.54977036137912,-8.871561700592892,-35.184148390034565,10.514419424013129,-21.700829472025315,26.121595114060643,-7.129036613650943,4.166414936807133
OSP_2_25.08.2025_20250825_235200.WAV,800.95825,1.9083747583856425,107740.34328868895,10612.544037994767,0.003422165068003723,0.6132413823553856,0.002428908,8226,-913.2617319377516,-116.16134949970915,-229.03264993378957,103.20041329987335,-14.527755543915546,67.23321295211629,-8.760185298055044,-34.48225466541101,9.920598897577738,-22.18284801370363,26.33257976076369,-7.448504879870323,4.570543307502267
OSP_2_25.08.2025_20250825_235300.WAV,687.5069,1.9169157867773898,105182.95525253072,10615.457474415289,0.0034010799955647517,0.6134735756732048,0.0023410472,8258,-1025.8940721605502,-169.46773529443357,-348.4068536450187,108.07325525483503,-55.05802225298657,111.11522768824737,-10.708438521104565,-5.515024377830112,5.959479488592639,-24.21588449450518,20.25898021897487,-19.73803859830211,9.565263209054319
OSP_2_25.08.2025_20250825_235400.WAV,539.8115,1.9316009194545802,100078.39054132327,10610.782015800483,0.0034215226162511024,0.6131917750581782,0.00216806,8260,-1070.567812431613,-189.71199501086525,-395.45022932076256,103.13166631450571,-78.78439499260125,122.7938232629855,-16.107007642278234,10.431445487632761,5.7695456246974235,-15.459084163446553,18.58439614124831,-19.99392961059115,6.477572981040386
OSP_2_25.08.2025_20250825_235500.WAV,615.61163,1.8966098093757455,102471.29686100644,10612.145052255082,0.0033929264362424975,0.6127681651013963,0.0022351122,8254,-1038.6633440687153,-174.8676370972511,-361.28858193813267,107.05282486772235,-60.798641312734624,114.97870512415363,-11.255005485991518,-1.5732697844007473,5.918097526780654,-22.64246088880697,19.334847287858267,-20.444984302142156,8.646205131553888
OSP_2_25.08.2025_20250825_235600.WAV,823.68335,1.9323468925472764,107696.58991701051,10614.361923333983,0.0034134258429005847,0.6134377337516622,0.0024442768,8276,-932.2184647147351,-125.5306741366519,-250.08279568278917,106.1743014221907,-19.610225404696433,75.7601203746876,-8.415010359378483,-31.812699050140726,8.86812803515808,-24.771424813420612,26.196575178813163,-9.598270743539747,6.966445080522586
OSP_2_25.08.2025_20250825_235700.WAV,648.0366,1.9344100360077665,102265.51277488313,10611.299008127304,0.0034249417031248374,0.6130408753740026,0.0022510996,8239,-967.4737802053185,-140.10835334032444,-282.19748059963484,108.77697129894398,-28.444859635190273,88.66793026058679,-7.90097922874868,-25.02272602929345,6.850189236998476,-27.42941611219222,24.25062393795829,-13.273298081916852,9.633605525879638
OSP_2_25.08.2025_20250825_235800.WAV,649.421,1.9075096019696212,101516.35950302728,10614.813642239194,0.003396508119179729,0.6133222864029255,0.0022222986,8238,-1033.5701556819247,-171.51543945029962,-353.950340579959,107.65054969078216,-57.678020350602246,112.75476712577681,-10.862438897474464,-3.737552617695266,6.162779522278441,-23.876864273487538,20.199007214836257,-20.292691980353144,9.038295520674746
OSP_2_25.08.2025_20250825_235900.WAV,693.73035,1.7127658075829773,115026.64157396139,10681.367359998656,0.0032149085732014397,0.6183509339677526,0.0026004435,8240,-991.1295707356709,-161.6473320200546,-319.54461769744154,112.01572644740929,-43.794384857027914,104.82265410924936,-11.488934633234614,-14.426468730463164,6.4925608444649745,-27.55374351724384,21.815127756031742,-17.193928807212583,10.687231808960975
OSP_2_25.08.2025_20250826_000000.WAV,736.7596,1.9026652287445256,108572.12410428986,10605.179829718125,0.0033988731368999516,0.6128593282496676,0.0024560213,8238,-939.5424930440222,-129.14215397719911,-259.3912091616894,106.34713467765602,-22.259734590466913,79.58907673930689,-8.154903380789897,-29.982495856875584,8.45982238220085,-25.698860771992273,25.728381306216747,-10.463007127089448,7.743611254624758
OSP_2_25.08.2025_20250826_000100.WAV,762.84204,1.9265795324427535,104722.28256593598,10616.187549121394,0.0033980955199708254,0.6132741075880984,0.0023549804,8232,-901.5986411093313,-111.50858193902033,-218.99035975836767,101.8697701762454,-12.513291879351577,62.864230341584225,-8.78595591180426,-35.81229470862132,11.056662184905369,-20.9526730786018,26.284281119681676,-6.565059629955396,3.046960791299429
OSP_2_25.08.2025_20250826_000200.WAV,839.03076,1.9377050860833902,125435.43092752436,10612.113234435148,0.0033614890293504106,0.6134048786569148,0.003062406,8210,-919.241743468822,-122.54133556161977,-243.56340129804443,105.08035390856281,-18.097643532697123,72.83993142866882,-8.839571240532967,-32.49927063740096,9.568394812584994,-23.854626161221223,26.031142919953552,-8.460902654679067,6.039444709170244
OSP_2_25.08.2025_20250826_000300.WAV,668.9121,1.9370404538010677,104189.11377901769,10613.256080923527,0.0034050044127659383,0.6132830680684841,0.002310551,8256,-1006.7472218819443,-159.3333954434107,-325.1789943340188,109.11163053547232,-44.69313292448013,104.28966295332569,-8.855433111599762,-12.969637951240847,5.910444439223576,-26.74213855799438,21.40541377768168,-18.19260735478425,10.147401559593508
OSP_2_25.08.2025_20250826_000400.WAV,825.552,1.816863456582336,112447.22537301264,10610.617869919752,0.003379090971241991,0.613616034325133,0.0026009514,8249,-938.3011228198269,-129.64923493089958,-259.4860053646081,106.76438335145379,-22.3477242682743,79.55793784053255,-8.339761893323615,-29.967240918885924,8.293050546424018,-25.390210974909557,25.697625710356288,-10.437963816032994,7.8885737307554535
OSP_2_25.08.2025_20250826_000500.WAV,801.6583,1.9346747214827684,109394.79354261149,10604.369756793596,0.0034192229418685614,0.6129465955369016,0.0025004253,8243,-976.5232609473474,-146.47581149700812,-297.72217812763546,108.53351226517862,-34.310938392486925,94.2285420602832,-7.835501586252611,-20.700125714094646,6.508585864429751,-27.48692149562408,23.320155778293856,-15.027680725568203,9.66946246783163
OSP_2_25.08.2025_20250826_000600.WAV,842.0595,1.9375667960321428,114710.46578804983,10599.098354864604,0.003370003236613732,0.6124885721409574,0.0027039004,8231,-965.9518129253696,-142.21892520108273,-288.74512666194266,108.25320188857182,-30.701235902366523,90.77974670601402,-7.925984460221996,-23.531123491752588,7.0069658079411745,-27.141738747331654,23.808123363560398,-13.923688525880248,9.609180853279783
OSP_2_25.08.2025_20250826_000700.WAV,868.3723,1.9214388542632594,124337.50870877813,10617.784169565442,0.003347218065443782,0.6128632241107048,0.0030445955,8251,-948.5669740467744,-135.592291110581,-271.1825480614217,108.12876984340915,-25.80637439769577,84.21337675223917,-8.248740294376512,-27.636714103584833,7.561437997859367,-25.987609717384572,24.768027633494853,-11.613683724348297,8.608911356981912
OSP_2_25.08.2025_20250826_000800.WAV,803.6579,1.9386289075135583,106867.15780526678,10614.130483168867,0.0033857933536599167,0.6130880152925532,0.0024113304,8252,-960.7032597930323,-137.6180141896058,-276.5981313685406,108.58801560865936,-26.857280226986372,86.5331752795913,-7.817581748171734,-26.614400983660502,7.110063495243789,-27.09944773125485,24.815571776281963,-12.450348214399542,9.259072531494114
OSP_2_25.08.2025_20250826_000900.WAV,647.1815,1.9290917135595613,103069.3493542363,10609.41025879645,0.0034008455783848543,0.6129907486286569,0.0022817347,8265,-989.1182963431773,-149.9851107177928,-305.3564882251169,109.3512659618075,-36.629998510069555,96.99036996612075,-7.980905643105153,-19.266338659348218,6.371006228713954,-27.58091908850187,23.057777214438737,-15.916583900606868,10.267345339220341
OSP_2_25.08.2025_20250826_001000.WAV,813.5033,1.9325341351440741,108371.02769898418,10617.177449085188,0.0033924432348638677,0.6131048973570479,0.0024560716,8252,-954.6659874639578,-135.69303357494312,-271.7046258219749,108.35464961474986,-25.59260501512089,84.62726229260115,-8.168672833259725,-27.535547930383586,7.494967989728758,-26.69742690447231,25.062882976226504,-11.773587791994318,8.84657231988176
OSP_2_25.08.2025_20250826_001100.WAV,815.16266,0.6365141682948128,149095.11092170284,10692.629281365753,0.0033207447036284854,0.6196382563164894,0.0035343443,8258,-903.7270765778264,-132.32974187708834,-254.2489563770121,107.55506519123747,-25.224003441433492,80.92639563508689,-10.971808930147729,-29.053245538144566,7.820071101662425,-24.767269502369224,26.364172056366407,-11.641463244774364,9.129004872877868
OSP_2_25.08.2025_20250826_001200.WAV,684.5354,1.8089932048115065,715973.7819009946,10723.716254053968,0.003916351517577409,0.6278333770725667,0.029010175,5024,-669.803613863326,-131.80456655797727,-253.2080706760932,96.0491615506516,-41.1636127741212,80.04315788946313,-14.205286196065352,-18.970550327110402,8.540987036160383,-16.489032519587095,24.90531120701195,-13.910233362201643,6.8952826469198545
