filename,ACI,ADI,Bio_Energy,Spectral_Centroid_Mean,Spectral_Flatness_Mean,ZCR_Mean,RMS_Mean,Event_Count,MFCC_1,MFCC_2,MFCC_3,MFCC_4,MFCC_5,MFCC_6,MFCC_7,MFCC_8,MFCC_9,MFCC_10,MFCC_11,MFCC_12,MFCC_13
OSP_3_27.08.2025_20250827_203617.WAV,702.47626,2.1447593210105276,274908.02506623254,15491.967252516308,0.002140215927578221,0.6314805487486527,0.007506166,2852,-666.8834620356465,-68.92960891483186,-113.55743680437682,83.0057618359709,-9.450045165016975,15.049655233614963,-2.655846657470007,-28.791672613162444,18.547309905964816,-5.305809849675383,11.949405816145516,-4.325181268846307,-8.988003611274053
OSP_3_27.08.2025_20250827_203700.WAV,636.3512,2.0695944132246002,1703701.7669189898,15473.219779511055,0.0017288991173574672,0.6307381227312919,0.03274069,4140,-534.3824229695808,-73.66320072728533,-125.60132125778651,86.06545106193118,-12.007906512681393,13.52516594934502,0.5026282538680247,-21.64920102689636,14.21392288995892,-7.073011423285015,10.809619001192988,-5.4493469029301504,-5.872829505390857
OSP_3_27.08.2025_20250827_203800.WAV,775.37476,0.6928767397383337,309524.49682723347,15433.1726110045,0.0024363803650674564,0.6300057008562919,0.0052558035,4117,-817.0776678769271,-129.43416358390044,-242.2922834285967,120.76424828149285,-20.922925751244396,62.91992558764024,-6.518891950657729,-32.782231959037325,9.686359054479391,-22.286747364089425,28.314483803728265,-10.060730895814357,4.8178227145441195
OSP_3_27.08.2025_20250827_203900.WAV,665.3657,1.9344968118416557,231044.30589432668,15449.85697548367,0.0023002382651144,0.6311191493508005,0.0037353924,4098,-931.2960300091444,-168.83727113979373,-323.00503176076893,126.39914696804892,-42.92252622443416,99.50542116600148,-8.523427563433328,-16.17348126415702,3.824396396780224,-28.455255051100224,24.675559281654525,-18.793546108695814,11.005282206410184
OSP_3_27.08.2025_20250827_204000.WAV,613.968,2.0970878286453445,251131.06009527625,15469.246654397344,0.0022079722882566715,0.6320746244997207,0.00413847,4124,-958.2871270679238,-187.43914676283845,-360.02491297989746,126.47768514395396,-57.661549428256976,112.68720560220623,-10.781834788203593,-4.682500720289574,2.8608646871149084,-26.194826549669322,22.134484490660213,-21.816385704088134,9.487925817673426
OSP_3_27.08.2025_20250827_204100.WAV,568.87134,1.1234409021924232,224915.48499603051,15448.7054475675,0.0023156662420042587,0.631357381881748,0.0036163789,4126,-974.2281704177605,-188.49101408166925,-365.6148623494217,124.30753617661132,-60.576927015082404,113.97057137017339,-10.79283852615897,-1.992046902711763,2.9004971763655214,-24.923351754512233,21.34338218171903,-22.81240052009005,9.475922207435225
OSP_3_27.08.2025_20250827_204200.WAV,659.528,2.231734524787462,228519.0435317677,15439.239528318252,0.0023210098276238867,0.6309026404272152,0.0037100536,4128,-881.9454713581007,-143.26123410945672,-269.0499061620244,122.92577259262511,-25.749763361920397,78.59374028066155,-8.679658340773347,-29.344979006961267,6.5298510632127424,-26.410849556283157,29.111215127255598,-13.038575091703324,8.313281341098106
OSP_3_27.08.2025_20250827_204300.WAV,553.32104,0.799574612721399,227365.07163937777,15459.187353941512,0.002280381656702304,0.6324214750674795,0.003714278,4119,-942.9009456716652,-173.1439273929019,-331.9689308115226,126.07331922499822,-46.31407788091237,103.29443773864833,-9.20986373697418,-13.456099859261602,3.8936822899357746,-28.5424119889313,24.11342778452964,-19.50870411950782,10.365403708124575
OSP_3_27.08.2025_20250827_204400.WAV,552.3165,1.0717055376012947,231109.80575885737,15460.8417681754,0.002263634224282547,0.6318653870765079,0.0037313683,4078,-988.14138898237,-197.5014392140434,-384.35831573525377,123.42960325199142,-69.61578455928836,119.11829811642725,-12.186782677757133,4.028673816328517,2.750648976912809,-21.791819541726845,20.202744477941756,-23.40383425567027,7.7993511223397975
OSP_3_27.08.2025_20250827_204500.WAV,561.00555,1.0983743600501328,223477.04075005988,15437.132927099708,0.002310975806766044,0.631152598252513,0.003576773,4116,-983.2524649727393,-192.32047803763317,-375.1488566563052,123.29424339385629,-64.74712534118352,116.40907099503441,-11.538465388486483,1.1964366815245886,2.7592529896037137,-23.21253624211249,21.00230293798179,-23.66018726577566,8.679580576824419
OSP_3_27.08.2025_20250827_204600.WAV,542.48096,0.7597361619996316,222123.56577950096,15437.750134213393,0.0023246536427544884,0.631018984433172,0.0035670856,4111,-993.1478158087107,-196.93407244236994,-385.403872376879,122.11507672685468,-69.91746676358716,119.2298379251275,-12.338880846896938,4.7767986548159485,2.6539905880295867,-21.548305129052043,20.314433643221157,-23.436344516102718,7.650238329655344
OSP_3_27.08.2025_20250827_204700.WAV,546.9258,0.591402409955765,240989.04562937553,15473.926622271632,0.002207734119895716,0.6327695981478034,0.003941016,4117,-923.3488866658945,-168.47611723184795,-319.37526102551715,128.02082192141398,-41.22070030660501,98.09231679995152,-9.280784392015706,-17.490680527895158,3.975902726978804,-28.294665916941042,25.505896686094466,-19.08513570253001,11.10539985693134
OSP_3_27.08.2025_20250827_204800.WAV,587.023,1.3399641129524964,222003.72610307435,15430.880495423271,0.0023325509472731524,0.6304527163416791,0.003560794,4095,-950.0439711540398,-174.67581788044188,-337.0456725549018,125.27313935915231,-47.85128127815127,104.6212550137362,-9.151236141211012,-11.681761988211543,3.2479373687089503,-27.838723802066983,23.839336116258057,-20.374482430688772,10.334069884054747
OSP_3_27.08.2025_20250827_204900.WAV,625.4869,1.1814693913249836,226558.4286273578,15430.968372452293,0.0023244200377199892,0.6308057476847543,0.0036481728,4131,-966.2561338813528,-183.97762627093536,-357.5233730131479,124.39076670415717,-56.53371230184959,111.27065904942283,-10.394720000278381,-5.083143480225217,3.054836308014853,-25.645108784737552,22.276107642665174,-22.673086270256746,9.726663074245641
OSP_3_27.08.2025_20250827_205000.WAV,571.4496,1.5611034693315538,227647.11122395203,15447.477120043759,0.0022808837806819362,0.6315018120578928,0.0036604258,4120,-982.4759888355135,-193.60043119863002,-376.6503540379493,123.8860902376961,-65.38355137972387,116.86524165372774,-11.700135610319741,1.4926536063247131,2.637752608879077,-23.064462568983433,20.8581058947049,-23.569808138497343,8.80979405194694
OSP_3_27.08.2025_20250827_205100.WAV,788.27515,2.104108050056905,244045.93349760558,15452.602906074575,0.002298263256484996,0.6322225995322971,0.0041656788,4095,-898.6780188419804,-152.29290677137323,-288.59933158896024,124.6659773484264,-31.63428856239322,86.26240801033958,-8.604225541828507,-25.06234190149859,5.646163619308294,-28.07087955673145,28.091452701866675,-15.259732981846078,9.643828033287065
OSP_3_27.08.2025_20250827_205200.WAV,668.0325,1.555828666228056,230314.1005181717,15428.71758241065,0.0023310110937091303,0.6311568702589817,0.003749115,4104,-906.0417509104262,-154.25072921018787,-294.3303335849958,124.2948161181455,-33.11519228001953,88.39158398110624,-8.174359872213538,-23.814423502367852,5.153689632596529,-27.99787334442496,27.385768319476032,-15.834089787161114,10.03800285570635
OSP_3_27.08.2025_20250827_210300.WAV,698.1495,2.1861503953306824,234570.6014149423,15426.426844487496,0.0023290919222302554,0.6311612331592051,0.0038598604,4104,-942.5616008180823,-172.9080608196711,-335.24869357901497,124.61580847393574,-47.83103882716112,103.44981685883621,-9.131118345870572,-12.15869465434119,3.5275463307664747,-27.46742347081261,24.290631752519943,-20.681451319964882,10.828874262014098
OSP_3_27.08.2025_20250827_210400.WAV,812.2884,2.1225940215509063,252699.53551109543,15422.583321036185,0.0023096040673303156,0.6310717028108712,0.0043121083,4103,-891.9443055580379,-149.79118916335753,-285.6912044617208,123.77160594297195,-30.31831651756202,84.30756418087329,-8.213954334019178,-26.017223437319107,5.850809780776254,-27.338234261046345,28.037614411279453,-14.662445229815585,9.340816698109263
OSP_3_27.08.2025_20250827_210500.WAV,804.53204,2.276146045007306,253366.94210851038,15424.39053343891,0.0023154352731587446,0.6314280972228685,0.0043042656,4117,-879.6280171849266,-144.01972632962557,-273.8400186640566,122.37655354075429,-27.529314640808575,79.62335851133234,-8.005857685069177,-28.475400334197356,6.7591228888541615,-26.316231456425804,28.832118927257238,-13.629590506545323,8.193245699497176
OSP_3_27.08.2025_20250827_210600.WAV,819.5984,1.999730871535101,250735.9863655528,15415.789690732174,0.00234703150516329,0.6311821387227755,0.0042571477,4117,-896.9058268041078,-151.42108724880785,-290.58942328580224,123.3370987261041,-32.28165989747472,86.29129890412527,-7.884225495027736,-24.858738893701467,5.763655697753532,-27.548278065317888,27.619964828871034,-15.290407304706424,9.45327694509509
OSP_3_27.08.2025_20250827_210700.WAV,885.0128,2.2799678301369055,275678.63375091716,15411.55857830938,0.0023136199485730225,0.6314819972193783,0.004835148,4119,-857.15750712029,-135.76726609246066,-258.5491627969528,120.08846879984732,-23.654457800520213,72.20482617105026,-7.8952676451629,-30.8793189929753,8.395098260356564,-24.49572591218114,29.35635091451856,-12.350844948602921,6.483153943157014
OSP_3_27.08.2025_20250827_210800.WAV,862.54346,2.284062804321376,287499.8600830404,15392.747355722062,0.0023267337534689176,0.6312059528864948,0.005064976,4099,-837.521194707598,-128.7222123642822,-246.23222683729065,117.12180129053576,-21.41828296702768,66.66423462712582,-7.109378231224366,-32.25057428818597,9.77569861642128,-23.324020219951578,29.03855679843013,-11.224258778872533,5.059175612268769
OSP_3_27.08.2025_20250827_210900.WAV,825.7366,2.28369234523941,275232.10342924454,15386.63632417815,0.0023387412513858033,0.6305042531005678,0.004769323,4109,-886.2242196821719,-149.4479528278655,-291.0542845468743,121.93893025994392,-32.75116597386502,84.97703870094317,-7.448029845025856,-24.485656642433334,6.538668463100292,-26.8743576837293,27.78059593567908,-15.914494201635112,9.48149993394813
OSP_3_27.08.2025_20250827_211000.WAV,826.1405,2.2570075355122556,285285.63256283855,15378.628447117937,0.002316321076174413,0.6303689122998883,0.004980939,4139,-890.7424972113539,-153.0432960530971,-299.8915823810997,122.25615169341,-35.302632774509,88.08062007925821,-7.522410764320691,-22.301019055487128,6.372617567587257,-27.57312135105812,27.182673426017054,-16.865986422859315,10.014570512663175
OSP_3_27.08.2025_20250827_211100.WAV,830.8013,2.2836203260975667,263583.29565388814,15412.148353996883,0.00231993278582095,0.6307445761878723,0.004539528,4130,-849.3731850039444,-131.34657397003116,-247.90663262433492,119.13736045648292,-20.77739307038959,68.32441041455242,-8.068902765096158,-32.885660039154224,9.193663376679742,-23.662635400614953,29.465820723316373,-11.147695763888885,5.063970499594624
OSP_3_27.08.2025_20250827_211200.WAV,867.8786,2.271899501523776,299813.1469436612,15412.570976109544,0.0023002389687727825,0.6310363451403108,0.005417907,4116,-821.1758731892664,-122.37011336331283,-229.68136039832098,115.63908180505162,-17.637024935533905,60.280116148505606,-8.1936502716132,-34.57413466971555,10.93785953309681,-20.80164775075048,29.38409020685499,-9.991175506221591,2.5606697771857907
OSP_3_27.08.2025_20250827_211300.WAV,876.84845,2.2816091415642754,309794.1968930379,15385.782771500059,0.002289229604373641,0.6302890166895476,0.0056164977,4108,-848.8495502222205,-135.91909797353625,-261.88990370174537,118.94075227724056,-25.359747982901073,73.45770883052127,-7.130064176701593,-30.437799377321635,8.775258301383179,-24.42881264746456,28.662898519405964,-12.711993046456268,6.650090274397516
OSP_3_27.08.2025_20250827_211400.WAV,829.90283,2.283863355834832,275462.0223881984,15401.377382837843,0.0023331542807442764,0.6308348336862435,0.004790644,4116,-891.9684822978305,-152.38369123723683,-295.59331440794256,122.79158769455037,-34.328329341097124,87.37648860579566,-7.601510617818087,-23.509540517030473,6.035417449741131,-27.509117855673907,27.682471186562264,-16.455789899781823,9.712730518171478
OSP_3_27.08.2025_20250827_211500.WAV,876.3743,2.255727379074607,275130.62292068393,15401.233873697718,0.00233935077273609,0.630469804367554,0.0048466707,4095,-834.2514561042269,-125.19354111004873,-236.12385646209407,116.53968943619132,-18.60514796661017,62.83627787419604,-7.833178716717226,-33.58479827566768,10.01068627092887,-21.873546451440962,29.29097806005006,-10.518872904563294,3.7506858502671907
OSP_3_27.08.2025_20250827_211600.WAV,879.7472,2.261282656928123,310482.65520201676,15367.025807577998,0.002319996559512342,0.6297360190862342,0.0057060076,4119,-836.8383220111024,-130.03284787329906,-251.50617332889473,117.11201644033538,-22.42869074366193,68.05331274918076,-6.613170307674156,-31.71455234081491,9.615199868805524,-23.135497457271377,28.483930247827168,-11.819308042476484,5.503540417991677
OSP_3_27.08.2025_20250827_211700.WAV,822.92896,2.2316954315226747,260894.8873096038,15415.380051100032,0.0023284873805157597,0.6312009537299889,0.004482662,4123,-890.8361334529839,-150.57279234534113,-289.84975667382326,123.14397031166156,-32.869375007951696,85.05732670072244,-7.27262473473863,-24.4360399050636,5.6644581105089875,-26.93150682283854,27.69825530842369,-16.067035738431677,10.379758729367314
OSP_3_27.08.2025_20250827_211800.WAV,851.0104,2.278345764072164,282303.4985377244,15404.570006448334,0.002319397989823761,0.6306025092493485,0.0049953964,4130,-823.1142161778836,-122.30777865865956,-230.96210498327326,115.41826736089551,-18.522012133775384,60.15437115135305,-7.1037189735315245,-34.08218187560255,11.000940745549855,-21.001087977316057,28.50853655076053,-9.808867038608962,3.1605522258269265
OSP_3_27.08.2025_20250827_211900.WAV,826.2493,2.2607325645335763,269656.08871534467,15405.57763708111,0.002344969279530517,0.6311420545769731,0.004706614,4127,-849.7299305994924,-132.22565816154906,-251.5066472709204,118.69188940612965,-22.344565726923992,69.24027306609867,-7.551389672258123,-31.407434811608123,8.84896394522885,-24.08915217926229,29.046985695660833,-11.545283723846858,6.2030562913629135
OSP_3_27.08.2025_20250827_212000.WAV,834.906,2.2868779906180094,285579.54555127706,15402.859644650907,0.0023014905698866676,0.6306586815897245,0.00512453,4121,-828.0810306352331,-123.76597661139897,-233.91294026750904,115.72291934940333,-18.673668792242914,61.854605688991036,-7.426361991576135,-33.73106676172718,10.500281696911673,-21.591203026799317,29.03659906723775,-10.277375738829488,3.42115096575322
OSP_3_27.08.2025_20250827_212100.WAV,840.9749,2.272746915346377,273565.65751816006,15392.5201088738,0.002319027702612831,0.6306497740017685,0.0047881184,4143,-848.7805668388079,-131.951412759713,-252.194880675305,118.48950007690043,-22.261407631783264,69.2533384395175,-7.161525523122181,-31.783546823503304,8.98085691716262,-23.880882947233648,28.92799623866038,-11.387161099114756,5.740710947603951
OSP_3_27.08.2025_20250827_212200.WAV,824.0083,2.2729044042073174,285615.8452572856,15386.613852417173,0.0023081117827353772,0.6305318848019825,0.0050566406,4110,-862.8269726356023,-139.27263799863357,-268.80003729567284,120.13474898388579,-26.24058437749738,75.96304338275968,-6.950656189922951,-28.852502077708838,7.599407422758292,-25.635940043299378,28.65114831375079,-13.291732655592469,7.664366793981273
OSP_3_27.08.2025_20250827_212300.WAV,837.76685,2.2855439597859606,295439.19380245084,15400.171581070272,0.002295996751573626,0.6309399068666233,0.0053150593,4107,-872.197538802416,-143.56322256140146,-276.68413086207534,121.33518055858752,-28.51191317102826,79.46095385559455,-7.779867062217672,-27.23368701760215,7.110995796889064,-26.546320633214638,28.839182458720984,-13.781183023581718,8.318198737524336
OSP_3_27.08.2025_20250827_212400.WAV,870.56335,2.288098162763769,303336.46647319157,15387.612389318529,0.002288060472927958,0.630260839625605,0.0055546076,4099,-818.9016787772956,-120.36305068411959,-227.61551374441743,114.35306882975101,-16.786512359909118,58.743491598777226,-7.8380167827817475,-34.30842861780771,11.359340481292504,-20.75810284837007,28.828557387240537,-9.205259026070825,2.0086339505911233
OSP_3_27.08.2025_20250827_212500.WAV,884.6351,2.278577696948415,269274.25576636166,15407.202055436012,0.0023112621085714545,0.6308430141241623,0.0046970956,4121,-856.8062756765103,-134.48107676272838,-255.3200968239984,119.69416872096055,-22.620697215523634,71.11513872903981,-7.726303448232139,-31.310856366741717,8.289703159111845,-24.450343230109112,29.201136764362666,-11.618689668605949,6.09771097076616
OSP_3_27.08.2025_20250827_212600.WAV,843.63635,2.2934721926721395,301473.8162978758,15402.503481240601,0.0022809952151384393,0.6309795365436522,0.0054119006,4110,-829.2323065596122,-124.64479416169661,-235.22323752388,116.34463830126279,-18.41137858889174,62.10843978654928,-7.763333990270311,-33.560237950578,10.076998579902579,-21.56239270548496,29.316814909392093,-10.28611557340054,3.5077972023409587
OSP_3_27.08.2025_20250827_212700.WAV,882.1488,2.2815502760847255,275403.9500020372,15415.377464404153,0.002290538656428051,0.6312036805426284,0.0048890677,4132,-845.3746154809311,-129.81713586237777,-244.8270293965638,118.43480177633151,-20.345511258149887,66.8296539029546,-8.084413931437016,-32.62722715545274,9.164383302284431,-23.469523267756987,29.73358363766275,-10.98892839842689,4.975357904225951
OSP_3_27.08.2025_20250827_212800.WAV,860.7977,2.2665575141629795,283366.4426457678,15402.631728129323,0.0022922647324623013,0.6311036065187546,0.0050756293,4106,-873.2348125769822,-143.2214358698631,-276.0326300857642,121.54910593784632,-28.267588168880167,78.9687746561702,-7.542162305547439,-27.572391568264973,6.897880015001118,-26.259487925609093,28.99242189860427,-14.061272983998359,8.487053796269546
OSP_3_27.08.2025_20250827_212900.WAV,862.67633,2.2769859604129805,293615.3574593874,15392.343003060781,0.0022930254436971725,0.6307072188547096,0.0052864985,4114,-835.0818306958821,-127.78358866290705,-243.68207909571956,117.1049039763863,-20.34653629771242,65.33568243939072,-7.431164837823291,-32.64437026373239,9.81310910461811,-22.676489603749882,29.31924968835542,-10.824069226988916,4.149013584766009
OSP_3_27.08.2025_20250827_213000.WAV,795.9645,2.271467967088135,253854.45649191894,15396.328835559265,0.0023353025883032143,0.6306141436499442,0.004302693,4134,-881.1794945721373,-144.24262637185453,-277.45643599314354,121.43422644140827,-28.121572333532974,80.34403456695686,-7.97627013341693,-27.09974638415932,6.678019029913626,-26.707640530590297,28.857827642652143,-14.238540504583693,8.550236340782122
OSP_3_27.08.2025_20250827_213100.WAV,843.4834,2.2746454380566163,261663.33698321567,15407.61941241844,0.002326440779870266,0.631025528783507,0.004543794,4114,-867.6097844572749,-138.31787624587858,-263.694438085473,120.5270811093881,-24.60056544510305,74.71643074390059,-7.946557733602639,-29.620618819514476,7.308733178316419,-25.566577784644533,29.61279595580337,-12.858813995298528,7.377431786036289
OSP_3_27.08.2025_20250827_213200.WAV,888.9436,2.2733419821323815,326489.4135214199,15374.392283819236,0.002272754063275567,0.6303952714887379,0.0060926033,4126,-829.724813942201,-127.21996544262343,-244.8191354350646,116.53358353961478,-20.432484374888155,64.97117302819119,-7.1934530526998675,-32.163060827138885,9.942353915200384,-22.890342571490645,29.14687404257865,-10.801835547047036,4.388494373637913
OSP_3_27.08.2025_20250827_213300.WAV,871.11554,2.2642682813343806,285559.852733271,15407.926035384287,0.0022983814876708984,0.6310369813965935,0.0050588013,4138,-867.7448863778842,-141.16551492227205,-270.0120448328933,121.33257206267062,-26.455594470180497,76.88885121149004,-7.889313710793803,-28.611657238740793,7.199361624043395,-25.87457766817179,29.00272917962427,-13.205255679351705,8.081033781879823
OSP_3_27.08.2025_20250827_213400.WAV,830.0173,2.270962013602518,275090.3021374576,15405.362103064588,0.002292779669753161,0.6308015665720402,0.0048887758,4108,-858.800519571574,-134.8977093066532,-256.2400668316952,119.75721107233149,-22.496353412891228,71.43704053135552,-8.093736992508315,-30.806836904303168,7.995691883939846,-24.76652809861247,29.498724989609556,-11.906693502920469,6.5116315018602915
OSP_3_27.08.2025_20250827_213500.WAV,885.9098,2.2779538017133305,282592.78739042813,15401.666395132877,0.0022949914238626487,0.6310018055135425,0.0050395303,4090,-850.4117078886339,-132.2290737637973,-251.7428263703168,118.76537326443747,-21.948732125208085,69.28767858590255,-7.78407350400663,-31.660014663749894,8.803783613758968,-24.0312578405299,29.331920865149314,-11.466685304867015,5.982275837781287
OSP_3_27.08.2025_20250827_213600.WAV,869.60034,2.285721160385263,323755.3737713268,15398.834187679106,0.002266620753600873,0.6302844720018149,0.0059659225,4103,-844.4477806930378,-133.09675714534333,-253.90752567668687,118.95048666524492,-22.649773470046917,69.97868717852253,-7.797547881777426,-31.685793297475026,8.981083438202825,-23.694855193989454,28.996336578487025,-11.413111198616011,5.791922087286626
OSP_3_27.08.2025_20250827_213700.WAV,852.98083,2.2501439016294675,269993.82647187583,15394.609907154727,0.0023213200191645918,0.630436991722124,0.0047028195,4142,-799.9598272220054,-109.67549716070715,-204.06214701714902,109.39435767495888,-12.96925206507035,49.41069475889483,-7.925844078599014,-35.11622018620275,12.803405013238537,-17.71530531069156,28.01317717447759,-8.249232690331821,-0.7050932453941107
OSP_3_27.08.2025_20250827_213800.WAV,865.6842,2.294872339159771,289758.6064853532,15395.93423801726,0.00231013826254638,0.6303666399560219,0.0051726303,4134,-811.5749179844521,-116.62563962638133,-218.55980110095078,112.81172136310873,-15.462557655684094,55.36159154325301,-7.929213362096231,-34.84167619307978,11.95410893117014,-19.56409586615817,28.511978189410208,-8.720965647728175,0.9133294072808243
OSP_3_27.08.2025_20250827_213900.WAV,853.12463,2.290881878344571,287353.3626039976,15401.923356737134,0.0023108522676043627,0.6306393212199832,0.005099487,4104,-871.1273673324965,-142.09180660451665,-272.937418618377,121.1558798223054,-27.44291015986857,78.50264750468293,-7.595096754297905,-28.458118358011326,7.402582956243216,-26.405181224401712,28.583030257601244,-13.306581743874885,8.263762682034274
OSP_3_27.08.2025_20250827_214000.WAV,840.73535,2.2705759631522,269472.40822277806,15383.201554921778,0.0023272567189594525,0.6298474548294397,0.0046410984,4090,-859.2775856075579,-135.699705741506,-260.8951909039145,119.21556489568383,-24.15903095845466,72.70991344150768,-7.27330854134382,-29.862464687158898,8.232817053053738,-25.208566855887486,28.825908583988817,-12.121203129636745,6.893102807512504
OSP_3_27.08.2025_20250827_214100.WAV,880.1607,2.2874285234955334,282449.6107267191,15411.3747423997,0.0022868610225055693,0.6305870573110574,0.0051322454,4134,-855.2694528953091,-134.2370741326845,-254.27861653067492,119.83602556033911,-22.335779329285746,70.67824607748916,-8.216125873837361,-31.27967439308996,8.406639745897005,-24.474469520020506,29.674991438085573,-11.86350291947731,6.266581141442005
OSP_3_27.08.2025_20250827_214200.WAV,845.187,2.2918813481437113,269192.61097602407,15416.255323225598,0.002295789529757069,0.6312126790243392,0.0047453973,4109,-846.2773377926477,-129.55343266317934,-244.1633571670082,118.39605630862238,-20.02863048845449,66.6144597096085,-8.147361070474226,-32.95120647552729,9.210630865920914,-23.24661353061093,29.560781771802567,-10.692674073374013,4.974075222060144
OSP_3_27.08.2025_20250827_214300.WAV,870.6333,2.2724272294654937,292568.34220029117,15402.582343351394,0.0022893969346583086,0.6307147630363459,0.005259697,4117,-856.0722990205736,-136.86989376900925,-261.88657572845875,120.09762455091045,-24.436258560236094,73.24150124368026,-7.653758864636018,-29.854876200694136,8.074694538057065,-25.3437167478264,29.27739898629775,-12.315293697394175,7.117728593130406
OSP_3_27.08.2025_20250827_214400.WAV,859.7727,2.2726027073112105,272098.2926742842,15399.184205768534,0.002327080233374758,0.6307293969308452,0.004776731,4127,-885.8954521085719,-148.28246823126105,-286.81784155259487,122.19169637763012,-31.293632466573797,83.70469461589985,-7.532095530741248,-25.34554725146545,6.305149703688447,-27.392040568133943,28.154972381704248,-14.568577356229998,9.077931576272364
OSP_3_27.08.2025_20250827_214500.WAV,883.32623,2.287092233634118,281485.3548994118,15412.645650441918,0.002321813973554543,0.6307718443142685,0.005046681,4128,-847.1146733261482,-130.4303457051206,-246.6130192553226,118.46673303932836,-20.860321962135558,67.56901069211882,-8.056952364566774,-32.594116042882895,9.248271030301412,-23.656764965928705,29.430481731268056,-10.53678320089652,5.046518047999473
OSP_3_27.08.2025_20250827_214600.WAV,850.5835,2.287235789204127,257439.4989245541,15409.15658851397,0.0023211125822211534,0.6305118881759587,0.004395109,4095,-839.6312885921346,-125.90492300764278,-236.77154254464253,116.90668067012467,-18.25882200238076,63.626129676052095,-8.336707375115079,-33.523275967524995,9.889472607052488,-22.654256156990115,29.74855859713389,-10.173587726912679,3.7158118010226517
OSP_3_27.08.2025_20250827_214700.WAV,835.40283,2.2707863232258774,276973.2961568751,15395.848946130396,0.0023187359101647493,0.630199122766195,0.0049169604,4102,-828.4478070182255,-122.77982492967955,-231.93813126810292,115.42616157179798,-17.650452345558012,60.84303984412929,-7.890147664395596,-33.71544012461401,10.355007193866125,-21.59036532779952,29.617466566320324,-9.996834997822205,3.0149448232724323
OSP_3_27.08.2025_20250827_214800.WAV,873.26575,2.287022015977145,282318.59497762535,15399.782751497443,0.002294858835295455,0.6307312148059382,0.0050547556,4120,-863.8934723821893,-138.9224698342847,-266.3734024128489,121.0010425763773,-24.982545338838328,74.75167507915728,-7.665115803284383,-29.56239968202883,7.593976939728222,-25.28754844030999,29.206062033921665,-12.89063066527517,7.205054816371253
OSP_3_27.08.2025_20250827_214900.WAV,844.1765,2.2857155177541033,274152.45949326735,15413.56189610145,0.002280278261943416,0.6308394692677308,0.0047886097,4157,-848.3529920320653,-132.057183418952,-249.79456444388188,119.48170356447359,-21.17692948156732,68.37994723961376,-8.303784397415711,-32.17619183307487,9.018410059317896,-23.74684188927934,29.61784341322687,-11.027124275454431,5.422098806030546
OSP_3_27.08.2025_20250827_215000.WAV,863.8082,2.28652768497626,261796.61470216338,15410.589863696512,0.002307387046797451,0.6309836267626117,0.0045339623,4096,-889.7799049455374,-148.853867392706,-285.7372522061276,123.07945203511618,-30.392427747783216,83.78137041414877,-8.213201183066593,-25.71052820512368,5.95819329737605,-27.383479055808944,28.54962575176422,-14.756483954044798,9.359614577414467
OSP_3_27.08.2025_20250827_215100.WAV,878.70746,2.280214967966671,297627.5233198593,15394.762098579193,0.002285290351877381,0.6307050374045979,0.0054243575,4109,-864.4773629537254,-140.95971831464144,-271.0358472339587,121.08110305338681,-26.517089303145116,76.70765017828495,-7.7400413898888605,-28.25716821969769,7.552132541592238,-25.957312061647862,28.76898195487943,-13.36418185579032,7.916996807158595
OSP_3_27.08.2025_20250827_215200.WAV,841.73816,2.2801564815527158,296234.11246249266,15403.936958965596,0.0022944358915531196,0.6310075318200856,0.0053045093,4101,-881.3732520472357,-148.05647146136744,-286.11195710222785,122.67648310845719,-31.1629886995326,82.83660315900912,-7.821852452669687,-25.463486789813825,6.554412641347808,-27.19453155817671,28.35393034392206,-14.640314025894925,9.159131771046475
OSP_3_27.08.2025_20250827_215300.WAV,769.7119,2.1242013390772403,246360.33982384752,15409.31512674092,0.002326527367287321,0.6308431959116716,0.0041553685,4122,-865.2247702528307,-136.43226165132577,-259.1712940137129,120.14111742474913,-23.482230644129864,72.9521192953706,-8.005868932796266,-30.12050735626372,7.87756578577199,-25.488331761264877,29.339074313346295,-12.262200843002434,7.067337614816012
OSP_3_27.08.2025_20250827_215400.WAV,839.43896,2.247919748888011,302292.2506067831,15402.721545464867,0.002264529515940054,0.6307728441455697,0.00538723,4097,-865.0955587725223,-141.88199104207854,-273.1163049927537,121.31623179719293,-27.859626423652248,77.4731303688591,-7.3269330960881085,-28.036452849079975,7.567022558754577,-26.057785098602896,28.519756079089742,-13.110474934404655,7.927134240371257
OSP_3_27.08.2025_20250827_215500.WAV,838.8817,2.2656662322658185,250926.13663998785,15414.689411228164,0.002326038643977182,0.631225313256236,0.0042534377,4137,-846.9641977176308,-129.05085420920474,-242.84049086592702,118.52402781084744,-19.426773690814837,65.76848551395362,-8.159759235529433,-32.82311734009926,9.150040071657653,-23.482140397609065,29.66284513520325,-10.576385546593256,5.054635759267546
OSP_3_27.08.2025_20250827_215600.WAV,789.74084,2.1898735862535896,270576.33062816225,15413.759788833433,0.0023070473991084095,0.6308198362167257,0.0047130217,4099,-871.1485305067642,-142.32622003698896,-271.67906270607523,122.262177299822,-26.50543316020861,77.47447096564122,-7.687061093256761,-28.519486554438885,7.026547815726513,-26.32588161202393,28.893416921639922,-13.162504108491081,8.044867909207703
OSP_3_27.08.2025_20250827_215700.WAV,873.17505,2.2569979686932076,278904.8842700233,15427.873167520147,0.0022803717703937846,0.6317240472880212,0.0049655745,4106,-846.5535360910087,-131.02086216151565,-246.6708792374682,119.21406016749927,-21.26865181032241,67.54168624148224,-7.726069714543671,-32.461778317117755,9.026568618469247,-23.716367612161278,29.51989024432877,-11.162624245335861,5.565730729920017
OSP_3_27.08.2025_20250827_215800.WAV,826.5593,2.268305253837435,259902.33633257385,15413.734009275404,0.0023133204304297433,0.6311462356896873,0.004486515,4116,-895.2093236270769,-151.5573452681851,-292.2630148658571,123.35462122583385,-32.94788490232045,86.05703416019847,-7.713734015891352,-24.05365514970855,6.178585529292315,-28.03737801890595,27.559457666247198,-15.1642591211559,9.497476197566199
OSP_3_27.08.2025_20250827_215900.WAV,765.40564,2.2132850817948095,242999.412895309,15423.114814102331,0.0023304775513622892,0.631244491838468,0.004056618,4119,-910.838179338386,-158.0340328848493,-304.8267129169692,124.31797185921131,-36.757270642931815,91.42242205874345,-7.89566154953267,-20.622546061143474,4.944384923462768,-28.802608288152946,26.89409124553445,-17.022928869988966,10.449600694102601
OSP_3_27.08.2025_20250827_220000.WAV,815.5752,2.2696398521497665,249228.97725194859,15410.351373389376,0.0023186303687244146,0.6308270168233433,0.0042143106,4090,-858.4124379187929,-133.87113410668297,-253.15743678977398,119.85846760444466,-21.66320833522887,70.3206729018505,-8.251868186253972,-31.43392829217372,8.206969769727134,-24.62462649523282,29.608114683487763,-11.479463363180482,6.333686257705911
OSP_3_27.08.2025_20250827_220200.WAV,821.63885,2.2746981552869983,265557.8180053544,15421.918627463108,0.0022757855117252757,0.6315425324599777,0.0046421257,4108,-854.4110399394011,-133.23288043852887,-251.70684696157807,119.98827081958538,-21.833342312469608,69.25569782141403,-7.908677677596598,-31.66741941891275,8.480082729906147,-24.124307815057318,29.564140035969956,-11.533264025627414,6.130957574388747
OSP_3_27.08.2025_20250827_220100.WAV,860.5767,2.2728964153601545,272460.43714271154,15417.69742576068,0.0022899745032643614,0.6314002837339445,0.004824456,4098,-858.7224110930507,-135.90029473355176,-257.3205917005306,120.59764191509845,-22.934106207072336,71.79532498995951,-8.414792064339494,-30.679568739315858,8.036087139515773,-24.88622459974015,29.706455971061622,-12.305994252383238,6.83201341532345
OSP_3_27.08.2025_20250827_220300.WAV,871.8897,2.291264987233739,288638.24762032996,15416.083482695045,0.002281661826694639,0.6312484002699181,0.005192957,4080,-852.8626468469123,-134.88456735179426,-256.631117097106,120.07915662924974,-23.370135150351146,71.18362214468917,-7.848968599372793,-31.24047598245819,8.905722146366303,-24.701834638199884,29.096865099174767,-11.422403438681446,6.209293758847805
OSP_3_27.08.2025_20250827_220400.WAV,772.7904,2.1720880501743522,253279.18912948386,15414.246819816615,0.0023038105741357883,0.6310576142788998,0.004308914,4103,-845.0483931651167,-128.8625401457244,-242.54988216030642,118.43178590994384,-19.226571491397923,65.51271639131737,-8.26557901616408,-32.8337752459756,9.184869412689965,-22.955164610020717,29.546038854590133,-10.87558096601906,5.046354132045997
OSP_3_27.08.2025_20250827_220600.WAV,832.30457,2.277583495992972,256312.40744145936,15408.748531607249,0.002320377677976951,0.6306556820958209,0.0043896833,4121,-839.4440156681896,-125.45727966971357,-235.49347783146067,117.07203664013775,-17.851680786343582,62.79177074579303,-8.368831769980641,-33.84116955557927,10.029121962476781,-22.287906276812905,29.46843503188003,-9.792199965292182,3.654332206265498
OSP_3_27.08.2025_20250827_220500.WAV,840.6073,2.261586174345367,265448.3056024244,15422.761121852296,0.002308942779773027,0.6315878884435498,0.0046149157,4104,-861.7555330195855,-136.7814332414212,-259.01095388989205,120.75980159906794,-23.61771868228798,72.67925556499418,-8.17247184500129,-30.303132303896614,7.914662425475496,-25.390137459832328,29.478242086260362,-12.153843837819144,7.053630838155658
OSP_3_27.08.2025_20250827_220700.WAV,582.65405,0.6006707967788287,223405.1588640116,15432.271769357296,0.002310671995256604,0.6312361296130399,0.0035992258,4101,-1000.5213353980378,-200.46651282798902,-395.2741649186076,120.67599481542547,-74.8261212422876,120.91873685448715,-13.707307062432031,8.670107867995327,3.0122962460024585,-19.897146810917306,20.22077920477272,-23.809030431113747,7.2130862642393465
OSP_3_27.08.2025_20250827_220800.WAV,650.2189,1.0775884849099069,224353.74264974069,15438.65489992176,0.00230658669524345,0.6317749477906274,0.0036282728,4105,-944.0475841759179,-171.84296379420758,-331.5632613254262,125.43575297567205,-45.755314062185725,102.43222723874133,-8.913956463583725,-13.229533426436403,3.7151512610572066,-28.58298906717541,24.571241840086145,-20.033282281736163,10.485315982228444
OSP_3_27.08.2025_20250827_221000.WAV,580.05536,1.2985203549685322,224951.10190559775,15427.75949213263,0.002310532493258854,0.6308430141241623,0.0036340104,4101,-941.1863481670741,-170.61479700273168,-329.3871601910584,125.40305331105172,-44.516352028273424,101.36080934969492,-8.737620867468177,-13.90804160634455,3.7727264140803487,-28.654827116882988,24.495113494046215,-19.58670232498453,10.472514423370345
OSP_3_27.08.2025_20250827_220900.WAV,610.5205,1.0446887769123667,229582.56657724903,15446.990394018285,0.0022910062554101335,0.6314921773198995,0.0037676527,4122,-876.5918093617745,-140.8583580634041,-263.9431414355328,122.74378138676413,-24.332091730468868,75.9433110865297,-8.604860013668965,-29.967635925158696,7.037747841781533,-26.43213437648284,29.433795524050527,-12.265605011707693,7.719591029673341
OSP_3_27.08.2025_20250827_221200.WAV,527.76764,0.16305193176508476,220333.62747175392,15433.691187284601,0.0023220153196211817,0.631197227086048,0.003540212,4103,-1022.450518726773,-211.42816320604007,-418.6081084007815,117.2146749184788,-87.45326006482674,126.45282392576061,-17.71176308497379,16.836265693607892,2.9401495877835724,-14.520354386405684,19.190887949091753,-22.128906094612535,4.745501422769624
OSP_3_27.08.2025_20250827_221100.WAV,540.2017,1.299305918231271,223294.92819569324,15429.360786187433,0.002315025826026363,0.6309602670676657,0.003594221,4123,-1010.7904575440753,-205.95866303857898,-407.258824977806,118.93095603435302,-80.83495084994871,123.8848724765593,-15.904929931402004,12.899403461471403,3.2833609590002357,-17.525991564663972,19.61231436472943,-23.085180722471712,5.9620285753789375
OSP_3_27.08.2025_20250827_221300.WAV,529.9724,1.6132933657270228,220894.66912792283,15433.769378834582,0.002321155871903233,0.6313211152736411,0.0035519702,4109,-1025.2314943158285,-213.07038869379494,-422.4573344056168,116.62786238201834,-89.73012460449705,126.89720164037892,-18.29125152122844,18.237762848799825,2.637880204657858,-13.34198367897694,19.201242102130188,-21.81475870145103,4.622254687010595
OSP_3_27.08.2025_20250827_221400.WAV,531.249,2.1939688812882467,221276.9660774829,15437.371524238679,0.0023065426977835813,0.6314999941827997,0.0035620583,4127,-997.3852898496087,-198.51401427848512,-389.6594116170614,121.53225645316996,-71.73284737475937,119.99242059847056,-13.230071380503707,6.809410900487006,2.898659883801868,-21.331768421216854,20.575269081332067,-23.593896261878786,7.3139176522235
OSP_3_27.08.2025_20250827_221500.WAV,529.8395,0.3771081967918227,221574.34050884822,15436.418442618793,0.0023099935496157177,0.6313199336548306,0.0035632525,4102,-1035.6816979280918,-218.9367291581672,-435.29376087950766,114.59420025258349,-97.32314075415471,129.0768363773883,-21.072284487602968,22.43311804926919,2.5171412107428104,-9.768931377274917,18.958286866120503,-20.401283644506965,3.67200898921862
OSP_3_27.08.2025_20250827_221600.WAV,565.99304,0.15646670044187597,221830.46713271135,15440.011781470703,0.0023132036174517445,0.6314874508446575,0.0035691666,4103,-1014.3927609174341,-207.77671631060875,-410.1572053915689,118.80908868771972,-82.69370277710941,124.55029705512551,-16.32487581902384,14.085178844150823,2.8859110039434945,-16.879811573989972,19.719048765375234,-22.873450781797825,5.729284603580648
OSP_3_27.08.2025_20250827_221700.WAV,529.75977,0.18537563576304017,220967.41791917733,15433.685865237401,0.002316864103281028,0.6313554731129002,0.0035498354,4089,-1033.5629323403737,-217.43820947181996,-432.47320189146694,115.22936342700342,-95.49271196755893,128.30731190851856,-20.601354498049407,21.470175196702005,2.6348415953542097,-10.656879927803347,19.128937841607023,-20.892284405060686,3.993857402205971
OSP_3_27.08.2025_20250827_221800.WAV,529.6603,1.8299751009091338,220859.09263210333,15439.389884338958,0.0023090281183438064,0.6317500429018522,0.0035503085,4115,-1036.6181541772805,-219.31392229563116,-435.7787852511446,114.60658564017616,-97.60064496046097,129.09652022539046,-21.39203454511922,22.77877294198924,2.430595083117032,-9.605245440545346,19.009087701846113,-20.47770423920145,3.9576198066130033
OSP_3_27.08.2025_20250827_221900.WAV,528.8533,1.9086533962342636,221620.37574824237,15444.664954140522,0.0022962121361301954,0.631767676290255,0.0035673568,4092,-1038.3747634579456,-220.55898624813423,-438.20781906524155,114.3568556619387,-99.06990706655878,129.548445295961,-21.90196813096833,23.453358580562835,2.5469079674561677,-9.099953797280572,18.954979398770252,-20.05111240083735,3.5649545689687616
OSP_3_27.08.2025_20250827_222000.WAV,532.53394,0.6109882040490034,224292.36500844551,15448.078924628611,0.0022838695431296563,0.6316602398722543,0.0036174038,4086,-1027.4893965465956,-215.89907026450948,-426.983170485738,116.76389092986041,-92.28412322176088,127.91581351761064,-19.344432431166908,19.611654377058038,2.8763525818178053,-12.381164670817794,18.847689410586558,-21.313839951748395,4.273380965744106
OSP_3_27.08.2025_20250827_222100.WAV,568.71875,1.94293498213912,227576.6076627736,15450.622861991033,0.002280971727562117,0.6321354324215841,0.003683069,4129,-970.9243077113956,-187.36937041735297,-363.3695782480375,124.58900115163333,-59.26473037662164,112.9497960467014,-11.143283072541356,-2.153333550582121,3.1121387151734,-25.81798674488195,22.07232516020846,-22.665445060156937,9.16950207575268
OSP_3_27.08.2025_20250827_222200.WAV,550.75574,0.9651628424389525,223393.9260927541,15441.65579208904,0.0022967075721377628,0.6316251548829579,0.0035969194,4134,-1016.8778610576032,-209.84236293917232,-414.06561941770906,118.60713212602077,-84.73377243264393,125.3153014026286,-17.097336790896662,15.52508691249314,2.6121552864086635,-15.827635954923144,19.63417365260239,-22.733712059022476,5.583432763177752
OSP_3_27.08.2025_20250827_222300.WAV,564.5837,0.6427854963596501,223822.31444813858,15435.539826490582,0.002325099131225297,0.631082246486411,0.0036042437,4090,-999.5816055047135,-200.3965402340137,-394.33649201589185,121.24539448815779,-74.09326421188892,120.69279771467652,-13.994322850834227,8.48502850473947,2.998532701446994,-20.71650297399261,20.321639071367876,-23.42794278459584,6.896093540318939
OSP_3_27.08.2025_20250827_222400.WAV,535.2229,0.2261355245389631,223249.49078100218,15445.490304190991,0.0023039075135332376,0.6317819466097356,0.0035926758,4101,-991.5142037763719,-196.3928641814407,-384.09352955268156,122.46432402258665,-69.06629504619643,118.69751435047193,-12.857999229673108,4.926196923739476,3.163650387150444,-22.697818597174283,20.794295348011293,-23.37408063760544,7.599474087639092
OSP_3_27.08.2025_20250827_222500.WAV,539.43427,2.1475005792467563,224068.00829376478,15436.985671246139,0.002313316546234003,0.631385195370672,0.0036098969,4101,-996.7165987332013,-199.23951828042757,-391.0290615417316,121.61365947145846,-72.28005606054774,120.47538357141484,-13.686078128659608,6.926249097301011,3.2482477222745634,-21.248175420874105,20.20150193704207,-23.201718525472426,6.937357131104487
OSP_3_27.08.2025_20250827_222600.WAV,625.2094,1.1519186950572506,231748.49443294934,15449.691099530464,0.002286274117981016,0.6318806572272897,0.0037753005,4094,-954.3815705212792,-179.0758587303896,-346.8263437116728,125.7325866194741,-52.136141631247014,107.40115114318691,-9.599359052145903,-8.772325597519352,3.900200428546522,-27.894578313215188,23.333216531586427,-20.959099883504955,9.696791461718169
OSP_3_27.08.2025_20250827_222700.WAV,597.8887,1.275702989492314,229473.48495660277,15444.784572120021,0.002287674836881325,0.6316483327903947,0.003767108,4128,-901.6707265842382,-152.60601320055468,-288.87773411439395,125.28126595880943,-30.820256792616036,85.98944816457339,-8.61204103498248,-24.91434742750295,5.3159936784700585,-28.42542070073664,28.091555487735047,-14.94882233235799,9.798771853702203
OSP_3_27.08.2025_20250827_222800.WAV,533.9227,0.5631760545203176,223116.15002027436,15444.35007648425,0.002299362336736836,0.6318741128769546,0.00359539,4137,-1025.2822167826123,-213.88463799350706,-423.7604486313184,117.19285234520761,-90.54994544693571,126.91452399123422,-18.438129643822318,18.26877298177566,2.9908444117204995,-13.112333484936814,19.036780415256402,-21.64658986953617,4.458480488289534
OSP_3_27.08.2025_20250827_222900.WAV,561.12244,1.7367452841389017,224759.81148674397,15442.114604582703,0.0022864473066534522,0.6316991423992461,0.0036258136,4107,-988.6147718236077,-195.2342642110671,-381.9848124789224,122.92755130991566,-67.85021678512543,117.76749983506062,-12.296335664907897,4.011838759295364,2.8492485554501403,-22.907265291442098,21.058720420310774,-23.39954756348333,8.021141339051223
OSP_3_27.08.2025_20250827_223000.WAV,615.4503,1.24986735088559,228890.4488174278,15436.014909108397,0.0022900405015416603,0.6314264611352848,0.0037282167,4094,-913.2505888256118,-158.26331996164,-301.7742924822387,125.47561410496142,-34.639157114219266,90.91580021429172,-8.781800969297704,-21.304262620610604,4.570466282691781,-29.106488955924597,27.264735338032764,-16.472545637546933,10.320772127938294
OSP_3_27.08.2025_20250827_223100.WAV,596.49695,1.2659950441558752,227815.11627852896,15449.632139592133,0.002283789441154071,0.631948554862016,0.003704349,4086,-945.4993303401376,-174.09717258085595,-334.81879613244325,125.99584612594138,-46.8815729682776,103.55951003632632,-9.702521906907842,-11.631200895173983,3.5884722467270866,-28.891730973864266,24.540572723976684,-20.25663594369008,10.53915526986805
OSP_3_27.08.2025_20250827_223200.WAV,573.3212,0.5296435025403523,225432.3327956397,15439.447345211614,0.0022901500839749354,0.6312196778434475,0.0036419607,4098,-988.5988867820805,-195.37869669782037,-382.418586437786,122.93957242706246,-67.7904935742864,117.91133679509956,-12.430593698441761,3.9315098366572663,3.23091385020605,-22.946084399417746,20.742651269013624,-23.15115500773906,7.637894524666511
OSP_3_27.08.2025_20250827_223300.WAV,572.31964,0.6982256779928924,226237.86020179075,15442.402548117374,0.002284871293733434,0.631979004269825,0.003665651,4113,-947.701955375647,-174.71224902895932,-336.95572086257425,125.68403305302792,-47.6148970951212,104.25803873623103,-9.485950624321944,-11.266263165776,3.3318942300450693,-28.429564671793585,24.412039054561127,-20.620388988571296,10.467241133358561
OSP_3_27.08.2025_20250827_223400.WAV,534.2715,2.2513538295545263,225532.48508888003,15454.110038392217,0.0022781688943694866,0.632605898495672,0.0036404165,4112,-1018.4067486611856,-211.46383506006157,-417.2809741647334,118.586258676653,-87.02069373354304,126.09403854234193,-17.26519210277733,15.953521175091609,2.9262865134839946,-14.898734525624853,19.244965448227482,-22.131307588797267,5.285317811188798
OSP_3_27.08.2025_20250827_223500.WAV,600.5134,1.2355883344084984,232478.01723118738,15459.013972369237,0.002254948154870854,0.6323531229639799,0.0038486135,4128,-824.6405840676308,-118.53227549261166,-216.05844021197674,115.70675686168244,-14.416938978690881,55.16629457891841,-9.407706055696693,-35.54873802422382,11.726944936488737,-20.006572663092477,29.419279110978756,-8.543611085370594,1.3005710476089842
OSP_3_27.08.2025_20250827_223600.WAV,554.82825,0.2696521645640153,226617.53435549058,15469.40041393021,0.002264182259974518,0.6331259925598008,0.003733012,4121,-914.0755581685089,-158.654645424862,-300.1852166816396,125.7594915092115,-34.98923879574546,91.60208853640962,-9.410195175716291,-21.861004005544615,5.186254922160907,-29.37167108108555,27.22856068770806,-16.30526558038778,10.297713564013984
OSP_3_27.08.2025_20250827_223700.WAV,553.9787,0.12633227506683034,221868.09063501327,15442.53585946626,0.0022931340961512927,0.6316593309347077,0.0035739518,4108,-979.9105220373715,-189.87635401196636,-370.1318206961835,123.70867083357909,-62.1055983060975,114.85961506384899,-11.58564751319247,0.07106626856318382,2.9616943387617454,-25.006201522403508,21.97168629040743,-23.108050908765236,8.771560641670337
OSP_3_27.08.2025_20250827_223800.WAV,546.41736,1.1746399630578197,222639.67919248313,15434.986638812483,0.0023002911522179534,0.6313107533856106,0.0035795185,4107,-1002.4956217672005,-201.755646783984,-396.9550478145174,120.71015310782133,-75.35396813513543,121.70866730674499,-14.397863570699961,9.313654422451728,2.8940624379423627,-19.83882573514488,20.304876119804874,-23.474762130416476,6.773667614041947
OSP_3_27.08.2025_20250827_223900.WAV,546.2423,1.3693907855758793,223932.82155708745,15446.440073689662,0.002288139695525768,0.631588888274851,0.003609269,4115,-975.0005535950203,-188.04647875654882,-365.79966133913473,124.22646705997056,-60.2022778447308,113.68273154213406,-11.241934987773,-1.514707534208441,3.263283363169391,-25.74908367692538,22.037047006635202,-22.86122176226972,9.064011118818433
OSP_3_27.08.2025_20250827_224000.WAV,532.3458,0.2669471809576068,222870.27954224366,15446.967226874101,0.0022982761623162934,0.6317331366634866,0.0035776407,4083,-1038.647631555412,-221.47866027142848,-440.11193269863793,114.15748405814287,-100.33708789714703,129.86195037559304,-22.510603372496767,24.173531025718862,2.389974803229665,-8.648744984698416,19.03852645118905,-20.121842704085353,3.6182658729140695
OSP_3_27.08.2025_20250827_224200.WAV,560.4757,0.02091600916083889,222031.25582253546,15430.464739102794,0.002320058526334226,0.6311934095483526,0.0035660127,4119,-1041.8300382815924,-222.17954066866892,-443.878921653555,112.93737669376114,-102.63064286045504,129.70825217369756,-23.590879874867237,25.208063918777025,2.354577484598703,-7.311997775898833,19.203931953372777,-19.153406153617436,3.285749876086819
OSP_3_27.08.2025_20250827_224100.WAV,646.6986,0.8343428909158191,224719.18453016647,15441.016804619774,0.002297487453310785,0.6312629432706627,0.0036360698,4097,-969.796484095042,-185.15870598354968,-359.8308557565201,124.53321714228419,-57.3220764344507,111.77286551135477,-10.93718134361872,-3.424036231950008,3.247704204276173,-26.765933797470826,22.73654670513694,-22.358638418202958,9.363666087371893
OSP_3_27.08.2025_20250827_224300.WAV,528.3269,2.28275333939205,222654.96683389874,15444.597283398221,0.0023095562651768457,0.6316354258772338,0.003581841,4088,-1041.535876961789,-222.62881786552833,-443.3985540187086,113.44530657081262,-102.38507600679623,129.91343820538336,-23.669940470556657,25.13291020322038,2.6258365091614135,-7.598267580953923,19.24180353558021,-19.311366273273038,3.1765153232872074
OSP_3_27.08.2025_20250827_224400.WAV,619.099,0.6176974674299629,224199.24621671406,15442.809829476078,0.002299116025900347,0.6314618188058452,0.0036222248,4122,-931.904564616264,-166.28860296929932,-318.7946350797246,125.84451707336542,-40.7140068740836,97.73726418707905,-9.173511525158563,-16.706605539621734,4.143412899232031,-29.328446132364476,25.950826024743364,-18.51352740386987,10.583732082711085
OSP_3_27.08.2025_20250827_224600.WAV,551.2449,0.7781862143014049,222916.24651148953,15444.186979632346,0.0022949458411416716,0.6317953988854245,0.0035954537,4097,-952.8926901114338,-176.50956213930567,-340.811019864429,125.54964286012338,-49.16482320120669,105.58065750548667,-9.802262457804236,-9.88658689260705,3.4593988534931,-28.400377348838585,24.083792898422466,-20.738163975965904,10.10847733854431
OSP_3_27.08.2025_20250827_224500.WAV,605.21246,0.7988246906916009,226145.17153129613,15440.85165522044,0.0022787372395130794,0.6314041921653947,0.0036554316,4102,-963.8372322488563,-182.70659599212397,-354.7385664385334,125.04751702427599,-55.017975666674005,110.20517819649496,-10.271075097183344,-5.906827815175683,3.510189287993569,-27.154332847319516,22.90240215485868,-21.637205147183476,9.399084832704187
OSP_3_27.08.2025_20250827_224700.WAV,637.6368,1.0589158908902396,226761.33158755675,15449.406892096466,0.0022746966108720857,0.6322647742344565,0.00368657,4098,-890.2695934492264,-146.88962680198753,-276.8473743090566,124.18818677664575,-27.456966820946306,81.18891825605776,-9.057704605182339,-27.36128330723943,6.568717567469456,-27.960884798010394,29.043978557095866,-13.583892069460536,8.568075359097623
OSP_3_27.08.2025_20250827_224800.WAV,588.1138,0.9791901112714352,226067.83003008523,15441.198901722799,0.0023002215065821563,0.6316173380200577,0.003660403,4099,-998.5446607606497,-199.98740809338986,-394.190478206985,121.3016850473637,-74.56470977337167,120.2982682412755,-14.24529118368778,7.839371951956323,3.7274307271226546,-20.427777238052393,20.414677780361693,-22.7180229468865,6.56661064904226
OSP_3_27.08.2025_20250827_224900.WAV,640.9712,2.0604044022496133,227451.82322169986,15440.928618470614,0.0022804544445306683,0.6316976880991716,0.0037001576,4127,-921.7836939793747,-161.96035459166262,-309.37768035274945,125.81400223009776,-37.26226491679755,94.12002934271298,-9.245973262556667,-19.37705365397217,4.495709893185656,-29.45047345649448,26.92869480043582,-17.231814973089076,10.2647568604037
OSP_3_27.08.2025_20250827_225000.WAV,583.3887,1.1505045341123563,235278.4995147472,15473.82535933216,0.002240227725695691,0.6323417612446481,0.0038757566,4100,-964.6082564622984,-186.87502246414536,-359.5371024835298,125.86770647258922,-57.44074132076164,112.05531921806542,-12.052594329048198,-2.9610975871697334,3.329377270388846,-27.06598670102344,22.97527820133382,-22.374717425047983,9.684035589721649
OSP_3_27.08.2025_20250827_225200.WAV,649.4758,1.5508369125363377,238569.0405849665,15461.59768419229,0.0022339331284298145,0.6324726482513496,0.003939428,4110,-938.0263938132355,-173.63198285428956,-331.69461376443115,127.02294360234569,-45.48674294769724,102.48477845446617,-10.19969508528333,-12.595249121947523,3.7388446696127056,-29.38258153555665,24.927543359450173,-19.301291931158158,10.457365545024517
OSP_3_27.08.2025_20250827_225100.WAV,611.1102,1.707007484591561,240995.37065039403,15477.152541043894,0.002221071537923969,0.6327126077636355,0.0040010004,4096,-947.8767805510032,-179.772215800974,-343.1887155961272,127.05750113360125,-50.53937395500908,106.79171761871906,-10.936758429000417,-8.772350679988042,3.725998751319952,-28.302601189610044,23.271892141330422,-20.655124503327343,10.510447506086631
OSP_3_27.08.2025_20250827_225300.WAV,777.01904,1.9795032379989426,266443.17284209235,15503.737177930574,0.002128114253478786,0.6332262483711839,0.0046110875,4117,-900.6439864510498,-162.63109577329155,-303.57021625330196,128.81120345018954,-36.293747734125034,92.12703930541608,-11.023776677752776,-20.045308140612587,5.092536354704512,-29.93417686359947,27.70487639292633,-16.719793780021426,11.60373177834117
OSP_3_27.08.2025_20250827_225400.WAV,739.8789,2.017118789600244,285486.25891783694,15525.359011723893,0.0020625342092070544,0.6336227269289836,0.004993341,4109,-922.4679120318276,-179.40665451246906,-335.1290880447545,131.1106505617109,-47.07615689270278,103.08076976884664,-12.287913725404524,-10.120153924160451,3.5462441782433967,-29.73232067728604,24.52895483537897,-19.728182479859754,12.030694402141881
OSP_3_27.08.2025_20250827_225500.WAV,687.80066,1.9534668488467823,271023.62891463237,15510.614382738082,0.0021163068177724523,0.6334973844413161,0.0046934476,4133,-921.0049043896948,-174.69536252439215,-326.9406133759528,129.99380715466293,-44.004244950728925,100.89749764788154,-11.99056782895717,-13.043201272872464,3.7183259304402463,-29.8532010730986,25.824861643786623,-19.178620449298453,11.597244391729971
OSP_3_27.08.2025_20250827_225600.WAV,760.6052,2.0696282325598645,250178.0703042821,15469.707899001538,0.002215153617380369,0.6325509986678611,0.0042092665,4113,-915.7050278831252,-165.12198757078207,-312.51918040348613,127.41518164441376,-38.81654057918271,95.25048060973884,-10.07534000893845,-18.13412957804548,4.426718317891449,-29.15568097678875,26.551207822498355,-17.876493235274356,10.99500621672378
OSP_3_27.08.2025_20250827_225700.WAV,756.5635,2.1070949757680615,271024.18044923025,15494.155141184783,0.00214729116322133,0.6330677296630678,0.0046940236,4095,-865.1240671916672,-146.10105432536864,-268.5310077306106,126.33386395822191,-25.57282710783348,77.34532915746362,-11.172988133279341,-27.780922417760156,7.138252711720073,-27.227644416663153,29.697913856553438,-12.66869850120646,8.837616430486834
OSP_3_27.08.2025_20250827_225800.WAV,668.39966,2.0056065512979235,259934.06662582295,15491.23020972047,0.002155703344497882,0.6330149203916139,0.004438925,4117,-931.3003718306106,-176.7554453049791,-333.57989962922323,129.27158229813307,-46.050206506293975,102.81537488942465,-11.342029350115496,-11.65699272064628,3.7911257259203017,-29.3538134130012,24.52452596077973,-19.212638055673303,10.684766647393515
OSP_3_27.08.2025_20250827_230000.WAV,701.6599,2.031422485839763,268035.6080146683,15512.634939822563,0.0021299168716847356,0.6336590844308452,0.0046456335,4141,-923.2868116517492,-174.6648892751525,-327.4066658554797,129.7930629982464,-44.35933234464496,100.89654504767175,-11.539622251137265,-12.659883853549779,3.5081119695489447,-30.159713637387966,25.78981698088282,-19.128248595616068,11.635468338546332
OSP_3_27.08.2025_20250827_225900.WAV,683.86414,1.9019164501915882,264725.69081892475,15497.031098871545,0.002155712374883227,0.6326666155237807,0.0046061627,4114,-916.3263846409583,-169.97612531255177,-318.0817020043405,129.29490127211855,-40.50980713080015,97.22326237032351,-11.187384595095534,-15.378287210894507,3.6049631367553143,-29.93154363505822,26.192105629191015,-17.91353153798661,11.276065576010874
OSP_3_27.08.2025_20250827_230100.WAV,727.9985,2.2092880345602075,247153.80040053194,15473.1699873153,0.0022082337627870627,0.6324078410042815,0.0041746423,4129,-804.5889138513276,-113.44629335152072,-203.23387658302113,113.51111064689249,-12.75729828184219,49.89691139742842,-10.386319165618517,-35.16101303521532,13.026847930483443,-18.531417040834267,29.061109182382843,-7.838895696888615,-0.5779414020666767
OSP_3_27.08.2025_20250827_230200.WAV,780.97864,2.178199135136129,302089.5638040909,15555.175250657952,0.00202048392912296,0.6346162865611039,0.0053949747,4130,-840.7907214509299,-143.9708002973498,-257.11841530944076,127.71675933566077,-23.743958248888102,72.94821946256816,-13.784012127369065,-28.004944039814827,8.619255413559982,-27.09774202802184,30.919724355145462,-11.896136954435224,8.411285550914663
OSP_3_27.08.2025_20250827_230400.WAV,712.9326,2.198445460937915,228068.59042283424,15434.490787750561,0.0023099562698941398,0.631103242943736,0.0037217487,4108,-913.7771622223448,-157.88413583408726,-301.2869703956427,125.17985015020591,-34.68922207365547,90.75819466289454,-9.018527393798607,-21.205684176102068,4.714821275061789,-29.158803279554476,27.490952621005384,-16.35445808040713,10.265125779500528
OSP_3_27.08.2025_20250827_230300.WAV,548.71655,1.9121519379477863,224920.52083340663,15446.03121860267,0.0022850179494467646,0.6315365334721705,0.0036323736,4109,-1016.1434641343286,-209.9901384998097,-413.8395837854113,118.76580489061028,-84.64878216504556,125.54794284515475,-17.16170813053896,15.302470394090385,2.953666933272061,-16.096691578946665,19.670702643772056,-22.265346429208318,4.949057986592436
OSP_3_27.08.2025_20250827_230500.WAV,529.7753,1.9343862790860076,221406.60384126412,15439.264560506545,0.0023102467626956937,0.6317052322808079,0.00356948,4102,-989.9461366470484,-194.66273516497566,-381.163936962585,122.49422718097459,-67.41049947381244,117.76886167447228,-12.662661948541164,4.047623593587483,3.131525253253959,-23.252959311876154,21.318100071614975,-23.327442847449905,7.712516074236762
OSP_3_27.08.2025_20250827_230600.WAV,554.83936,0.20271987737183955,223824.6508280747,15438.961231591493,0.002303779358334153,0.6317656766276526,0.0036162385,4101,-1019.0168684937097,-210.41955020235403,-416.32734235292725,118.04664439366128,-86.05566797370253,125.7370928788221,-17.3689233845392,16.129863601032316,3.083034339401543,-15.571542269270468,19.495666630009374,-22.055955286380705,4.722047147261933
OSP_3_27.08.2025_20250827_230800.WAV,909.06464,2.240236885118289,466904.5245347732,15334.88648975352,0.002226772345691411,0.6287618198238552,0.009196612,4105,-795.9969457144246,-125.97323693895385,-246.81321588138053,115.48768051689423,-21.553610546664732,63.40685118386282,-6.897529505810206,-31.4711036543521,11.234681594187206,-21.799904642074956,28.261876549609568,-10.526005719588449,3.6347114125636293
OSP_3_27.08.2025_20250827_230700.WAV,925.8995,2.2616178255061907,471200.38768538676,15323.976492052529,0.0022310232628883686,0.628683105832325,0.009521804,4147,-774.7753262757426,-115.85000329834162,-226.3254396405452,110.99398429732823,-17.12678781381497,54.87058250645847,-6.687009517833356,-32.721237906000916,12.764830543822447,-19.15369607865187,27.314095403573692,-9.680500769653028,1.3694790450074565
OSP_3_27.08.2025_20250827_230900.WAV,920.8183,2.2745507470626674,591368.4841962779,15303.452839762125,0.0021649757566542956,0.628918338869369,0.012130642,4132,-774.958042926417,-127.3578063729891,-255.62689230114074,114.69316624738069,-24.77318872567203,65.53070196251906,-6.374590993151485,-29.966550978007668,12.457130618809506,-22.322956836655177,27.4246127461247,-11.6115580304769,4.822853589603395
OSP_3_27.08.2025_20250827_231000.WAV,916.88916,2.2510360028572887,492641.24867542635,15301.911150831202,0.002252933530966306,0.6288065395511448,0.0098483,4143,-806.3242240699973,-132.50265646913164,-266.28412918809033,116.30094648435511,-26.589142611248004,70.3740561480656,-6.4217477787382675,-28.80342428233134,10.5158759538471,-23.766946030897735,28.032044781799968,-12.196923579409026,5.964986231163831
OSP_3_27.08.2025_20250827_231100.WAV,908.62683,2.2577235314363153,488839.8341406433,15335.787140310777,0.0021956865470306518,0.6293943494624907,0.009743887,4118,-800.823355698398,-129.85869538622322,-256.640341568988,116.60867233942012,-24.194527147315075,66.72679651022861,-6.961551991815917,-29.91026785606624,11.2074088718929,-22.88863525181506,28.111943476798608,-11.52921653366942,4.867585948208641
OSP_3_27.08.2025_20250827_231200.WAV,907.09033,2.2704556680852646,449100.26112342323,15338.158525433751,0.0022374442928782697,0.62908476533414,0.008908386,4147,-782.6142867251325,-116.42388930607444,-226.21538963025307,111.26521231440674,-17.632091682471337,55.355751107409226,-7.199244981263897,-32.447546703525376,13.185094900914713,-19.7450957975686,27.55875752608285,-9.491391973448101,1.042862448373559
OSP_3_27.08.2025_20250827_231300.WAV,923.4193,2.272251788737814,396594.1989996804,15359.466605518555,0.0022235353927864267,0.6298318211036392,0.007741567,4105,-823.0929302773112,-131.02617659140859,-255.08408961258482,117.7155589799327,-23.15594495783242,67.6057598306888,-7.336570880601247,-30.417916109342325,9.965164543949683,-23.476643502714502,28.737153285627915,-11.180895193805622,5.025032260248392
OSP_3_27.08.2025_20250827_231400.WAV,927.5258,2.2809631314605934,431829.9842288536,15351.00047705724,0.0022279955299683227,0.6294358879083675,0.008582532,4118,-804.5260191939913,-125.06452696014088,-243.5161254611167,115.15522628726806,-21.06533661945549,62.83112505337513,-7.385142822558986,-31.611507658818475,11.509220493931847,-21.92941854639727,28.657884897505674,-10.607795760173316,3.3945164993839567
OSP_3_27.08.2025_20250827_231600.WAV,900.0438,2.26575904618732,346820.15409374546,15348.089460127914,0.00230289684336275,0.6291812945015823,0.006502814,4128,-823.1412923654369,-125.45492500197791,-243.45921401990825,115.31405712208978,-20.154581570057957,63.72919405077772,-7.162503337747931,-31.788201526289978,10.579793281246745,-22.803832936101706,28.894337141830768,-10.400571215850276,3.894874377005647
OSP_3_27.08.2025_20250827_231500.WAV,909.6922,2.2386260578969375,352288.16248769505,15366.652826912019,0.0022521610321952715,0.6298271855221519,0.0067545464,4118,-804.6499178613788,-119.46492889218874,-228.51320927355502,113.83013133684342,-16.969628108393138,57.451952097315626,-7.69953933324698,-33.253072993248715,11.882003268661316,-20.766798476824185,28.624426134678593,-9.491222072711304,2.0053355574194582
OSP_3_27.08.2025_20250827_231700.WAV,893.5491,2.288805887775256,342168.04742705857,15373.360594287078,0.0022807407285345754,0.6298550899048306,0.0064125233,4126,-811.1173276270588,-120.67192892139991,-230.65253964274797,114.08980085667284,-17.76557163099314,58.84742211005099,-7.962357612911944,-33.17085595986746,12.00707832725401,-21.107881372896934,28.553703224152358,-9.319671192816788,2.195815095585996
OSP_3_27.08.2025_20250827_231800.WAV,900.7127,2.2790454127468487,312239.3866031348,15376.387637356165,0.00228244281509057,0.629825822115832,0.005713994,4119,-802.235508919131,-114.55915825126992,-216.8627098205895,111.62077315862797,-14.920139728580025,53.46538909272197,-7.663817654454019,-34.01440948593984,12.690349124647014,-19.89241829032479,28.119113363277346,-8.210600991143153,0.0802783833480781
OSP_3_27.08.2025_20250827_231900.WAV,918.1877,2.271464975142325,429420.99060801324,15338.695141383221,0.002249593178103051,0.6292541003990599,0.008439071,4107,-794.5498430270866,-121.2924835867772,-237.51915470103313,113.2515603887573,-20.241702085049127,59.951639370065315,-6.392722952842382,-31.880646398257866,12.158023452325988,-21.414671806831343,28.0180312345895,-10.146036519592345,2.6576581196027083
OSP_3_27.08.2025_20250827_232000.WAV,898.1334,2.2704779316426844,338892.8279439469,15346.411230315385,0.002294039744571558,0.6290411363319062,0.00631737,4109,-855.7504408809547,-140.72103728536058,-276.97727867141225,119.48219837619128,-28.541134490372695,77.21797011519682,-7.3300737726134395,-26.637443787261894,8.34819655499219,-26.270470563956835,28.15717779833853,-13.17639362800833,7.61843724189216
OSP_3_27.08.2025_20250827_232100.WAV,894.58716,2.2845214280995583,332442.58892971714,15370.698173999765,0.00228071079843168,0.6298935379630491,0.0061686994,4125,-807.8591338089713,-118.74531488202861,-225.95563594140364,113.55007541040457,-16.35077856094451,56.719948741735585,-8.030913741128167,-33.21988287106645,11.699870960292051,-20.512978038887443,28.66203243497964,-9.482609390175929,1.9627658367745222
OSP_3_27.08.2025_20250827_232200.WAV,888.06635,2.2684994336639264,342381.72639328893,15359.702302206526,0.0022803280423643094,0.6296362177436243,0.0064142034,4098,-826.9064042124328,-126.85330952653408,-245.21033852754036,115.8949999480458,-20.600630371215807,64.75407566825113,-7.5111345275004,-31.34584259739293,10.409813634679805,-22.95864913705213,28.975658142449,-10.9102733739179,4.138931766379709
OSP_3_27.08.2025_20250827_232400.WAV,892.77637,2.2686855646195876,343455.0294524794,15362.804878516685,0.0022687185656732733,0.6296124944736597,0.0064919684,4125,-813.1861280354354,-121.5057725176738,-233.84138064713673,114.38226724179108,-17.83204523074134,59.71155364163114,-7.545593409442712,-32.819305491710814,11.376633886807987,-21.783492568670106,28.928197321883964,-9.574883117384923,2.4947814269965023
OSP_3_27.08.2025_20250827_232300.WAV,867.5337,2.238331111165198,323410.36938743823,15380.287017674595,0.002253161230302774,0.6301050477301284,0.005948244,4134,-862.3684359015499,-142.69835090323707,-277.4628316190008,121.16639670607081,-28.285643709068236,77.9964491823288,-7.883842022448757,-26.554267252533098,7.858680356950771,-26.62050197733935,28.64130993533946,-13.610695711073047,7.912154245333008
OSP_3_27.08.2025_20250827_232500.WAV,910.94025,2.278241164899928,355014.33824436535,15368.932166315128,0.0022670847752274013,0.6298176416779132,0.006788907,4105,-833.4645737979829,-130.89369269721016,-252.83944694310566,117.54480710476118,-22.324607900150763,68.06047259445512,-7.7398748264048765,-30.79963897693261,10.017711903675828,-23.988506193232066,28.737340564845734,-10.690018352625449,4.981456272647271
OSP_3_27.08.2025_20250827_232600.WAV,884.65137,2.2503832567166633,339081.1661600818,15363.557863197946,0.0022706588131590653,0.6293422673410741,0.006349649,4100,-843.8291606626368,-135.93524051488725,-264.60729172961805,118.89283458066284,-25.106567439741088,72.89945553181067,-7.432625196871552,-29.00152357973816,9.161792331156757,-25.556985782804578,28.580618780510353,-12.351800211782269,6.744385010090594
OSP_3_27.08.2025_20250827_232700.WAV,901.01074,2.2782264951009203,353117.3412854452,15366.907397588899,0.002284416279547427,0.6292839135505863,0.0067166337,4128,-831.9105620361594,-130.79857012234714,-252.79402769424087,117.48177347823292,-22.504331974085872,67.93258699785144,-7.731853112369924,-30.654855663600742,9.759680635103912,-23.89545201733266,29.04254418745295,-10.901848524616595,5.059338716200729
OSP_3_27.08.2025_20250827_232800.WAV,902.58386,2.2775741138308936,301571.1199025363,15385.984475649431,0.0022756995637142493,0.6297040244845961,0.005449798,4115,-819.5162879099958,-121.43283331674425,-229.87773498396143,115.01004013042719,-16.798470098515114,59.23489220973802,-8.231985743580635,-33.649264499459875,11.159125175402512,-21.49963235543056,29.125368042276577,-9.136468938897869,2.183847724311568
OSP_3_27.08.2025_20250827_232900.WAV,900.18994,2.278990236493359,289540.503715618,15391.666390609094,0.00227757986812584,0.6303686396186243,0.005195854,4134,-854.3287721460101,-135.31640172872918,-259.05350684868756,119.68137590411189,-23.234027321699326,71.64838880151754,-8.049263965915827,-29.93762799023157,8.211904926221827,-25.202923269996433,29.666280711208405,-11.805315517664921,6.330376233924347
OSP_3_27.08.2025_20250827_233000.WAV,859.806,2.2196347694887986,289284.28036529303,15389.242893625196,0.002288022159854796,0.6302274816176471,0.005191056,4095,-852.2377205860772,-134.84781244034394,-258.3478380640782,119.67015440444872,-22.797744289342493,71.32192298469687,-8.046330783829571,-30.300593597235768,8.595376974337551,-25.540756007585077,29.48817076142157,-11.350091061079219,6.025060666243771
OSP_3_27.08.2025_20250827_233100.WAV,872.81726,2.2722268002718176,293569.1550163454,15379.083053549017,0.0023094849441738117,0.630189942496975,0.005224589,4127,-826.3293942762451,-123.78221605935522,-236.1777619956876,115.40152268368286,-18.2880527908461,62.01212934636389,-7.845970307442519,-33.025280190372555,10.853282609675807,-22.567443861437695,29.013734025461726,-9.352513957456274,3.046933892721364
OSP_3_27.08.2025_20250827_233200.WAV,820.27673,2.255492497743026,264181.5967635174,15397.326934726325,0.002313017530969608,0.6300077005188943,0.004572004,4118,-900.026624984069,-154.3840333995058,-299.59309450784434,123.21340065615541,-34.648503931092826,88.67759174511413,-8.197615366011528,-21.9500849032653,5.679965664746072,-28.32083013908218,27.738329990804253,-16.23801413852175,9.425868067149983
OSP_3_27.08.2025_20250827_233300.WAV,835.63776,2.2895040425466746,261457.7391444939,15408.460928757904,0.0023094433523413,0.630871463869369,0.004515039,4125,-871.4488600878618,-140.67994523134445,-268.576689538425,121.45025804621669,-25.765500650096254,76.31405003734494,-8.255719071531022,-28.51634432278376,7.708544093387451,-26.599531513353256,29.067406046929527,-12.459978015472648,7.2736084953277995
OSP_3_27.08.2025_20250827_233400.WAV,796.7351,2.2854020938213906,265675.7915411097,15408.306541261854,0.0022740379449409953,0.6310022599823157,0.0045880554,4124,-841.5741937015083,-128.62996962664548,-243.0327192805661,118.32258410033926,-19.648692501151274,65.22935730662788,-8.133073425170132,-32.51736690198069,9.784864713599596,-23.531114159518083,29.442462577181796,-10.373041410826024,4.438806275836328
OSP_3_27.08.2025_20250827_233500.WAV,861.45984,2.292958581082406,274744.62301316165,15408.860672520039,0.0022914597509879403,0.6307979308218541,0.004817277,4097,-848.5256100222762,-132.50167219869695,-251.6388050268927,119.27028572020481,-21.660282252179783,69.08552702004545,-8.162196446575726,-31.475314534732465,9.265677023345212,-24.689212093997764,29.217750399479787,-10.827268667592904,5.585815191667103
OSP_3_27.08.2025_20250827_233600.WAV,843.8546,2.2669087431436936,266101.9096869725,15411.310668001655,0.002289605347221155,0.6308531942246836,0.00458411,4129,-869.6927834920868,-141.4005168467552,-270.18894204742213,121.51157933651984,-26.147232053060044,77.18258603251392,-8.103186016096734,-28.07931377938079,7.661555897469336,-27.212827300602246,28.746638081340507,-12.897206945234906,8.070425212609775
OSP_3_27.08.2025_20250827_233700.WAV,848.3301,2.2634303123076824,279343.0717671479,15403.177561778291,0.0022770800181332604,0.6305111610259214,0.00495446,4133,-802.0964595244504,-111.41037492444393,-207.0356037666562,110.83208161657319,-13.119487083897102,50.36715086362243,-7.945315719217741,-35.21398531350878,12.84900208882316,-18.70673815599589,28.079765113954064,-7.596923620615355,-0.9625524960479134
OSP_3_27.08.2025_20250827_233800.WAV,835.26184,2.2699135627840383,274125.4582863905,15405.776948999373,0.0022725568897343455,0.6307406677564222,0.0047973213,4135,-882.2898389976094,-147.76516982314874,-284.5510705448842,122.70188731500143,-30.20237176839723,82.7403480186019,-7.885706616378468,-25.295652673090128,6.645050983013514,-28.086484273666443,28.265902430934585,-14.452695936827114,8.92958436528619
OSP_3_27.08.2025_20250827_234000.WAV,853.854,2.2773304001794075,279822.1275102102,15412.094321973867,0.0022876733308417564,0.6311051517125837,0.0049128155,4129,-860.1594915891122,-137.86099529693425,-262.4411153050952,120.70440994578567,-24.215871631578366,74.03689460862498,-8.5310068650445,-29.689740887865423,8.411748666337962,-25.944837915677056,29.44216791513056,-12.522860755165187,6.790534648759154
OSP_3_27.08.2025_20250827_233900.WAV,818.78174,2.265897518625481,260432.71285236484,15413.906959878144,0.002283074587408017,0.6312787587839724,0.004456673,4129,-884.6983312486936,-147.8311605457395,-283.72082772979735,122.80416465547913,-29.77996553264969,83.25644663524129,-8.394111440211141,-26.029958213528953,7.009117434976841,-28.316204908059625,28.420342601632804,-14.06245218011938,8.51585812988749
OSP_3_27.08.2025_20250827_234200.WAV,783.37164,2.188140667172433,257741.61495599643,15410.713331060902,0.002306246238706872,0.6308101105849777,0.004438163,4116,-846.9556300932969,-129.6549098145079,-244.31097499274983,118.6039255147026,-19.39662898665796,66.30037752441686,-8.597681425062754,-32.16949222615318,9.091270932085253,-24.161012829695938,29.846643809656253,-10.43189709495068,5.015095510279175
OSP_3_27.08.2025_20250827_234100.WAV,807.9559,2.195819073053981,255053.2532609337,15413.200370937722,0.00231168388372384,0.6308421960803704,0.004393635,4113,-851.7504096929448,-131.11361288791966,-247.40795056581095,118.92007516316471,-20.437125340567153,67.92014057656998,-8.680878303401741,-31.96964158191386,9.175439008588748,-24.28360674626376,29.812835916682317,-10.909603567260385,5.2821425502058466
OSP_3_27.08.2025_20250827_234300.WAV,823.02295,2.2528721786924675,270128.90688301984,15424.35993013703,0.0022904696997935324,0.6311331469890171,0.0047092456,4093,-836.3330061174701,-125.77789815787234,-235.00650776964653,117.54022390837883,-17.990807464870088,62.44304660079479,-8.756536087530593,-33.07964864335593,10.019424527582974,-22.971983466464224,30.084747670931414,-9.924902302012145,3.505807427796225
OSP_3_27.08.2025_20250827_234400.WAV,808.3214,2.2756956669322976,268691.38464787696,15405.256750644225,0.002291227401248263,0.6310467070283414,0.004674803,4094,-812.994473731841,-116.14983788892432,-216.6979511108395,113.24652212200095,-14.457887326727,54.22832652932407,-8.32438172356615,-34.739497007022365,12.108244558225545,-20.0036727344704,28.635425619754074,-8.16948456289831,0.6304300713016985
OSP_3_27.08.2025_20250827_234600.WAV,850.7088,2.2325721748852514,260675.56791190174,15403.07626423678,0.002295698478008935,0.6305940561301657,0.0045023216,4138,-838.2459244802506,-125.46175392305622,-236.01839136575538,116.82413308664457,-17.601807215512697,63.02621650282117,-8.492870717384937,-33.30098190501106,9.795495908098543,-22.945325557046587,29.796530554651433,-9.790277914327435,3.820344569460414
OSP_3_27.08.2025_20250827_234500.WAV,858.5834,2.2793298878850745,286660.0865065469,15387.572466427422,0.002305438367616384,0.6303157394534159,0.005122893,4120,-844.8008254414714,-130.51876051302395,-249.5899456451504,118.37285868007206,-20.766623940673515,67.49498627863652,-8.011267560348918,-31.75035149272647,9.461671000635448,-24.295050203318585,29.69801078637396,-10.578233153863765,4.661610945408782
OSP_3_27.08.2025_20250827_234700.WAV,790.9407,2.254495220747602,256932.95604488326,15430.65970947511,0.0022897701891233992,0.631746952514194,0.0044280174,4107,-849.4779160569319,-130.65071602189045,-245.06762454504724,119.21352222521664,-20.18052318427072,67.17208867076445,-8.595495204785651,-32.349186562847294,9.217219251334773,-24.353281177859934,30.050627912680024,-10.579167144383632,4.801895321663526
OSP_3_27.08.2025_20250827_234800.WAV,876.0653,2.2873118289978174,285441.1831395473,15411.718888651721,0.0022880492039643622,0.6310327093901247,0.005169835,4128,-815.767012054949,-117.97640133596737,-219.8448034242889,114.21175939936661,-15.010163309070245,55.565066461718445,-8.649285311492758,-34.42448211630714,11.548172556458725,-20.39054554034518,29.334259311772588,-8.689069992393721,1.24832451611721
OSP_3_27.08.2025_20250827_234900.WAV,793.35345,2.2605627411353497,240848.31596623536,15428.497569340803,0.002286044339693175,0.6315126284146966,0.0040232856,4115,-890.3833162299017,-148.0982286153992,-281.58880587798683,123.76468177759432,-28.76456302224224,82.42590451512275,-8.701718638044072,-26.105807252917216,6.0419784284086875,-27.833536368823424,28.900713426709586,-14.42192955244352,8.98561436081859
OSP_3_27.08.2025_20250827_235000.WAV,804.30225,2.29397669308704,243164.66673259795,15433.09470772806,0.002293241150762044,0.6314290970541697,0.004108508,4101,-840.2868645829811,-124.56372316600661,-231.0375050229446,117.40266031466147,-16.69029906952515,61.304467497829656,-9.104130805102292,-34.04203202657601,9.980184717494348,-22.255689866690158,30.21824543750891,-9.515679061239611,3.0563952803462477
OSP_3_27.08.2025_20250827_235100.WAV,563.7969,1.0464183595650052,224224.65435254376,15440.12024946182,0.0023062778526779714,0.6317105950123325,0.0036310486,4097,-962.7586695420731,-181.33481586354995,-351.9273725427037,124.84421932958045,-53.78935374664994,109.12234904478123,-10.259612312130713,-6.115964183718934,3.2285271873049624,-27.48313644548263,23.354280197286123,-21.84992273130302,9.56308556784739
OSP_3_27.08.2025_20250827_235200.WAV,610.26746,1.2895334933770104,229373.27078394886,15437.837533067492,0.00230469425066061,0.6317682216527829,0.003739815,4117,-948.9417711342435,-175.1738155387064,-338.90514715402196,125.4037395038036,-48.53863605293545,104.71286218923483,-9.308074155506661,-10.760792335886341,3.5749995945382755,-28.62537001896179,23.963613714252784,-20.202292684240067,10.12385171207424
OSP_3_27.08.2025_20250827_235300.WAV,774.3314,2.2475006966140456,233620.64057101135,15443.392849045851,0.002289330040846338,0.6316117935010238,0.0038515956,4107,-894.0460979182094,-149.1057983211758,-282.12820841602155,124.29156984690808,-29.075427346113006,83.25120393668458,-8.833321742161164,-26.172691853760288,6.136634385709527,-28.258946474009335,28.517775554312742,-13.878489763834953,8.97645425890459
OSP_3_27.08.2025_20250827_235400.WAV,808.48694,2.2826100756873995,243036.6977487832,15435.907009908482,0.002299701324430889,0.6318121233362807,0.004119182,4091,-838.4700550792088,-124.16875539914706,-230.47089080986473,117.02101657492359,-16.984106948122815,61.246065031587136,-8.914354654463798,-33.98672743986002,10.088161551233473,-22.40538565769586,30.278999961572016,-9.38978824181401,2.9052058487386305
OSP_3_27.08.2025_20250827_235600.WAV,816.9894,2.2714381331694837,259119.15012812286,15433.471453572181,0.0022963838973894183,0.6318299385121928,0.0044696527,4130,-875.9024985459001,-142.27726430034525,-269.6332978667155,122.44508369968823,-26.20205628729857,77.58958896420799,-8.412427113826041,-28.86735404877974,7.461421035464762,-26.919026372315763,29.17990778310473,-12.442133614210471,7.318493825754709
OSP_3_27.08.2025_20250827_235500.WAV,703.47076,1.621642068676264,233708.75690162406,15442.43923849817,0.00231015485554744,0.6318294840434195,0.0038665368,4115,-875.3986940383552,-140.0325538903056,-262.9862679286287,122.26491231109958,-23.949140791961426,75.43939456357202,-8.83022073917608,-29.965297135786287,7.2963933672755505,-26.519043680666368,29.773605625608784,-12.078326246287153,7.130160223790289
OSP_3_27.08.2025_20250827_235700.WAV,809.9863,2.290047149345613,237670.9381177905,15428.59470824999,0.002314824576662393,0.6314774525316456,0.0039774557,4099,-851.8502032662471,-128.80710945253648,-240.06748426495716,118.69925071905593,-18.302287374888312,65.44957662546109,-9.2996166661984,-32.96615584085359,9.231299498768404,-23.76748100944528,30.23307356779429,-10.126233767768323,4.498055145456674
OSP_3_27.08.2025_20250827_235800.WAV,724.94617,2.240397605954956,231789.67246999234,15430.8046215284,0.002302760171206609,0.6315642560673399,0.0038032879,4107,-919.2665285769048,-160.48220669556463,-308.18959325373925,125.15690947668851,-37.32160609016816,93.18489473428123,-8.365634963336106,-19.972082363614184,4.699032787077952,-29.111336637644612,26.56636541831804,-16.85756592096983,10.012939928682153
OSP_3_27.08.2025_20250827_235900.WAV,761.12,2.2440255424493283,237418.57098478466,15430.206551545813,0.0023004486291457677,0.6319441919617926,0.003936559,4093,-912.8991851416248,-157.69021281102235,-302.98313843813474,124.7355322817842,-35.801905694290284,90.69357158885602,-8.352448958995794,-20.827365317218124,4.976912796001963,-28.943452265537186,27.321084267058627,-16.693649591907885,10.107453916594217
OSP_3_27.08.2025_20250828_000000.WAV,814.819,2.2668967704813867,244522.67947288405,15422.070037501477,0.0022998632108195633,0.6312302215189873,0.0041405163,4110,-864.9978064338293,-136.15904657251997,-256.36382023655625,120.80958590157933,-22.110620724122157,72.08758152816061,-9.083517493455233,-30.796851748902352,8.13660939161797,-25.512002103335796,29.838838189944006,-11.373406854121425,6.1503206004884685
OSP_3_27.08.2025_20250828_000100.WAV,741.417,2.0111459271128087,235301.33078447398,15429.408241247585,0.0022968509678253654,0.6314304604604896,0.00391571,4112,-904.6386123305296,-153.43431196483192,-292.3774711152783,124.58035453748829,-31.779890157359485,87.18786496772435,-8.860726174782275,-23.860174393322737,5.2863239574142495,-28.717586483051342,28.12157714926043,-15.010207537415182,9.49016450736545
OSP_3_27.08.2025_20250828_000200.WAV,813.8386,2.2622998812460624,243105.37428503108,15424.652018085995,0.0022985699246219544,0.6312563989203276,0.004141272,4112,-813.5420986507643,-112.58978307062392,-206.84083226129962,112.00692257716952,-12.666701216745412,50.73482878798608,-8.856604306123245,-35.34890741034642,12.425384995624519,-18.74566649228543,28.872264888360913,-7.756499810669212,-0.7797766856353627
OSP_3_27.08.2025_20250828_000300.WAV,865.8147,2.2685979162884737,258565.29648196537,15427.383154296458,0.0022735401983364836,0.6316755100230361,0.0044744015,4116,-873.4754637612166,-141.13778799613019,-267.1707366293937,122.20722503061214,-25.012383644541252,76.32581842580694,-8.802910384877421,-28.971569914799844,7.324449514673282,-26.543231834458176,29.542659066236535,-12.642724343705458,7.405293917639578
OSP_3_27.08.2025_20250828_000400.WAV,857.0492,2.2802224061427707,262197.39093574433,15432.067444123919,0.0022870166981088314,0.631929921642312,0.004591672,4103,-865.4157769758257,-137.0712158313009,-258.23366949263414,121.13837647454325,-23.04495302750159,72.70929663325239,-8.922408378504258,-30.362486325373958,7.9838005022308725,-25.663833007031975,29.872852271769823,-11.749808317795598,6.51605354237109
OSP_3_27.08.2025_20250828_000600.WAV,763.7282,2.2758778729794193,249470.90009659296,15420.885954506883,0.0023095446962901403,0.6311784120788347,0.0041986327,4124,-856.7301233473374,-132.68813250350289,-249.65300181797286,119.66829105564385,-20.854059018287266,69.09362429390195,-8.795291438224693,-31.835732376838394,8.898138711261668,-24.671988097742112,29.654489066145455,-10.647151773500903,5.259749696536853
OSP_3_27.08.2025_20250828_000500.WAV,841.4049,2.2315062057223725,251653.2343874454,15414.840026222315,0.002308905033509753,0.6307741166581348,0.004308295,4119,-865.1002532250071,-136.26772357506175,-257.5454461504782,120.72108135611447,-22.200467636729336,72.3733956313579,-8.627622581314403,-30.787949124346685,7.964707793594838,-25.672855717493068,29.54835013087781,-11.307709947609283,6.320681562982144
OSP_3_27.08.2025_20250828_000700.WAV,765.69257,2.247449593391644,248001.92189124206,15430.432164120939,0.0022951585313246456,0.6313385668745346,0.004206739,4106,-887.3610259434275,-146.81914625492087,-279.0742160228042,123.42578358454196,-28.165659524962283,81.4831086169428,-8.814819378669913,-26.609483017773794,6.40721247958507,-27.92862811477635,29.111689864210764,-13.900894692471107,8.640844324662593
OSP_3_27.08.2025_20250828_000800.WAV,844.6765,2.230540067562668,255960.2200242549,15427.883395282952,0.002286528115042466,0.6316137022698716,0.0044232844,4100,-873.11477933002,-140.44476141293194,-265.7205623855686,121.90324850554279,-24.749148665235285,75.88033807307706,-8.648212255900354,-29.22544898275872,7.210428968399112,-26.397850670069012,29.616801895338334,-12.532248993855658,7.360897517026417
OSP_3_27.08.2025_20250828_001000.WAV,645.8481,2.086209015215622,1352098.5985311775,15409.386695150997,0.0018889328253997434,0.6277484453532204,0.023760049,4142,-685.712945162993,-109.69387649019296,-203.3401971102702,111.51484668495421,-16.572493770431237,40.74405055375177,-5.056134745986839,-30.261478988996934,14.412899405858544,-14.046932337895603,23.11761176856945,-8.85293481340952,-4.376152194343199
OSP_3_27.08.2025_20250828_000900.WAV,686.3056,2.067275310222066,623918.0316151126,15439.58810940564,0.0020924243731444457,0.6314175535473288,0.011089745,4126,-744.5290187720947,-109.05514965577757,-201.04282405274597,111.55110512584152,-15.190094720433638,43.3294542045451,-5.879559790999173,-32.966988313160805,14.189806714198781,-16.435519702404772,25.994189499271812,-7.746680241519603,-3.6592160630698536
OSP_3_27.08.2025_20250828_001100.WAV,695.86035,2.1737386186701704,929620.8150237148,15233.090455992307,0.003972105624763676,0.6188859622979761,0.02576729,2599,-667.0418796116236,-116.29380967047761,-234.32799542248324,108.3360069372567,-22.198336819019364,52.541419104417166,-4.66424707252689,-26.14453766153643,12.386704211601765,-17.542387185096327,24.73511129878373,-10.373139116435679,-1.7923236769788258
