filename,ACI,ADI,Bio_Energy,Spectral_Centroid_Mean,Spectral_Flatness_Mean,ZCR_Mean,RMS_Mean,Event_Count,MFCC_1,MFCC_2,MFCC_3,MFCC_4,MFCC_5,MFCC_6,MFCC_7,MFCC_8,MFCC_9,MFCC_10,MFCC_11,MFCC_12,MFCC_13
OSP_1_26_08_24_20240826_203400.WAV,632.84094,2.302585092994046,261877.98302674838,34295.25393095283,0.00019582518855333064,0.68879385668284,0.0026543895,4119,-1075.4556686567842,-169.71471587880717,-135.9612405869186,212.51426765455355,-90.53876839391071,-6.5656406904752185,16.742769861534494,-10.49648483120144,21.129233353693728,-31.03059082227815,29.097215354074553,-16.730993262508512,-2.4072508523693683
OSP_1_26_08_24_20240826_203500.WAV,608.1915,2.302585092994046,277266.33233233495,34278.73842868388,0.00020050520357316976,0.6885732370060738,0.0028108542,4126,-1047.538360702694,-159.78120022597471,-126.02974867638854,202.6027830311113,-89.14798908078477,-8.273964950761533,20.989620792174826,-11.154503882735133,18.812065607404598,-30.277883634922375,28.52094875568779,-14.43045792705708,-3.915404889482485
OSP_1_26_08_24_20240826_203700.WAV,716.00824,2.302585092994046,231339.6289488644,34266.44996490543,0.00025202183013239284,0.6887694948891139,0.002367497,4116,-1085.7401798576939,-169.2809296723647,-137.104704206363,211.9911605433852,-89.28940661304891,-6.2292284483322335,16.223005248979096,-11.118281962525904,21.20465518401341,-30.449983691104794,29.228804303201976,-17.032638004924696,-2.581285854956922
OSP_1_26_08_24_20240826_203600.WAV,591.74365,2.302585092994046,203972.68340596367,34297.30855478638,0.00021215749434743168,0.6891465572785768,0.0020160796,4129,-1245.2873822023748,-250.7847178808392,-232.9765776946077,274.6890069236785,-94.29449833057957,28.517077040455547,-15.745428204043165,-13.54361347152272,19.46980809922898,-25.11958588286346,40.88907196342937,-29.496122830475528,3.231279622141485
OSP_1_26_08_24_20240826_203900.WAV,531.24335,2.302585092994046,200859.3585131639,34356.729053503885,0.00017845335575230058,0.6894888950217584,0.0019904575,4126,-1405.3989248952473,-344.9804208879615,-340.9467486194079,320.42702078278774,-103.39984565281426,79.6499872357477,-41.22110618329723,-3.598624927212022,-4.421696709922666,-19.864633641856635,42.364614423210256,-24.884626622020026,10.66954931849235
OSP_1_26_08_24_20240826_203800.WAV,529.73517,2.302585092994046,195766.4839774351,34350.92591708391,0.000183542961611004,0.6893425424549707,0.0019407406,4120,-1410.476431605828,-344.9421670738556,-342.6241167619929,319.6183345560119,-103.28258115405247,80.73260699692612,-40.90719434227418,-3.7594428673672518,-4.829913426579969,-20.078508483725567,42.323384136025126,-24.764087938208437,10.975216565921006
OSP_1_26_08_24_20240826_204000.WAV,522.5307,2.302585092994046,200972.52044211244,34358.355614958804,0.0001774250845998715,0.6896282481179605,0.00199066,4129,-1411.1244396603493,-348.6827889672999,-345.91850478704254,321.43773881718687,-104.08302804742475,82.0915186960145,-41.75751593816418,-2.7401944453031697,-5.497794933002859,-19.912488580552033,41.81280190777706,-24.699273127152644,11.162222939748915
OSP_1_26_08_24_20240826_204100.WAV,521.7367,2.302585092994046,201288.4025488609,34358.2510649422,0.00017783592634677424,0.6894386260966443,0.0019947337,4123,-1403.743669362199,-344.1596495867164,-339.5390419315424,320.60338746311794,-103.09578700909616,78.7505908867379,-41.32123420994399,-3.929677764833208,-3.7936149922911655,-19.77890367183318,42.3692316464074,-25.026030790908518,10.666023788764841
OSP_1_26_08_24_20240826_204300.WAV,520.808,2.302585092994046,201324.30943266023,34358.51265023858,0.00017792616486743526,0.6894791230336033,0.0019949987,4107,-1410.9023730077117,-348.69007898534926,-345.695474030894,321.55678705354103,-104.05553431244205,81.96264817391172,-41.79030110654686,-2.8442432713575303,-5.451020736564697,-19.74424143790459,41.76416751566776,-24.672932324179616,11.036752036502563
OSP_1_26_08_24_20240826_204200.WAV,519.59796,2.302585092994046,201425.234517158,34357.55729447355,0.00017690150183157066,0.6893176806990599,0.001996554,4137,-1398.0835605583275,-340.71705736871087,-334.54593796033106,319.8884834612252,-102.35707838356292,76.217154359359,-41.01093021200175,-4.8236176041914725,-2.5801310175648493,-19.53373286884381,42.93934360200602,-25.428644235302066,10.076727214427802
OSP_1_26_08_24_20240826_204400.WAV,521.35406,2.302585092994046,201418.92315611444,34356.6486140471,0.00017672280899615558,0.6894869860752351,0.001995698,4084,-1404.4968016708856,-344.65238594082024,-340.0472027813717,320.87405227010714,-103.18807940029951,78.96375544989901,-41.43524384932574,-3.817471940880061,-3.949023221392729,-19.730611212761406,42.42874004340299,-25.11913870652727,10.658527408429531
OSP_1_26_08_24_20240826_204500.WAV,533.31665,2.302585092994046,201774.51711214258,34361.154943457084,0.0001776790589673084,0.6895238469235782,0.0019995018,4126,-1347.0045517745318,-309.3177812371214,-292.5319974661762,310.3540615424589,-98.28672285659839,54.42929477166269,-35.92580547057044,-9.507361123450314,8.92430836548895,-19.773748869597128,44.49273162672863,-29.12648953465598,6.431585332789666
OSP_1_26_08_24_20240826_204600.WAV,533.87317,2.302585092994046,201303.0716701767,34358.64830713938,0.00017730261808307138,0.6895239832769012,0.0019947903,4105,-1397.7929383976698,-340.46397238778314,-334.5155167536753,319.66474892979693,-102.40248132914512,76.28911450600071,-40.84971538051038,-4.91155713689379,-2.5562153622333486,-19.61945890017933,42.907733539792034,-25.3650825103511,10.155143167956707
OSP_1_26_08_24_20240826_204700.WAV,523.50134,2.302585092994046,201701.3973717718,34355.826644543566,0.00017704029101371408,0.6894065830657172,0.0019983002,4082,-1405.9237845054283,-345.81166485628427,-341.9239741343444,320.95791723073773,-103.34826960790863,79.92444624640196,-41.54021017218078,-3.5356930751251623,-4.394246842065524,-19.76274938178668,42.17704227126254,-24.937667552733693,10.814062013483925
OSP_1_26_08_24_20240826_204900.WAV,520.52783,2.302585092994046,201682.10795649522,34356.107766005654,0.00017782511037012883,0.6893330886245694,0.0019979796,4099,-1410.6998424127369,-348.71328611270377,-346.19324557733745,321.489565819201,-103.94411851519341,82.13371331454604,-41.81154617779862,-2.8457983353496643,-5.471751105631592,-19.83857994838177,41.80322150900331,-24.72983631601769,11.161494670310939
OSP_1_26_08_24_20240826_204800.WAV,520.63354,2.302585092994046,201401.39180074612,34356.05197640979,0.00017718190937256433,0.689249776744159,0.0019955514,4111,-1405.9072518599492,-345.56552382170617,-341.67359089261186,320.88024202687296,-103.29443277346563,79.81474152130357,-41.49064457100089,-3.6315211013099202,-4.308936821985183,-19.834420740062647,42.23769094764316,-24.884485059927112,10.793779413217587
OSP_1_26_08_24_20240826_205100.WAV,529.6671,2.302585092994046,201588.07305892362,34359.315313499115,0.0001769474789563601,0.6895259376745323,0.0019975663,4113,-1407.2105893531805,-346.4529166215499,-342.61719839114755,321.2377185442746,-103.56697642076851,80.2684911434373,-41.66847101092343,-3.3565894126722444,-4.425218587705069,-19.840781349662304,41.97399829263119,-24.856180156695025,10.97851677968214
OSP_1_26_08_24_20240826_205000.WAV,520.5314,2.302585092994046,201357.78592621043,34355.01947380375,0.00017817983630222418,0.6893220894565065,0.0019954634,4129,-1404.9339665145612,-344.86889459019596,-340.60816605090633,320.894636256461,-103.13926562484038,79.16711085238803,-41.47125361720384,-3.799583830386528,-3.97786997264036,-19.75370220356496,42.30509067191147,-25.036812336963017,10.750675019158075
OSP_1_26_08_24_20240826_205300.WAV,519.1409,2.302585092994046,201263.48799710005,34354.208219423796,0.00017691382199104932,0.6894475799648608,0.0019941633,4126,-1406.2282434523036,-345.7293685406451,-341.6359070675142,321.02568953735306,-103.25080759878152,79.69116304335182,-41.645516408772906,-3.4439231558902774,-4.334453724330265,-19.77182769076204,42.197778174968924,-24.962992664928215,10.864806149997229
OSP_1_26_08_24_20240826_205200.WAV,518.6218,2.302585092994046,201544.73690726506,34358.30869760759,0.00017679847740212235,0.6895842968968166,0.0019972946,4126,-1403.9866388427517,-344.43837191275253,-339.65761262660584,320.796716614604,-103.1470655897174,78.7567938703042,-41.45528650272669,-3.7512243735248822,-3.8303594668899095,-19.82814755733211,42.40635468846769,-25.070405686566698,10.718903758978563
OSP_1_26_08_24_20240826_205400.WAV,543.5897,2.302585092994046,201409.83154023375,34355.90165308574,0.00017678893523061408,0.6894648513857861,0.001995731,4102,-1409.0334540746821,-347.51207296167314,-344.1680445138505,321.40565998071605,-103.69240780682077,80.99212267219045,-41.76265274195518,-3.054449079773492,-4.888900955497726,-19.873775210148338,41.851089684948555,-24.688265395535826,11.055936988895724
OSP_1_26_08_24_20240826_205500.WAV,515.34924,2.187276076748681,201261.63431239058,34355.15911646239,0.00017776373332691774,0.6894072648323327,0.0019939512,4126,-1403.6261035885104,-344.1103721159474,-339.33381161283125,320.71056631395686,-102.95256841529373,78.56654040850098,-41.526662934891505,-3.8615839321634953,-3.696698602487978,-19.758598022321415,42.44870273856971,-25.10070597702184,10.584557036323048
OSP_1_26_08_24_20240826_205700.WAV,554.27814,2.302585092994046,201162.37896454067,34354.739321483976,0.00017772845013654402,0.6893450422658941,0.0019930764,4089,-1389.907201109068,-335.43258272101764,-327.3479901093916,318.7121387613687,-101.39536670999541,72.33113882006307,-40.45513037778802,-5.790523875077241,-0.48733520164385624,-19.59839335524649,43.38142856778893,-25.977355600347757,9.66011255505771
OSP_1_26_08_24_20240826_205600.WAV,519.15247,2.302585092994046,201475.44365200418,34357.327083492375,0.00017657316655534175,0.6894886223151122,0.0019963672,4098,-1404.9382487347705,-344.9525585538858,-340.4548276062905,321.05091434893507,-103.13070315143301,79.07230629911675,-41.60364134380574,-3.7813504415029264,-3.8743569027696987,-19.753594893851986,42.332229777129704,-25.062843117014335,10.730878507259659
OSP_1_26_08_24_20240826_205900.WAV,517.9596,2.302585092994046,201200.00977299138,34352.93973141768,0.00017722546881805633,0.689356950456111,0.0019932806,4089,-1412.9729227153334,-349.7475915285165,-347.61169135452093,321.86700254826104,-104.21471356637338,82.6662982902653,-41.86837480220333,-2.557783693269257,-5.685552173147186,-19.858797890448628,41.533189508243744,-24.70800821056573,11.308600289944001
OSP_1_26_08_24_20240826_205800.WAV,530.6442,2.302585092994046,201137.55580142202,34354.75391119092,0.00017797221477260504,0.6894891677284045,0.0019932368,4108,-1393.1671043208737,-337.36465263379966,-330.39738621796675,318.9935113318639,-101.76577784729294,73.97520452009503,-40.59459034664946,-5.382448947699555,-1.308477125180715,-19.753919716116318,43.24376647193451,-25.762978972219926,9.925440268633995
OSP_1_26_08_24_20240826_210000.WAV,521.43384,2.302585092994046,201146.00651640815,34356.544158478726,0.0001781696357448188,0.6895900237363864,0.0019926515,4124,-1400.7237400043036,-342.1406986657873,-336.88550321474355,320.1822601888478,-102.62460202446844,77.34621327952172,-41.16470573678741,-4.401432984685863,-3.029027123915485,-19.84126691106583,42.70705259987974,-25.22601555514159,10.466497264769096
OSP_1_26_08_24_20240826_210100.WAV,518.8111,1.4186109171026404e-304,200793.73523247315,34354.76601377997,0.00017732108990200235,0.6894287177551661,0.0019899528,4102,-1406.403270848463,-345.4432874719894,-341.1795788493168,321.0279599909832,-103.30388841206567,79.45940417650264,-41.51086766032357,-3.5828021373447494,-4.19101060352617,-19.749009449949227,42.184399342729606,-24.995257316060226,10.824524505884359
OSP_1_26_08_24_20240826_210200.WAV,522.82654,2.302585092994046,201432.31925691824,34354.35173418803,0.00017668191979549846,0.6894026288193474,0.00199536,4102,-1408.7715474428594,-347.3748929861298,-343.80468994232865,321.5331576365426,-103.6765550362213,80.74520085238214,-41.8259379018119,-3.0020938704888667,-4.823516860463889,-19.86408786610951,41.99016727470721,-24.866168657502428,11.01319031049143
OSP_1_26_08_24_20240826_210300.WAV,517.01,1.8585135761583498,201193.33881277012,34356.76775862029,0.00017708437859801886,0.6893876299538071,0.0019934697,4120,-1409.7884022693554,-347.8638763106542,-344.62315307403276,321.4796685791871,-103.77989597344566,81.27920509938667,-41.854450902381224,-2.9613041787968952,-5.00835762912418,-19.84281601810735,41.883049529168495,-24.842907708945468,11.105468507871104
OSP_1_26_08_24_20240826_210400.WAV,519.6008,2.302585092994046,200818.2514377999,34353.530486088,0.00017811065165510283,0.6892013258633529,0.0019899984,4123,-1406.5058734249915,-345.55462984024734,-341.4265615912761,321.0820230324943,-103.24290626174104,79.55657093455225,-41.61409628474433,-3.595746513811735,-4.202310674196829,-19.66664763396176,42.189421016100034,-25.112501810441223,10.90558806880953
OSP_1_26_08_24_20240826_210500.WAV,522.27795,2.302585092994046,200891.79668981425,34355.16003498631,0.00017757137356507393,0.6893543597429722,0.0019902263,4098,-1399.9149430536002,-341.5583339470077,-335.9385224947492,319.98956844328444,-102.5232626091344,76.87684408794101,-41.07755067928356,-4.493235154692256,-2.8390733922902704,-19.71849353613341,42.61079615927035,-25.276751618552844,10.45846930879671
OSP_1_26_08_24_20240826_210600.WAV,517.8098,2.302585092994046,201325.10493286166,34355.907833520854,0.00017669193214602235,0.6894047195703016,0.0019945651,4124,-1406.6053085642552,-345.9522088291825,-341.9301212214082,321.2063912701109,-103.31625798112698,79.80229091454423,-41.727495566215616,-3.4587812716943427,-4.205119789378027,-19.851163531430885,42.133850989494476,-24.9846338026837,10.918789969115178
OSP_1_26_08_24_20240826_210700.WAV,549.2285,2.302585092994046,200925.77794557504,34355.246948692904,0.00017782043898887647,0.6893833120985758,0.0019906831,4134,-1340.0690926853597,-304.644903660984,-286.5167170723839,308.6468983636298,-97.80844763240668,51.072729661363795,-34.91157158930584,-9.74393774142955,10.61488730389639,-19.954771824328972,44.095701868928735,-29.500238094126022,6.128969123244756
OSP_1_26_08_24_20240826_210800.WAV,518.3367,2.302585092994046,201675.14119499267,34356.88420652232,0.00017720051701720837,0.6893598593270036,0.0019983405,4086,-1385.4886393322142,-332.96519958137213,-323.77616251308143,318.1511538583504,-100.99363849701642,70.5238480279882,-40.1762591420208,-6.295240317581232,0.4295071713274785,-19.544365524913623,43.697215557513964,-26.32160768207757,9.353612452376277
OSP_1_26_08_24_20240826_210900.WAV,527.8947,2.302585092994046,201172.80016100084,34358.36530778682,0.00017723478366076707,0.6893747672903285,0.0019932094,4119,-1408.3729069524263,-346.98772549388684,-343.2273158993618,321.37985852363767,-103.6623788698629,80.55645784281901,-41.767821387205565,-3.1769287254563947,-4.595280500098495,-19.82048563396699,41.895905958414424,-24.874654639282824,11.079715464207686
OSP_1_26_08_24_20240826_211000.WAV,577.44965,1.4186109171026404e-304,201035.4331557633,34353.4863909139,0.00017785884877699994,0.6891663739615331,0.001993102,4115,-1285.5044483735626,-272.2719658255107,-245.898836336922,293.5607719771379,-96.32301263526308,30.591242545211127,-25.76793667602736,-10.521032111371058,20.33690153965229,-22.230339923326003,41.20561480377551,-32.07310275178523,3.6551468463439667
OSP_1_26_08_24_20240826_211100.WAV,532.9386,2.302585092994046,201281.58972733843,34357.1035711897,0.00017695562631394975,0.6895052574205296,0.0019946406,4106,-1398.2657715497871,-340.67359634626473,-334.5242353987528,319.9298415119871,-102.42486607180336,76.1526535821217,-41.01530683906632,-4.702708302936436,-2.466922086580632,-19.684403895790435,42.81604575095951,-25.490143974392513,10.358335546325703
OSP_1_26_08_24_20240826_211200.WAV,519.51154,2.302585092994046,200979.817975465,34354.41144985342,0.00017694107167579454,0.6892742748912082,0.0019915113,4132,-1407.2048809380242,-346.14069391973203,-342.14645803162114,321.1808823838373,-103.35832573161908,79.92709265773381,-41.69102762494205,-3.33204657077494,-4.437365520563551,-19.87159595267298,42.1850551958869,-24.85703491130742,10.822310103525787
OSP_1_26_08_24_20240826_211300.WAV,515.80414,2.302585092994046,200687.9730290511,34354.386281501065,0.00017734156424104592,0.6893821758208833,0.0019883632,4066,-1411.400953473386,-348.5827292576981,-345.6295524062212,321.71034141757565,-103.84571326738505,81.68009165800392,-41.965237038354395,-2.8127690856868024,-5.193830337366443,-19.766379105541812,41.64875269415665,-24.749170417027976,11.220340123115285
OSP_1_26_08_24_20240826_211400.WAV,517.4591,2.0506002310118,200911.45487929846,34353.8922580797,0.00017743099889068155,0.6893806759343293,0.0019901213,4118,-1408.3168069559915,-346.78547060339656,-343.19514810533775,321.2976050276748,-103.48320249585191,80.44692335372966,-41.783712716314724,-3.2179936247005805,-4.597424154186111,-19.74850209875786,41.96845561163707,-24.96244967137354,10.991844823897047
OSP_1_26_08_24_20240826_211500.WAV,520.67676,2.302585092994046,201080.8991532895,34351.124495698976,0.00017689390630037726,0.6892739112823466,0.0019921414,4137,-1404.3077680448735,-344.3732387128239,-339.79464323011865,320.8243318632994,-102.95812977928514,78.6314256390032,-41.49425127214395,-3.7751448424497687,-3.784215000995163,-19.713197238472638,42.283168156036346,-25.15775860532779,10.85738818156873
OSP_1_26_08_24_20240826_211600.WAV,520.96857,2.302585092994046,201042.68239252127,34350.85717540809,0.00017709444297850214,0.6892430954313273,0.001992062,4082,-1403.6381543287616,-343.93854188465764,-339.32750704004354,320.6036892569576,-102.95711195056192,78.44431374560062,-41.260296182532294,-3.880139753061564,-3.7796564352104403,-19.75980242699258,42.31745660126285,-25.058221092654346,10.780099470856872
OSP_1_26_08_24_20240826_211700.WAV,521.08826,2.302585092994046,200564.15803436682,34351.21206168814,0.00017762671200463682,0.6892153248045239,0.0019874945,4097,-1411.0498610722009,-348.2230224077078,-345.3543396895829,321.58299173479196,-103.7597458174732,81.48382992838648,-41.84973815670262,-2.8819147267614103,-5.154180108779507,-19.76710271006174,41.68810684385622,-24.777622990189897,11.19107074374549
OSP_1_26_08_24_20240826_211800.WAV,520.4392,2.302585092994046,200951.90005359784,34352.880922156124,0.00017752374674771633,0.6892485495642512,0.001990976,4145,-1403.7482778714168,-343.82086871636795,-339.1831832160701,320.7754486741457,-102.91210573320623,78.32272140431986,-41.38179852183997,-4.03549262015419,-3.4921323664386397,-19.776526201380744,42.389722053668336,-25.194338427336707,10.730275737418891
OSP_1_26_08_24_20240826_211900.WAV,519.90234,0.7820164929584759,199871.70664120844,34351.98616620704,0.00017842734548390837,0.6893769034923904,0.0019795797,4093,-1410.150537760124,-347.24084562098403,-344.54303366849996,321.09726282313943,-103.51936997466578,81.19900290271035,-41.75565297013817,-3.1459708645401987,-4.838709603095576,-19.960753683148432,41.96022839514895,-24.923123364228783,11.145907556753736
OSP_1_26_08_24_20240826_212000.WAV,517.31805,2.25472037663744,201047.43994297655,34354.26923403559,0.00017735799882264742,0.6892006440967374,0.0019916687,4140,-1408.55740853346,-346.99380054294966,-343.2413578573447,321.4750853327562,-103.59088716023854,80.47319771021185,-41.79759412679027,-3.1688071059319762,-4.630252363648974,-19.79442163678806,41.968418834302895,-24.93675515013878,11.06073411037234
OSP_1_26_08_24_20240826_212100.WAV,520.65344,2.302585092994046,200847.10635528024,34352.33192934948,0.0001776906547896742,0.6894643514236014,0.0019900221,4121,-1403.5154660392711,-343.63487091807485,-338.95468133063747,320.77174536600944,-102.75644286001543,78.09461509843624,-41.47123569802528,-4.056859427826345,-3.3115941712082213,-19.719888588454797,42.28908915998089,-25.18959851113602,10.679858329025475
OSP_1_26_08_24_20240826_212200.WAV,520.1515,2.302585092994046,200576.88039180686,34353.09706540388,0.00017728037136214114,0.6894151278739644,0.0019872563,4094,-1408.407049375168,-346.54832850637985,-342.75743619743724,321.38798884054404,-103.47971588468187,80.12526805910719,-41.68484641948145,-3.3210586256323835,-4.433198503796767,-19.749097394139106,41.94277110957673,-24.9653362369746,10.974828300207522
OSP_1_26_08_24_20240826_212300.WAV,520.9281,2.302585092994046,201245.90048978417,34353.83136001883,0.00017688844489625088,0.6892115523625849,0.0019937267,4085,-1409.9332281371114,-347.95529533820303,-344.76940198127505,321.60050747415596,-103.7996831089462,81.22394785144613,-41.84288403169274,-2.9074984174579637,-4.978082115114249,-19.83550653213249,41.76127343311064,-24.865877542004654,11.230614010570198
OSP_1_26_08_24_20240826_212400.WAV,520.0576,2.302585092994046,201519.40980767205,34356.78552125281,0.00017685408409748519,0.6893356338866006,0.0019966774,4137,-1409.9317150763427,-348.1406989871018,-344.79127221548066,321.75756919417404,-103.81245898665274,81.22200484382978,-41.980151152200534,-2.864074253159136,-4.930260437464124,-19.779266724402902,41.71947396997089,-24.9071613302818,11.212443676465103
OSP_1_26_08_24_20240826_212500.WAV,520.02606,1.8301122250159265,201175.93515942778,34354.45246721599,0.0001779554893564664,0.6893884935248534,0.001993466,4092,-1410.2939885630717,-348.1081664871372,-344.94908619732536,321.72750435588244,-103.74582160321975,81.22531489603969,-41.915110544951794,-2.926472810078177,-4.940627919657396,-19.808745515591905,41.73290635618825,-24.784529341436716,11.106927402571822
OSP_1_26_08_24_20240826_212600.WAV,520.12866,2.302585092994046,201122.47227064334,34354.35544837841,0.0001767716013498803,0.6893673587597738,0.0019931258,4122,-1407.6889694315764,-346.5273656209158,-342.58671135027754,321.32642484234196,-103.43291423156543,80.12482321863035,-41.75531335931077,-3.29333431265243,-4.464188401411439,-19.73846289383493,41.93929757780121,-24.893759194410958,10.994708801032255
OSP_1_26_08_24_20240826_212700.WAV,552.88696,2.302585092994046,201624.55966710357,34354.07933024069,0.00017672895790101986,0.6893588594026343,0.0019975852,4111,-1338.7232889993745,-304.15007085242223,-285.74040453637866,308.631786935494,-97.78217726134021,50.53015647443642,-34.82476108847098,-9.782160719199121,10.938563104379911,-19.931439703548627,44.039438484043906,-29.641683444774507,5.988046819967344
OSP_1_26_08_24_20240826_212800.WAV,515.2892,1.7105150291364608,201562.5852828628,34355.761030001406,0.0001779153004417864,0.6894218091867961,0.001996853,4133,-1409.1129800962967,-347.75379263928227,-344.14826465878184,321.5999969901326,-103.78868444563687,80.97190719545733,-41.89781137588919,-2.8967058208817016,-4.928253786721718,-19.693659291772736,41.76246794064365,-25.007540690619475,11.284355178773291
OSP_1_26_08_24_20240826_212900.WAV,515.82776,1.666628118137329,201034.12920635,34353.22452382329,0.00017726721203351623,0.6893320887002001,0.001992237,4122,-1410.027688783311,-347.92009979707603,-344.5582094193888,321.6994968326336,-103.69684723717528,81.09593287077409,-41.95083763010375,-2.9964842781890724,-4.901656758041731,-19.726709278203128,41.78057983003715,-24.830814250035107,11.104515765276448
OSP_1_26_08_24_20240826_213000.WAV,516.12384,2.302585092994046,200963.35953143783,34353.15969203914,0.00017681822612601846,0.6892910918010565,0.0019912221,4118,-1409.6682243692737,-347.6755254598162,-344.16322115427727,321.6288179000175,-103.6093577206421,80.85555851005283,-41.93120719461736,-3.0203334402070534,-4.80517024676695,-19.69273559992798,41.732675517360846,-24.81216958671412,11.060971633409169
OSP_1_26_08_24_20240826_213100.WAV,515.91296,2.2292494760816797,201334.74054406548,34355.64860418825,0.0001775552518517293,0.6893864027738993,0.001994967,4111,-1408.5128004376709,-347.1228361922621,-343.4413106030877,321.57422830894615,-103.55853467001926,80.53765258982114,-41.878793800150156,-3.231014597866512,-4.567151752790687,-19.728677028813205,41.92386821416011,-24.949093134822213,11.015860511583766
OSP_1_26_08_24_20240826_213200.WAV,515.58606,2.296092309022497,201797.68832563751,34356.77586103768,0.00017628012756330404,0.689468623827725,0.0019999556,4120,-1409.1170271151486,-347.73738058553073,-344.1826746369701,321.70374682778,-103.74091966511307,80.90233842443571,-41.92406674694721,-3.006132743317375,-4.743562434946377,-19.7281124911296,41.70577707220286,-24.92904054768969,11.184085393393124
OSP_1_26_08_24_20240826_213300.WAV,519.7128,2.302585092994046,201218.482140457,34354.73714421011,0.00017682343636363744,0.6894343536925207,0.0019936687,4160,-1399.4456554525937,-341.4023005228948,-335.39452716165005,320.3040037556955,-102.40076063655795,76.3226953917726,-41.27423169497879,-4.424193795421615,-2.5048755725260308,-19.709155048167524,42.621064707696306,-25.398619096701182,10.356560305158668
OSP_1_26_08_24_20240826_213400.WAV,515.245,2.2888619498925933,200591.7156714475,34352.340804781714,0.00017769747012016845,0.689366722444266,0.001986792,4104,-1409.7523105505923,-347.60317209391656,-344.19154512453156,321.54240634081225,-103.53998275634609,80.86207120895929,-41.98515014484398,-2.933350231749685,-4.807210235413518,-19.822391726849396,41.8159372518351,-24.80155365573507,11.1043904576135
OSP_1_26_08_24_20240826_213500.WAV,514.41864,2.278615407382767,200855.04672428835,34351.598271503,0.00017769867352171155,0.6892806834973937,0.0019897271,4114,-1403.1565785001687,-343.4732532694386,-338.32625133052466,320.8547912632691,-102.69113656997048,77.73697017616834,-41.572601203520065,-3.99238573000496,-3.223585660417855,-19.664745308795652,42.373224481413224,-25.289757242905054,10.682136578971669
OSP_1_26_08_24_20240826_213600.WAV,514.83136,2.296341928750691,200840.85642437593,34353.229131037486,0.00017699812772523242,0.6891997805256912,0.0019894796,4101,-1405.2357601546,-344.8532912226584,-340.1052950248945,321.09998081246374,-103.0346567619308,78.75041851184012,-41.71981382666537,-3.6341921352982056,-3.7111443375335216,-19.723531139584843,42.13516068217345,-25.10694585260103,10.86104486744261
OSP_1_26_08_24_20240826_213700.WAV,515.95245,2.2917511675432154,201183.7024582148,34354.94564018067,0.0001774050814056954,0.6894185821581494,0.0019932028,4082,-1407.7664272257134,-346.56101040167624,-342.5809175281859,321.46384859023397,-103.41464557585498,80.06165390925824,-41.85189100814783,-3.3350962857782966,-4.279385692505826,-19.7354375895345,41.85301104629151,-24.933052107803775,11.042652989027472
OSP_1_26_08_24_20240826_213800.WAV,518.2046,2.302585092994046,200480.29036973786,34353.74551979307,0.0001772561375321308,0.6893580412826957,0.001986503,4144,-1405.0627741414698,-344.4741304330996,-339.7000259829413,320.9864379885452,-102.87062118447496,78.56317354935135,-41.750222983839265,-3.758782526759768,-3.60270468388082,-19.735342789657224,42.30647238455709,-25.15666132610342,10.767365666006324
OSP_1_26_08_24_20240826_213900.WAV,517.53107,2.302585092994046,201441.76157497885,34356.34371490512,0.00017645340680408933,0.6892816379706553,0.0019962229,4096,-1408.7543500409013,-347.2543593107032,-343.62909134386666,321.63166825777523,-103.64308815475667,80.58895529765476,-41.811620421160875,-3.188685774792755,-4.589639501341593,-19.76382420182185,41.80345963866457,-24.93485137829601,11.214592201678595
OSP_1_26_08_24_20240826_214000.WAV,518.2838,2.2284960058708547,201078.87752562185,34353.76161176801,0.00017721185020768727,0.6892422318602811,0.0019920112,4092,-1407.0680530462112,-346.1291617967601,-342.27823033177174,321.1782867752762,-103.34955360895367,79.92967938763708,-41.709713513886825,-3.33816071146514,-4.267034268021418,-19.849661459548056,41.93365782365347,-24.914990338218264,10.955330060270287
OSP_1_26_08_24_20240826_214100.WAV,535.6194,2.302585092994046,200462.50357505784,34349.66134550898,0.0001802306641829607,0.6893799487166061,0.001985212,4110,-1388.6433964231999,-334.2580788801331,-327.2702322140851,317.47276890727903,-101.3909513610511,72.51915075307492,-39.72698807314595,-5.7448876595306775,-0.6214700606812112,-20.110741549662016,43.142776890686406,-25.81309764184606,10.085281600324063
OSP_1_26_08_24_20240826_214200.WAV,530.59705,2.302585092994046,201640.3562861641,34350.639535274546,0.00017778555143611505,0.6893713584572513,0.0019978094,4140,-1403.7826986943242,-344.3973811344279,-340.33893647308184,320.4827500216951,-103.09852054939111,79.03523198608795,-41.21247839497971,-3.7229610661294656,-3.954982779234637,-19.930226701412707,42.04169453016104,-24.95163501738887,11.059851478409923
OSP_1_26_08_24_20240826_214300.WAV,531.07275,2.302585092994046,201295.79051321404,34358.01627827244,0.00017740565335829726,0.6896783352386437,0.0019941428,4112,-1407.7801044768362,-346.7306937418402,-342.63935814928885,321.4749141908734,-103.4862199843554,80.18275102573776,-41.91827738454488,-3.2318081708499258,-4.381741036912076,-19.7565101422802,41.92182327967317,-24.908913559610497,10.988665805199743
OSP_1_26_08_24_20240826_214400.WAV,518.33624,2.302585092994046,201498.448868948,34354.33266203334,0.00017678378023705435,0.6894588972906777,0.0019965756,4109,-1400.2470297404502,-342.0732416482846,-336.1388017517487,320.582438884953,-102.50164807486823,76.68940392265331,-41.42652492960583,-4.327631732013522,-2.662323756020556,-19.604972940471388,42.492733308267695,-25.446579216378638,10.574064371166738
OSP_1_26_08_24_20240826_214500.WAV,516.5846,2.122396371870122,201451.1479638811,34354.67054267577,0.00017678547153381606,0.689351678127618,0.001995508,4125,-1406.6968027846533,-346.04647042832556,-341.8451575055309,321.4525296623501,-103.24197264841926,79.60066940501036,-41.896438067502196,-3.43654786062053,-4.040718384840806,-19.725829520771608,42.00528300115255,-25.069321493229438,11.016779329255833
OSP_1_26_08_24_20240826_214600.WAV,515.98157,2.2966030558289536,201085.80481184777,34353.11337272762,0.0001780844312605505,0.6892790018064088,0.0019920582,4129,-1405.587764436713,-345.2460550720535,-340.7725593763356,321.0784635562477,-103.09629019681873,79.17791967824158,-41.70620348091168,-3.648210046156227,-3.9403303769481806,-19.631470654839795,42.06702294717966,-25.026257098531158,10.870446999989786
OSP_1_26_08_24_20240826_214700.WAV,516.18823,2.2580320361124624,201459.59705269744,34357.835484839416,0.00017778976787731891,0.6893889025848227,0.001996426,4126,-1403.7274083412642,-344.1716015951127,-339.17934176015007,320.95406903616396,-102.95547717617903,78.38061368186146,-41.63104103238903,-3.907543430155349,-3.4410409729485063,-19.71262673057227,42.30665375521196,-25.235970909552474,10.73513835802444
OSP_1_26_08_24_20240826_214800.WAV,515.45795,2.272867842584364,200922.86651206188,34351.761747663855,0.0001773433539188575,0.6893471784679559,0.0019901358,4123,-1398.3743953584394,-340.6074763978271,-334.3099053751276,320.14218576403084,-102.11118531591535,75.71296898566139,-41.3347844265523,-4.5616904317852125,-2.1659722510836485,-19.685433735711243,42.72469556347978,-25.523036349376945,10.317640630319948
OSP_1_26_08_24_20240826_214900.WAV,515.1615,2.287037131490764,201607.19380359136,34357.03876663163,0.00017720224407623703,0.6895468451840734,0.0019974841,4135,-1407.319291305999,-346.6379513374113,-342.54489550776964,321.4793126037459,-103.37601375751473,80.03803891551878,-41.97328258080083,-3.227560530228519,-4.268465042148493,-19.76251448401653,41.875381752495166,-24.900248116852737,10.969453412580195
OSP_1_26_08_24_20240826_215000.WAV,514.8412,2.2795135824090798,201396.66367026087,34354.001809709545,0.00017629610249293313,0.6893314069335846,0.0019955419,4111,-1393.9634746623774,-338.11626100540644,-330.5822475198082,319.62311558579484,-101.78532841737092,73.86196834241167,-40.96606723875437,-5.131232170126206,-1.2853126027272046,-19.566569269470705,42.98464975378605,-25.78937554056145,10.05308138771375
OSP_1_26_08_24_20240826_215100.WAV,531.454,2.302585092994046,200448.3545363411,34348.85898870612,0.0001777914128817241,0.6893374064798008,0.0019863963,4095,-1409.838222794471,-347.4934885961238,-344.4871120803695,321.2709806122498,-103.6102119962896,81.07944082153165,-41.72341801616578,-3.037150126739097,-4.960159579806722,-19.73966248497283,41.69468998493261,-24.773242827101956,11.145057347752049
OSP_1_26_08_24_20240826_215200.WAV,517.42584,2.199824123855514,200549.90470412569,34353.28794467764,0.0001773024844489017,0.6894112645298102,0.001986543,4103,-1409.205570700636,-347.18926530507963,-343.6063295477675,321.52436053009245,-103.4686233100709,80.5242549197871,-42.01917953313455,-3.01858372273858,-4.500567874152437,-19.807706056514782,41.75862673259793,-24.937244524995887,11.122253149156375
OSP_1_26_08_24_20240826_215300.WAV,517.0111,2.302585092994046,201056.90219546595,34353.950536757766,0.0001772448951581018,0.6893897661558689,0.0019917416,4080,-1398.4787735046064,-340.75572070886653,-334.22381016070744,320.2469135249321,-102.21455369184979,75.70416002118367,-41.3424481626693,-4.499943246518344,-2.2353336481238872,-19.5989510297945,42.687535308729295,-25.600950931508663,10.383426859213214
OSP_1_26_08_24_20240826_215400.WAV,515.5293,2.2991331340900394,201439.2726664275,34351.93824302486,0.0001774010836346185,0.6893776761612213,0.0019958825,4107,-1411.8381348002713,-349.32705688998954,-346.2206961059196,322.1453754520853,-103.92220963095532,81.79264381816084,-42.222788453114745,-2.553246604142769,-5.223244330513191,-19.664780622740896,41.417922837518816,-24.780037829524407,11.236856802173962
OSP_1_26_08_24_20240826_215500.WAV,514.6636,2.302210749027401,201102.8168571598,34354.5089256814,0.0001774559219154166,0.6893699494729126,0.001992243,4108,-1409.8768326869244,-347.89437640640864,-344.24253799663944,321.80500419678566,-103.70051988985833,80.86931217182175,-42.05719135510267,-2.8931748061746756,-4.722719523527968,-19.72143237519062,41.64158715757965,-24.904585797133567,11.21094464344422
OSP_1_26_08_24_20240826_215600.WAV,514.254,2.3002288145412675,201212.13031759742,34357.519534599574,0.00017772197870609047,0.6895861603922322,0.001993219,4125,-1409.433447233112,-347.7285425023108,-343.99238432614885,321.7216863779554,-103.69456974454644,80.78952323588523,-42.07061641141513,-2.8706483910232445,-4.62080695617906,-19.8477077673016,41.692858616456334,-24.865508575465345,11.134399223282772
OSP_1_26_08_24_20240826_215700.WAV,515.3043,2.1344486203250574,201476.3593595663,34351.66747965236,0.00017689419203091795,0.6890574731074885,0.0019960965,4090,-1409.0951220973013,-347.59196741907334,-343.81412272600204,321.8267268231622,-103.5425040684581,80.49942350959664,-42.05566358774643,-2.8987073393710263,-4.64356815153445,-19.711554266756334,41.69933949408397,-24.893432804456637,11.13220261284147
OSP_1_26_08_24_20240826_215800.WAV,514.43054,2.3017150458493165,201352.98551503322,34354.0749626749,0.0001766858711810395,0.6893719038705436,0.0019945733,4124,-1408.1424758777514,-347.07071047876843,-343.0016061934508,321.63177350657355,-103.46401671307312,80.28290449515765,-42.06737790999185,-3.0847393853782235,-4.496015566324856,-19.65678167791761,41.88448863946792,-25.028665051329078,11.049195106515043
OSP_1_26_08_24_20240826_215900.WAV,515.4192,2.297063730728925,201832.93306107933,34357.28112320456,0.00017680641587487718,0.6895063482471144,0.0019997444,4114,-1410.114681503369,-348.5253187400633,-344.97375384311533,322.0196818594743,-103.77329592253753,81.23718232264959,-42.27022233631485,-2.7489504233271,-4.7981712465073265,-19.746287840675024,41.58358237642405,-24.847177427617574,11.138066247581316
OSP_1_26_08_24_20240826_220000.WAV,514.65015,2.295521390962857,201122.74336229326,34353.47510772462,0.00017674665624535648,0.6893610410558038,0.0019924582,4093,-1405.4234546507903,-345.16392231533604,-340.33375943044825,321.2722128318256,-103.07201461098327,78.82488138991813,-41.83796117086079,-3.5377183946789708,-3.73303045554257,-19.626922369799946,41.99996213806204,-25.14439245715672,10.901972961255087
OSP_1_26_08_24_20240826_220100.WAV,522.5908,2.302585092994046,201559.7599483549,34354.60177882192,0.00017639566054112365,0.6893468148590943,0.001996752,4107,-1402.3082637521438,-343.45931074338984,-338.05213152904776,320.8728820355676,-102.70206255319907,77.72544195899323,-41.69508814995562,-4.02507318358996,-3.151013506882605,-19.57718635292456,42.36260069588249,-25.370208124895203,10.665232085309041
OSP_1_26_08_24_20240826_220200.WAV,516.8832,2.2962072633022004,201563.88379344056,34356.88692156411,0.00017598288214046667,0.6895367095870567,0.0019974455,4129,-1409.0908778067699,-347.64480500678974,-343.90257916260526,321.7275090318149,-103.628171187143,80.71124798053837,-42.01491289874668,-3.0062221278875234,-4.600530317676253,-19.768673731944354,41.6859491618225,-24.832362737631616,11.077302034912712
OSP_1_26_08_24_20240826_220300.WAV,517.17505,2.295440605155035,201576.20159320446,34356.23642036654,0.00017775144675324223,0.6895076208781299,0.0019970422,4078,-1407.7534000657056,-346.89189323059566,-342.77125530125454,321.6410483570234,-103.39190038899825,80.08628258636116,-42.085845665361944,-3.104819736708264,-4.301995912514828,-19.749854256826016,41.833964959239765,-24.99702035748544,11.067312069229358
OSP_1_26_08_24_20240826_220400.WAV,517.1721,2.2944232578850157,200959.14593122742,34354.176991728,0.00017717382724962883,0.6893628591001117,0.0019912552,4082,-1406.0779402089913,-345.4057766297898,-340.883459901799,321.2303293540871,-103.11126114335818,79.16259758060617,-41.88035547570447,-3.4630449267178975,-3.853763325301503,-19.73891367350367,42.05133423374988,-25.14083117651665,10.965981789364719
OSP_1_26_08_24_20240826_220500.WAV,515.4363,2.302585092994046,201460.46449078995,34354.0023288755,0.00017633198725207347,0.6892362777651727,0.001995891,4115,-1400.552393656905,-342.2507873922093,-336.34881369783506,320.6307101315213,-102.49198337255112,76.78363793273955,-41.50314140762401,-4.2568772824640275,-2.6971490451584565,-19.634521754080986,42.491490190967774,-25.429481470157658,10.520838268922983
OSP_1_26_08_24_20240826_220600.WAV,516.04114,2.2991770800202143,201383.6502700352,34357.55032742223,0.00017701239562175667,0.689583933287955,0.0019952042,4115,-1406.7133290419993,-346.13268437358664,-341.6574437973995,321.4843031615252,-103.27071509904685,79.57258608455642,-42.02819922615817,-3.3158680534254845,-3.976453915572355,-19.731379142273497,41.87832498963707,-25.040404782833637,11.02220717016199
OSP_1_26_08_24_20240826_220700.WAV,518.7348,1.9071443518359978,200820.5303120749,34354.51904825674,0.00017730173429125106,0.6893500418877408,0.001988974,4126,-1408.518711741751,-346.9485483725975,-342.9477031581527,321.52449332407167,-103.5109043731741,80.22933573307233,-41.937718872944785,-3.009627656323617,-4.493031242396311,-19.79725818364111,41.798969158615066,-24.89982431548457,11.099178578072479
OSP_1_26_08_24_20240826_220800.WAV,518.0858,1.8872700107772509,201564.11362232012,34353.579493932055,0.00017731843657843303,0.6891829181647352,0.0019966725,4122,-1406.2805237593905,-345.93941032093437,-341.6633134637177,321.3205071471432,-103.27960356653104,79.5462815942036,-41.820709825438016,-3.3332913974647966,-4.067636681240489,-19.798439178105127,41.90440704159374,-24.96586831337779,10.983125803595454
OSP_1_26_08_24_20240826_220900.WAV,520.6781,2.302585092994046,200229.63983241373,34350.394233250714,0.00017852409828787797,0.6893249074251838,0.001984537,4125,-1406.5117343702748,-345.1673790183254,-341.18058016199706,320.8679213887517,-103.03413745687875,79.35398493435237,-41.69369612899204,-3.525305356937509,-3.9790168906770993,-19.821003476406215,42.06701022431022,-25.046880450826873,10.980919868748757
OSP_1_26_08_24_20240826_221000.WAV,518.6376,2.302585092994046,202005.6764273832,34356.891831678135,0.0001776023089530788,0.6892225969817556,0.0020014846,4095,-1410.5191703491373,-348.9484484844367,-345.5496912950017,322.0264258757284,-103.96079664381278,81.58586294828308,-42.15486114836593,-2.5681017710469978,-5.146925976217469,-19.81660757975035,41.52857715348481,-24.73594730882836,11.372525866837377
OSP_1_26_08_24_20240826_221100.WAV,517.5965,2.2646576989538256,201236.65192000853,34354.4248719316,0.0001772228509668246,0.6893203168633063,0.0019938145,4097,-1409.8443413873267,-348.042791722219,-344.4165520968204,321.8052699164221,-103.64109925449922,80.9190602836136,-42.145813705965296,-2.7546296381563344,-4.768567913655391,-19.79396268394005,41.56342716655935,-24.80365445085166,11.288886714573243
OSP_1_26_08_24_20240826_221200.WAV,524.39014,2.302585092994046,201253.22858208916,34351.5384798177,0.0001771207017169274,0.6892493676841897,0.0019939728,4137,-1409.535759982678,-347.8786380313679,-344.2524435837791,321.6975389581091,-103.58272912443726,80.85413967026747,-42.058635223658115,-2.8185314047283447,-4.900070483161013,-19.629591892571163,41.5831802482404,-24.86639064360027,11.333997028150842
OSP_1_26_08_24_20240826_221300.WAV,517.15796,2.254624318918837,201805.09367184335,34357.10601698181,0.00017603492355899536,0.6895063027960067,0.0019993382,4093,-1408.9631455631143,-347.73014325271595,-343.9282185105391,321.8186463903962,-103.68670329598264,80.72903709133153,-42.01447466231797,-2.9642111244210034,-4.690495431774109,-19.78318270672764,41.77799523629074,-24.83996259950955,11.084848127610362
OSP_1_26_08_24_20240826_221400.WAV,521.08484,2.2477373026276433,201006.42083036964,34353.63361013198,0.00017705731384391594,0.6892508675707437,0.0019910494,4096,-1409.9847147527869,-348.0939158132287,-344.47352756591044,321.71820329725307,-103.66527638581164,81.01929268269365,-42.17266778399225,-2.6696586031946477,-4.842675119195939,-19.811092022520572,41.54637748607994,-24.736433499899945,11.23475526725052
OSP_1_26_08_24_20240826_221500.WAV,518.02893,2.302585092994046,201295.46130874334,34356.0981252893,0.00017658089869046918,0.6894034923903938,0.0019942669,4099,-1408.7585045180776,-347.5313608428736,-343.37721916805134,321.67151664268243,-103.56102657389745,80.53186531085547,-42.14859757197086,-2.907722238386341,-4.645125870419676,-19.602716940338713,41.66864369137803,-24.883619785414705,11.076446050228656
OSP_1_26_08_24_20240826_221600.WAV,518.83435,1.4186109171026404e-304,202146.48038240566,34356.69566790363,0.00017607204931548092,0.6894123099052871,0.0020029205,4119,-1401.9728994220304,-343.5840167745137,-337.99618329442933,320.96816139840826,-102.82523092984545,77.69475276325868,-41.667614339781956,-3.8901434499908616,-3.178366136245008,-19.732146280655382,42.376665250516815,-25.272824103425968,10.676951488253025
OSP_1_26_08_24_20240826_221700.WAV,517.1571,2.2955421720214764,201102.25957164215,34349.86481622125,0.00017741422078996759,0.6892834105638556,0.0019925218,4125,-1397.7998539379337,-340.370532717725,-333.8175620081005,320.1807822498735,-102.01734346542213,75.43296607702848,-41.324826652964155,-4.704214189063502,-2.1030629492735855,-19.47386425624745,42.75705976462846,-25.66380987407575,10.252910644918208
OSP_1_26_08_24_20240826_221800.WAV,515.4481,2.294955924679614,201859.58681295085,34358.352735971,0.00017599755360956474,0.6896334749953458,0.0020001177,4111,-1406.523757498242,-346.3071492059266,-341.7966772288791,321.5461689986567,-103.29818885957981,79.64777562882003,-42.0335977573263,-3.3121132439393173,-4.063409238908526,-19.686554513750078,41.901609494198986,-24.98319014535586,10.920663680924225
OSP_1_26_08_24_20240826_221900.WAV,515.719,2.294260932293663,201621.05396974017,34356.26479879539,0.00017604353465748243,0.689352587149772,0.0019975605,4081,-1405.9355719911023,-345.80617085403276,-341.02625565294977,321.46222726270673,-103.18746651648337,79.19958454349177,-41.973856364581536,-3.400611329444014,-3.856215721945267,-19.648460272510007,41.87957437432252,-25.02983041155178,10.905795800674039
OSP_1_26_08_24_20240826_222000.WAV,515.27844,2.2877788912160857,202013.0611846538,34354.15431794865,0.0001766131262202559,0.6894793048380341,0.0020011957,4115,-1400.0297589681884,-342.3271900569399,-336.1233148520366,320.80054953348235,-102.48214223367037,76.60596792301311,-41.64739015421667,-4.176508326647643,-2.607604198560223,-19.51434354948595,42.391139647317885,-25.54355199212245,10.624742746591616
OSP_1_26_08_24_20240826_222100.WAV,519.5589,2.302585092994046,201564.57739755372,34354.806182756176,0.0001766750470036206,0.6892986821360421,0.001996765,4117,-1407.0286248285486,-346.53835945396736,-342.09871065088447,321.51992619343406,-103.34841349607719,79.78495108200794,-42.078851533776884,-3.0668979466009367,-4.2358086529507055,-19.710334010585047,41.84843857548786,-24.99442721725351,10.968745760679317
OSP_1_26_08_24_20240826_222200.WAV,515.3819,2.3004421502946526,201304.21681417854,34354.98669230736,0.00017714689022219155,0.6893669951509123,0.001994383,4100,-1406.4805067144096,-345.91833671830057,-341.23724565897265,321.512462174999,-103.19991183699227,79.29219786148762,-41.99636309561422,-3.384251203102754,-3.9571981900004998,-19.590482972445766,41.9954201043591,-25.178395953823596,10.896552785826122
OSP_1_26_08_24_20240826_222300.WAV,516.8975,2.302585092994046,202082.76156700522,34359.71068741438,0.00017631056640493277,0.6896313842443917,0.002002602,4110,-1395.244676062924,-339.34619286910515,-332.05985690234803,320.005083623617,-102.02413173346332,74.69043162538786,-41.213971788562155,-4.956305574134264,-1.5533292139444046,-19.54274132921865,42.78605083573509,-25.70742282051954,10.226908908890797
OSP_1_26_08_24_20240826_222400.WAV,517.6778,1.4761038952926955,201680.10160298436,34353.69889684618,0.00017694700148106863,0.6893931749889463,0.0019975784,4108,-1400.3385064690963,-342.28838444690814,-336.4120865173774,320.65534791751014,-102.47346926489487,76.77353700405658,-41.583413270625826,-4.099714337615888,-2.703415476009637,-19.80304672584615,42.57368456867601,-25.40715016312606,10.52775364379899
OSP_1_26_08_24_20240826_222500.WAV,531.4193,2.302585092994046,201790.25725381088,34353.33745529894,0.0001770610442591967,0.6893631318067579,0.001998881,4104,-1404.0453732247236,-344.74646124664326,-339.74649242152924,321.1678846352209,-102.9282565839569,78.47652093605902,-41.87488114048515,-3.496461585468836,-3.555938752571457,-19.75403081037457,42.01912325289227,-25.078655760010882,10.902458373476984
OSP_1_26_08_24_20240826_222600.WAV,515.7556,2.24467406166639,201710.2731643913,34355.37298694898,0.00017623105523951874,0.6893767216879596,0.001998895,4117,-1409.2637516535694,-347.8911356842977,-344.098811786709,321.8837322690558,-103.63087778291602,80.76223606482253,-42.178623426125334,-2.842956789637952,-4.641244217100302,-19.804991478606095,41.68990556780836,-24.85151878517865,11.14409978117773
OSP_1_26_08_24_20240826_222700.WAV,515.364,2.3014397820860957,201199.30822864646,34355.248529276134,0.0001776569198543368,0.6894173549782416,0.0019937276,4106,-1407.7135588448741,-346.6491586789169,-342.19982339759093,321.66354616767126,-103.34414488293689,79.80025926493576,-42.13664322006802,-3.143605723564889,-4.18278258872964,-19.647114928511375,41.87027546330289,-25.101815599719483,11.054115524462306
OSP_1_26_08_24_20240826_222800.WAV,515.63135,2.293682259612386,201779.7849443092,34354.943731495965,0.00017629344739900177,0.6894383533899981,0.001998729,4082,-1396.5182701676163,-340.00984313144005,-333.08404940437083,320.16094280229834,-102.0959616173866,75.11131078863077,-41.31364731686872,-4.6489766658265985,-1.8897899018203086,-19.628514000225284,42.783571107936424,-25.659694230725673,10.350463140897562
OSP_1_26_08_24_20240826_222900.WAV,516.40027,2.28954911585481,201705.69871522405,34353.535559002514,0.00017668848089000893,0.6893272708827841,0.0019979835,4137,-1405.1646507798087,-345.37906860200275,-340.4442997456585,321.3786875233372,-103.09664278103284,78.87641818408147,-41.911146026373835,-3.4398275754730325,-3.8052566469653133,-19.664135923673005,42.02142576042632,-25.078876193551864,10.867435946666696
OSP_1_26_08_24_20240826_223000.WAV,519.2136,2.302585092994046,201973.585847709,34352.389853293666,0.000177107145020184,0.6892609577166527,0.0020006506,4119,-1408.447768513321,-347.61379841016736,-343.58535577165816,321.89355409568776,-103.49849682390722,80.41524824081304,-42.229344277622445,-2.8662520108215968,-4.544046784042206,-19.643123828820716,41.726012685161805,-25.068212599057702,11.148281507033772
OSP_1_26_08_24_20240826_223100.WAV,515.02576,2.286779211694792,201863.77015908013,34356.55717273285,0.00017600697998190054,0.6893677678197431,0.0020001773,4123,-1406.1909496309931,-346.0645637509437,-341.39164077616545,321.5573377508994,-103.26842308283867,79.43444371724797,-42.04201533538011,-3.3548221756215564,-3.9644797527089284,-19.616012189903856,41.90399757147508,-25.142373865450203,11.021916615193303
OSP_1_26_08_24_20240826_223200.WAV,516.251,2.302585092994046,201470.19807527482,34355.622118692896,0.00017642530309522098,0.6893779943189752,0.001996131,4106,-1402.9033082756698,-343.8521103247881,-338.25326599493724,320.9733723665876,-102.8282493975666,77.84482452044081,-41.73059581977654,-3.8408367450086196,-3.286602122052257,-19.54393365175512,42.20499567015293,-25.254860884010444,10.635172771358754
OSP_1_26_08_24_20240826_223300.WAV,515.9779,2.1915466033702318,201059.56164680573,34355.03551858874,0.0001764670832961922,0.689437626172275,0.0019920245,4121,-1399.7545152313992,-341.54923471043423,-335.26191334041215,320.4722693309574,-102.34395381441884,76.24758450010812,-41.52564311450546,-4.339030054879011,-2.3839625477748947,-19.669128922560425,42.562448670305685,-25.510070312602135,10.486465286084844
OSP_1_26_08_24_20240826_223400.WAV,521.463,2.302585092994046,201808.4468907551,34359.69090722443,0.0001762336726166107,0.6895713433311226,0.0019998427,4117,-1410.9954737421447,-349.1157200995702,-345.56806964840996,322.0928917533994,-103.91813661127033,81.62191711197282,-42.39662556957479,-2.4631729684875,-5.052715919947249,-19.79495828597345,41.508385765102446,-24.79089121480971,11.241992584942519
OSP_1_26_08_24_20240826_223500.WAV,523.20386,2.302585092994046,201509.25287702936,34357.40784958902,0.00017689581478803413,0.6894004017150703,0.0019956608,4106,-1406.0423341622388,-346.0189055163653,-341.2877910290575,321.3400195591764,-103.17449833576617,79.49431003458821,-42.1180568678366,-3.273680775734913,-4.022473483964578,-19.614969294310878,41.874654257274344,-25.08296476379174,10.967550557760072
OSP_1_26_08_24_20240826_223600.WAV,518.9271,2.302585092994046,201547.4391328801,34354.290979204794,0.0001762322258060694,0.6894365807967979,0.0019972494,4095,-1410.3975566989232,-348.6512133078644,-344.98392703634516,321.8862418939963,-103.79544935958761,81.27912649876592,-42.196226704039475,-2.563179788518945,-5.091228522357652,-19.61196591685978,41.40774830191578,-24.783484429920254,11.300086482299127
OSP_1_26_08_24_20240826_223700.WAV,514.82166,2.302585092994046,201693.29922074897,34356.450608991814,0.00017618538562223248,0.6894321720393513,0.001997917,4108,-1406.7083281432322,-346.36928285475375,-341.76331827206536,321.60038394741514,-103.28619965515597,79.58266988211648,-42.08361669358106,-3.2301978947409418,-4.084064278515288,-19.631088327090694,41.854129414050256,-25.022675567391026,10.943883415494149
OSP_1_26_08_24_20240826_223800.WAV,526.63477,2.302585092994046,201782.3842040237,34355.718515710854,0.00017636367506062916,0.689319771450014,0.0019992727,4129,-1393.6512630105929,-338.3038976980761,-330.5283861668029,319.6695500863465,-101.80093473559342,73.86552597356926,-41.14664462889154,-4.9790571678278335,-1.2346364402194314,-19.465742091943124,42.771939196544274,-25.852505748500672,10.172506788368855
OSP_1_26_08_24_20240826_223900.WAV,515.9632,1.8054344909453408,201740.49653555214,34355.01355990833,0.00017637374438492145,0.6893797214610676,0.0019982378,4091,-1404.6763742396297,-345.1755729138032,-340.0013946101308,321.3438668521315,-103.07178502043223,78.6628512607421,-41.964848865366655,-3.4135359661107287,-3.6705608445693287,-19.6342016572872,42.013386360660334,-25.19209159088371,10.870277475741181
OSP_1_26_08_24_20240826_224000.WAV,516.7837,2.302585092994046,201086.5282709761,34356.67164100978,0.00017668145974108362,0.6894646241302476,0.0019925942,4127,-1405.580752900627,-345.21611175682557,-340.265725297722,321.2752794908881,-103.1464629468758,78.87703135097638,-41.882801587120355,-3.4706050103042023,-3.741325736838559,-19.678412345034637,42.03269582486623,-25.163573257565673,10.924360223784351
OSP_1_26_08_24_20240826_224100.WAV,515.42773,2.300737290754576,200968.88242365117,34350.5179924152,0.00017694554959241657,0.6892952733029647,0.0019916336,4128,-1403.7421340942544,-343.97995752208533,-338.70094334421026,321.03677146416476,-102.71545799352144,77.91014894798634,-41.798709483692534,-3.7708243266047097,-3.3360365026593164,-19.58609891675683,42.22677653070789,-25.24487031437373,10.683136590780919
OSP_1_26_08_24_20240826_224200.WAV,514.9895,2.2993190424613292,201630.45177960457,34356.151238221966,0.00017656808925920023,0.6895155293708694,0.0019973945,4111,-1408.535732909133,-347.5346266631773,-343.25110056299536,321.8340005594898,-103.5684513457394,80.38992582053388,-42.23521100851673,-2.84640952660994,-4.540289369960328,-19.674849504705367,41.75624327064681,-25.017147175977144,11.117433532291278
OSP_1_26_08_24_20240826_224300.WAV,519.4757,0.6224869206570487,201925.25593880692,34356.86695776699,0.00017621604500169127,0.6895063482471144,0.0020004155,4114,-1406.4860651274685,-346.4154330745099,-341.7818321018633,321.59787625278926,-103.34532140476921,79.61995132151486,-42.07077176210114,-3.175820766542273,-4.1205754516498585,-19.645911352785596,41.81696171985228,-25.020142220320903,11.000912165279665
OSP_1_26_08_24_20240826_224400.WAV,516.31256,2.22228573649232,201710.1065677278,34357.92600909168,0.00017677364670320574,0.6894917584415433,0.0019980108,4093,-1402.1344119609744,-343.6485373872818,-337.85071322969844,320.9431794455069,-102.7448021746008,77.67364232261924,-41.863035014815416,-3.821636893735756,-3.101669202011775,-19.604893401134856,42.205102776113854,-25.28463627249129,10.70479202691161
OSP_1_26_08_24_20240826_224500.WAV,518.35156,2.094496251300331,201427.99978313743,34356.47473199188,0.0001775610148268526,0.6894518523689844,0.0019954355,4123,-1406.7176629180224,-346.2638530447422,-341.7993676241274,321.44558027874626,-103.27037176963415,79.69628176490042,-42.114074900471174,-3.232843778261211,-4.059145496572768,-19.652686749619132,41.84151148478502,-25.101175179389486,11.056998087924072
OSP_1_26_08_24_20240826_224600.WAV,516.9721,2.296180000879224,201684.73248153238,34355.59236572323,0.00017710038696747783,0.6894670784900633,0.0019973794,4110,-1407.9533845032895,-347.27725256967625,-343.26155110013786,321.603673768584,-103.36392010238471,80.43908720491966,-42.241870752753194,-3.041200008032965,-4.4789140644734005,-19.623091322843507,41.75828755404735,-24.905264031987034,10.996382266301817
OSP_1_26_08_24_20240826_224700.WAV,546.437,2.302585092994046,201647.82679004443,34357.11333401357,0.00017660700868859844,0.6895435727043191,0.001997141,4085,-1401.7153509714603,-343.2548292027432,-337.7748317827174,320.7124431014224,-102.7127547656777,77.68272734883841,-41.69521900312477,-3.9691356890933966,-3.0597544472431744,-19.70873024678805,42.32072191587904,-25.34543039193063,10.74461575072322
OSP_1_26_08_24_20240826_224800.WAV,520.5033,1.4186109171026404e-304,201509.98528059604,34353.164469989766,0.00017690602622154227,0.6892676844805921,0.001996078,4120,-1404.7048228924355,-345.1055258229928,-340.0651187185532,321.19703831197603,-103.01402421477573,78.75102040957832,-41.903324504870106,-3.513694241205694,-3.758877458964362,-19.485047646120396,41.93523907653114,-25.152342240958,10.850358558937717
OSP_1_26_08_24_20240826_224900.WAV,515.7445,2.301478753930487,201617.5875770758,34357.43070161372,0.00017687628704068478,0.6893623136868193,0.0019974094,4110,-1405.687488243183,-345.7970853966605,-340.7547041316995,321.4393192940974,-103.16345033766586,79.14722278373878,-42.12588634113289,-3.286353558904253,-3.878288089084538,-19.584209336537306,41.93030576247507,-25.12781162719121,10.87036162494278
OSP_1_26_08_24_20240826_225000.WAV,516.97546,2.0505500353856334,201924.2664122648,34355.94119865532,0.00017594883818057637,0.6892997275115191,0.0020003177,4102,-1401.9965540221137,-343.58941215388296,-337.6915961024162,321.0517439269931,-102.7564302146479,77.42717005681446,-41.83346273680035,-3.7065682322580193,-3.050095373585128,-19.63879354561835,42.18131961596785,-25.340754311604698,10.688265758998357
OSP_1_26_08_24_20240826_225100.WAV,516.0123,2.302585092994046,201747.88665921762,34357.63088238175,0.00017705467234117587,0.6894759869071722,0.0019982927,4105,-1404.8613717741503,-345.29081779448745,-340.15228581896014,321.38172794237164,-103.08045357739957,78.76530512140705,-42.013480661770835,-3.442672494326135,-3.597474805486046,-19.703612318094173,41.919405456737536,-25.031893652581864,10.886125149522206
OSP_1_26_08_24_20240826_225200.WAV,546.25134,2.302585092994046,201539.8285405698,34356.31041616146,0.0001760424969493925,0.6893997199484548,0.0019968671,4125,-1407.2552712380107,-346.6311219614255,-342.2136319665803,321.51318189720445,-103.37848323926141,79.91663800583257,-42.05822699729422,-3.169881722290633,-4.25007828903969,-19.64224649977094,41.780891016784906,-24.97847954342878,11.023359355422429
OSP_1_26_08_24_20240826_225300.WAV,518.8185,2.302585092994046,201856.29939371115,34357.14972063206,0.0001762787820464458,0.6894012652861166,0.0019993254,4103,-1405.9950320733371,-346.1157524936512,-341.3960477048222,321.4758952569776,-103.25733442429929,79.50669111865285,-42.135170789232056,-3.2323665813052833,-4.002452121070233,-19.66970044566988,41.94334831740237,-25.149963816495628,10.980735046137825
OSP_1_26_08_24_20240826_225400.WAV,514.838,2.3008082409612696,201877.8502585093,34357.92679275922,0.00017663263443081235,0.6895148021531462,0.0020008576,4138,-1406.4254161476001,-346.3260565421997,-341.4614951360595,321.5990521166901,-103.34610089132973,79.51479929968978,-42.10371280408174,-3.210814366745424,-4.052514730953158,-19.586335660027608,41.79378889592378,-25.008523734406523,10.962646737939526
OSP_1_26_08_24_20240826_225500.WAV,518.38696,0.9385135526742272,201927.51822234452,34354.544921721565,0.00017601507401462889,0.6892509584729591,0.0020000897,4135,-1406.91865014488,-346.66064248670983,-342.16814924779504,321.67721708910284,-103.33044083833934,79.7985945610434,-42.11951979999735,-3.158252088975834,-4.239235165291912,-19.61900566917993,41.825184125695685,-25.036082855132893,11.094993152784209
OSP_1_26_08_24_20240826_225600.WAV,516.4435,2.302585092994046,202040.28666214677,34355.862498331815,0.00017594876537837433,0.6893412243728474,0.0020020714,4105,-1403.6682501342184,-344.747784641289,-339.2027246565276,321.29462796699676,-102.96489930617037,78.29786395587529,-41.964100757001745,-3.5818998923527126,-3.481137074752974,-19.507779736636273,41.97071066355263,-25.15252285876707,10.795391575971363
OSP_1_26_08_24_20240826_225700.WAV,520.7511,2.302585092994046,201309.2053925655,34352.78605547014,0.00017651723165148486,0.6892460497533277,0.0019945742,4122,-1411.9308861761792,-349.33794369108404,-346.17646800846137,322.1092948302275,-103.97324839144764,81.84503059642046,-42.25249760679034,-2.508109515349455,-5.256888925327128,-19.660621290432914,41.451171498755855,-24.871606691451525,11.35617231922728
OSP_1_26_08_24_20240826_225800.WAV,528.1317,2.302585092994046,201775.45064433906,34355.99318856607,0.00017657693307825042,0.689374403681467,0.0019991393,4127,-1402.6286366013712,-343.87619637259525,-338.414278194224,320.974421688141,-102.74139113676003,77.92685466105941,-41.87170712539541,-3.824617479056789,-3.217224311002449,-19.659832965766935,42.316574917170286,-25.27673224711503,10.649523771130418
OSP_1_26_08_24_20240826_225900.WAV,536.4289,2.302585092994046,201796.76644479725,34355.07338779829,0.00017666199416159516,0.6894375807211672,0.0019988606,4087,-1405.86018835169,-345.9559321172815,-341.5859515040229,321.2766503080247,-103.2113690472268,79.59425363815599,-41.96675943002051,-3.3814872010020753,-4.053653110970155,-19.62308379637195,41.925913534022484,-25.078004215503995,10.953254649698344
OSP_1_26_08_24_20240826_230000.WAV,528.4194,2.302585092994046,201559.43256976156,34356.21389850567,0.00017699560755120422,0.6895401184201341,0.0019964664,4124,-1407.8024420306003,-347.0804929731858,-342.9154784460101,321.57525893713085,-103.43490148285525,80.2883862510715,-42.218407225390514,-2.958559498729562,-4.403072691438738,-19.68690477254552,41.75358987993849,-25.0417109591266,11.113076668992589
OSP_1_26_08_24_20240826_230100.WAV,518.70337,2.302585092994046,201705.33367149596,34355.13847868913,0.00017770575734270177,0.6893102267173974,0.001998564,4110,-1406.6419213670417,-346.45800303302934,-341.879194991674,321.4749300621316,-103.29439658854943,79.74634400258469,-42.12557622464765,-3.080115643330446,-4.268082801894069,-19.638651814483485,41.83052650446818,-25.053724871546343,11.162069091141843
OSP_1_26_08_24_20240826_230200.WAV,520.1376,2.302585092994046,202002.34892656747,34356.620905958596,0.000176916387915559,0.6894350354591362,0.0020010544,4115,-1404.8278010688086,-345.450611097452,-340.35963168720656,321.41191613307427,-103.06679278410675,78.89771924871657,-42.109244511515186,-3.401977200617636,-3.7182836786854545,-19.57128445217652,41.97626346022289,-25.220844836010862,10.981054409043201
OSP_1_26_08_24_20240826_230300.WAV,515.9348,2.302585092994046,201395.32182246883,34356.20090434513,0.00017670479070111265,0.6894041741570092,0.001994772,4106,-1408.9479598306625,-347.71133717180857,-343.4496544298597,321.8356435793497,-103.56921616447069,80.52437879697916,-42.25388396633814,-2.8754441040016556,-4.6197920148108675,-19.54488020010259,41.663591349930634,-24.95912096371623,11.031398007102208
OSP_1_26_08_24_20240826_230400.WAV,515.1272,2.2074831574702904,201739.34223800385,34358.523350662625,0.00017651413759136203,0.6894034923903938,0.0019985733,4102,-1403.4164072791325,-344.47846389848604,-338.770596919841,321.21830077488846,-102.90066921140524,78.16895094173664,-42.07477554048509,-3.630637105446647,-3.301331085432826,-19.5463606583727,42.08778894096156,-25.260428831696387,10.734235297638405
OSP_1_26_08_24_20240826_230500.WAV,521.8812,2.302585092994046,201364.41325381942,34351.26364048405,0.0001766892686880593,0.6893356338866006,0.001994613,4127,-1402.6834103189688,-343.7332955561765,-338.0406526867728,321.02888327058486,-102.66939497018276,77.55006722336019,-41.878730369339934,-3.6729760726993317,-3.1785264059929927,-19.552950895863162,42.176166576240696,-25.362770017891265,10.673475677354048
OSP_1_26_08_24_20240826_230600.WAV,523.9329,2.302585092994046,201135.58253875448,34355.31029146504,0.00017651166082132804,0.689242413664712,0.0019926103,4104,-1406.6985730423737,-346.08559233089653,-341.3708277591934,321.426819618123,-103.17068489863328,79.4742942282803,-42.15556836353106,-3.2984915137602218,-3.9875881305753507,-19.51345883096415,41.84444020846182,-25.17165352440697,10.96913327971911
OSP_1_26_08_24_20240826_230700.WAV,515.7493,2.302585092994046,202005.48111412892,34355.79512674789,0.00017564627505880874,0.6892735931245928,0.0020014348,4108,-1404.5717663352214,-345.23775406381765,-339.97274399233504,321.4342948298706,-103.02181444503685,78.62708910759797,-42.06847422985823,-3.4186487477757117,-3.6278242726807366,-19.56516361669479,41.95815228534938,-25.204667087701488,10.919940838778825
OSP_1_26_08_24_20240826_230800.WAV,585.86096,2.302585092994046,201285.72965057584,34349.588790051916,0.00017940035237842995,0.6893179988568138,0.0019934578,4096,-1383.7018739173243,-331.7717891408561,-322.2366013472185,317.788383066356,-100.5872614745771,69.52904957282897,-40.29833466064466,-6.348804283809215,1.0927638567547493,-19.314581015030164,43.41872161468709,-26.64268069013565,9.368742616178762
OSP_1_26_08_24_20240826_230900.WAV,560.4879,2.302585092994046,200380.565462392,34348.86372359217,0.00017820861349841042,0.6891650558794098,0.0019853618,4071,-1385.9106150680595,-332.54102152228086,-323.30218206383284,318.0295555520288,-100.69124576828649,69.99375718899667,-40.34891608349646,-6.140506035711741,0.7562848865216095,-19.407018404322834,43.389625531395026,-26.4895425116674,9.439996143459462
OSP_1_26_08_24_20240826_231000.WAV,548.3327,2.302585092994046,201983.4153872164,34355.40921279058,0.00017656996353083003,0.6895262558322861,0.002000633,4098,-1406.8209339528946,-346.70881500520676,-342.314342089206,321.58589776724097,-103.30494429330516,79.93576056897295,-42.191204113804794,-3.128608937616834,-4.259883531836362,-19.633211444454233,41.84703174895212,-25.010405067947616,11.013421744193998
OSP_1_26_08_24_20240826_231100.WAV,542.1044,2.302585092994046,201655.74361457283,34352.51237579788,0.00017641177355304133,0.6893748127414363,0.001997568,4114,-1410.0667437423442,-348.57680340107214,-344.97698639410737,321.8963133192507,-103.69924368107475,81.21922843384459,-42.29918512568078,-2.5722685039937008,-4.964347954641791,-19.668531534448864,41.43689136858474,-24.781661059199937,11.25981432942791
OSP_1_26_08_24_20240826_231200.WAV,616.4933,2.302585092994046,202215.27702780082,34351.67788319172,0.00017704764305665307,0.689328498062692,0.0020052588,4114,-1260.0227024949925,-258.4135526832855,-229.12418222623916,285.65085799447473,-95.91657703030936,22.629792241981605,-21.17074581276045,-10.090176310896208,23.72857211496574,-23.791042558256464,38.763150021306515,-32.02093226733292,3.4007392883829315
OSP_1_26_08_24_20240826_231300.WAV,656.14404,2.302585092994046,202995.4755676331,34354.47017419704,0.00017773612077599755,0.6894585791329237,0.0020139497,4112,-1245.9448241566522,-250.87369261872607,-219.93811025119615,280.998496874655,-95.97995901724994,18.52708993700028,-18.223894542827296,-9.674371110407877,24.99217014700753,-24.88628562263707,37.67888197009967,-31.678480908654354,3.1598834060039143
OSP_1_26_08_24_20240826_231400.WAV,528.4957,2.302585092994046,201516.68937988218,34356.6355663625,0.0001766079989573173,0.689417764038211,0.001996149,4141,-1404.4561335332965,-344.9250688106233,-339.7715283373022,321.1857758667388,-102.98688807851153,78.64885156874405,-42.033230939749075,-3.4808821177515727,-3.57960515896329,-19.633313041139537,42.08771833121084,-25.317155554192976,10.931689992385884
OSP_1_26_08_24_20240826_231500.WAV,623.58954,2.302585092994046,202120.35745933437,34350.07758647988,0.00017697045440803126,0.6893093631463512,0.0020033745,4117,-1277.2531557683137,-268.2580717855439,-240.8242329452583,291.40710385929,-96.1256660557387,27.977099243308622,-24.621533606599286,-10.172065937000893,21.50830597449282,-22.651806063412845,40.287051432424875,-32.18177430587592,3.698258182396049
OSP_1_26_08_24_20240826_231600.WAV,532.96545,2.302585092994046,201627.70735882255,34354.179403343674,0.00017635644903593915,0.689390811531346,0.0019970627,4103,-1405.2867200063818,-345.44109322436634,-340.5757762421881,321.3786509691882,-103.04219507058828,78.92428911454859,-42.05809631608712,-3.3818245122344184,-3.7189768262404983,-19.70666839972157,42.0488243329468,-25.160929483438572,10.85417483846782
OSP_1_26_08_24_20240826_231700.WAV,579.2648,0.4810205536623153,201644.29398922483,34350.44207378116,0.00017723864043157593,0.6892660936918226,0.0019980913,4106,-1272.7712127404227,-265.44360099715425,-237.574460513405,289.77697042763555,-95.99390748265063,26.490938644413713,-23.740387212106924,-10.170126802804159,22.232338302281242,-23.02811570434514,39.88447172840345,-32.162108259725045,3.640246433497648
OSP_1_26_08_24_20240826_231800.WAV,516.1942,2.1291267130102844,202139.32156601432,34354.12173853665,0.0001756301074047308,0.6893109084840129,0.0020026,4102,-1408.1046714968577,-347.55844697205094,-343.44106468357825,321.8369208608901,-103.47076403208779,80.44905574731555,-42.23892739017578,-2.963403015706755,-4.542479598369284,-19.59228779349841,41.689856138576666,-24.977777560744716,11.136094340467128
OSP_1_26_08_24_20240826_231900.WAV,515.70044,2.2710303592218994,201684.3891253267,34356.27439276079,0.00017707924141406348,0.6893799941677139,0.0019980741,4096,-1404.7213837972195,-345.13417305351516,-339.9153696877811,321.3692100339325,-103.03221135449141,78.68712863158757,-41.994946629001184,-3.544510764426208,-3.6433173880513303,-19.619185237115303,42.083520564232586,-25.129820880443635,10.810138357047265
OSP_1_26_08_24_20240826_232000.WAV,617.98096,2.302585092994046,202395.2447295438,34353.652148190195,0.0001783597633623408,0.6894471709048916,0.0020064318,4117,-1284.2397142701996,-272.3560063936196,-245.9156060019031,293.6319140517274,-96.25480907361298,30.496238177873654,-26.020118779462198,-10.30932671929434,20.574286457110244,-22.278019127119,40.908561711641475,-32.12446620492964,3.888292962263528
OSP_1_26_08_24_20240826_232100.WAV,523.7676,2.1085303307576924,201392.9984144822,34356.37399375329,0.00017831005998582015,0.6892483677598203,0.0019944867,4118,-1407.208381496811,-346.6339445800165,-342.3253829631805,321.44809906024744,-103.29423192411666,79.9749845968862,-42.200034571461636,-3.1020649020419593,-4.23212262813677,-19.64890444499484,41.82493126380905,-25.06257633393784,11.058773152179073
OSP_1_26_08_24_20240826_232200.WAV,656.808,2.302585092994046,202080.36659783858,34350.83041369611,0.00017843509681363053,0.6893983564152238,0.002005008,4102,-1229.0584476364663,-241.1109097498158,-208.58113731523494,274.62513001392523,-95.79699805023992,13.595411871937047,-14.36008271870508,-9.250728066472353,26.256828059737398,-26.187140989373606,36.23508644547752,-31.050578042773324,3.1423807644985096
OSP_1_26_08_24_20240826_232300.WAV,594.30963,2.302585092994046,201908.7517889839,34354.328113358926,0.00017725217339259442,0.6893235438919529,0.002001006,4106,-1340.459362160713,-305.3789987837262,-287.2995278838834,309.0689816501207,-97.80282474470329,51.34377209782862,-35.302821517161725,-9.587879890612232,10.67583883035966,-19.879317857292943,43.93087691459331,-29.639971392479737,6.226824508705235
OSP_1_26_08_24_20240826_232400.WAV,561.5046,2.302585092994046,201360.05333909005,34353.75372045427,0.00017757256943561593,0.689584978663432,0.0019943768,4127,-1378.4150523046244,-328.46701584464876,-317.6906051937296,316.90387953874944,-100.25199430198307,67.19146007332809,-39.695523446944506,-6.868946058758883,2.328542933585316,-19.526442051872312,43.69812638889288,-26.867696860215233,8.91157894505116
OSP_1_26_08_24_20240826_232500.WAV,516.33246,2.302585092994046,201756.94089483918,34356.91587246643,0.0001760108297291085,0.6895206198949316,0.0019985547,4114,-1410.2750391720726,-348.7129924409673,-344.94466273471875,322.1554049579692,-103.72184387580772,81.18055880951299,-42.5089665283981,-2.5643533919927552,-4.744018022489551,-19.714314417016084,41.45527837395645,-24.91721721475906,11.298754997379769
OSP_1_26_08_24_20240826_232600.WAV,517.015,1.4186109171026404e-304,201559.23289754093,34355.52040281238,0.00017635793428501486,0.6894258088842735,0.0019973272,4155,-1408.6101236876427,-347.44066853002465,-343.35923113311253,321.73594425279083,-103.54310437624504,80.45055821535892,-42.221047286908465,-2.8487380263410396,-4.5013458671111595,-19.748902662671302,41.73618326871381,-25.043318879671766,11.198104852375991
OSP_1_26_08_24_20240826_232700.WAV,582.2825,2.302585092994046,201828.69527896206,34352.42650715652,0.0001780655053952488,0.6893194987433677,0.00199915,4124,-1381.2292783514313,-330.5608974098804,-320.16485685985765,317.6743482374422,-100.48134090788936,68.35465834223292,-40.137914913010945,-6.455235687712112,1.6314609377687332,-19.338409561899045,43.46878386107055,-26.75962138466821,9.212990304495577
OSP_1_26_08_24_20240826_232800.WAV,655.09717,2.302585092994046,201928.69202280545,34350.278079413125,0.0001776967881499336,0.689358586695988,0.0020031114,4109,-1273.1287661719603,-265.60551340568134,-237.6788134209777,289.971591141319,-96.08431789676753,26.43279807402531,-23.720298910104244,-10.12190918358926,22.248327892010273,-23.02745193544909,39.80443526704706,-32.11273880492029,3.650231349438043
OSP_1_26_08_24_20240826_232900.WAV,517.7972,2.302585092994046,201608.653398217,34357.8813646649,0.000176643850878908,0.689493621936959,0.0019976266,4122,-1404.1134649149433,-344.6853797787656,-339.2897661193597,321.28216074874297,-102.97446780153194,78.38591352644222,-41.982306531126596,-3.6316189263156025,-3.4569577714733324,-19.59677608046071,42.16078899241928,-25.30567041626096,10.854590188129984
OSP_1_26_08_24_20240826_233000.WAV,515.312,2.2973380178180305,201384.07841663776,34356.14588957193,0.0001759700301205248,0.6893802214232524,0.0019951623,4137,-1398.9263456314716,-341.3322593998112,-334.4784771149391,320.5819144812434,-102.33739956822521,75.90160450274612,-41.61338894686727,-4.403207745226004,-2.246801210445368,-19.456256114596428,42.54187035800537,-25.610163612660468,10.453189565532606
OSP_1_26_08_24_20240826_233100.WAV,516.2701,1.3268950790914011,201082.31696126144,34355.50234248288,0.00017606516106198896,0.6894386715477521,0.001992718,4091,-1404.5392224454156,-344.5697787182875,-339.27036711601335,321.235177637294,-102.92086021853045,78.26280106286882,-41.95966727032783,-3.529565362918905,-3.385892273488496,-19.754738397971522,42.13452089258419,-25.236867778635467,10.813307982321342
OSP_1_26_08_24_20240826_233200.WAV,529.22986,2.302585092994046,201622.9936502491,34351.39469759694,0.00017678098782864733,0.6892047346964303,0.0019975274,4140,-1405.2120096681156,-345.308164638447,-340.4328191489967,321.4926946510565,-102.98080531190105,78.69941347284237,-42.05392377098444,-3.4251955049346394,-3.6108900779854802,-19.61667844702701,41.97526742345192,-25.24755892923141,10.92477536027811
OSP_1_26_08_24_20240826_233300.WAV,540.6298,2.302585092994046,201316.68049599402,34352.886922870246,0.0001770551895858214,0.689249776744159,0.0019946978,4102,-1398.6566253099934,-341.05115870737103,-334.5774015414102,320.3705239642207,-102.17033603058414,75.82241989632635,-41.499929231077026,-4.47219183440467,-2.1610317384582336,-19.53668262392232,42.48956194791344,-25.55226551077499,10.392391466358081
OSP_1_26_08_24_20240826_233400.WAV,515.0388,2.3011571927150754,201505.71452225142,34357.43504993636,0.0001759368407393703,0.6894498525202457,0.0019967926,4127,-1408.5049740832644,-347.4501714060723,-343.1604283933719,321.831433910076,-103.47961463632679,80.35033278591895,-42.32460865937211,-2.9165798891932244,-4.3942384094815585,-19.6637565618645,41.63988187351881,-24.94147737791462,11.176171171347386
OSP_1_26_08_24_20240826_233500.WAV,514.70703,2.2996319287248257,201439.49400691097,34358.58245113415,0.0001762028784672849,0.6895461634174579,0.0019957242,4104,-1409.6317684708126,-348.069354198091,-344.01616134470675,321.93503686959747,-103.67799527573345,80.80652659889023,-42.337761198419585,-2.688698748077723,-4.688386752028001,-19.725733031512714,41.63965628118215,-24.987789759909393,11.283135273180212
OSP_1_26_08_24_20240826_233600.WAV,517.01526,2.1750269366981483,200956.827412142,34358.02354138544,0.00017711786261100478,0.6895065300515452,0.0019906368,4107,-1408.4794825515883,-347.1364937896339,-342.7739142559383,321.6853156931649,-103.40594808037447,80.17776101089626,-42.268587191403704,-2.997602225822457,-4.298005469244519,-19.679114991026417,41.69260635034763,-24.950865166853227,11.084978349031577
OSP_1_26_08_24_20240826_233700.WAV,515.40436,2.2356186619264538,201089.14028009246,34355.16883732076,0.0001764692584588519,0.6894350809102439,0.0019919502,4100,-1410.964773726045,-348.72249672837586,-344.8680701067269,322.14371154243685,-103.77708943305718,81.13880458878408,-42.409523042238,-2.5146115548149073,-4.864065936660423,-19.71893505761428,41.48119797336603,-24.849635037142296,11.249060215514113
OSP_1_26_08_24_20240826_233800.WAV,577.91785,2.302585092994046,200841.4720731039,34351.73299509947,0.0001769039011652727,0.6893235893430606,0.0019896908,4100,-1403.706638379384,-343.9311262090433,-338.59941474519877,321.0334918296628,-102.72502849305138,77.87250954098806,-41.87922248555185,-3.7583274194455814,-3.1921009048613236,-19.605365619735558,42.14270371052474,-25.286470766364808,10.773721755012902
OSP_1_26_08_24_20240826_233900.WAV,515.39954,2.297384844666279,201203.53106382152,34353.09006029792,0.0001771999220056785,0.6894766232226799,0.0019928524,4092,-1408.5567182016264,-347.3269132769435,-342.98752253721364,321.80106135871654,-103.42430282586042,80.14430433815947,-42.26858813850842,-2.8653204781325687,-4.408824131919768,-19.578881094330704,41.60982914448757,-25.024689302768177,11.145916502810389
OSP_1_26_08_24_20240826_234000.WAV,515.8313,1.2034909100198297,200630.60211323202,34352.888248332434,0.0001774356938790758,0.689213961271293,0.00198724,4109,-1412.6134806623722,-349.546668659933,-346.16951151753653,322.1822548874687,-103.89046809930235,81.81210473718507,-42.47472735812045,-2.2906907784365966,-5.274729026485446,-19.609991365354556,41.2884740333997,-24.854828072687813,11.470358185885887
OSP_1_26_08_24_20240826_234100.WAV,524.27936,2.302585092994046,201596.7613572396,34354.29563645835,0.0001765788789919961,0.6892670027139766,0.001997188,4117,-1396.1287059467857,-339.778033783571,-332.39030407444216,320.1457129860824,-101.94769622681824,74.75849838066296,-41.49964059378518,-4.66998992835696,-1.6143786473631057,-19.43881479868741,42.58390588639575,-25.771065370409644,10.311035198232458
OSP_1_26_08_24_20240826_234200.WAV,516.74304,2.1498623349953028,201140.89121065318,34354.927024698365,0.00017731423093921816,0.6895435272532114,0.0019922683,4113,-1411.5651419118249,-349.1674293059535,-345.5575689357885,322.20204055006286,-103.83004108271187,81.4902833814519,-42.47277223326583,-2.397255219060982,-5.05817611748274,-19.707596246023115,41.45446804088312,-24.895450092792796,11.346731254732934
OSP_1_26_08_24_20240826_234300.WAV,517.5177,1.599595381195481,201206.16725824846,34355.45223416402,0.00017690234744353374,0.6894450801539375,0.0019930205,4114,-1404.731555570927,-344.9230987700608,-339.7721298755608,321.25285963681154,-102.91988768978236,78.60922895389825,-42.061225544790936,-3.5329769753821987,-3.5648004019053756,-19.620318154268716,42.10274836870159,-25.249122589174107,10.869664614698333
OSP_1_26_08_24_20240826_234400.WAV,516.9955,2.2603417708560722,201304.70326615986,34350.52506684541,0.0001769807440177992,0.6891961444370753,0.0019944909,4116,-1408.6129165743844,-347.3057083102215,-343.2891046147206,321.73137367627584,-103.38464601401361,80.28923597929939,-42.166162217747356,-2.966770369409,-4.542807405340461,-19.582274875620143,41.75365891789741,-25.048321298861836,11.107499815999294
OSP_1_26_08_24_20240826_234500.WAV,517.9116,1.4186109171026404e-304,201257.8931988866,34357.397405536656,0.0001769544916625866,0.689506711855976,0.0019937856,4117,-1409.8507387133668,-348.1578994761988,-344.0923012749236,321.920853389115,-103.68449844681685,80.85229003435475,-42.35479184136567,-2.659119214848736,-4.672232639337504,-19.731097000794605,41.535223884627904,-24.90918923739038,11.247332009002145
OSP_1_26_08_24_20240826_234600.WAV,516.4836,2.2839499836125343,200861.19453319232,34353.90076569286,0.00017698256569738827,0.6892378231028344,0.001989863,4123,-1404.8164361815277,-344.6893943656254,-339.3840811450157,321.3478776967266,-102.8588562430582,78.21772414939015,-42.057572447562755,-3.466479288700752,-3.3893992730703455,-19.670318542635236,42.06110954395382,-25.27802851194415,10.89421126518434
OSP_1_26_08_24_20240826_234700.WAV,516.90027,2.2166784012862006,201117.4390175993,34354.63887599177,0.0001774483736507861,0.6895774792306618,0.0019920773,4104,-1410.0920388555548,-348.2437625792352,-344.2745680518576,322.05680891652656,-103.55697571694958,80.76619451682369,-42.45222747664763,-2.6559397333899155,-4.594066566882014,-19.68525473272564,41.43582162543437,-24.853683055293725,11.248294630277082
OSP_1_26_08_24_20240826_234800.WAV,517.16626,2.275837634561869,200864.93773835356,34354.80820342133,0.0001772778256742171,0.6893329522712464,0.0019897963,4112,-1407.5146352219554,-346.4519077973179,-341.95776064769126,321.53325836197314,-103.2108660035643,79.707125288847,-42.179166636114225,-3.2025637964802707,-4.120973322132289,-19.54923604544415,41.77272880120344,-25.068753657917238,11.02751161703707
OSP_1_26_08_24_20240826_234900.WAV,517.7335,1.7662912015516294,200955.67001343123,34354.25897099869,0.00017677220490397032,0.6893896752536536,0.0019905644,4109,-1402.302830160491,-343.199098342793,-337.3530881819651,320.95128722403666,-102.52800403775296,77.2484215036522,-41.890224168026336,-3.948975554364404,-2.8610936368075097,-19.527091193525337,42.21884422312413,-25.385654740423675,10.646050348644264
OSP_1_26_08_24_20240826_235000.WAV,517.50244,2.190152817511853,201195.87977291617,34357.11433635275,0.00017668798948126155,0.6894200820447035,0.0019930054,4131,-1408.783617547108,-347.5882035962985,-343.240758040072,321.76675698561945,-103.51354583370262,80.4359269229367,-42.38183416210311,-2.754896099706005,-4.470072683814651,-19.63549715408805,41.4946961364837,-24.924885269685213,11.266281479752287
OSP_1_26_08_24_20240826_235100.WAV,518.2903,2.013858721165827,200493.62564913023,34356.27995023792,0.00017855929385021208,0.6894910766749278,0.0019858796,4130,-1403.4221454108679,-343.7319593499181,-338.1464535441938,320.8748751854514,-102.7071970821822,77.88168995662582,-41.987191041547,-3.806854595848412,-3.0826841475355247,-19.55426437501067,42.11532035078863,-25.35774616302807,10.805628523282808
OSP_1_26_08_24_20240826_235200.WAV,578.94135,2.302585092994046,201870.66607195753,34351.69395268339,0.00017691580074824344,0.6892675935783766,0.0020003207,4120,-1329.4248714896498,-298.8175769196157,-278.52556379842935,306.5419877872786,-97.30954930454499,46.61861913732213,-33.819791855219606,-9.791237983571706,13.038548430557244,-20.085305786522923,43.322732951037,-30.355176827604357,5.670584239947945
OSP_1_26_08_24_20240826_235400.WAV,514.9652,2.3010360310393727,201291.47767843716,34356.226835617934,0.00017659651550028658,0.6894716236008331,0.0019935959,4116,-1404.7470538496316,-344.92511620790646,-339.5507335238681,321.4317290653664,-102.95805246232155,78.38738222468815,-42.107885057152295,-3.5087169205540034,-3.3765158260973185,-19.608427462156335,42.02607648586732,-25.32283027667407,10.87961784332737
OSP_1_26_08_24_20240826_235300.WAV,514.39636,2.293294716744059,201305.0573099899,34356.88606843171,0.00017585081278724223,0.6895188018506236,0.001994942,4095,-1401.6982592725603,-342.98021394269716,-336.82784147844984,320.955600402056,-102.62507267338492,77.02845946786748,-41.81263035344807,-3.9765637076643454,-2.731436199869211,-19.537119420728473,42.188363076105915,-25.47950466445317,10.731139884236308
OSP_1_26_08_24_20240826_235500.WAV,514.73553,2.3016856482851606,201223.38084796278,34356.486609258915,0.00017772152782355175,0.6893787215366983,0.001993102,4126,-1410.0891329922379,-348.36907276047657,-344.3242009606953,322.0406346222081,-103.58207343499647,80.93320248437938,-42.602473715099016,-2.5865206643637206,-4.638586384129858,-19.674942128604993,41.49691403123186,-24.96545213405613,11.295805836387407
OSP_1_26_08_24_20240826_235600.WAV,515.5867,2.2638585593298717,201566.48914362138,34356.23590132443,0.000176007077030774,0.6894434439140603,0.001996936,4090,-1408.5975266471776,-347.515920415528,-343.10330381408977,321.93376643345044,-103.4792806535091,80.20797780831613,-42.36153079827774,-2.8313167881437207,-4.367654051206776,-19.59722610997139,41.622390713929306,-25.049020143821092,11.101622777585915
OSP_1_26_08_24_20240826_235700.WAV,542.25305,2.302585092994046,201908.26033726655,34353.854609583446,0.00017636993385137666,0.6893352248266313,0.0020003668,4114,-1408.4343872852915,-347.68899210268586,-343.2946389345003,321.9030719012732,-103.49545734762414,80.32472916208845,-42.34799359583336,-2.7156201487142613,-4.569813642209551,-19.580892823958052,41.581986525917,-25.01138511087059,11.279780663373357
OSP_1_26_08_24_20240826_235800.WAV,515.2668,2.2654635600885435,202029.05037077575,34354.57111424336,0.00017627967990628272,0.6893000911203807,0.0020017095,4123,-1401.1334820780003,-343.13053970323864,-336.9664605459464,321.015755137667,-102.60452815407919,77.07424759231313,-41.84774740860867,-3.9238225898044496,-2.871940816313206,-19.477991868096872,42.228400034790205,-25.43205762129501,10.686857419000393
OSP_1_26_08_24_20240827_000000.WAV,516.0316,2.2853529530176337,201519.16469375152,34356.207943927366,0.00017574848777770398,0.6893169989324444,0.0019970092,4116,-1408.913394754959,-347.6484654798909,-343.3942174014014,321.94962889309636,-103.52934789107842,80.37853412203242,-42.32844775950359,-2.865356575846046,-4.407882315822931,-19.61574756333338,41.57709733449502,-25.0124839396571,11.153312388001517
OSP_1_26_08_24_20240826_235900.WAV,516.0636,2.2273828363750496,200850.25400899354,34355.3585108074,0.0001766031035376186,0.6894069466745788,0.0019895523,4129,-1404.9026355151007,-344.751039977276,-339.4479009583283,321.3159949762192,-102.89019293466377,78.3314953792392,-42.08947302700623,-3.5045322389621867,-3.332686428401605,-19.678399649717804,41.98232830977902,-25.190515552419697,10.796057781774252
OSP_1_26_08_24_20240827_000100.WAV,514.6224,2.280123093532919,201861.14685087738,34356.69060790524,0.00017570269385566755,0.6894498979713535,0.001999416,4106,-1407.4264701087666,-347.02255717413647,-342.27555546801653,321.90337600295413,-103.37066131162999,79.81561064967086,-42.35794068207683,-2.9829389229119125,-4.146933713931795,-19.631810326904212,41.73482022978124,-25.055839904707245,11.067683047539761
OSP_1_26_08_24_20240827_000200.WAV,515.17395,2.3001868533056244,201493.4041126765,34353.53013887752,0.00017675419686114077,0.6892472769332356,0.0019961253,4122,-1397.038897269571,-340.2284702373716,-333.03980877211825,320.36605461031616,-102.04627792245913,75.00840036570946,-41.520856332394786,-4.582422592095759,-1.7912847736611275,-19.451437614195918,42.61805339099982,-25.726519784340862,10.273359098977098
OSP_1_26_08_24_20240827_000400.WAV,515.3782,2.270127243298606,201103.09774541992,34355.82809544073,0.000176664757553775,0.6893084541241972,0.0019915637,4093,-1408.3904484837135,-347.09732039856385,-342.64540703602074,321.8640585530305,-103.38741436474028,79.94247542955043,-42.32321772139367,-2.9296486000460904,-4.194618087477494,-19.63978571148518,41.69556959610877,-25.171470746154238,11.161160963743672
OSP_1_26_08_24_20240827_000300.WAV,517.6018,2.302585092994046,202059.45265774004,34359.31392190947,0.00017531661086131237,0.6894615334549241,0.002002139,4088,-1401.7655822775166,-343.5039487265751,-337.28109783414465,321.1955297452064,-102.73051624864267,77.27432326272643,-41.97574992879321,-3.8327663261780023,-2.8398185963261655,-19.601931328780317,42.266183033079216,-25.419654062758614,10.613200292911682
OSP_1_26_08_24_20240827_000500.WAV,514.8383,2.26057453029858,201140.2675035653,34354.58562896389,0.00017647029804486694,0.6893497237299869,0.0019922827,4100,-1407.4340187367818,-346.6071106298652,-341.83334229566924,321.73312432733997,-103.21348978781081,79.53347928551182,-42.365915182789465,-2.955854428529886,-4.007786423315385,-19.684878866211644,41.71817387806078,-25.07708281792182,11.078754039689906
OSP_1_26_08_24_20240827_000600.WAV,515.3649,2.293539346171914,201338.8400173742,34357.09663126313,0.0001779252156842592,0.6894097191921483,0.0019948164,4109,-1404.776911276163,-345.07052161412554,-339.6687316668706,321.3691225275215,-102.92717834325403,78.53981512778095,-42.1862885839835,-3.480122542994091,-3.476439412036372,-19.506439267936123,41.91833607685216,-25.247028640820005,10.897183332912117
OSP_1_26_08_24_20240827_000700.WAV,552.52075,2.302585092994046,202286.6836137907,34354.971804637025,0.00017592773794304468,0.6892601850478218,0.0020042814,4142,-1372.3625266283668,-325.35694277910613,-312.75953198239785,316.2649996581393,-99.82568701047566,64.54763608911455,-39.365764562352375,-7.254006831185607,3.610885812149091,-19.342932855000452,43.79550284080551,-27.343236601169682,8.489048031710835
OSP_1_26_08_24_20240827_000800.WAV,515.33325,2.302585092994046,201375.83481135895,34355.53450442498,0.00017631511463457223,0.6894481708292609,0.0019945535,4119,-1405.5598682305783,-345.49713460459475,-340.40460684311944,321.47985308373137,-103.05509689704031,78.8593379051849,-42.14460327167427,-3.4066273623979346,-3.6208034557438555,-19.569104872794814,41.874596112694626,-25.18832528207122,10.894503775844353
OSP_1_26_08_24_20240827_000900.WAV,632.47595,2.302585092994046,350407.30842843023,34209.66364451906,0.00022812083419939677,0.6880483676143768,0.0036435598,4121,-1025.7089097847957,-152.4904197364807,-123.2677389971684,193.53501314414143,-84.9626889648801,-6.8823309713405845,21.579219260646674,-13.05270419090902,17.561847442027513,-28.174238142774993,28.309856170632703,-13.935123167284381,-5.527705865858524
OSP_1_26_08_24_20240827_001000.WAV,741.79346,0.6922017029622767,301907.0756648399,34242.220172705514,0.00031256451894595157,0.6898070527756446,0.0032026551,4114,-1034.8740554241297,-152.58110176666463,-120.81343811212014,194.7494110182453,-85.53118673926105,-8.858971979979822,21.51905244141596,-11.92972006851911,18.294144670880073,-28.7759517668297,27.364820806671577,-13.302200041150478,-5.064318270606053
OSP_1_26_08_24_20240827_001100.WAV,752.40295,1.621617932501507,577485.3556102115,34086.60052632724,0.009017594089378902,0.6843342836292007,0.017923273,2002,-757.6094269486227,-101.06788078446799,-82.97530032930098,135.16406730065415,-62.08428544742452,-8.056418310085565,25.56010509295597,-19.025433870651806,14.413835855190559,-16.54294948606079,16.878780805573456,-5.427665310722431,-11.719554951692292
