filename,ACI,ADI,Bio_Energy,Spectral_Centroid_Mean,Spectral_Flatness_Mean,ZCR_Mean,RMS_Mean,Event_Count,MFCC_1,MFCC_2,MFCC_3,MFCC_4,MFCC_5,MFCC_6,MFCC_7,MFCC_8,MFCC_9,MFCC_10,MFCC_11,MFCC_12,MFCC_13
OSP_2_25.08.2025_20250825_204600.WAV,649.48145,1.1934624486312595,1726565.7607035178,4395.957726078499,0.037360792098270486,0.2878208913114296,0.05564168,4158,-455.6293301341888,118.97387217074247,-91.8771310966826,31.84989257806859,-77.376109587919,-28.468872020353814,-49.87323039417945,-44.350137047450715,-21.41641182677862,-30.424757653137732,-14.341800058828797,-25.626982276505913,-9.05305481532498
OSP_2_25.08.2025_20250825_204500.WAV,638.29425,1.2481344461418593,838781.1555225033,4655.634431645317,0.047079950022101656,0.3252707543163626,0.026897073,4117,-554.8256089687989,112.46704441976274,-108.65860509536544,33.378391242028435,-90.63725165573614,-25.89560975126775,-47.50905594247193,-39.71347306357361,-21.19412097695357,-36.80844031928238,-14.125475338818465,-28.68987729460407,-6.892771813617954
OSP_2_25.08.2025_20250825_204700.WAV,689.532,0.9715025027542414,1239298.0805870823,3895.4866783057923,0.02765782863308969,0.24909978825390916,0.046297126,4147,-489.69969856441026,140.56910729799407,-65.91858067543303,34.7757959596112,-67.62401157430644,-34.732235342338484,-51.69137136787317,-56.70415799231093,-19.818620444232028,-29.853182057987787,-21.38698488007294,-30.754397828428825,-13.63453454922149
OSP_2_25.08.2025_20250825_204800.WAV,878.00366,1.053454361102769,276358.0242304431,4343.452424069772,0.05113731211301846,0.3060869002466493,0.010903757,4128,-618.4821718535304,100.61086653645859,-46.5629410776062,25.216152406497727,-47.288880511190634,-26.77551352285795,-28.707642866494968,-44.21026591537006,-14.47439735538342,-26.367987575464312,-13.724151000909256,-18.25833099023072,-15.136619339492205
OSP_2_25.08.2025_20250825_204900.WAV,766.43195,1.4561788513143477,107169.5220906006,5251.824465897877,0.0737229419872551,0.4108612219610946,0.0028350328,4094,-747.9027433798917,88.43856847421765,-133.72332564787584,36.16276718169348,-94.78159732427872,-17.23890063996601,-42.97066852779057,-43.313484727829746,-14.4245766041113,-45.31691314233254,-11.222043085131647,-30.6338032902247,-13.28748279068537
OSP_2_25.08.2025_20250825_205000.WAV,580.12775,1.2609874818690137e-304,102149.61349264001,5289.61882796789,0.07267919168714583,0.4152622975614296,0.0025903673,4099,-778.5205494618175,104.3970852103824,-171.5846357279703,49.06422337581357,-125.72107567677108,-10.69773449910138,-64.07695423052942,-44.89181519273157,-26.44882791106855,-52.811554178855395,-16.797217572756264,-41.59284968517281,-15.716566844033798
OSP_2_25.08.2025_20250825_205100.WAV,555.74585,0.40155058871943966,100314.85155920968,5289.626161824735,0.07253949334927595,0.41400269190943784,0.002461332,4106,-800.9860425831265,117.58095259285268,-200.01096134369254,59.262380482669336,-149.8638159178637,-3.5368289283246117,-82.96742814707122,-42.37207079073335,-39.43992615022955,-55.4743874545973,-24.838724000421475,-48.249564998630945,-18.846195288341104
OSP_2_25.08.2025_20250825_205200.WAV,564.5781,1.6800442820749908,99794.04640419668,5306.878114022553,0.07301397645180129,0.4156698651572971,0.0024197504,4121,-811.1544034466897,122.85517851583604,-212.86090533648576,65.23897919184259,-161.32982421900292,0.8222903457908466,-92.59305870366516,-40.626326199184895,-47.08799182302113,-55.47647614519304,-29.28798006636525,-49.502087789619004,-21.727326176141958
OSP_2_25.08.2025_20250825_205300.WAV,540.7576,0.6862107122427636,100099.9897842962,5296.648042923424,0.07251524812730333,0.41461022576554357,0.0024211344,4113,-811.0830373765036,124.12982296910165,-214.1528645553972,65.0864252751003,-162.5766641757412,0.5212514522354516,-93.28964269474007,-40.00639588031445,-47.083721523100934,-55.739921549100785,-29.975565803174707,-50.18355766646157,-22.224878466866084
OSP_2_25.08.2025_20250825_205400.WAV,538.0652,1.2609874818690137e-304,99800.96573279798,5303.397083850268,0.0727353018776682,0.4156335076554356,0.0024089997,4086,-814.4994417658668,125.91964582622738,-218.19998991259683,67.683418160375,-166.34517437438546,2.197889336299784,-96.65244043462914,-39.42002081426155,-49.873496759891324,-55.42195595150216,-31.882371916339377,-50.626951225338765,-23.489071236006037
OSP_2_25.08.2025_20250825_205500.WAV,571.8704,1.4746275131053694,101689.82221969681,5304.939420688075,0.07225966067442739,0.4159887204486225,0.0024979596,4102,-795.7100071110896,113.82627112879857,-194.96517205824307,56.372219928348066,-145.28870835601302,-5.173462659027511,-78.99116189591447,-43.224086001138424,-36.1128032427844,-55.39019040652586,-22.39100174163297,-47.07092809046809,-17.360492877827767
OSP_2_25.08.2025_20250825_205600.WAV,571.41455,2.1664598544618117,100151.55580324732,5313.934848478146,0.07287311725435308,0.41708199052959793,0.0024187227,4132,-807.7333508699977,120.01879506826167,-208.79871106240813,62.8927517131667,-157.70470202704647,-1.4343508243465972,-90.03796345362757,-41.763831596095855,-44.06125636253092,-55.48229445848382,-26.891918689053895,-48.96568248480182,-20.50199516112711
OSP_2_25.08.2025_20250825_205700.WAV,546.9951,1.9054421169391493,100246.36749597352,5317.638095787922,0.07263138173904735,0.41709017096751677,0.0024312278,4111,-814.0807532323117,123.84325336488459,-217.79904463537994,66.05709064307783,-164.89591951384153,1.2640078862003918,-95.68287941751126,-40.08583500512764,-48.96244889315937,-55.58155348059341,-30.591607255816776,-50.3465752576939,-22.690200305332382
OSP_2_25.08.2025_20250825_205800.WAV,610.41864,1.982039150750108,101376.69972501986,5318.610651804533,0.07256906900271784,0.417445020185685,0.002472862,4121,-795.626933219041,112.11267445818766,-193.8227780078712,55.872703750344684,-144.1824826315057,-5.924911342768345,-78.2028174409897,-43.59069669889998,-35.52461309560598,-55.86359730289439,-21.488387490757944,-46.74258653855549,-17.344154024418472
OSP_2_25.08.2025_20250825_205900.WAV,597.4939,1.7820875881532325,101764.02585365083,5317.555891810461,0.07218097639675895,0.41665715312034624,0.0025067066,4135,-802.9558008781108,116.89436743313328,-203.83450029606914,60.11900944621077,-153.2095190521371,-3.0311245593660523,-85.49679138155905,-42.18413391298226,-40.61646052246629,-55.87895916189304,-25.261982431837303,-48.96302884905332,-18.751310125312475
OSP_2_25.08.2025_20250825_210000.WAV,564.0557,1.9782202305412335,102296.02430470107,5322.217897823317,0.07201946936048095,0.417454473136169,0.0025027157,4106,-804.432842668071,118.79589971680666,-207.94569960216418,62.182686783938586,-157.1908992883719,-1.680569201338976,-88.4871588710652,-41.518130745707985,-43.08974325061253,-56.10573070708832,-26.873196345226713,-49.15104527500621,-20.030014009129992
OSP_2_25.08.2025_20250825_210200.WAV,764.4615,2.029043942882419,117257.18325063812,5256.607655095169,0.06926927230696799,0.40891973136169024,0.0031611065,4136,-765.6848527997074,103.38681512429879,-168.27502399579907,44.78903471161269,-124.62562245288345,-12.71561182803379,-61.08392968660751,-43.92623671546707,-24.586692980109675,-52.390475360390134,-15.149182057408758,-41.57391869528945,-13.545617242551296
OSP_2_25.08.2025_20250825_210100.WAV,797.8266,2.0095189844110486,110498.94426744727,5315.852492011627,0.07073399487615942,0.4146298588165488,0.0028937878,4099,-772.6109786619022,99.71277996409695,-170.26532560147064,45.093267909180625,-124.1040440039324,-12.19421094608306,-61.74499193102527,-43.26096122363844,-23.767977395705685,-52.379191693203204,-15.578999428474157,-41.56616090371559,-14.501552596734255
OSP_2_25.08.2025_20250825_210300.WAV,581.2738,1.5237584814390586,108700.70744688675,5305.20072281586,0.07126213332741675,0.41450697046025686,0.0027034897,4119,-769.4971835904166,98.9103693503045,-166.13972027495245,44.14747745246087,-121.39102281080191,-12.986785298814098,-60.04097382888953,-43.458611710152496,-23.042162621571013,-51.588728533584174,-15.322709549705138,-41.11754587615468,-13.534638082915125
OSP_2_25.08.2025_20250825_210400.WAV,721.67444,2.119176768779575,109002.39432476682,5327.450983308311,0.07143404461454086,0.41758735980547285,0.0027859735,4143,-783.9209285446336,106.68223150454838,-185.1851116652873,50.68169114735318,-136.40427627908426,-8.585394850218263,-70.14330569057935,-43.04661609115521,-29.796895641230044,-54.54639291171941,-19.257935805473593,-45.24845161533263,-15.25280819399118
OSP_2_25.08.2025_20250825_210500.WAV,770.5811,1.9090476958845883,113244.29138974228,5321.775497180131,0.07121687071137153,0.41755427447877885,0.0030542666,4134,-756.5809131490548,89.74934386320602,-150.89089575870548,36.805760796773924,-108.10688409335664,-15.688850214948594,-49.6034538610943,-42.7920221687964,-16.91782768768611,-48.52014472425179,-12.37885603968571,-35.32074233293226,-12.185770402660513
OSP_2_25.08.2025_20250825_210600.WAV,703.4494,2.03942744638879,103962.22708333006,5343.978508363351,0.07212581153758564,0.41962537957231943,0.002587566,4116,-797.8241063766354,113.28676517017327,-200.50794254244218,58.681342880958496,-150.82134432921924,-3.374534646943775,-82.93357996361541,-41.61382502530179,-38.848028676294746,-56.021353521513696,-24.77799819811288,-48.347929683830046,-17.013302242002784
OSP_2_25.08.2025_20250825_210700.WAV,558.90875,1.4532413114458531,101221.51849309343,5326.303735940115,0.07225077855047005,0.41815108287183544,0.0024542715,4100,-815.2945682737287,125.01065578883123,-222.55030449490008,67.41230141110037,-170.78684019820514,2.6451168052301552,-100.19848978870627,-37.61685222562581,-51.758907190049236,-54.7273485115412,-34.00107038538898,-50.486920506963465,-24.028073358676775
OSP_2_25.08.2025_20250825_210800.WAV,770.1867,1.981870645842871,108551.96368792832,5335.665743403737,0.07241011702446015,0.4177002498487528,0.0027919533,4136,-782.0941630487733,103.85934406378048,-180.97140581291976,49.67260252076105,-132.1415069908184,-8.839822067898464,-68.40588669374492,-43.469690306384926,-28.931114406527445,-53.31864408536633,-18.72216877503721,-43.84369351447045,-15.260153622234643
OSP_2_25.08.2025_20250825_210900.WAV,628.34015,1.8428160693970002,104500.69067196739,5299.979624695625,0.07173148288804143,0.41449551784717054,0.0026078227,4111,-790.1822032716775,110.69657510230616,-189.83044233680067,52.81918334171452,-141.689347377064,-8.191495837489722,-74.95293399632423,-42.78436930579514,-33.13240276435469,-53.704538967311535,-20.552225074454597,-46.10619489362293,-16.627700543871008
OSP_2_25.08.2025_20250825_211000.WAV,846.786,2.0658859153443547,115556.47587465298,5333.191285894835,0.07206945630849565,0.41800310783925915,0.0031277617,4091,-777.93535151787,103.57846707415268,-179.92421302380058,48.94056318398969,-130.78049217949854,-10.136415460574057,-67.35783763953442,-43.62571404660237,-28.343768650153866,-52.63898054299358,-17.157438300458857,-43.06602899073174,-14.729258146540417
OSP_2_25.08.2025_20250825_211100.WAV,730.3607,1.5198907806057305,111031.95111216643,5303.157494089091,0.07112066545391847,0.41535937209139984,0.0030792481,4115,-750.6348636854383,86.21892472768306,-140.46439857721506,34.60414780829085,-101.30950360385158,-17.654672024059085,-45.601528584013764,-42.87455587147311,-14.766197307735723,-45.50019385155799,-11.355862027087948,-32.41956003858135,-12.067247497054959
OSP_2_25.08.2025_20250825_211200.WAV,617.7583,1.867414658540428,103206.2799651227,5330.990953250284,0.07230840433673622,0.4176091743065897,0.0025432166,4124,-805.4089198343335,118.8893942337969,-210.6533763731176,62.43509505043208,-159.9507017326413,-1.2449287368993294,-90.0849209735566,-40.02349191529776,-44.54767572181682,-54.59247424898394,-28.982627119097245,-49.90208005906386,-20.80810392226713
OSP_2_25.08.2025_20250825_211300.WAV,808.0231,2.0116012424242915,113312.56910535932,5318.593255541143,0.07099382290353977,0.41638719866902457,0.002977329,4107,-760.407803493552,92.97515976278794,-156.7899261868839,39.13441615976988,-113.01372217081305,-15.171560975017382,-52.41562827714696,-43.13030627279441,-18.47127602248373,-49.272129736615035,-13.932536026291023,-36.906089291837546,-13.140070813492594
OSP_2_25.08.2025_20250825_211400.WAV,658.484,2.0300376515800655,102364.73481903283,5327.672081041047,0.07263944458173044,0.41869753612481386,0.0025362717,4102,-782.374110606897,102.57622479398265,-176.50437417908378,47.81665662355681,-128.7815823430989,-10.314445337350518,-65.26853275230343,-44.152089902811085,-26.716932982938303,-53.40433940763638,-17.808262598281825,-42.67765563161609,-14.690363732614907
OSP_2_25.08.2025_20250825_211500.WAV,743.2732,2.1168336771186063,107571.96917724871,5327.4008522181875,0.07196097306753411,0.4168385770546351,0.0027627875,4102,-780.3073996026012,103.32798182704406,-178.52792399121955,48.520782283548876,-131.23274403331843,-10.382886374656008,-66.67616799851285,-44.179654095705175,-27.232660765975673,-52.683719862674465,-17.62329601817159,-43.13650920221732,-15.205479628353928
OSP_2_25.08.2025_20250825_211600.WAV,701.8186,2.063554979184501,105948.36879845806,5320.16130618599,0.07229290697244228,0.416959102173306,0.0026967193,4099,-783.5391025388645,104.97734286753442,-180.1880980418785,49.32377783632629,-132.70174405634657,-9.58660774116191,-67.6672316054086,-43.45174519380724,-27.779246163254687,-53.31963828809013,-18.463284007939368,-44.20840017829307,-15.707600403425356
OSP_2_25.08.2025_20250825_211700.WAV,722.7716,1.9421500424009281,111025.41246106365,5325.122906537947,0.07173121788555642,0.418238886238831,0.0029134925,4099,-786.2706808216786,109.61860117227408,-190.48174148443724,52.928848865015716,-139.8768940725006,-7.334986372559328,-73.49118332144708,-43.694875284931165,-32.68049391012508,-54.35956269396035,-20.529368530153757,-45.40234174952761,-16.18055396206331
OSP_2_25.08.2025_20250825_211800.WAV,813.641,2.008923532297229,112714.20754693342,5354.80250004883,0.07284689642105059,0.42085771709791514,0.0029870358,4085,-768.8780319763448,94.66606959275764,-164.1898159879505,44.35764709073425,-117.46128418645245,-12.54240017924053,-57.87434662644764,-44.86814954961266,-22.25521637104707,-51.56827158288988,-14.502907115456603,-38.1567827152391,-13.299947658978624
OSP_2_25.08.2025_20250825_211900.WAV,595.287,2.0652996402279724,102483.92277957259,5345.292585172617,0.07292957963018697,0.4202652716050819,0.0025177887,4113,-805.6678461765044,117.69359399942373,-209.08583803486215,62.3318197589677,-156.25395098278184,-1.4529104576338214,-87.98131471952189,-42.16465719241656,-43.02405334422183,-55.57656000020243,-26.7357053391226,-48.78888310783298,-19.90406272375614
OSP_2_25.08.2025_20250825_212000.WAV,624.62225,2.0892578244618885,99143.91182151911,5340.634472385769,0.0737682539315591,0.4197668102545607,0.002393368,4123,-806.6610852334203,116.40247325604082,-205.59622944032364,61.42716433226797,-153.94845878464196,-2.235982811679995,-86.39627491189628,-42.42182475773162,-41.825660509955455,-55.85382753620519,-26.13230479628035,-48.24698981155931,-19.634520265598802
OSP_2_25.08.2025_20250825_212100.WAV,677.1134,1.973923938775056,105768.82458765712,5352.749685747816,0.07306696092890237,0.4213818104872487,0.00271566,4131,-791.178538896626,107.95888946559387,-190.69646747724715,54.25183167849599,-138.97587519323105,-5.812251369135631,-74.47240898413729,-44.56386189638715,-33.45818346067725,-54.94869314740145,-20.5127255124097,-45.224524312165045,-15.952331769653815
OSP_2_25.08.2025_20250825_212200.WAV,773.59393,2.0814480983056884,112821.39902800493,5347.79787611764,0.07244273333932241,0.42039434073669024,0.0030429433,4113,-767.4861575032078,94.39895799458245,-162.7284211127443,43.26190310766568,-115.15626101344989,-12.919727451496659,-56.1831376508179,-45.11896094300607,-21.982942625318323,-50.809064416502565,-13.959271956486536,-38.13142768098013,-12.82406927353314
OSP_2_25.08.2025_20250825_212300.WAV,795.5008,2.1082850235645862,111059.12722446956,5327.624519134753,0.07125243140359157,0.4173930289580231,0.002919622,4099,-782.2056927081871,104.94513594435423,-181.89708181716415,49.61229854940466,-133.1072473844602,-8.969070519362004,-67.66047114277166,-43.423101027519664,-28.702691937991094,-54.167805418169834,-19.00540862880612,-44.14832017742181,-15.131465889716564
OSP_2_25.08.2025_20250825_212400.WAV,735.9187,2.1499921835596836,106111.19648528461,5339.566816544973,0.07275683239722414,0.4199424169885517,0.002737223,4078,-773.7811848353865,96.62829197282319,-165.91696570849567,44.73749738099418,-119.45024215226489,-12.4563362625685,-58.85113888611862,-45.185951618911034,-23.294509637142745,-51.7541643208413,-14.734103631243151,-39.38004860080826,-13.294953924989434
OSP_2_25.08.2025_20250825_212500.WAV,707.94446,2.0137845553258718,106051.26724315077,5332.035449349049,0.07267598435125174,0.4190831074320551,0.0027108607,4125,-785.989037064733,105.96206162322771,-183.270032573858,51.41162629868017,-134.27412299013415,-8.395459458790121,-70.19827107619419,-44.39688095130564,-29.873715211646637,-54.0264726059116,-18.17728971551131,-44.02281001616283,-15.38811943295476
OSP_2_25.08.2025_20250825_212600.WAV,770.59656,2.0452289045990297,103683.28903874163,5354.5155469071,0.07340620596551413,0.42131291302122115,0.0025957783,4109,-778.4238133622357,98.49026497075191,-170.88084659507513,47.49992974473997,-122.87267603471174,-10.9228342854619,-62.090236112331894,-45.6889861330196,-25.45588005316619,-52.59819490871472,-15.677537529378549,-40.43510895392823,-13.648911898592084
OSP_2_25.08.2025_20250825_212700.WAV,822.68274,1.8925538942868223,110868.64741525032,5323.217629309508,0.07192351105729491,0.41863700088421446,0.0029850134,4115,-754.6786545033985,87.02496953276247,-144.70091363522235,35.64976912424967,-102.23149922253504,-16.157959759789478,-46.764690104833434,-43.98057687620419,-15.364836073609187,-46.66904887547083,-11.130634848977763,-32.9624683582294,-12.498161885857229
OSP_2_25.08.2025_20250825_212800.WAV,814.19574,2.0283800916347414,118082.00523148652,5347.652822155604,0.07060880216508247,0.4180381928285555,0.0032284127,4120,-778.7904636046853,104.75471644285206,-184.8513471574308,50.58562105402793,-134.93137292010206,-8.066330037034378,-68.62244371186178,-43.441828952701044,-29.473549919228404,-54.01411633298626,-19.2743144558515,-44.913820611467706,-15.013072171507241
OSP_2_25.08.2025_20250825_212900.WAV,852.47253,2.097809936907101,112202.26069796011,5346.690692210681,0.07286682251018896,0.41993023722542816,0.0029715132,4124,-775.9009179372222,99.13844941895425,-171.90932650118788,46.759824963632525,-123.95591041234971,-11.0297191272705,-62.1246063925994,-45.00908024005683,-25.293495101557035,-52.52878834428854,-15.774843568954104,-40.718969016478816,-14.019910438583842
OSP_2_25.08.2025_20250825_213000.WAV,669.7689,1.9913181326107317,103424.43235697162,5344.006728433291,0.07300452067240244,0.41996386791465,0.0025728205,4129,-800.516774535206,114.67888932969154,-202.33603150698508,59.738966432313454,-150.37029497025316,-3.661023613607354,-82.93178815408994,-42.472996194047155,-39.7493134496625,-55.874889251887794,-24.617876206113543,-47.57628904740575,-17.70609560081703
OSP_2_25.08.2025_20250825_213100.WAV,802.4651,2.0510349285442167,107414.93213682425,5343.177534467884,0.07302071850804248,0.42042851678844007,0.0027115617,4114,-765.1354488020161,90.8347949936072,-154.50737788916635,40.069498903104254,-109.7256900896109,-14.205790520941251,-51.928691970290856,-44.4870531093228,-19.21300577795735,-49.85932745976404,-12.717799917233297,-35.79508608885889,-12.445460998331145
OSP_2_25.08.2025_20250825_213200.WAV,527.06616,1.8702740831157154,98639.06133121387,5341.149322364981,0.073377420188225,0.4202865407436709,0.0023690448,4119,-818.0858277458427,123.94261551741383,-220.72911263720812,68.36809322797562,-167.00203973476127,2.5787565468144926,-97.9075208440402,-40.36457235113832,-51.01838385307545,-55.816342476207176,-31.63737094369758,-49.77863028853579,-23.22804700249321
OSP_2_25.08.2025_20250825_213300.WAV,820.6106,2.117343418146337,104834.09815845107,5338.819858046957,0.07339844745432182,0.4199829556031273,0.0026364026,4126,-772.4085984888096,95.32520412923193,-162.57971522875883,44.22743634866115,-116.5918914528711,-12.973909352228702,-57.94428747051964,-45.439997674689835,-22.230467538548254,-51.20113219756301,-13.519341514423347,-37.81088853961951,-12.950128600859795
OSP_2_25.08.2025_20250825_213400.WAV,745.94946,2.0171221415244625,107618.91988769804,5335.831263610636,0.07271923184900292,0.4198742466725614,0.0027839702,4119,-772.059356658383,96.87982407662744,-165.66717647423835,44.55429152685051,-118.83739126541346,-13.017338074316958,-58.74363922763909,-45.27599457644737,-22.48007242405714,-50.87912000779773,-14.533043090492821,-39.208924209932846,-13.1506727750311
OSP_2_25.08.2025_20250825_213500.WAV,749.1377,1.7397869107742565,109439.59419381132,5307.369034492295,0.07182785225154839,0.4168380316921072,0.0029918435,4098,-741.9749451972551,78.82445700399337,-125.66308171002828,29.680657473799968,-88.89587667179717,-19.31154117615736,-38.29238360371723,-41.98162002229633,-11.158476211169175,-41.539003130385204,-9.66391413637354,-26.925116592935257,-11.60569971301213
OSP_2_25.08.2025_20250825_213600.WAV,739.63196,2.007037802730045,105227.81747294766,5344.008769570077,0.07321052361822321,0.42051250261774015,0.0026439708,4118,-779.9645628455804,100.48073131027236,-174.32674290442506,47.60054852235268,-125.69484707940865,-10.415753768069912,-64.35132405044348,-44.94586551756024,-26.601080901258634,-53.2163015764147,-15.946334965807129,-41.192585533445026,-13.901995173334758
OSP_2_25.08.2025_20250825_213700.WAV,623.65796,1.9807998458470093,104065.776333607,5328.059370697442,0.07216400206870595,0.4179062150967982,0.0025842693,4135,-804.7207127773074,118.91442962293374,-209.8791247278887,61.22908701668306,-157.20108776455652,-1.5953987901665325,-87.95982161867394,-41.21696389693468,-43.491728593636985,-55.71102790884529,-27.006226987864355,-49.169395841946454,-18.83236123749783
OSP_2_25.08.2025_20250825_213800.WAV,750.49866,2.1398482364222526,103499.90484574472,5332.778204205916,0.07277027141323962,0.4190467499301936,0.0025975972,4076,-793.6945052882753,110.06174771727916,-191.66084977665605,54.84599214776465,-141.4369204392055,-6.365192040195093,-75.59487064944994,-43.80797760549959,-33.788343110797115,-55.04311803534509,-21.240013422809728,-46.16831301660849,-16.171431259422683
OSP_2_25.08.2025_20250825_213900.WAV,576.86017,1.8565417715448334,101304.02619279554,5304.335620343003,0.07160785574673939,0.41580875081440805,0.0024901726,4118,-800.4470911725892,115.95912725037883,-200.41122905462913,57.5587602424992,-151.017636501522,-5.150759961122739,-82.75945809235205,-42.03679133691394,-37.44326675079684,-54.707432171898716,-23.92396026938178,-48.27036376388427,-17.669230076688923
OSP_2_25.08.2025_20250825_214000.WAV,593.44415,2.004159715959886,104630.3216157529,5312.020672837301,0.07152162225759012,0.4157789376628816,0.0026093316,4136,-786.0004805673898,106.37598081861825,-182.48089361639938,50.012907609181944,-134.9936466020171,-9.52451487582459,-69.62337108848241,-44.24470229682459,-29.20408900885177,-53.739650071405435,-18.123205135834294,-44.17528301472113,-14.934751151412827
OSP_2_25.08.2025_20250825_214100.WAV,629.5972,1.9934858306476666,104764.00459585621,5327.256902883798,0.07196562376701766,0.4176775264100894,0.002620774,4121,-768.6368702424496,94.87896232509956,-160.8248830007652,41.56636435604035,-116.1904879176373,-14.107296835072178,-55.50847047469157,-44.5909108417069,-20.07399900530545,-50.031718507133746,-13.658062641607408,-38.372725650193566,-13.23021185327928
OSP_2_25.08.2025_20250825_214200.WAV,742.83936,2.0013019083211385,106936.98166464684,5332.458057478617,0.0726851646043824,0.4186939003746277,0.0027225872,4112,-793.5602288488877,111.99555647357738,-195.65048600018298,55.761736494372926,-144.8914334399448,-5.274673722239531,-78.1664960116034,-43.0586872921074,-35.847588073314206,-54.43850978339126,-21.917476425381263,-47.039573983749925,-16.54823877902017
OSP_2_25.08.2025_20250825_214300.WAV,651.86725,2.0269980365701312,102161.33847284026,5328.463911432515,0.07241445440878967,0.4181979840492368,0.0025182194,4149,-806.1571436563083,118.26518990221044,-208.37966617095822,61.18264556966348,-157.07342329535612,-1.890890131171671,-87.64342664036676,-41.427328069552416,-42.62580452497551,-55.17709686075608,-26.691112086460542,-49.493025637813446,-19.819243883645633
OSP_2_25.08.2025_20250825_214400.WAV,873.16565,2.0892492179662834,119628.66398970706,5354.372845758503,0.07216067729592261,0.41975899339166045,0.0032874676,4106,-748.3908010190917,82.89252008658386,-141.0151999886747,33.981383499318405,-98.54797882625321,-15.913051934412126,-43.66564461136,-43.06907162228703,-15.06186223188379,-45.516720096321016,-11.027745833591144,-31.331330290299917,-11.360146036329533
OSP_2_25.08.2025_20250825_214500.WAV,847.5917,2.0311112888851564,117763.56998519786,5288.186341818718,0.06919525206956072,0.41284088793745344,0.0032503458,4097,-777.21534480595,106.32349356199254,-181.80414316044778,46.808185983944455,-134.54940782952303,-10.51681120327588,-67.28660891421737,-42.78570731781595,-27.320285095119033,-53.18869668303678,-18.13484183253853,-43.67917632579061,-14.514457186827242
OSP_2_25.08.2025_20250825_214600.WAV,785.35803,2.1152465017201765,110811.89263114092,5303.723213200776,0.07146685366265784,0.415271386936895,0.0029094426,4109,-772.7835774937327,100.59122455194674,-169.00026054119698,44.59137320137329,-123.23614468698226,-12.344352760897705,-60.97804594946823,-44.56602609217559,-23.646845764312417,-51.58750470098736,-15.166544575515505,-40.83623814700186,-13.78606204421699
OSP_2_25.08.2025_20250825_214700.WAV,801.24426,2.132735836895637,110535.98608769692,5331.5696835950985,0.07209285593262434,0.41795329806170883,0.0028635766,4146,-780.5604078831923,103.82843650124556,-179.83037856961235,49.03218808600409,-131.30821647163873,-9.57754627454083,-66.90347944290113,-44.422158724021905,-28.203276391816257,-53.24314731240303,-17.330253493742713,-43.140283979177354,-14.311397347192417
OSP_2_25.08.2025_20250825_214800.WAV,790.6814,1.9967355591138045,110618.67057146197,5343.246719756058,0.0725712592704989,0.41964046793559195,0.002906127,4137,-769.4846926032966,94.28599914999094,-162.1455711382853,42.83180239046191,-116.90111159257907,-12.909374463382097,-56.900818207543466,-44.50086732905574,-21.20492066407103,-50.85133760886073,-13.858699489177457,-38.513580962243246,-12.891161363470722
OSP_2_25.08.2025_20250825_214900.WAV,761.1344,2.1024468570652477,106352.3410072421,5352.370410456165,0.07320740111916027,0.4209329771267684,0.0027143457,4124,-778.3069627802353,99.7420748129573,-173.28591299384968,48.072295284690824,-124.77507951568799,-10.298764856105977,-63.64887098357406,-45.70985571437524,-26.239854392290177,-52.62907092981788,-15.970235712785326,-41.00373777676088,-13.623346555427194
OSP_2_25.08.2025_20250825_215000.WAV,657.4683,1.6186615901381662,102300.2084974319,5328.3316862359015,0.07288370940012588,0.41819362114901343,0.0025400235,4129,-795.4209183898182,111.36040421998122,-193.40458777084515,56.07199193543876,-143.6815583352585,-5.917078629594977,-77.68711400563957,-43.80282824644117,-35.09908456584207,-54.55324050500068,-20.95577045705243,-46.06309352987346,-16.06814985876796
OSP_2_25.08.2025_20250825_215100.WAV,602.2494,1.8136014649229626,100855.39723270426,5338.260749355444,0.07279641389539071,0.4199049687616344,0.0024804824,4102,-804.9850312713514,116.13194671432906,-204.85324840850183,60.69499153662803,-152.55190862252422,-2.4509031540410815,-85.34794378883954,-43.2251950440137,-41.326364392022946,-55.51385688412787,-25.157944570507045,-48.18818153501417,-18.325965220170467
OSP_2_25.08.2025_20250825_215200.WAV,805.5978,1.9443255466966125,110730.0602377653,5343.592837079092,0.07272358681067446,0.4203296243833768,0.0029124536,4140,-781.630174436512,102.51960288060228,-177.4626652896365,50.014193988956926,-128.22034040010513,-8.850524495714506,-65.34030193218845,-44.259104435758914,-27.77423445451213,-53.52764996049952,-17.22083058734282,-42.84400283650644,-14.252046029788595
OSP_2_25.08.2025_20250825_215300.WAV,788.56067,2.1094196147084756,118317.58817404066,5337.581096442216,0.07051262046907722,0.4191454605477476,0.0032042875,4095,-784.1493010425893,109.63538922134322,-193.50819437318805,53.02206498387698,-141.4806298563521,-5.65019197032422,-74.5037501690736,-43.60979301943225,-33.8161326807757,-54.651261238401716,-20.86397158653707,-46.11425241786039,-15.510726077355276
OSP_2_25.08.2025_20250825_215400.WAV,693.44995,2.1497986022976336,101351.29921599802,5328.188862153478,0.07245432476921965,0.4180118336397059,0.00248994,4087,-790.0770436854089,106.80556506392648,-184.72590050426408,51.81233335456739,-136.38340377393996,-8.26824610114668,-71.11751334425728,-44.0041723392547,-30.33682221941003,-54.07973585826368,-19.386992926132454,-45.09545887852819,-15.785390327892339
OSP_2_25.08.2025_20250825_215500.WAV,867.75507,2.110676299322868,121348.08019759053,5344.353217605179,0.07175167451915945,0.41823579585117276,0.0033822788,4109,-761.0299126626958,93.08053185575564,-159.35318654026068,41.949188801745,-114.05090877065062,-13.14060846912552,-54.36679355167616,-43.707723750940694,-19.851478646028948,-49.6288787595185,-13.775910727072286,-37.87564877122563,-13.273937546685472
OSP_2_25.08.2025_20250825_215600.WAV,805.3864,2.106559732390514,117832.65831055693,5344.543394176586,0.07112102800417923,0.4180683695551005,0.0031719368,4111,-773.3427074522762,100.7027509252828,-175.73020100232227,47.65177531022759,-126.41723040110371,-11.179155288952511,-64.14498983635873,-44.78305689856688,-25.563712130404202,-51.749193540514234,-15.580143908254527,-41.489668224341756,-14.050226758462095
OSP_2_25.08.2025_20250825_215700.WAV,757.06726,2.021934834009371,109317.22378391732,5333.006142069067,0.07198244155086037,0.4189529475753909,0.0028569105,4152,-771.038674642863,97.67423329222001,-167.22685357213274,43.91922875623933,-120.58854682142453,-12.131800269203682,-59.168886000445944,-44.54668875561486,-22.799653086903653,-51.15030755503512,-14.985312941718398,-39.935752966253375,-13.138397411352926
OSP_2_25.08.2025_20250825_215800.WAV,829.24164,2.1006797556357317,118883.32487343777,5354.144055378254,0.07207130516686727,0.42023582202857407,0.0032444377,4120,-773.8780210316318,98.83160686308352,-173.53924680628901,46.82226936723644,-124.00574931355304,-10.570269408667972,-62.81225555639205,-44.989773416763484,-25.36734585158159,-52.59264652068065,-15.955019335688538,-41.11405013098501,-13.306953679192576
OSP_2_25.08.2025_20250825_215900.WAV,767.9845,2.045423337303029,109509.52491445796,5335.507228694484,0.07172981167619458,0.4186626329230268,0.002837027,4118,-787.4833339101377,108.65553830550833,-190.64619609585841,52.62479957614114,-139.13341325815577,-6.474270964442859,-73.62571022181281,-44.09304397116053,-32.56905199960196,-54.35367027209347,-20.566554620529175,-45.61249953144325,-15.657929141636036
OSP_2_25.08.2025_20250825_220000.WAV,761.67096,2.084523112608171,107649.36256940996,5342.327097515389,0.07234520021040264,0.41899166831487344,0.0027581654,4106,-792.1956443814564,109.37710503036394,-191.9272577167345,54.992422370542755,-141.50133670264893,-6.0887592180766745,-75.65034574425049,-43.63308789515325,-33.90497842104024,-54.90379858829694,-21.033616775915245,-46.45617937561872,-16.113199157644907
OSP_2_25.08.2025_20250825_220100.WAV,725.33887,2.085299343169876,109437.49955404033,5340.566157687235,0.07126295547367037,0.4184643027503723,0.0028347322,4149,-791.215405179402,110.98026463812715,-195.86667816496225,54.96521972935107,-144.55778727384393,-5.076979861718746,-76.67320140903377,-42.84436714110507,-34.85113353715588,-55.108203180400444,-22.24735062484549,-47.35700918133835,-16.759381903949613
OSP_2_25.08.2025_20250825_220200.WAV,803.34424,2.0853298480029223,111144.80617810135,5336.114791139801,0.0708313256755586,0.4167015092726173,0.0029447176,4115,-774.2066725390617,99.468990570609,-172.22716133175211,46.03014019434741,-124.73614076050664,-11.16979823520264,-61.54554174865508,-44.472119112535516,-24.374188747048887,-52.11988330091786,-15.922759596743356,-41.77460137345913,-14.417800350826003
OSP_2_25.08.2025_20250825_220300.WAV,844.58344,2.012907140966284,114225.81079867929,5335.034407916892,0.07049535677497867,0.4168009470402085,0.0030875911,4142,-753.8422744142565,86.74586120218324,-146.77282814693027,35.991385018131695,-103.70927706345019,-15.476916151167364,-46.441040827243064,-42.7898203740715,-15.533129510471648,-47.361158814191825,-12.108717422235902,-34.47777389710801,-12.96466687012247
OSP_2_25.08.2025_20250825_220400.WAV,833.0928,2.1188836907794437,112956.98688148781,5320.950358325447,0.07026912182443308,0.415863105279691,0.003025893,4129,-768.1093920542584,95.99712643656824,-163.86606704258244,41.86050254462357,-118.4172289133296,-12.962344623544524,-56.61971748382727,-43.75974128887886,-21.020268387295996,-50.98993890660155,-15.203060305660491,-40.237519181955854,-13.664426162898737
OSP_2_25.08.2025_20250825_220500.WAV,681.822,2.0435301997803075,106785.4544892044,5312.7786531409265,0.07047833808168699,0.4152426645104244,0.002735092,4118,-789.4612752450223,110.26555077871056,-190.3516771961312,52.90491693914973,-141.16670264011967,-7.008535910708245,-73.41399601332218,-42.90307190755892,-32.22915534652282,-54.98529947927184,-21.34271456765151,-46.991820786678666,-16.551167957960768
OSP_2_25.08.2025_20250825_220600.WAV,678.669,2.009630912603013,109308.84784496753,5326.847223013787,0.07112779446946908,0.41675440943782577,0.002858618,4111,-764.2650278397736,93.52832611210827,-157.8583399334738,40.76033298897317,-111.24613193186174,-12.765858403924625,-52.10190811066834,-43.507128719067204,-19.233874419576807,-49.98430314692107,-14.225971583718255,-37.955192840126315,-13.078629807538286
OSP_2_25.08.2025_20250825_220700.WAV,893.474,2.116729090824607,118556.10909743159,5324.3721960918365,0.06951939905657879,0.41433645377652645,0.0032054528,4111,-773.2500927485028,101.59945859397217,-176.08277205477867,45.58193588599948,-127.63925380910416,-11.006243817481852,-62.27414231760882,-42.73783177653378,-24.522456932181996,-53.0291751265273,-17.8797359903947,-43.18328946235472,-14.624947066535096
OSP_2_25.08.2025_20250825_220800.WAV,567.0073,1.5570391018158876,100788.5170710076,5315.462243111791,0.07061802121415742,0.4155875154155808,0.0024901796,4107,-797.9656322353014,112.91182010411327,-196.30388887497037,55.45982949468805,-146.88327713418124,-5.133935872996861,-78.10170144959471,-42.2177005256545,-35.26471378158257,-56.088231939355104,-23.747721414909424,-48.39590766955212,-17.169087059265475
OSP_2_25.08.2025_20250825_220900.WAV,805.5104,2.0716603139823526,109261.095218684,5329.392261150899,0.07100491578396954,0.41735321749348475,0.0028581012,4119,-777.9352371664163,101.0176415870071,-174.47906681381886,46.61861954089438,-126.82659002975284,-10.38138939522243,-63.11246211555114,-43.76596460915043,-25.520996835783855,-53.5075861445116,-17.38287476862646,-42.625573513748044,-14.159280362540922
OSP_2_25.08.2025_20250825_221000.WAV,637.00793,2.044089537965569,100636.14400687173,5345.519164381687,0.07313212365924941,0.42077863953136635,0.0024765225,4098,-802.3151754538545,113.97259899247179,-201.29204457147245,59.0113121639034,-149.2261962072175,-3.246394853062328,-82.2414693410556,-42.85104872872204,-39.106485633649896,-56.2171683208067,-24.133549327201862,-47.98234917875644,-17.630954258056693
OSP_2_25.08.2025_20250825_221100.WAV,519.3639,2.1899540997038938,97821.81876747584,5341.327991032321,0.07339489100105473,0.42065556938756515,0.0023332722,4101,-831.1967355150387,132.71880542255388,-238.3246890999637,75.23942653276295,-183.67294287937847,9.19233034023291,-111.43917608305854,-35.78019028929813,-62.238185883546,-54.10307235498457,-40.860243036161904,-51.016186975698105,-28.885613886712676
OSP_2_25.08.2025_20250825_221200.WAV,536.9833,2.1508457947186557,99115.32115129895,5331.958314083209,0.07270423064013874,0.4182485209768243,0.0023867132,4095,-808.3590195256121,118.23180377602453,-208.37170801828432,61.36365198832581,-156.4656016578505,-1.6130878724373736,-86.94192356549222,-41.31226223826636,-42.558757112970746,-56.394632005453886,-27.09760669389347,-49.62524071621468,-19.54224206888133
OSP_2_25.08.2025_20250825_221300.WAV,518.6853,1.2018230237648533,98085.29684327972,5324.901106568748,0.07274551428692491,0.41754936621602756,0.0023536545,4105,-814.2686617861846,121.85110858055562,-214.86520672469217,64.55947509555781,-163.07850027316874,0.5527295047985428,-92.93161979752593,-40.311674772291475,-46.89687408087595,-55.92142605580101,-29.892088691935907,-50.46284537360245,-21.999959581656203
OSP_2_25.08.2025_20250825_221400.WAV,518.5385,2.1743155991751157,97881.74157620709,5351.2816149454275,0.07354109749920555,0.42190335885145197,0.0023354269,4099,-833.2137692596311,133.3877085575002,-241.19549659322615,77.15465647438354,-186.14509678523356,9.976346025613042,-113.85469228565323,-35.54176457225599,-64.14821534719805,-53.60924563565391,-42.30964421535103,-50.88335670549435,-30.404812816479247
OSP_2_25.08.2025_20250825_221500.WAV,528.25824,1.1338849581306205,97952.37497680417,5336.406259578057,0.073212837872944,0.4191709107990506,0.0023488651,4106,-818.2854389357873,123.85406543819379,-220.12201286991282,67.2780892451326,-167.03698383635597,2.160436673391132,-96.90359443681677,-39.67597654305946,-50.20542140309556,-55.757208550107464,-31.78943271373151,-50.62350566941967,-22.914830376689657
OSP_2_25.08.2025_20250825_221600.WAV,536.4533,0.6931471805599454,98246.28731158028,5336.42981709731,0.07309938223510482,0.4191485509354058,0.002355035,4121,-825.6882135470306,129.0186960433295,-230.69804344537624,72.05184151630826,-177.39883572563875,5.733392623358207,-105.54306223680054,-37.06310832660339,-57.00166939824903,-54.46740375439038,-37.16974279985472,-51.30328304122426,-26.897262897235603
OSP_2_25.08.2025_20250825_221700.WAV,517.3176,2.188943146662216,98507.54015548003,5322.668226863877,0.07187343930754622,0.41664515514473194,0.0023720197,4145,-834.3392400650714,135.67289899804945,-243.18996368473387,76.77210604733868,-189.222430893688,10.267215941199296,-115.32150469277181,-33.52081294140498,-64.9356015671845,-53.01059541592476,-44.527724662321866,-51.7549069640358,-31.850214581458125
OSP_2_25.08.2025_20250825_221800.WAV,527.1406,1.4376786966205337,98264.80073929204,5339.307561569642,0.07334289861425206,0.4200331289556962,0.0023550037,4117,-817.3360133168278,123.61999813367885,-219.8811865970294,67.2381825347383,-166.7864211896142,2.2338031107757708,-96.92215668777845,-40.133962004487266,-50.2174524682349,-55.2712285974674,-31.47790481632516,-50.62900484740779,-22.621223650955155
OSP_2_25.08.2025_20250825_221900.WAV,647.92847,2.0959930812358194,100588.06613638338,5344.7988197078475,0.0731815423278318,0.4202574547421817,0.0024643103,4104,-794.238285814516,108.05606629280395,-189.37979851917612,54.307004973113024,-139.859105442742,-6.871504381313932,-74.45125471881867,-44.41264124799747,-33.44391475988244,-55.058002842477045,-20.02898317358238,-45.559544367697264,-15.582429051336367
OSP_2_25.08.2025_20250825_222000.WAV,519.20056,1.8756310898218647,97879.00426905522,5338.9959884972695,0.07309311180868822,0.41994496201368203,0.0023417168,4106,-820.7049469361959,125.469698093052,-223.86538324027183,68.95766255650186,-170.29302837248818,3.4267911073527495,-99.98774029730541,-39.496092149681544,-52.39895118717496,-55.1779191599104,-33.44704302161126,-50.5199206819595,-23.6020790851272
OSP_2_25.08.2025_20250825_222100.WAV,535.2462,2.0440347089173523,97953.9921658026,5348.332005771962,0.0737905852343627,0.42105731978313476,0.0023512705,4112,-805.216218475623,114.47649110988095,-202.25555261139516,60.14806920952462,-150.5338224759051,-2.800940280100721,-83.72014272119134,-43.33078905528184,-40.1869284886273,-55.98144762627776,-24.451544062068074,-48.30794755548186,-17.75045412195202
OSP_2_25.08.2025_20250825_222200.WAV,603.49084,2.071722230568091,98535.76927368532,5350.816642820574,0.07354117759924748,0.4217619281692107,0.0023750695,4095,-803.7009153487921,113.73873508933157,-201.4334794831653,59.47077725259636,-148.84810311135757,-3.260902842782187,-82.59865382392725,-43.507345587901874,-39.359080578620855,-56.266121064928484,-24.206942804180947,-47.780670458135496,-17.706051924541754
OSP_2_25.08.2025_20250825_222300.WAV,524.4767,1.7169052423614835,97565.63282946765,5352.695053244525,0.07382443357922365,0.4223461932241251,0.002329,4093,-820.6735426872269,124.39886047419603,-223.11889051625147,69.6219632485681,-169.0973102004322,3.8072596677935056,-99.89296313950251,-40.10606328861216,-52.67828216390675,-55.875663444856066,-33.10296859662327,-50.15915586033625,-23.547916720854342
OSP_2_25.08.2025_20250825_222400.WAV,553.1614,1.798535893873912,97665.70157442118,5346.812132706335,0.07379809554387784,0.4210922229849218,0.0023405873,4109,-819.2509741744037,123.63724027585927,-220.74331068354016,68.27186427569616,-167.41008366265936,3.05938711569734,-97.82814629242976,-40.10546942093395,-51.11036404131448,-55.5847664987134,-32.24289467349951,-50.40278134091909,-23.052420493909327
OSP_2_25.08.2025_20250825_222500.WAV,556.02374,1.6445739274875881,98341.54255586735,5339.157832892646,0.07331680317455525,0.42048450734130677,0.0023693552,4083,-811.9469030451427,119.37747008696178,-211.4322394665714,64.29119093912408,-159.093543068352,-0.4230420952728753,-90.98961162486363,-42.13268352643961,-45.363638811133626,-56.033026181944564,-28.089937631469027,-49.46696507345862,-20.015500578829545
OSP_2_25.08.2025_20250825_222600.WAV,519.29083,2.1899396565546305,97575.73732142085,5345.020938485304,0.0732985958903992,0.4212147477661951,0.002332302,4112,-833.478822479178,133.53431678286637,-240.54853089433809,77.06069125910243,-185.558621921848,9.855379400880885,-113.62921101807633,-35.397803988647816,-63.93270816417513,-53.573452540225425,-41.97336179759785,-50.99105037143013,-30.468061099575074
OSP_2_25.08.2025_20250825_222700.WAV,533.5841,2.04112067712614,97835.78245748997,5350.506151201596,0.07387011017838827,0.4215688698343261,0.0023498975,4102,-820.3176247496988,124.28932417140231,-222.3215093094147,68.80429375522333,-168.34144605699947,3.715895976714911,-99.187449632867,-40.14036506587539,-51.956879147327264,-55.508172846217114,-32.475773900364146,-50.068128753224336,-23.209611597833522
OSP_2_25.08.2025_20250825_222800.WAV,527.4958,0.49535459855130504,98614.96759222774,5333.800801829778,0.07223138849883985,0.4187060801377513,0.0023731778,4101,-831.2752481056305,133.45175039282216,-239.39968606992608,75.61599821785046,-185.43630608563794,9.050548765312396,-112.26271205880747,-34.83509203100764,-62.46777292857102,-53.89931112797241,-41.81782780834955,-51.58002281439173,-29.77779821263672
OSP_2_25.08.2025_20250825_222900.WAV,531.18427,2.021270177654594,98873.36113447441,5324.63632511752,0.07194199451005796,0.41683185091679076,0.0023854724,4112,-819.491642890604,125.78635498620412,-223.14114732209367,67.95324483130703,-170.56166149227158,2.8792494289527144,-99.11792875333774,-38.794050842441735,-51.341894738342205,-55.55087859370079,-33.511101348735586,-51.31748700602679,-24.16479714181885
OSP_2_25.08.2025_20250825_223000.WAV,520.61456,1.4555561801488892,98321.45914635406,5333.257571719418,0.07268493438150364,0.4188562366204393,0.0023573076,4096,-827.5274830880358,130.5551455102322,-233.6020516183753,73.11798899661756,-179.98699665673547,6.935451289791396,-108.2948536175829,-37.12689657855182,-58.667166062396,-54.18130147697595,-38.25403349870563,-51.32674583594384,-27.9373869832222
OSP_2_25.08.2025_20250825_223100.WAV,521.3802,2.130104488089356,99399.71917505187,5381.087093120586,0.07393722796024893,0.4257016270709233,0.002372803,4093,-831.0945025908925,131.85919860130633,-241.2052774186706,79.03678022448017,-186.7584144902597,10.969152748595222,-115.52673747911693,-35.52926684699091,-64.96301342175393,-53.387675408116735,-43.22949519325874,-49.92620775259159,-30.67536418703181
OSP_2_25.08.2025_20250825_223200.WAV,515.6344,2.0619512385471492,96549.30730127131,5355.546177578628,0.07436887615611745,0.4225874252489762,0.00229475,4118,-843.0584123076897,138.75001396762855,-251.79095789317614,83.20711542944827,-195.41219575383158,15.155439812844564,-124.06483039573703,-32.85934086902438,-73.136273929722,-51.5354678201199,-48.713486105972464,-49.82914981337892,-35.06575613859738
OSP_2_25.08.2025_20250825_223300.WAV,516.6483,2.1917657242499464,97269.73561339853,5351.315125939047,0.0736778189397597,0.42237164347542816,0.002330795,4105,-824.8931205266435,126.76240065584454,-227.86842083530408,71.96852128647204,-173.44643536886934,5.468758040869406,-103.92858836684742,-39.29211195052016,-56.01517303419713,-54.967733325037884,-35.332497617699445,-50.3718419860131,-25.3429019303512
OSP_2_25.08.2025_20250825_223400.WAV,528.8806,1.623160538862593,98864.32381220987,5374.799185589927,0.07367139884598316,0.42436512530249443,0.002371728,4122,-811.4605159248603,118.19701277859899,-213.27921507643265,66.41650780723315,-161.5944561548481,1.2787610119455504,-93.07610021635865,-41.98743383900048,-47.09150041575723,-55.85363636588684,-29.24210962704253,-49.1485382932363,-20.391453945802805
OSP_2_25.08.2025_20250825_223500.WAV,700.4267,2.0075332667337182,102030.85630300033,5362.383461436192,0.07377769328761143,0.42309497597496276,0.00253837,4104,-786.08226953014,101.74974484379115,-178.82040784937436,50.91269164867379,-129.75813856311578,-9.110828018864684,-67.60886068336154,-45.693058408016086,-28.782507528847585,-54.0350237888277,-17.045535202239392,-42.57622357006484,-14.261537145100919
OSP_2_25.08.2025_20250825_223600.WAV,522.7395,0.9715452337565431,97057.68906566189,5352.088267753665,0.07394173688339421,0.4224183628653202,0.0023217392,4142,-804.1633156528943,112.75050172538984,-199.32702963348981,59.41886136364756,-147.64814677111144,-3.585414498683007,-82.20238652959046,-44.2719983072046,-38.905450702413255,-55.806822674371965,-23.129204283766526,-47.19791942981259,-17.264152883553756
OSP_2_25.08.2025_20250825_223700.WAV,568.9739,1.7452930178400836,98273.24125056002,5345.1640751329915,0.07345032022373171,0.4215968651107595,0.002361534,4136,-813.529193484112,120.12862199587715,-213.43061950313628,65.20344144575785,-161.08608340027567,0.055922579450522085,-92.69223569204918,-41.81473915196019,-46.24313697177555,-55.55437395253315,-28.431752369475717,-49.220792047339195,-20.698543818267236
OSP_2_25.08.2025_20250825_223800.WAV,519.84015,1.7186869804014582,97534.21945955773,5344.598994047491,0.07355464959996635,0.4207315565664557,0.0023288932,4102,-827.9978568090642,129.7785546102062,-233.04657482294886,73.55103744037366,-178.81712546341106,7.048861222865732,-107.79568679515314,-37.50532815360847,-58.64230839380033,-54.61123415395508,-37.892214748617306,-50.899275058318906,-27.11667283692587
OSP_2_25.08.2025_20250825_223900.WAV,529.6332,1.8967092820999643,98236.77559758793,5356.548794965259,0.07375274684775746,0.4219686205672934,0.0023674725,4105,-817.8600892290275,122.68036883898651,-219.93517720242048,68.38811900790112,-165.4363885904975,2.874620122208905,-97.06125651155554,-40.72877643956265,-50.53558207178215,-55.952236487887035,-31.3811869563535,-50.15733297503894,-22.347435476868142
OSP_2_25.08.2025_20250825_224000.WAV,521.05176,1.9391874978373054,97940.93134993046,5343.733962999562,0.0733666296169835,0.42122529144173493,0.0023468256,4117,-823.6046994287706,127.06186752574632,-227.82930053323415,71.12056433530542,-174.0395954131871,4.947710536567608,-103.58906501724775,-38.69976079825665,-55.27284363193979,-54.96507105856489,-35.39150683060499,-50.794997803164804,-25.08565527640114
OSP_2_25.08.2025_20250825_224100.WAV,638.47595,1.6396388268072306,99352.25689146358,5340.594093499088,0.07301687382626443,0.4207779123813291,0.0024136414,4127,-804.992195920518,115.07281584193969,-203.2798895786851,60.40537013600794,-151.6687478903061,-2.997930565436536,-84.40744760218382,-43.08093159237954,-40.81381064105853,-56.00576511847994,-24.849872402427792,-48.245213157932504,-18.29505079805734
OSP_2_25.08.2025_20250825_224200.WAV,584.30237,2.0984194650250085,98598.06757800815,5367.466099578053,0.07401083567833971,0.42406553948715564,0.0023780777,4129,-800.9611209664561,110.61899129161235,-196.97587210507558,58.97908697249118,-145.18954470201302,-4.267820360182392,-80.3076216078443,-44.34118711486175,-37.90520050004557,-55.8309993320439,-22.455357903242636,-46.68825332766527,-16.571674136987436
OSP_2_25.08.2025_20250825_224300.WAV,575.4608,1.9510836400111833,98297.1100994933,5359.266038876582,0.07389764188359814,0.42287519487621,0.002380283,4111,-793.0158236302296,105.74540653694001,-185.88004741381843,53.79500531171642,-135.69603131772908,-7.237290952985619,-72.22231857183891,-45.26999231437391,-31.66624549971332,-54.98597479487178,-19.453600441374455,-44.47443291131564,-15.154534804006639
OSP_2_25.08.2025_20250825_224400.WAV,522.95996,2.1544463945855417,98703.09739002876,5365.17521989074,0.0733567745203928,0.4229837220192666,0.0023575602,4116,-827.727818864854,129.64429336183488,-235.4614663769241,75.56456811079306,-181.54262394946812,7.971168778326551,-110.08897845533475,-36.8516574518261,-60.55142461786701,-54.20808482351111,-39.817475909940924,-50.92189584982369,-27.790329727491283
OSP_2_25.08.2025_20250825_224500.WAV,520.5562,2.159637703532383,97354.1690218066,5357.931761966369,0.0738856809760563,0.42364561034065523,0.0023266869,4110,-830.7175388758352,130.83334421295493,-236.45948464437245,75.65014634991415,-181.44730323274038,8.734721657773548,-110.30733685101809,-36.86598407638056,-61.453607728951816,-54.512781461691226,-39.73197707198187,-50.59209836897426,-28.32163744062574
OSP_2_25.08.2025_20250825_224600.WAV,517.9003,2.192144213485948,97374.94423814183,5358.828173694028,0.07382047318384627,0.42274630753211095,0.002321242,4133,-832.7029594113899,132.0989986583995,-239.4076168133694,76.81486372733407,-184.2997498296244,9.931006420392876,-112.92072078383462,-36.123073919261664,-63.66787929243779,-54.10198046994034,-41.52139960158224,-50.58049274161305,-28.971889699441956
OSP_2_25.08.2025_20250825_224700.WAV,592.33307,2.010988930989125,99487.52835636771,5361.5173420312,0.07361144135818551,0.42349854424562544,0.0024166913,4135,-798.5635039546272,110.01752407985133,-195.26903928848677,57.4602639355286,-144.1961319802843,-4.537249557446702,-78.72688633074529,-43.99464919638035,-36.67145171908599,-56.02970897880274,-22.368499952435634,-46.506827279196244,-16.102392666895543
OSP_2_25.08.2025_20250825_224800.WAV,520.4416,2.1493739548846498,97923.79714770488,5348.919702564577,0.07337889060212592,0.4225783358735108,0.0023429818,4091,-824.9514195614117,127.8544935867606,-229.5415668203015,71.63048616269685,-175.3240111932566,6.1624665532727985,-104.26903559927634,-38.55196032038525,-56.077810813150215,-55.173735044202154,-36.305970338572074,-50.64228718515691,-25.60808721371677
OSP_2_25.08.2025_20250825_224900.WAV,516.7865,1.6522892183674154,97220.93545920652,5351.102849422107,0.07364381917162696,0.42163267725009307,0.0023159345,4084,-842.8111157283404,139.43306304413838,-253.0897676180074,82.69739465139172,-197.0658850441732,15.118048072436284,-124.07829679648148,-31.99734862507443,-73.05095726819626,-51.6085942487071,-49.58728399391617,-49.981391152947275,-35.99012380398756
OSP_2_25.08.2025_20250825_225000.WAV,518.8739,2.1199825227102256,97375.4673020464,5349.69762344968,0.07357644064003874,0.4213941720378816,0.002321164,4131,-838.3817885611348,136.49864101686705,-247.09834720064202,80.07494913856092,-191.82762033886758,12.661030436590908,-119.1468356007836,-33.4969487016456,-68.48463085826204,-52.673344122977255,-46.302890380969565,-50.90339181256294,-33.609773559375185
OSP_2_25.08.2025_20250825_225100.WAV,518.9461,1.635454461344804,97272.19081548433,5355.066996382666,0.07369910835709513,0.42188518010052123,0.0023215427,4131,-832.7678536256692,132.32340352736682,-239.16609902466757,76.93081727799922,-183.70965352181756,9.85690298937823,-112.89316612539382,-35.94844233261185,-63.292929133389976,-54.270766312947934,-41.56045680938039,-50.79947996107269,-29.504858854246688
OSP_2_25.08.2025_20250825_225200.WAV,521.99915,2.087569129637569,97540.91830990608,5349.895631681259,0.07323112778924497,0.42161468028667165,0.0023384846,4133,-833.2387522572981,133.0070593196397,-239.95724718304234,76.93408748623236,-184.96344746344124,10.061285264556684,-113.04513725972804,-35.53355223115532,-63.34813073871514,-53.81003275407638,-41.99012167121308,-50.827183763404854,-29.917952934930312
OSP_2_25.08.2025_20250825_225300.WAV,525.84485,1.704213477831702,97616.67193800675,5354.082186809567,0.07371783286485432,0.4222473008190618,0.002331364,4094,-824.690219183161,127.2772042858511,-228.65795725754558,72.14520134053818,-174.212520184859,5.999514229145433,-103.99393570775887,-38.93240330806037,-56.153524997153134,-54.93668633070187,-35.93759024838697,-50.82942498171054,-25.32029234448728
OSP_2_25.08.2025_20250825_225400.WAV,537.08026,2.063156771640921,98195.93441109227,5347.544828629655,0.07317439790513801,0.42118238958953835,0.0023653922,4107,-800.3292188710268,111.38777089513655,-196.4960359102609,57.23879959519252,-145.40173483991754,-4.586965960705204,-79.05302829510413,-43.54402874822171,-36.69637772202185,-55.90969330960479,-22.657574843522845,-47.271614814181966,-17.387128486443117
OSP_2_25.08.2025_20250825_225500.WAV,519.345,1.340840571585887,97217.94807225271,5354.013591379448,0.07375569169684125,0.42229492914650035,0.0023221741,4106,-827.5870819957509,128.83696532729354,-231.90878570609206,73.19832981754763,-177.2503121133255,7.422909570932522,-106.69636468143841,-37.776282198822734,-58.03209971457608,-54.88535377950462,-37.68484154255047,-50.85528176046808,-26.644149841110487
OSP_2_25.08.2025_20250825_225600.WAV,550.6686,1.885181920741946,97819.44202435225,5353.6027095921045,0.0736777285229926,0.42197280168000745,0.0023436788,4132,-820.9174524604598,124.37549830202298,-223.36419787174816,69.6223564357948,-169.37917426000877,3.6160163366463594,-99.70876981934904,-39.94618549258341,-52.572001640363645,-55.673950521947425,-33.2151650898422,-50.51392654859647,-23.70807654638338
OSP_2_25.08.2025_20250825_225700.WAV,522.51855,1.840475907423488,97821.23054517733,5357.059193775996,0.07371041798761781,0.4223654627001117,0.0023413894,4144,-817.366905556635,122.27321725696031,-219.02831563190497,68.12309142117289,-165.72833518438594,2.746641309222792,-97.06679069059935,-40.94198094990589,-49.8397535789005,-55.80679937711676,-31.338215515209914,-50.12812301555807,-22.531295306258333
OSP_2_25.08.2025_20250825_225800.WAV,643.60156,2.0369326342540575,100549.94648844865,5379.0224983254775,0.07371668599506453,0.42509318427727105,0.0024714929,4118,-782.6567705880038,99.35957973588614,-175.5786204934296,50.50440791907235,-126.38978328908532,-9.406094957990893,-66.31153509549608,-46.07619511489942,-27.466927802575615,-53.90160231692337,-16.606623361658784,-41.08569867643242,-13.436327201705753
OSP_2_25.08.2025_20250825_225900.WAV,534.4617,1.7811792285840329,99317.50330954441,5389.3394283315265,0.07371185666347235,0.42637714945551003,0.002383126,4085,-824.8235900844189,126.77404636620359,-232.76946016732404,74.91456600754293,-178.2924599219774,7.75876628257541,-108.35787655308297,-37.705019199077086,-58.91875187568278,-54.94415416079185,-38.3117117211413,-49.82828506887189,-26.36600142562146
OSP_2_25.08.2025_20250825_230000.WAV,525.5036,1.5835649025293221,96792.467702514,5369.366197153408,0.07440403965280146,0.42454527672421816,0.0023094828,4112,-815.2171889172844,119.2115229164476,-213.9609378216454,66.83223449756018,-160.18999203142835,1.5025821450716959,-93.39016221949491,-42.35832599842234,-47.83717622688869,-56.24069326753047,-28.842748022659375,-48.834136525388196,-20.342215342355193
OSP_2_25.08.2025_20250825_230100.WAV,528.466,2.0416166709802726,97628.91575384438,5363.457877434508,0.07358271156028086,0.4229699061685592,0.0023372562,4110,-820.1951677290524,123.62694200065025,-222.32687111874787,69.71559929054177,-168.55985622094198,3.9144008625284616,-99.16733778075853,-40.45130292398526,-51.971185819022864,-55.93026991914314,-32.496597049143794,-50.19211131922027,-23.20697912576737
OSP_2_25.08.2025_20250825_230200.WAV,560.3771,1.797012831961302,98539.9063075988,5355.618544454461,0.07369616601367661,0.422480897768522,0.0023911793,4113,-799.1176646211458,109.8093053734036,-193.8395158013311,56.911196320251186,-143.0454818081802,-4.724539844788146,-77.84773371539345,-44.57042502355331,-35.52934717096236,-55.74364510440744,-21.472484719723525,-46.73760939029872,-16.36121572625392
OSP_2_25.08.2025_20250825_230300.WAV,527.7914,2.03190304027872,97342.22428635412,5360.474496134135,0.07384269673859929,0.4228535621626024,0.002328397,4096,-819.641028319712,122.97256932092473,-221.17078090042244,68.85939760868885,-167.06297859696494,3.540242126254998,-98.04624545238987,-40.48035601800616,-51.33660724718941,-55.752775625291335,-32.11136726388595,-50.22334480347145,-22.840477415755743
OSP_2_25.08.2025_20250825_230400.WAV,538.98914,1.6330843095482999,97337.7478399019,5356.291528448811,0.07400290070057947,0.42241290924004093,0.0023375563,4119,-817.0927812329267,121.18595680481498,-216.72482547978328,67.24104770821981,-162.7727795229979,2.0007684397359498,-94.81944426613774,-41.425228297809824,-48.68722749780258,-56.3700806383666,-30.162572192057095,-49.75449824725953,-21.49483806103235
OSP_2_25.08.2025_20250825_230500.WAV,521.4439,2.157980620124809,96914.62442680575,5360.8173248323965,0.07417899602161047,0.42310697395057706,0.0023075184,4098,-839.1370078682077,136.3265101404306,-247.27503512541486,81.18567346103617,-191.17170749264557,13.49191316718368,-119.95874005058633,-34.040516939259604,-69.41712089592443,-52.9741484542292,-45.9265230406583,-50.06416245324394,-32.95491279782063
OSP_2_25.08.2025_20250825_230600.WAV,520.31635,2.1940627269363993,97349.34824878866,5360.205447654669,0.07368592639649608,0.42293227615413254,0.0023260142,4100,-832.7149710244144,132.06297246750273,-239.19882408549873,77.09161269993923,-183.87287396861169,10.196892865363248,-112.65249280847283,-35.969774120355154,-63.25337928840672,-54.247761009703126,-41.48859091122466,-51.21709973550468,-29.41726502422881
OSP_2_25.08.2025_20250825_230700.WAV,523.4947,2.17001642660873,97636.39180264546,5360.184234586151,0.07366155452069063,0.42242545257818315,0.00233132,4130,-831.4781341601266,131.53044658571525,-238.22544273915653,76.31096153251892,-183.1536858519341,9.208526717569539,-111.65262215960588,-36.59992170742546,-62.01089091863642,-54.14680736622833,-40.93906453175157,-50.69810171032302,-28.897971304674762
OSP_2_25.08.2025_20250825_230800.WAV,548.7543,0.8146445049046291,97592.80333855654,5353.164551760268,0.07412574930372492,0.4220444259586746,0.0023493427,4123,-811.9416884742556,118.87326570763128,-210.45865806193044,65.18041365841852,-157.65449734163107,0.6267782434762104,-90.35069300753216,-42.27472297672129,-45.19250655033711,-56.173270523194994,-27.79546083705192,-48.99765013728876,-19.629774104073658
OSP_2_25.08.2025_20250825_230900.WAV,519.16,1.959025269388569,96881.52850502815,5363.572721593368,0.07427969507686281,0.42361434288905436,0.0023094658,4104,-826.9735105809154,127.65926345767237,-230.3172168280896,73.59916039452092,-175.5316650081254,7.121409284000053,-105.93839013837881,-38.67740184240633,-57.810831415388236,-55.07763474125041,-36.36702292376614,-50.44264417277813,-25.687014200523894
OSP_2_25.08.2025_20250825_231000.WAV,564.7373,2.147415983532267,97520.91805337083,5360.383433999089,0.07428764349604179,0.4236716059544862,0.0023356257,4112,-809.5933244617685,116.085887796235,-206.63968170954365,63.116324520445474,-154.24480140144237,-0.7423378007911401,-87.5949136709066,-43.29470791234811,-43.42654039570248,-56.25474102135349,-25.97708215572081,-48.701712899667065,-18.801388349730033
OSP_2_25.08.2025_20250825_231100.WAV,919.16235,1.9635365497255073,193669.32490799815,5385.656997788799,0.06624969608304583,0.4178580414068317,0.006645031,4096,-714.9030660369978,81.66446551843953,-149.92148752866242,33.37180688470437,-104.87560310592939,-15.725512239986973,-43.13364819029683,-39.52454365208825,-13.420135225195713,-44.44322967680335,-11.875426955472594,-32.35388941609108,-9.676946614597291
OSP_2_25.08.2025_20250825_231200.WAV,903.01843,2.0420801368799686,151100.36547832462,5347.030558297032,0.06920635547247213,0.41875588991530155,0.004819557,4100,-731.3541847381481,82.82960327702004,-142.0452829275691,33.36191152250105,-100.8841955100383,-16.47955070743096,-43.45615150497274,-41.66889311882919,-13.415293440832619,-44.641161448320055,-11.101470714549581,-31.12305022115055,-10.32567199619192
OSP_2_25.08.2025_20250825_231300.WAV,917.51965,1.8009971297830165,157121.37835380115,5299.4701572036065,0.06738176106963896,0.41487109084139984,0.005136834,4116,-739.3220417535273,95.94312440551559,-160.73339066837647,39.19168075744379,-117.24036244798145,-14.309585646250989,-53.715290119625664,-43.286135490440955,-18.486571420157688,-48.50343591310729,-13.152836242688188,-36.82087329581926,-10.836229793761339
OSP_2_25.08.2025_20250825_231400.WAV,851.92554,2.051075951710765,119111.46781258103,5362.037879780441,0.07207631879355629,0.42279484479709606,0.003337806,4091,-762.6031404140714,93.45890531987914,-162.16988274221126,43.39818193267088,-116.77805522192811,-11.971104854508495,-56.20078976344896,-45.04379395702267,-21.56610997844408,-50.50725917638032,-13.673161450864468,-37.587373592547976,-11.837801587453011
OSP_2_25.08.2025_20250825_231500.WAV,814.7074,2.076878643415974,124823.05066342145,5352.842905627947,0.07146202373711306,0.4210971312476731,0.0036023958,4114,-771.7838589570282,100.90948430095004,-177.49041240791922,48.05760591503737,-128.78724224155468,-9.73696672387382,-64.71701406190495,-44.41516195499394,-26.620227732976886,-52.64163505570271,-16.750855506573682,-41.829986175617215,-13.058766005520063
OSP_2_25.08.2025_20250825_231600.WAV,718.7582,1.0768326101102148,105874.92192046593,5341.451964597875,0.0734033753678236,0.4211814806519918,0.002749259,4120,-791.2017699145155,110.04923710953386,-190.38401149357844,56.565278713553546,-139.72114227641774,-5.278988964289633,-74.97413520351816,-44.3715511335246,-33.63373760028457,-54.81819093835984,-19.89631881562417,-45.26819789751418,-15.472018599547532
OSP_2_25.08.2025_20250825_231700.WAV,773.0887,2.0969065185475,108388.00995760826,5354.456869898884,0.07325283068380209,0.4220035237690804,0.0028612833,4085,-767.5798104618909,92.55323162850934,-158.86734211423735,43.128076827703445,-112.7500796696394,-13.03568761379625,-55.109131363518344,-45.478589155596346,-20.66652384795453,-50.54953282868419,-12.994233652684054,-37.02509027116008,-12.288742464793769
OSP_2_25.08.2025_20250825_231800.WAV,799.2533,2.072931303414658,107565.26895551448,5355.472433747483,0.07309409829361843,0.42202788329532764,0.0028078994,4102,-779.5223219413696,99.923742317719,-174.3196879883085,48.72035747935209,-125.72608684299234,-9.782804160741733,-64.25255906403844,-45.5497147221798,-26.642171542719666,-53.124477884911165,-16.012666977113227,-41.431507413250074,-13.542749049706822
OSP_2_25.08.2025_20250825_231900.WAV,853.042,1.9822737389641878,110051.86593146647,5343.846699322006,0.07262032834228271,0.42119129717749443,0.0029842395,4094,-754.379374769318,85.45933988746172,-143.2924090599149,36.49092708047953,-101.28323495713379,-15.774701522629282,-46.016116478099335,-44.015831734743806,-15.721157019827197,-46.77736632382505,-11.084961477138021,-32.27389449227098,-11.404502659303601
OSP_2_25.08.2025_20250825_232000.WAV,711.70056,1.96801441373269,109419.73277840161,5337.741166765328,0.07185720755550935,0.4203310786834512,0.002879419,4118,-776.2816268913032,101.17969685622417,-174.67033708104103,47.486991504948435,-127.46474451968048,-10.123304824166,-63.970051714727504,-44.90034816386393,-26.069201573736958,-52.9478085602146,-16.359842059514097,-41.81830669054507,-13.350765253096457
OSP_2_25.08.2025_20250825_232100.WAV,700.84534,2.030456739282339,105349.24153419443,5354.575734463417,0.07271180697114624,0.4211431234875279,0.0026461477,4110,-795.817039561417,111.62581991992879,-197.45373883650652,58.049618314345494,-146.13283715796157,-3.85585240493028,-79.56329898744976,-43.58805666156316,-36.84669764354024,-55.58139262053691,-23.10487746990652,-47.08883611037874,-16.596555270697298
OSP_2_25.08.2025_20250825_232200.WAV,904.0689,1.9422560280850398,125709.86218476684,5328.577274139559,0.07148457546452495,0.41901675499115787,0.003766868,4128,-738.7423032049688,79.86195847054303,-131.2327363524264,31.05660678654473,-91.79016871866966,-17.306214022452696,-39.73966976101355,-42.85271654220402,-12.522139225127615,-42.91669977790567,-9.877564279690496,-27.862643812683995,-11.087483956817609
OSP_2_25.08.2025_20250825_232300.WAV,797.6211,2.112651606548926,113324.23172524029,5344.205062214073,0.07258109075538734,0.42028272320597543,0.003075478,4090,-754.9268298420811,85.72727301271702,-144.46708918310338,36.670869965169494,-101.91085625726713,-15.985584511840216,-46.59705873657654,-43.99219644575455,-15.536243766177504,-46.89793784863871,-11.550597057326899,-32.80498153327394,-11.990045772348605
OSP_2_25.08.2025_20250825_232400.WAV,727.8905,2.0520475766392203,105318.47193526033,5340.368944253528,0.07243072482449933,0.41994023553844007,0.0026904605,4094,-788.3419363604529,107.21541882754543,-187.00937061825758,52.68640119444634,-137.12234106779465,-7.097280294261148,-71.25418366911951,-44.43630824730988,-31.700151945526464,-54.832335080132886,-19.44447356747566,-44.969295075506224,-15.065079879005472
OSP_2_25.08.2025_20250825_232500.WAV,641.688,2.0824321317808434,105047.75946438429,5361.140421787103,0.07208476984877188,0.4214947005305287,0.0026854097,4089,-792.909018650247,108.8482052429694,-192.68118545791506,56.32463628776897,-142.67696589571574,-5.170193780664959,-76.67079243085679,-44.02155199447547,-34.547668493869146,-55.328008613295765,-21.35206759214401,-46.33949707685294,-15.72507018423776
OSP_2_25.08.2025_20250825_232600.WAV,733.8451,2.0623598952398283,106882.53065548903,5339.908116137315,0.07217550190299912,0.4196817337002048,0.0027825155,4120,-772.3637246029316,96.44959674764806,-165.0446946853213,44.27839992327423,-119.36323411583359,-12.141134519388146,-58.145748053292984,-44.800575648941575,-22.364541662785467,-51.651928605409424,-14.982125728882409,-39.97343856804547,-12.761813614774644
OSP_2_25.08.2025_20250825_232700.WAV,873.56555,2.1091471609886,116493.15715292205,5350.41640941607,0.07177730387839527,0.4196680996370067,0.0031619002,4085,-761.6654504024652,91.66216059817391,-157.6709031633907,40.92893780754853,-112.6567094592314,-13.350186375929228,-53.17955247916369,-43.727537260598616,-19.697396257111134,-50.17269564745477,-13.40685375780363,-37.28521854787392,-12.02643715195769
OSP_2_25.08.2025_20250825_232800.WAV,617.5685,2.0659858550089174,102534.27050076783,5346.524713719056,0.07292123636744749,0.4205152294303797,0.0025527135,4114,-791.4431902012249,107.07719925510901,-187.56956721359973,53.652550527798844,-137.79376214007416,-6.843303045747417,-72.74674491727096,-44.246170533044136,-32.003297104624984,-55.14081418553348,-20.170195551877782,-45.461090335907365,-15.387837429215889
OSP_2_25.08.2025_20250825_232900.WAV,902.2439,2.0753421253572504,121299.36345548579,5342.456746379345,0.0711913313161967,0.417353944643522,0.0034260899,4107,-744.161054050017,81.95965593113318,-137.50599234068292,33.69195198394622,-96.89575628203598,-16.69561226506698,-42.554491255019876,-41.92302365331149,-13.513407695762188,-44.81744439437684,-11.155203597957973,-31.261958862666628,-11.399657627295708
OSP_2_25.08.2025_20250825_233000.WAV,745.8248,2.119398667613541,103832.60549080024,5353.082199966072,0.07301558340854933,0.42156941519685404,0.0025911946,4128,-785.5694078861293,103.26264635515852,-180.76401047690734,50.81007605741274,-132.12986095988148,-8.63204545242022,-68.37208005690992,-44.73911446462474,-28.880487275410555,-54.036789779294224,-18.30698540812049,-43.64777623319222,-14.229919692911464
OSP_2_25.08.2025_20250825_233100.WAV,604.06274,1.967185591013661,100788.23356301368,5348.937654702789,0.07313294700616171,0.42102223479383843,0.002462705,4125,-796.0436234632546,109.02515437173102,-191.66110782119665,55.378601757057076,-140.85772799833677,-5.902291195014606,-75.53749623255658,-44.29340030063785,-34.19944265868784,-55.69452524896976,-21.245152657672048,-46.04596211951118,-16.109364552647744
OSP_2_25.08.2025_20250825_233200.WAV,777.2413,2.143342220174279,111531.65949032037,5345.883795177686,0.07250611977340878,0.4203701629979523,0.0029422191,4100,-778.2858410994876,101.60794455523605,-176.25561531111276,48.272869332075054,-127.72807597011379,-9.360854613702541,-65.0734169754002,-44.779338753336376,-27.327323608230625,-53.693711857037854,-16.56047144396587,-42.27278453925949,-13.148629802677226
OSP_2_25.08.2025_20250825_233300.WAV,784.1471,2.059862817752793,106057.46010632202,5346.303123570678,0.07279925646545166,0.42015728982455325,0.0027287854,4118,-758.5416718794684,85.9779587464502,-144.62138671262286,36.81720960386379,-102.13992963283246,-15.603933995234458,-46.46746893480877,-44.166949388980214,-16.152023614029645,-47.55098817678786,-11.849893544211147,-32.86790869527747,-11.833114984780737
OSP_2_25.08.2025_20250825_233400.WAV,805.2546,2.045015739800847,108794.68213864786,5322.9763232446185,0.07175224281486815,0.4171374357199367,0.0028077457,4111,-779.1006340996892,103.0327007371486,-176.32668374020753,48.18032934360952,-129.25959006675737,-10.137325721177568,-65.37899247227159,-44.22249172923756,-26.749074998422305,-53.40667409989693,-17.117925964989425,-42.98223387660345,-14.189214762451217
OSP_2_25.08.2025_20250825_233500.WAV,754.8263,2.0811259135027824,105061.99240417019,5344.374506592335,0.07267507590137326,0.4201434739738459,0.0026775987,4117,-768.9191426392504,93.422401492493,-159.485496059503,42.13359523773936,-114.49917880022363,-13.214399763735788,-54.40633272317279,-44.89003977398786,-20.800121512779377,-50.9949730122318,-13.89834723813775,-37.36840874914309,-12.361263057754323
OSP_2_25.08.2025_20250825_233600.WAV,729.16174,2.0230461026899076,101795.97900987335,5333.597161397492,0.07347180708171928,0.4196557380863738,0.0025305578,4131,-765.8780533989585,91.21498357211472,-152.3918330272806,40.37643840396449,-108.85173650379149,-14.434126171156818,-51.15202812803329,-44.57263635313369,-18.507227793292426,-49.61217327561404,-12.816808368386269,-35.86528214098601,-12.410015258258525
OSP_2_25.08.2025_20250825_233700.WAV,526.55084,1.9548163716272562,98186.6339302445,5352.536016687502,0.07352789118420558,0.42153523914510427,0.002351851,4096,-816.2310708338587,122.04994904639085,-218.15458334437355,66.8691201830383,-165.0472033353088,2.1014852808932516,-95.42560520327501,-40.30196968246283,-48.86947867951107,-55.9989336439385,-31.177275999430123,-50.331913624797345,-22.04277093161641
OSP_2_25.08.2025_20250825_233800.WAV,524.5757,0.8392305964049604,98064.81526418962,5337.743947844118,0.07298408216748699,0.41902620794164186,0.0023459962,4121,-822.6182565943734,127.02358613270486,-226.54656722368327,70.17966608839272,-173.45674385978737,5.03689996165725,-101.9765518985695,-38.335707612584315,-54.314204230187265,-55.21841374046441,-35.606935349755645,-51.6141894528136,-25.10553346713648
OSP_2_25.08.2025_20250825_233900.WAV,746.58875,2.0902087202402684,106173.53062761361,5347.643532527489,0.07246139975590554,0.41970791110154504,0.0027180293,4123,-790.4545382627973,107.48516298981299,-188.8526411550088,53.76159930376323,-138.9309181317866,-6.9025612669753995,-73.20069629814917,-44.0633803022076,-32.547157745594774,-55.00862598903405,-20.53017800073963,-45.91711766866599,-15.427262573549115
OSP_2_25.08.2025_20250825_234000.WAV,801.8071,2.0970538907065452,110688.03642977016,5353.727433068059,0.07260196756338436,0.41985861294676097,0.002903611,4118,-775.2967232100062,98.28937017140409,-171.20470620827348,46.92729809715134,-123.19073015374249,-10.81613331168323,-61.58133357680276,-44.84703552955226,-24.47541113718541,-52.75566660604689,-16.257309744081518,-41.1614767254005,-13.333697050870443
OSP_2_25.08.2025_20250825_234100.WAV,706.12683,1.9962177708808893,103892.97301913485,5354.8036862310655,0.07317721761571776,0.42104877577019734,0.0025970982,4126,-789.6285679161409,106.34965391486683,-186.81562836151897,53.963896260021734,-136.23166514541865,-6.920235215131266,-71.89178910881724,-44.634960965032924,-32.228507503573525,-55.04097360466,-19.591665265446444,-44.8616103505649,-14.60141043228109
OSP_2_25.08.2025_20250825_234200.WAV,798.5887,2.075424530917098,108208.7266303481,5365.005608457624,0.07303674780105901,0.42286719622580043,0.0028530427,4094,-757.9993796536787,85.80474832495159,-146.6007245157631,38.6169451917543,-102.11165693346292,-15.408870993892263,-47.47885714602726,-44.82990292550194,-17.274830492748894,-47.81598130104257,-11.685755120589977,-33.23676384909897,-11.823966755374904
OSP_2_25.08.2025_20250825_234300.WAV,716.64075,2.083753932011022,104253.70584351318,5356.373407260481,0.07300576826946654,0.421459433753723,0.0026291793,4111,-795.0101998853871,110.39289971278053,-195.15845520613436,56.990218436309355,-143.19515057060002,-5.163254550982551,-77.9065353084371,-43.862537282393525,-35.6418165852351,-55.58034320896118,-21.862716984183947,-46.85800538118763,-16.153971174684116
OSP_2_25.08.2025_20250825_234400.WAV,886.39526,1.9573198893283916,117563.24648313531,5351.066857277077,0.07236374544163449,0.419658828474032,0.0032593834,4120,-750.8625487949176,83.41800202765911,-140.79043626213416,35.186825454280175,-98.94891645392346,-15.756756462050994,-44.45172836055342,-43.59792884922619,-14.759856451028304,-46.13124941829054,-11.370722201829167,-31.790852751296313,-11.855162012183088
OSP_2_25.08.2025_20250825_234500.WAV,782.1389,2.029788619724139,110000.26208311362,5360.271890623592,0.07263317052981173,0.42147052279179076,0.0028857808,4119,-777.930674558417,100.1017411144739,-175.79766049837838,48.269396724778844,-126.2714461956447,-9.1756187957386,-64.02578585112397,-45.17415872397086,-26.765626451723108,-53.44658655187045,-16.596444322475623,-41.95812321012019,-13.48400186748148
OSP_2_25.08.2025_20250825_234600.WAV,821.4433,2.1387190634654325,113985.7061704755,5344.934194760045,0.07195981465771241,0.4190752905691549,0.0030448807,4124,-757.5317063080784,88.45026070911034,-149.9623421048712,38.0204015014219,-105.49260394591063,-14.634656678361358,-48.48949689521513,-43.89495017607311,-17.26865499675818,-48.28653720334054,-12.536639228649577,-35.086284835567405,-12.156333134340422
OSP_2_25.08.2025_20250825_234700.WAV,880.83093,2.1483044560228017,118772.23251104972,5331.822533121782,0.07161267902197077,0.418217617100242,0.0032590053,4126,-747.1747575558594,83.37002479316808,-138.08767930166735,33.82365102531542,-97.46514336175808,-16.875920450303536,-42.76048592627079,-42.50526023322128,-13.770278903151267,-45.38073333426593,-11.715967005502852,-31.477514866970434,-11.745589254001708
OSP_2_25.08.2025_20250825_234800.WAV,777.98486,2.121587011799757,105482.9726245671,5337.9150108704835,0.07200429389574696,0.4194470460256888,0.002673195,4082,-786.8758138097988,106.26294045649797,-184.99417164957543,51.59382504880216,-136.1820059281258,-8.015531264542691,-69.69787200465791,-43.68837763796798,-30.367410741564445,-54.73802015443581,-20.161749656053644,-45.4210141419995,-14.953283492686571
OSP_2_25.08.2025_20250825_234900.WAV,533.72455,1.7449110748471277,98993.8018221441,5335.769709807218,0.07260632160545136,0.419048749592796,0.0023828053,4113,-824.7197980089744,129.27293198538598,-230.9931388865855,71.40772416186624,-177.25760436654934,6.35949870066163,-104.48274475715837,-36.459334873403584,-56.48346450070189,-55.323305243090175,-37.748149424680776,-52.06311537993918,-26.266413606899032
OSP_2_25.08.2025_20250825_235000.WAV,718.2704,2.0548110447871446,103620.81720364276,5349.332824574403,0.07249143272160478,0.4198715198599218,0.0025936707,4104,-796.8133180833897,111.14533671122973,-196.53854088635168,56.7590800280511,-145.12604578844918,-4.991356513376078,-77.852976309655,-43.028085118909566,-35.9003294432586,-55.617802195943746,-22.97123665496069,-47.50671255811998,-16.700432275543587
OSP_2_25.08.2025_20250825_235100.WAV,817.714,2.0876549091637835,104212.50586932122,5345.199504422692,0.07291483231044725,0.41963101498510796,0.0026308992,4115,-750.4216345683054,80.24171711458405,-132.92423913104784,32.87494206630087,-93.26768042174582,-17.52024106884989,-40.56043875739882,-42.792162745710506,-12.812133832694624,-44.216569778327134,-11.115776659551022,-29.97476944590257,-12.253137737916342
OSP_2_25.08.2025_20250825_235200.WAV,801.45435,1.904393534594195,106146.67723200239,5344.416161819861,0.0730427716071103,0.42001113266707,0.0027220193,4127,-753.5349983103578,81.90805185543411,-136.53834447261087,33.995543557648936,-95.57678150895025,-16.82443073822195,-42.52111096883164,-43.24937865704074,-14.17164652915464,-45.551777344832885,-11.06278101365711,-30.785024313292194,-12.12047361900639
OSP_2_25.08.2025_20250825_235300.WAV,706.275,1.9521701423065316,104668.22259769848,5345.601544761306,0.0722158289997131,0.41948940251535743,0.0026418746,4139,-780.1019685782021,101.12692789526305,-176.04405102257869,47.89705095975694,-128.17170297894035,-9.957968963538628,-64.11126859141174,-44.43496906458138,-26.433252184891654,-53.480475754825626,-17.36517916466002,-42.638175796007936,-13.640166629455004
OSP_2_25.08.2025_20250825_235400.WAV,564.94037,2.1028427856620273,98715.33776932926,5347.459249792642,0.07327597744379563,0.4209666078159903,0.002374931,4094,-821.785462646573,126.18174944477312,-226.2456988836737,70.14111632075014,-172.10146014327935,4.657454179059677,-101.3422513568273,-38.729730356116356,-53.82817210032583,-55.91603438663389,-34.83838568912307,-50.74569374996594,-24.301681101022506
OSP_2_25.08.2025_20250825_235500.WAV,582.13995,2.020056474168268,102322.23034625038,5344.378459542964,0.07318433105606038,0.4211191275362993,0.0025071944,4102,-803.6402718837245,116.64960832870263,-205.39600468919917,61.30455571801748,-153.0785732000788,-1.9361687052259984,-85.19950618027072,-42.51272600884746,-41.40924768544292,-55.70648497178578,-25.181477917247218,-48.56601816952932,-18.37202826496426
OSP_2_25.08.2025_20250825_235600.WAV,814.1509,2.052377009423207,109457.04234940725,5325.542854956987,0.07168469688906924,0.41801510581487344,0.0028679778,4128,-769.894075476892,96.36576691694474,-163.80193638298854,42.63099381946913,-119.0066194548275,-13.4377171997454,-56.9535435941216,-43.99286532078378,-21.429565944450715,-51.1718070323998,-14.43320015470801,-39.048836772109404,-13.220978856954163
OSP_2_25.08.2025_20250825_235700.WAV,618.4895,2.051984384915656,101083.15651774016,5343.329790356012,0.07287854326600908,0.41990569591167165,0.0024841295,4140,-799.4430698225193,112.25140783198493,-197.5870709635678,57.18325903311494,-146.63915464459842,-4.405193364354637,-79.4304502509434,-43.66536008908989,-37.07769160458142,-55.86093154525473,-22.52604577889049,-47.35186212861345,-17.01182306883258
OSP_2_25.08.2025_20250825_235800.WAV,685.5309,1.9182348989947426,101935.14146698799,5340.14893853219,0.07278564209720974,0.420173105337863,0.002528384,4109,-783.7522428342315,102.34800997346393,-176.81164265403802,48.79322034876471,-128.61535435012456,-9.378018316316309,-65.27295573288033,-44.86800578272087,-27.58847997776484,-54.08602468721548,-17.2854682504968,-42.77123200729316,-13.84638704147249
OSP_2_25.08.2025_20250825_235900.WAV,689.95166,2.0776188612369753,107933.28780105297,5387.269821001323,0.0715600514308625,0.42573253094750557,0.002736403,4111,-783.7510818044906,104.40285050136681,-186.3931045457138,54.75184333143293,-138.860967074733,-7.1611734457394585,-71.94166229929,-44.67429719360575,-31.76118176559557,-54.258571745121415,-20.532386186549125,-44.31319481539998,-13.827572532164469
OSP_2_25.08.2025_20250826_000000.WAV,775.47095,1.8876026266398598,111516.66214219424,5338.580715076099,0.07156451438027567,0.4189474939501117,0.0029627606,4121,-777.564378466412,102.30101240827142,-177.71139280350926,47.58647125457819,-128.59426419097295,-9.682175942712892,-64.34268878821344,-44.03895995165873,-26.842237826462824,-53.998613792134606,-17.252912736442955,-42.64834545567735,-14.056230328680202
OSP_2_25.08.2025_20250826_000100.WAV,718.368,2.089539858464204,103065.35294277953,5346.302360546998,0.07273979303245427,0.4205786732711281,0.0026208954,4136,-767.5127370522861,91.49875528154942,-156.06654546693736,40.814554429640644,-111.55079886311474,-13.904748276018159,-52.70824439832749,-44.49807672281932,-19.61431995959518,-50.505901496901274,-13.468746057433151,-37.02093055029856,-12.325671846558393
OSP_2_25.08.2025_20250826_000200.WAV,845.2421,2.1193658764340344,126975.69825129745,5339.176388283697,0.07054626345383437,0.41611851673026806,0.0035967645,4114,-770.207873144052,98.63070674262056,-172.47917232063446,46.60277971400979,-124.9668234486031,-10.601116392632978,-61.54336814095926,-44.249383569376356,-24.524413951427473,-52.92148882334625,-16.242767591776154,-41.40295822967043,-13.804481408412649
OSP_2_25.08.2025_20250826_000300.WAV,645.8038,2.0894301389537806,102857.27669004949,5349.132352484129,0.07272792460530936,0.41988260889798956,0.0025527126,4107,-804.7054284951287,115.92291225654273,-206.45128405649672,60.62735536510118,-153.75342835912997,-1.62332807987512,-85.11485675744063,-42.387370854841315,-41.84460834482591,-56.507826472177086,-25.89039670623508,-48.99784064495306,-18.068035457104674
OSP_2_25.08.2025_20250826_000400.WAV,795.8912,2.015539749032688,117206.16949544926,5346.815331939761,0.07162147948420061,0.4198764281226731,0.0033203943,4133,-753.9031330383912,86.50806641132338,-147.7465505335194,36.282997432421396,-104.10231372783784,-15.240399524495214,-46.55281664049479,-43.00372828897969,-16.20607712597844,-48.11214083910291,-12.502203244003704,-34.07199505826603,-11.74067942057972
OSP_2_25.08.2025_20250826_000500.WAV,760.55994,2.041904471704778,110468.18136029554,5346.310349353784,0.07150994735124627,0.4191303721844751,0.0029377353,4108,-774.5144118558793,99.51262228533874,-174.02364575531502,45.9731974735726,-124.87891541393101,-9.698818579490151,-62.14500433809389,-44.387160314746986,-25.779182298612422,-53.33427600682084,-15.81360126586504,-41.58823710626424,-13.175516849942287
OSP_2_25.08.2025_20250826_000600.WAV,771.06494,2.05462545727593,114867.31499499765,5367.8228375321805,0.0719957286606663,0.42094061220215934,0.0030772996,4103,-787.9843184589006,108.21011990755567,-194.7525060566728,54.69692279036546,-142.10507984202553,-5.172555553567149,-74.90332003768211,-43.41153101603348,-34.632387728343346,-55.48658680696253,-21.03445591228735,-46.08557135391991,-15.41713833339998
OSP_2_25.08.2025_20250826_000700.WAV,833.6477,2.038039162398081,121190.34405337235,5368.6976360896015,0.07245864812782649,0.42204769813384213,0.003355759,4114,-768.6827671128756,94.55071135166241,-166.98211503604728,44.54703521094455,-119.2115638845232,-11.491577590740931,-58.301880976968874,-44.82643894882053,-23.55772222814897,-51.731314766447184,-14.584028931673691,-39.23728621352685,-12.697210292283089
OSP_2_25.08.2025_20250826_000800.WAV,813.25415,2.1238650377188426,106028.32667311335,5353.9597356342065,0.07320791549255073,0.42125437744322414,0.002730937,4137,-774.49147141019,95.52480132178015,-165.15109045824573,44.80165062278685,-118.00712903372813,-11.820825125151504,-58.32428232843747,-45.39060114667673,-23.173888694906516,-52.41176526853675,-14.564368261056984,-38.74161125905946,-12.726636889732555
OSP_2_25.08.2025_20250826_000900.WAV,648.08466,2.0372278957277223,102404.39453612875,5342.5750719964535,0.07249912801095967,0.41929216306775874,0.0025436778,4079,-794.7124030020352,109.37746805610212,-192.07125052251985,54.73911188008394,-141.43103117724962,-5.65239523617134,-74.88626721656054,-43.67842269349551,-34.39827211211747,-56.435153012075475,-21.701104765444608,-46.07178258013163,-15.438794627502938
OSP_2_25.08.2025_20250826_001000.WAV,783.4026,2.101061310355779,107009.96647845102,5350.359852708541,0.07265141166088816,0.420198555589166,0.0027513674,4121,-755.802424340851,84.62149865230349,-142.88066906617883,35.75895752025883,-100.75270494118045,-15.819129216476973,-45.37106364594149,-43.71036239684383,-15.715285483799457,-47.589566327150344,-11.476472980001562,-31.93349877295831,-11.479550378585584
OSP_2_25.08.2025_20250826_001100.WAV,826.62067,0.6849764189387372,202309.97795698544,5036.187178100602,0.06606234714616786,0.3863171813919397,0.0071860575,4136,-694.6789198231868,90.21228115503229,-109.28680690402521,34.569755061806745,-82.61792102588811,-20.93707352661916,-39.05143530679205,-44.09325411440165,-12.573491747520496,-38.65204412438035,-10.431679348400134,-24.663690365966012,-11.085538668915433
OSP_2_25.08.2025_20250826_001200.WAV,712.3459,1.6518038844428597,999368.2587710625,4344.894328848714,0.03693386283002613,0.3013648917834539,0.0565671,2548,-436.58197029837703,127.92855575990421,-101.8575252408377,34.7421123316607,-93.49357083877604,-27.212558067835964,-54.38043896270566,-46.395096590747,-23.619182003107987,-35.37640137068155,-16.895732815684095,-33.06535003066641,-14.075073009105871
