filename,ACI,ADI,Bio_Energy,Spectral_Centroid_Mean,Spectral_Flatness_Mean,ZCR_Mean,RMS_Mean,Event_Count,MFCC_1,MFCC_2,MFCC_3,MFCC_4,MFCC_5,MFCC_6,MFCC_7,MFCC_8,MFCC_9,MFCC_10,MFCC_11,MFCC_12,MFCC_13
OSP_3_27.08.2025_20250827_203617.WAV,744.4747,0.8655770247467507,32828.37072938515,3320.530556778553,0.009044988288099317,0.516339006095097,0.0031621954,1886,-936.1364556644662,-61.59098538019951,-286.39518091301204,18.621923390635583,-66.27020058246404,69.72041250107884,29.640389705578325,13.645320179528012,17.845825447279815,-35.900640422137855,8.473612902614537,-13.715289796425248,8.873949673680746
OSP_3_27.08.2025_20250827_203700.WAV,715.1619,0.6953592657351211,262684.6849326928,3214.626028218747,0.006393340196210273,0.4879547596332837,0.019563837,2753,-742.1585823965369,-45.02097913969598,-257.98700105638375,6.0850184411135935,-48.57014064765354,59.13524793764588,27.339779060751017,18.56465880498162,3.9512938936987325,-45.323762179553405,6.403749243839494,1.9354047148931257,13.437283730265124
OSP_3_27.08.2025_20250827_203800.WAV,907.6797,3.1524687046725343e-305,83634.1961244889,3091.73847875326,0.007188685570240956,0.4616904638635517,0.0064959032,2763,-786.2647665883768,-21.62231085572468,-223.8062018443151,-9.539429094880605,-34.055671102453175,54.08362029625349,35.00706444148071,6.380990203385067,3.2068253382395113,-42.874053186746806,10.67894676509015,6.799683509225221,4.385908847653599
OSP_3_27.08.2025_20250827_203900.WAV,662.5307,1.0986122886681098,28678.028709431528,3323.3447403694645,0.01018604728204108,0.5198650118670886,0.0016448091,2768,-1051.0816447074794,-79.17155114617906,-396.63226188170916,12.938220340306659,-136.3714155069085,77.2507398703594,-1.6343723233423904,28.183917114885965,20.53334517844188,-21.370238419418733,21.427774205979954,-7.503256756079129,16.933133193912504
OSP_3_27.08.2025_20250827_204000.WAV,639.68665,3.1524687046725343e-305,26843.81254036079,3368.178514999194,0.010229444387132481,0.5292485195225242,0.001511309,2763,-1082.5738724369382,-90.80415935343696,-422.84840391506197,14.573752505342094,-155.9854430695335,78.21325680668137,-14.062494232412158,32.766609240969494,16.805872233615002,-13.166902336793086,22.220450956717624,-6.367581329009566,17.890173969901223
OSP_3_27.08.2025_20250827_204100.WAV,645.505,0.3061077490825588,26327.962045597727,3376.484407066625,0.010170640320681802,0.532542872766195,0.0015000633,2774,-1059.1004853721124,-84.99252665118325,-386.34557572740624,19.175525909768776,-127.22897092027347,76.72128014393523,2.8663385957000433,28.889265832221785,24.57393180028423,-18.519832134689384,22.371622334194438,-11.744610195807148,12.625936235116775
OSP_3_27.08.2025_20250827_204200.WAV,839.08496,1.0371929385226286,29526.334623232677,3387.348574579411,0.009846661997559044,0.5353907558870067,0.0018697266,2736,-986.2728362549911,-68.1167459830199,-300.4993405327431,27.597164394756668,-69.24887841187248,66.99609521756462,25.170850524599285,12.69401401205851,24.59633817724985,-32.260210988899125,12.275168008241288,-14.940230633785557,3.6342586363359977
OSP_3_27.08.2025_20250827_204300.WAV,607.248,3.1524687046725343e-305,25341.539684095904,3392.9807181736533,0.010281145897749259,0.5367287119555101,0.0014310757,2742,-1084.010660515665,-92.08526393723693,-409.69553141016564,17.619210666360217,-147.37201645134184,78.48737717989741,-7.9623863795150385,31.533844478389714,21.232914768152312,-12.0172633574132,22.7323083928629,-9.446605150396156,16.29832610545657
OSP_3_27.08.2025_20250827_204400.WAV,618.3031,3.1524687046725343e-305,25247.43453156104,3396.2159675702337,0.010221542363418979,0.5366414539510425,0.0014186427,2746,-1083.730412502529,-92.28287705736929,-408.6910246923926,17.935173699541128,-146.60127535754106,78.85595141484761,-7.6379714317634875,31.413785715673676,21.94123076759806,-12.4468790043947,23.224164235175603,-9.13406372745324,15.511740642624769
OSP_3_27.08.2025_20250827_204500.WAV,703.8771,1.0346235751491044,26514.683600110802,3398.274045443405,0.010155225593534609,0.5370210262704765,0.0015694747,2738,-980.521828984445,-65.3825816952991,-281.8005031291513,28.481133157574806,-62.190406644944325,66.04403470924568,27.623901564609433,7.4999722813493666,22.397832572586736,-31.875782111763442,10.385403447416873,-15.590452657718492,3.010673861259653
OSP_3_27.08.2025_20250827_204600.WAV,537.8072,0.9204365840723818,25452.31500745273,3397.2188248838725,0.010034715451303529,0.5370232077205882,0.0014280898,2762,-1093.1588448454902,-95.85287108495581,-423.28065024099334,17.045771182505224,-154.86877531108922,79.2050428284863,-14.435935481280778,32.60867664824947,19.565358500192353,-9.357978917647316,22.348132795285018,-7.460552490590493,17.347583036916962
OSP_3_27.08.2025_20250827_204700.WAV,591.98706,3.1524687046725343e-305,25956.269774611257,3382.177911779841,0.009972817391336906,0.5324941537137007,0.0014668639,2749,-1084.592783409299,-92.80533573509939,-415.74960443755145,16.147023262017264,-149.92702070961573,78.91748804197034,-9.710325945745998,32.80125459775951,20.180164726344824,-11.473890372252939,22.92505574771792,-8.241187407105059,17.0430371546759
OSP_3_27.08.2025_20250827_204800.WAV,699.7675,1.0569867593582374,26062.5718421734,3403.4504461224737,0.010148585254813982,0.5373976899897617,0.0015025311,2750,-1038.8291589300468,-81.73025478318804,-352.3367093321581,25.01303497159814,-104.92538709019452,75.69241896295237,14.111281716583681,21.793871376587582,27.177182582423473,-22.014767775530085,18.85579079564998,-16.649298659131155,8.795687089632258
OSP_3_27.08.2025_20250827_204900.WAV,649.7545,1.0118944759877344,28349.704975816934,3399.5433149810574,0.009921234936346848,0.5363022384586746,0.0017546465,2736,-995.0053972834621,-71.30848274025037,-304.80726204531476,28.078014704576383,-73.80331240166277,70.05782790107406,23.961422043771837,12.42585195252252,25.980882160559656,-30.085938338977492,11.357743334290612,-16.457911295299215,4.901799516327069
OSP_3_27.08.2025_20250827_205000.WAV,602.068,0.9467999040544663,26024.537954264124,3391.79185153923,0.009963697040869164,0.5353943916371928,0.0014861907,2765,-1067.7617770150046,-88.7907056805099,-391.8851260052644,20.13560169708573,-131.47050093105497,78.34962612839162,0.2825569005333262,28.761179680284528,25.32849280888045,-15.72545058862705,21.243825073247944,-11.928084245380576,14.511933641208097
OSP_3_27.08.2025_20250827_205100.WAV,741.8088,1.0441717860058681,31070.60628302767,3401.0945072946424,0.009683458891050798,0.5365763740227103,0.0019948157,2742,-1001.0549543034143,-75.61747839703283,-320.48252443452816,28.08189213108781,-81.0336486078388,72.41695424278475,20.882396742300664,15.868309244894961,26.29225618341388,-29.039626627652872,13.706713770994815,-16.04546389544088,5.971796376855341
OSP_3_27.08.2025_20250827_205200.WAV,710.94824,1.0517218096585903,28461.546203891045,3414.9619732727397,0.009838815587029101,0.5387414632585629,0.001715206,2749,-1045.891095977348,-88.16437256303041,-371.0446625552662,24.574847244592444,-117.3405276923573,78.79562491490464,7.740561220246678,25.14183151586368,26.340204802793973,-19.24509111296063,20.47841908466753,-14.366903558274972,10.898449940715713
OSP_3_27.08.2025_20250827_210300.WAV,775.1643,0.9152291173312934,33109.24622511835,3423.025747065716,0.009372535199310661,0.537374784763589,0.0022147845,2742,-995.2868978366864,-79.18071067574729,-323.1769570169672,31.669982422639176,-81.66393395045459,72.53813644382444,20.201212794453827,16.649668171008276,26.21037499266484,-30.22891115681169,15.174524851103895,-15.776480172442744,4.260034330664254
OSP_3_27.08.2025_20250827_210400.WAV,763.14386,1.0376821790508037,34907.65322799927,3420.769627118884,0.00933249649601483,0.5368214235852569,0.0023323565,2771,-1020.9405278656093,-87.44283227630558,-357.4705518889249,29.249135409488368,-102.78040383269693,76.6970453384827,13.363214462063036,23.77083339336303,25.500019605055254,-24.617689182989576,19.725903450407557,-14.583496015697396,6.902324236746082
OSP_3_27.08.2025_20250827_210500.WAV,769.8563,0.9237861898765197,36202.593418543736,3418.8712885079285,0.009229209035554181,0.5378277992367834,0.002460591,2737,-988.8152700118044,-79.26337673177919,-320.88596200055525,31.08342502776948,-78.9885075779413,72.82173815974643,19.495847938531284,16.870770314226416,25.45158024792277,-30.450420889691383,13.958276174089828,-14.962650277576708,4.78435505459903
OSP_3_27.08.2025_20250827_210600.WAV,731.836,1.008126400677188,40594.94219183775,3418.608020807495,0.009001662923350773,0.5364200367647058,0.0029591268,2738,-902.0711750113416,-56.448268725635224,-227.4922704703339,34.51691325846732,-29.00459183660329,52.35240546243886,25.680280009766683,-2.3276129557751153,14.215067839078639,-35.32003163705852,4.960036374869135,-5.728742925673527,2.357625554458156
OSP_3_27.08.2025_20250827_210700.WAV,814.8061,0.9784524795332477,43040.32041960534,3442.000272193352,0.008659620380754142,0.5386174841772152,0.0030563422,2766,-968.5819925368276,-81.78469576679545,-316.1015217429973,35.5599949790447,-73.39289381683413,71.25974742113517,20.01509199906311,16.66202455565346,23.50480466765182,-31.92794383037829,13.33600383986668,-15.20419317863949,4.741687917464409
OSP_3_27.08.2025_20250827_210800.WAV,818.3923,0.907013943813478,49066.30789786105,3467.56755909488,0.00817666598972347,0.539935080044676,0.0035108707,2754,-976.7225086654391,-94.30250404176483,-345.8539937140675,38.158414793676975,-89.96758697088543,75.91160762369418,14.247631506486933,24.718536215938855,23.879849941474454,-29.358418084134943,15.977875841261644,-14.105844312635682,6.06034610710349
OSP_3_27.08.2025_20250827_210900.WAV,827.92395,0.9916420586689603,46628.26267444009,3456.088722214527,0.008303219425903645,0.5395962281273269,0.0033342862,2781,-954.9468066608474,-84.26108692223156,-313.7255067941318,38.46692821929283,-71.76255533658451,70.03381267513838,21.041676946254142,18.969358186895075,21.524717701325006,-34.23598581507176,12.119690040519718,-13.676970982970397,4.725647784186875
OSP_3_27.08.2025_20250827_211000.WAV,775.06445,0.936780639508173,46394.68456582477,3471.3297116548483,0.008053582038993161,0.5413824721937825,0.0032740473,2782,-964.1191426463375,-90.34717787353675,-329.1924063013625,40.39591034461629,-79.61512512303852,72.40867141268494,18.474641336287302,20.924758125854215,22.616848080523724,-31.270601768871543,14.040645659613821,-14.422643001646154,4.20429043186107
OSP_3_27.08.2025_20250827_211100.WAV,771.5945,0.9708002874937698,35970.19429762598,3440.6439242255906,0.008659006511277318,0.5397602004607223,0.002375499,2761,-1015.1177959148798,-90.18422340517999,-359.83499684268077,33.070528908246686,-100.56857571506697,73.51796874388918,12.343558752245983,26.639527138273365,25.390511593912617,-25.03766206857136,18.590359727666833,-14.302375787510393,7.175705683273183
OSP_3_27.08.2025_20250827_211200.WAV,858.14374,0.8930896132044013,53155.78400527248,3461.528438420567,0.008179395118902802,0.5413428425167536,0.004033022,2775,-958.7336868038394,-86.31795678093847,-324.3469085341517,40.47163510973388,-76.16275203535548,70.15659390843703,20.706916170309352,18.355768072147555,22.788457590357016,-32.554077692025544,14.142833216113623,-14.067589347980697,3.3988742652233714
OSP_3_27.08.2025_20250827_211300.WAV,875.93884,1.0231399230133782,52557.76931915489,3461.9503462139105,0.008265473827418617,0.5416395197319435,0.00395086,2776,-935.929533307996,-81.70831433119235,-298.2097284065207,40.223324450769034,-63.25725055863399,67.85375751400436,22.62948456726269,14.34864699303132,20.016034304136852,-35.50050743277641,10.832129979975795,-11.857720462391848,2.0213833140084336
OSP_3_27.08.2025_20250827_211400.WAV,821.43115,0.9781759141369302,47155.50567730431,3462.388789129479,0.008277170990984866,0.5415693497533507,0.0035257828,2770,-934.9473541821081,-77.19105782026863,-285.2290041309895,41.21855873164856,-55.98049611356927,64.38020127361756,24.25444584085356,10.438254932242147,19.984777310765132,-36.767666030642886,9.597718116281111,-10.718805965635125,1.452609000885683
OSP_3_27.08.2025_20250827_211500.WAV,854.88763,0.9994486917480067,45485.66314013329,3434.664692101052,0.008418345961755239,0.5381884656552495,0.003430462,2766,-943.4781830543517,-74.11718814424586,-288.3185355104582,36.58005871852743,-55.67023137265929,66.53935163496328,21.922451413849856,9.432449364123023,22.917725886639097,-35.64315622788506,8.742907033960709,-11.484050040965835,2.961382545772402
OSP_3_27.08.2025_20250827_211600.WAV,857.70917,0.8390008171758747,54593.398571223595,3470.7835855516823,0.007888483045709984,0.5402913835629188,0.0041293497,2757,-970.4874294762907,-97.65027692642262,-352.8316879107719,38.49073642755699,-91.22952816837407,77.88369198316266,11.29383326595893,25.898529695935625,24.71087398632492,-29.481015643250934,15.906951487422369,-12.386442541415258,5.353121091090717
OSP_3_27.08.2025_20250827_211700.WAV,798.54236,0.9010277795474795,41799.79973960547,3439.2208625415324,0.008433471275815849,0.5377601742833209,0.002942349,2759,-973.9068226075509,-83.6093941077786,-322.95274002915244,34.65325673102402,-76.46377285284025,74.0108801474968,17.878681503601943,17.28601359446739,25.976904087889494,-31.8982975081846,12.352433023003718,-13.800196180937082,4.831758848651137
OSP_3_27.08.2025_20250827_211800.WAV,866.4163,1.0059036345574988,46815.642073696225,3471.3559565463993,0.008419447459954574,0.540699314733805,0.0033640792,2775,-953.974572529484,-85.44277880665882,-312.12542396778457,38.34764920463604,-74.68755322116195,74.11608865346318,19.677314783695497,15.042635898011202,24.495373351553432,-33.67330695227132,11.641949510330937,-12.733071758782183,4.167488778898252
OSP_3_27.08.2025_20250827_211900.WAV,816.97546,0.955886744887832,43259.8586450321,3452.1299027278505,0.008402679128545882,0.5402237586094565,0.0030849443,2795,-977.5421373207478,-86.81710359393016,-331.2113723839291,36.554000433001086,-81.55462619413866,73.35483969788046,16.163733068194055,20.500168426693882,26.563253136271946,-31.91257122764751,13.238397788920842,-13.630466296392378,5.980488585448174
OSP_3_27.08.2025_20250827_212000.WAV,835.27856,0.9190831013952565,38963.94713301514,3453.424642292697,0.009118115047981747,0.5410625261774014,0.002705548,2745,-956.8493796021692,-77.78165333343051,-293.0043618853322,35.37417837151776,-66.10601306156224,70.62195468093115,22.3803208248785,11.628045468490479,23.00375085676842,-33.88207823296697,10.330656954595257,-14.262331895484335,3.468587474439938
OSP_3_27.08.2025_20250827_212100.WAV,819.20703,1.0252803941115332,42753.465582428595,3447.4954937453535,0.008990302052729944,0.5407658489622115,0.0029873075,2754,-976.3398981152234,-84.5290006448568,-325.3798821852582,34.007739123026944,-83.50942031093007,74.75567016798963,18.518525437528833,18.087769082027677,25.69371231767947,-30.936351306079118,13.163738853543297,-14.14028938265786,6.0218797501724595
OSP_3_27.08.2025_20250827_212200.WAV,799.14453,0.9440873279036921,42637.14545862885,3442.912002940862,0.008960385985630016,0.5390315961234177,0.0030146504,2755,-931.7080908505768,-72.38133889611886,-275.25808780808023,36.60110262970434,-53.965394298108855,65.6509544712306,24.804966358296824,8.102575399160775,19.544487735987577,-36.43667757490145,8.926674926200898,-11.9188572117624,3.4481408495548656
OSP_3_27.08.2025_20250827_212300.WAV,827.7427,0.9810107230244163,44612.66485431328,3449.1541707059223,0.009136809916438421,0.5404109997440432,0.0032164934,2767,-988.0581824386944,-88.39381177140777,-335.88843063715535,32.95348318318683,-91.7077379766046,77.47174499005905,16.764051769773673,21.077566168841418,24.474052111838336,-28.456436140198015,15.72935925163487,-15.874501599220059,6.319991870661258
OSP_3_27.08.2025_20250827_212400.WAV,795.8165,1.0297587029885755,45195.037780839964,3450.3115465382143,0.009247019304425265,0.5402637518615041,0.0033076117,2763,-975.0336159757496,-84.52658334057067,-320.1072440103911,34.03423436934807,-82.18337965976018,74.67890254120363,18.940090619745035,18.36513957191327,24.643974045887607,-30.876107931279776,13.676654519013505,-15.38500621984143,4.955101394108267
OSP_3_27.08.2025_20250827_212500.WAV,799.78595,0.9017760613706285,37024.75073992956,3432.569814101163,0.009520216601320434,0.5395922288021221,0.0025234274,2755,-989.9328917209399,-81.10676081422123,-322.3640431187092,31.332263697924468,-84.18161544371512,73.61950372773511,19.61814843038299,18.50081207519495,24.963806008851606,-30.074853060481228,14.98883549117852,-16.064599694573403,5.395804962963766
OSP_3_27.08.2025_20250827_212600.WAV,819.0387,1.0047960823917341,41278.78219949782,3445.0063749870533,0.009396936156311219,0.5398423684149293,0.002917725,2773,-977.3337201738736,-82.43559734017686,-316.09205911800984,33.460512963890295,-80.14164525400625,73.78730578272577,20.56239605561922,16.793234320377298,23.411793447699495,-30.188220428919536,13.284776909833228,-15.76473643491622,5.169501590255578
OSP_3_27.08.2025_20250827_212700.WAV,863.4774,1.0289346441569096,38699.34873078535,3439.867121464891,0.009388456851643051,0.5404488115459791,0.0027522012,2762,-975.0606561164797,-77.79647565222098,-304.9758667655798,33.341598100301965,-74.2244544567439,71.08995058463334,23.265234739191868,13.968630139455497,24.023631623094495,-32.16271654913629,11.470762471269355,-14.811680220689095,4.734320624474735
OSP_3_27.08.2025_20250827_212800.WAV,850.7438,0.9184703470213942,46028.50961001518,3459.5434000653727,0.00910181598693905,0.5412475858618764,0.0034633405,2749,-947.3872238074673,-77.64977621274272,-287.34586144335947,37.97727924324847,-63.409027864905454,68.55638964369105,24.73454240411638,10.145234166000925,20.8373381822223,-34.31276072610037,9.683022873397473,-13.189351176822276,3.4412599734393376
OSP_3_27.08.2025_20250827_212900.WAV,844.5734,1.0195549588370738,44934.835328560584,3451.683245010756,0.009033133255127813,0.5393104581626954,0.0032184075,2740,-964.0936896287988,-84.021862248165,-314.33955424294516,34.515912378784115,-77.04268308856086,74.46427619517557,18.972064953611326,17.306876434688157,22.980885885833782,-31.47011357412875,12.257847335837207,-14.557750523833182,5.707973216769972
OSP_3_27.08.2025_20250827_213000.WAV,805.53894,0.9810344169546232,36907.21200050853,3446.120517177524,0.009495867837257956,0.5401761302820178,0.0024859947,2740,-994.8755950184573,-85.13932080328483,-329.38594459371495,32.43142576467837,-89.23899606794512,75.73777552661329,18.13197960645043,19.351805290216234,25.069794316937696,-28.19309580250102,15.015672244554034,-15.893737639530674,6.104142686576372
OSP_3_27.08.2025_20250827_213200.WAV,854.6842,1.006852935426941,56009.56367926125,3469.7076719503502,0.008787788971142145,0.5401764938570365,0.0044220774,2767,-922.4630410327417,-78.39989683235446,-279.50658978584954,38.699147394771586,-59.11808093221219,70.14076178985846,23.38209033792121,8.452679898884485,19.95164163289667,-36.2853568316723,9.164712927964043,-11.803816229987886,2.8410771613981116
OSP_3_27.08.2025_20250827_213100.WAV,765.38574,0.9781302889151646,36498.81835634053,3447.285958309295,0.00950553990865956,0.5407371265357409,0.0024652444,2748,-1026.5080930349736,-93.58490347414454,-365.8788349924799,29.377116954834882,-113.13717367454359,79.35675119697476,8.846980859033492,26.617183054694458,25.415164665625007,-21.36988894322443,19.04997613810493,-13.92013003617134,9.392601582019807
OSP_3_27.08.2025_20250827_213300.WAV,851.76697,1.043827172107567,44909.45788751178,3435.802258457728,0.009144373701068291,0.5391326699785927,0.003209058,2744,-952.0169496579565,-75.339675492474,-294.0180643340233,34.18938784798279,-65.86518463586815,69.41653981422554,23.903264174072454,11.465476559531284,22.16788699121807,-34.19770597481133,11.127624431847453,-14.005742733220464,3.7764426370445
OSP_3_27.08.2025_20250827_213400.WAV,851.0758,0.9183928917612809,36063.175127859395,3431.9512636442732,0.009790332687543117,0.53962167837863,0.0025218015,2733,-966.3793789072371,-72.36681600705252,-285.80300322888985,32.769391987937915,-65.102934333989,67.55837666893886,25.99663254370795,10.20347733897402,21.843463239919828,-32.985523799043925,9.793665007623643,-14.737307571289602,3.8531065997980916
OSP_3_27.08.2025_20250827_213500.WAV,867.5048,0.9728687899276982,41844.33714473004,3452.212406190321,0.009441404460903465,0.5403975474683544,0.0029905224,2739,-966.3763569274319,-78.91520035863212,-298.43394453278563,34.13773585995971,-72.44629535310013,72.03665380302951,22.90336879268492,13.128876941866908,22.935817460211684,-32.839227613192186,11.768498696007633,-14.993307790331118,3.476182014553395
OSP_3_27.08.2025_20250827_213600.WAV,893.7577,1.0181468380385628,51460.74752609866,3445.881627072689,0.00908648259303376,0.5395435097496277,0.0039721257,2755,-937.4266385388653,-74.64517491698109,-281.05271816953314,35.993595263778545,-59.051956649505186,67.7365597260609,24.62474168639757,9.30253940442877,20.123891196810643,-35.08113602715412,9.110482097413092,-13.201796691564176,3.6727340165174813
OSP_3_27.08.2025_20250827_213800.WAV,833.8891,0.9643473002152525,43101.04767342103,3455.409595125544,0.009117588696325472,0.5414290097961653,0.0031084488,2750,-985.30815243815,-87.61834032453623,-332.0872511755039,33.95270590920179,-89.33881599272212,76.65481223071593,17.321451852975216,19.52631988486422,25.383955787609274,-28.6980257288213,14.508660211552337,-15.375191117161544,6.732463592172332
OSP_3_27.08.2025_20250827_213700.WAV,785.2592,1.0191392884073314,41952.924655606046,3455.445908500797,0.009590442202098518,0.5409970826740507,0.002969636,2759,-957.5406387515862,-76.2374371190179,-285.43569788522757,34.93741733092247,-66.0944220783015,70.52401354820208,24.268630234752177,10.15196064814871,21.71837905207318,-34.03515419429095,10.073884278468713,-14.56551499702523,3.960816783483502
OSP_3_27.08.2025_20250827_214000.WAV,854.0105,1.0056420761208478,40223.30385897626,3453.845375239727,0.009382404230093745,0.541818398641102,0.0027913274,2772,-966.3188759574933,-80.1323666905265,-301.56958814141905,34.17818068132429,-73.73634721057239,73.15728626135471,22.163765801291014,13.556262285540674,22.98962589533154,-32.013920188884995,11.143269879197925,-14.722489313752014,5.293618982752231
OSP_3_27.08.2025_20250827_213900.WAV,807.3371,0.9943828341035348,43231.64898805575,3443.543315497711,0.009075049159964096,0.5404520837211467,0.0031027775,2771,-933.4549642397444,-70.17974026039597,-266.8284200266029,35.54596035926488,-51.666987713656354,65.09932866557651,25.16030019034198,5.547045018723055,19.451284590492964,-35.71025771874444,7.6481234486319805,-11.585136408067385,3.5167414952608325
OSP_3_27.08.2025_20250827_214100.WAV,767.31287,0.9875321855317188,36369.126698539345,3442.577636268195,0.009535180179728278,0.5401993990832092,0.002482268,2740,-999.0616264303287,-85.25324994110719,-330.72245971209213,31.259824096095326,-90.67932905317082,76.35319933585248,17.75520963175828,19.911712687833763,25.043106574936186,-27.705960245942606,14.941912906709424,-16.213039429871813,7.0191608836253865
OSP_3_27.08.2025_20250827_214200.WAV,794.7909,1.0364547102124684,37726.03146632395,3436.46651605213,0.009339424377705028,0.5396314949041325,0.0025801358,2749,-995.212005727214,-83.3650082402309,-328.85677536468535,32.296462844048136,-86.18829125228999,74.09232071493186,17.840447628337138,19.24766009073059,26.21920325547703,-28.774362862131298,14.002493917609943,-15.468046788931982,6.708501010955101
OSP_3_27.08.2025_20250827_214400.WAV,860.31506,1.0076727655723485,45567.6331233999,3445.793736161158,0.008529820103514638,0.5399161741437081,0.0033456124,2761,-953.2711261716364,-79.7514572632435,-304.18685058675936,36.96823129957533,-65.50728963744,69.59748553647178,20.68743847912369,14.571293849722217,23.47044509520469,-34.912128503828185,10.610046104182516,-13.038703605007033,4.016014522546645
OSP_3_27.08.2025_20250827_214300.WAV,778.25946,0.9811477242779802,43263.28692756133,3453.1623975208786,0.008378717729528588,0.5400677849264706,0.0030598552,2763,-988.46590081033,-90.68170957457718,-344.6107002995826,34.48511611383828,-89.83561137978984,75.82506161575012,12.080381110514201,24.71464183883592,26.5284823914549,-29.862668754850812,15.519591019342345,-13.511873308288816,6.438877524679977
OSP_3_27.08.2025_20250827_214600.WAV,829.3596,0.9896844791331945,35655.96390383746,3424.163973804961,0.009129692622859106,0.5396842132818317,0.0023964331,2752,-974.4226970299698,-76.78211608477453,-304.71928066485566,32.22386257521165,-68.76875422315489,72.92545463579957,20.843933702432075,11.616755904991942,24.525924946952003,-31.365082432123295,11.660003783907497,-15.710182632868339,3.8081112955442182
OSP_3_27.08.2025_20250827_214500.WAV,846.2309,1.0397644076065957,43777.49758569134,3423.7913175611448,0.009117017517532508,0.5374340474916233,0.003197328,2742,-943.8395203219852,-70.43870765447713,-277.77992343730483,33.43001841526808,-53.596004746539386,66.32168538238956,24.002000877992604,7.3795573767064795,20.620255389884136,-33.803314377649805,8.372084942538464,-13.781591993490059,2.9313651061586934
OSP_3_27.08.2025_20250827_214800.WAV,815.6282,1.030085061111538,43380.630118184665,3435.7028274393515,0.008896302733072929,0.5385182281971332,0.0031202075,2748,-990.0806983624719,-86.80364057248494,-338.48048406444,31.68450400074188,-89.87373130202675,77.18724333725078,15.81644341998592,20.814101754400095,25.476572057918812,-28.192129985138102,15.267713209005459,-14.942815140463397,7.179266390285634
OSP_3_27.08.2025_20250827_214700.WAV,837.52435,0.9534381556750572,42509.83464101232,3441.6161618123324,0.008826125066719863,0.5390486841492926,0.0030429557,2759,-940.866724400317,-74.29224175243608,-280.6321800134061,34.894202476848065,-56.10426242219749,69.39635225503957,22.395246868775743,8.187763958312116,20.36114328862837,-35.13968213337401,10.070863593092556,-12.625170928117415,2.675557028868493
OSP_3_27.08.2025_20250827_214900.WAV,846.66473,1.0039694852189176,42760.86056968669,3431.4836504777486,0.008820604095722119,0.5386698389798957,0.0031647715,2747,-959.5930852739696,-76.44682055292121,-299.11492697114267,34.41900500454081,-64.08315617672177,69.66550669292582,21.594131082547737,12.498332500229658,23.157047349723168,-34.282490605147785,10.905312940821336,-13.416165464839194,3.612777130579409
OSP_3_27.08.2025_20250827_215000.WAV,821.59045,1.0249050980635865,41778.56202651675,3432.1585109701978,0.009129175991409742,0.5398216446388682,0.0030789862,2749,-968.4283562790098,-76.6313861989157,-301.63698533231434,33.302870568000145,-67.63267402364345,70.05168404132179,21.662315871976148,13.82333854237479,23.267230309884848,-33.39212950282824,11.480091278076612,-14.165777652884005,4.391226710088263
OSP_3_27.08.2025_20250827_215100.WAV,836.54065,0.9592574015386334,42987.403833688666,3462.4269153892915,0.008781805844979456,0.5401943090329486,0.0030714907,2745,-977.1315968342067,-88.09629463465191,-327.49995219366997,36.17314722523058,-83.00290295394743,75.16854041900696,16.344448016410173,20.00098143256785,25.063844358530016,-30.579125443025124,14.044318425276941,-14.837430246054588,5.447908520032339
OSP_3_27.08.2025_20250827_215200.WAV,873.3406,0.9713578622069103,50377.65837589945,3461.8158911195605,0.008858653342826279,0.540879647943038,0.003773984,2763,-959.3215434147272,-82.66989263079961,-307.37222217459976,37.27202937885192,-73.07585218656708,72.11714116725226,21.232959845038348,14.553753585044811,23.804498957752514,-33.49396759247042,11.678020600722167,-13.92918672681677,3.842558537538105
OSP_3_27.08.2025_20250827_215300.WAV,732.5014,0.9461478079686185,31683.76579239143,3431.4056935097706,0.00974367346389208,0.5394093505677587,0.0019909986,2761,-1018.7137952787256,-87.14746926024631,-347.0516198690101,28.79745690418275,-99.93527919840143,76.33597873315898,13.344453720188206,24.315350326248275,25.35655608132427,-24.62099771578012,17.38055211327043,-15.171571239885843,7.939768338285767
OSP_3_27.08.2025_20250827_215400.WAV,813.4363,0.9835390758482085,47779.883736192336,3454.376909557325,0.008862745117073391,0.5404371771453834,0.0035733103,2743,-908.0648697527889,-67.28028296900271,-247.9644588510416,38.03591958303653,-41.097824053851426,60.04775895190554,24.554803999279308,2.2612135369235546,16.15538896034938,-36.56792979798309,7.082407293464012,-8.331295194119665,1.980090246397288
OSP_3_27.08.2025_20250827_215500.WAV,777.98047,1.0036242847250605,38227.928746539736,3421.862691393479,0.00894686704567431,0.53841933579207,0.0025858958,2753,-984.6875425446755,-79.998091759561,-325.07461612782845,33.23521139831102,-77.54410247413522,72.08290524376991,19.88132198619918,15.95421012663637,25.851266862930963,-30.332967602666688,13.576413838441034,-15.120606110733847,5.26782579838588
OSP_3_27.08.2025_20250827_215600.WAV,782.7228,0.9809046352072912,38722.84356869729,3429.9296655126072,0.008613688719039133,0.538680019080417,0.002603854,2761,-1001.607100976628,-88.77481554943469,-353.24829384487487,32.67214648486162,-93.14031719705058,75.5673746805189,13.138203312567875,23.560607918602926,26.096801285704856,-26.64660582090763,16.503647985381576,-14.327596545460866,7.723618178351587
OSP_3_27.08.2025_20250827_215700.WAV,794.1418,0.9862493701371728,39120.67784762279,3429.271648467085,0.009115254032187702,0.5387912730361132,0.0027063787,2757,-928.7642991961698,-65.59675118238337,-257.4373793593695,35.10179800867198,-44.573574012204055,61.219659866282015,26.21792032078883,2.6358114904799788,18.017673976521454,-34.7506661651379,6.322603054424881,-10.31272023651248,3.182751462993064
OSP_3_27.08.2025_20250827_215800.WAV,789.761,0.9808027808034928,40352.60761089067,3439.121742813269,0.00878075773239005,0.5403910031180194,0.0028641867,2755,-962.7889292216295,-77.058451121265,-299.1232284998153,35.655826252877446,-64.16262327759165,68.40408241880289,20.813872617927604,13.105983946804452,24.49846196944874,-33.45339397140222,9.121147844840548,-13.933902579167883,5.638453213303102
OSP_3_27.08.2025_20250827_215900.WAV,824.2073,0.9710528150147795,37333.13586631163,3423.3466394774073,0.008800957867423142,0.5383771610899106,0.0025697167,2745,-991.3153043946178,-81.20915249966473,-330.60162977147615,33.24010479789547,-80.46378143647631,70.86551951699907,18.01606045268639,19.943811311836498,26.08698248144427,-31.033285884546707,14.380693483013173,-14.281469277628124,6.699201074986125
OSP_3_27.08.2025_20250827_220000.WAV,820.1586,1.0466180281561939,36663.036239262176,3419.5709527949034,0.00929333727599128,0.5378070754607223,0.002504965,2750,-986.694608415873,-78.44087322710632,-317.6851622406611,31.551661667866036,-76.12963361432101,72.27368124849465,20.24401209172344,15.765620400308368,24.95850966713395,-30.68159793593942,13.877946517888702,-15.568795163446472,4.536013799478699
OSP_3_27.08.2025_20250827_220100.WAV,823.1492,0.9552826623316614,42161.857738131606,3432.0049456240304,0.009024628133826535,0.5386320271779598,0.003132546,2741,-970.3560216770832,-78.27588690158137,-307.0450641227681,34.80065733556395,-69.01141778431659,70.32071187758899,21.96069655818546,13.717582598940817,23.46288808112048,-32.71688434596726,12.160351361618423,-14.684723891682122,3.508617698608118
OSP_3_27.08.2025_20250827_220200.WAV,846.60565,1.058640562818072,37579.842639487615,3424.2118621835434,0.009337662576071163,0.5385436784484363,0.0025810497,2756,-984.9813369004502,-78.74442516934052,-315.30725149890884,31.121374764837796,-76.9784890868901,72.74705443249034,20.249962264902305,15.802662435341558,24.954864024458878,-30.16660366288268,12.301020412413356,-15.464137151109629,5.906417275213752
OSP_3_27.08.2025_20250827_220300.WAV,845.2017,1.0021354803212588,46776.83068512668,3445.1033528978983,0.008626337585547199,0.53975292896035,0.0033753864,2757,-981.5443411935283,-87.25214689003457,-334.779774385576,34.77050521437026,-85.24357300034,75.40903158297144,16.063533621510672,19.63314969929774,26.51652460159519,-29.894887498412004,13.256213553890683,-13.971478240086105,6.917859840102431
OSP_3_27.08.2025_20250827_220400.WAV,747.8043,0.978826932745088,34834.103853895955,3425.2523496958015,0.00887339691655726,0.5380848467749442,0.002296386,2790,-978.1610248506181,-78.26759871746586,-313.16208395608584,32.939836755331264,-71.79927975636409,72.69245042837164,20.197762461960927,13.513624765413535,25.5985268260084,-31.517340850785082,12.323546633061408,-15.309401005996465,4.853938232727441
OSP_3_27.08.2025_20250827_220500.WAV,865.0413,1.0136351292138897,41278.15649001878,3417.381074917699,0.00878747347326142,0.5374405918419582,0.0029712706,2746,-955.2604505468121,-72.08122616654772,-291.00254451416805,33.639155009290505,-56.877528102434546,68.08459741764281,22.873057841551226,7.276800274477312,23.581087432183708,-32.96592767775871,8.658589542844332,-13.055531732470774,3.0586522722189784
OSP_3_27.08.2025_20250827_220600.WAV,786.90845,0.9065096854957946,38293.07635095753,3426.7654390176895,0.009099665977742774,0.5397187529086002,0.0026678708,2777,-954.897991338908,-70.8659895289668,-282.93694945198786,34.83819580879319,-56.49217355599362,65.66114826226477,24.15970330193634,7.609790760231292,23.433595982734236,-34.550939510660285,7.845527974090572,-12.822776082123102,3.648285325947187
OSP_3_27.08.2025_20250827_220700.WAV,590.4258,1.0191053460750843,26182.906153421784,3406.4233742831516,0.010121439392538628,0.5375707516986225,0.0015179892,2756,-1013.2501416668896,-75.66449849708036,-321.4156551617515,27.557659844192493,-84.99891351211022,72.96056072115948,21.54933269554207,15.229610822505945,26.206549476140324,-26.774600310630777,14.319996726943588,-17.390991886627216,5.82387075751264
OSP_3_27.08.2025_20250827_220800.WAV,634.0419,0.9792933556430574,25887.63443482449,3406.936687525828,0.010081061709443558,0.5391293978034252,0.0014989651,2764,-1008.0405318922868,-73.9404908658561,-314.1097597463074,28.159746574329937,-80.35424668099691,71.65765996797602,22.935205139919375,13.970579124524866,25.83838139695268,-28.466594550901,13.791053091318753,-17.11155707294313,4.963753499377512
OSP_3_27.08.2025_20250827_220900.WAV,537.911,1.0886863202779742,25462.734328248585,3409.474579098047,0.010006984986736111,0.5398812709419211,0.0014318776,2764,-1080.1560708682514,-94.07201862666292,-405.1297639397305,20.384965490649265,-142.26674337213458,78.73041660996594,-5.0963306449030785,30.948987602324355,21.943803609076333,-12.472758563045748,22.851852753743962,-9.419432012634852,14.882851541794038
OSP_3_27.08.2025_20250827_221000.WAV,523.33136,1.081860199938334,25488.30367085781,3408.219508222682,0.009984569902077713,0.5387505526340283,0.001427461,2772,-1107.8999808158555,-101.62184338196995,-442.7234511559509,15.869033313862158,-170.6167102282171,78.38703301973867,-24.86258239948066,35.74753156516745,14.218300830471923,-6.171405322599338,21.299996524629663,-3.1742410242900965,18.455462641544823
OSP_3_27.08.2025_20250827_221100.WAV,542.88,0.8642807243726308,25508.04144336669,3407.4565832382686,0.010002362306762116,0.5383698895895384,0.0014408253,2735,-1063.9620093081191,-89.24887335857717,-384.2600522222656,22.74140580568963,-126.01941558066261,77.47092646808524,2.757619386883806,28.605943070202933,25.73539353965991,-17.136438792494154,21.0611975625471,-12.616377662900046,13.254264991889954
OSP_3_27.08.2025_20250827_221200.WAV,520.58325,0.6780488171170702,24710.39687770288,3404.0862955405105,0.010223232385199387,0.5380212211466865,0.0013744093,2748,-1122.0064515882152,-103.26407463699633,-454.990731073924,13.009215186447241,-183.1468061014247,78.11110983570686,-32.43324086928454,36.31546812600959,9.495762310725093,-3.6404362501924976,19.580827885697897,-1.1793781194876414,19.4032617908249
OSP_3_27.08.2025_20250827_221300.WAV,537.94336,1.039010238355894,25008.069471843977,3404.6988864506143,0.01017066680454945,0.5389537910694341,0.0013964818,2750,-1105.0213724523835,-99.10155351618192,-434.44713417244924,15.940302104064624,-165.67344529552784,78.70895079659093,-20.841627768630374,34.57378182536961,16.259624819829856,-6.9563936208162165,21.990715026392017,-4.841105271999496,18.414956084292683
OSP_3_27.08.2025_20250827_221400.WAV,513.40265,1.097606211985909,24802.83079424424,3404.9992094055265,0.01017353632113524,0.5386040319015264,0.001379061,2760,-1130.272123441055,-105.74793854502913,-467.338644085703,11.569700848281554,-192.81068010016614,77.06244532866585,-40.63486749319059,37.56413535679647,4.7355863487662635,-2.1558978146244474,17.739028826756975,1.207610992983409,18.998581101806714
OSP_3_27.08.2025_20250827_221500.WAV,519.67664,1.0986122886681098,24659.43619046261,3405.3012546933437,0.010238501535664576,0.5387254659577438,0.0013672485,2735,-1147.4275915740247,-109.99468954657719,-489.18941535203675,8.200783369111338,-212.41007476896112,76.34114081378253,-55.25094114139983,37.899066935911094,-5.312948670801313,0.18799702431575757,12.182658688894849,4.427845555057902,17.54081090319415
OSP_3_27.08.2025_20250827_221600.WAV,617.7234,1.0804431380467117,25492.90129321461,3410.787031187768,0.010177652231784864,0.5395471454998139,0.0014690878,2768,-999.8264164539825,-70.82059951268675,-301.61011009108097,29.351503093657566,-73.99058081683576,68.47823287611173,25.383368287174847,11.864487633033661,25.059887578766972,-30.17201952505264,12.289351601142693,-16.47887748806443,4.266746330891269
OSP_3_27.08.2025_20250827_221700.WAV,520.1625,0.5598788247153477,25179.734556941927,3404.8983598049385,0.010019134865874918,0.5379012413905435,0.001410324,2748,-1119.643949138914,-103.55248742690773,-455.1709225957257,13.634260665554892,-181.42846108200783,77.6694053642146,-32.09307635506162,37.09491071774812,9.420234505432502,-4.4964663045698385,20.41807775223661,-1.1472689251514683,18.82422091726145
OSP_3_27.08.2025_20250827_221800.WAV,514.9522,1.0969234326417825,24689.75263636027,3404.729467506589,0.010280853047273766,0.5382793594099032,0.0013763822,2756,-1077.2403163187257,-91.15276219621781,-395.53481641467937,20.283500758366568,-136.58474135224319,78.29328811662995,-2.439014866665358,30.250414395880018,24.25938568123609,-14.01005995351549,22.05042809217562,-11.480212406359442,14.811828768847395
OSP_3_27.08.2025_20250827_221900.WAV,514.3398,1.0920465020457613,24524.238067078117,3404.4525246952694,0.010351387116622712,0.539147576554356,0.0013644884,2743,-1093.1804243249906,-95.15667629221849,-415.2719657427693,17.81513893859868,-151.96723628191714,78.72170013406479,-11.5998656363425,32.86067066886861,20.420485273592003,-10.369196796258967,22.781035893018913,-8.156555880357233,16.826962543060805
OSP_3_27.08.2025_20250827_222000.WAV,524.6072,0.9270960264575663,24752.27070273174,3401.9679094848548,0.01018180979482584,0.5376765520290394,0.0013791153,2761,-1087.2954817903233,-93.74900127727635,-409.59947897791943,18.678039203391148,-145.79526261562287,78.85809108551318,-8.27063411569962,31.743178292344833,22.137841084338405,-11.464905732099187,22.613427150756706,-9.326580818386024,16.44880166886155
OSP_3_27.08.2025_20250827_222100.WAV,547.9617,1.046923435023358,25563.174143728447,3399.015938661352,0.009938710900146195,0.536895956464073,0.001445572,2757,-1072.090676323568,-90.94595085340615,-395.1852382949981,20.49043984803142,-133.07529240348305,78.27998458909558,-1.81621945872326,30.063123405385866,24.45923062483773,-14.97452398397738,21.606626891617204,-10.507540928358145,14.680059654474032
OSP_3_27.08.2025_20250827_222200.WAV,576.1749,1.063961335615286,25825.329975894176,3400.030407986531,0.00996676871945863,0.5379325088421445,0.0014888003,2751,-1070.5619061760194,-90.24452136042184,-392.8863142653518,21.20108902187197,-131.93805963936185,77.82920614276803,0.1639388115640715,29.89878937467186,24.31644245109307,-15.503785516586882,21.961705539552117,-11.98673990725111,13.973049996356053
OSP_3_27.08.2025_20250827_222300.WAV,603.2619,0.5460177447568526,28245.261675066056,3397.374981291246,0.009082377631849934,0.5372424434568132,0.0017631929,2746,-1050.1515221778134,-87.11592004645294,-379.07887876915106,25.255594160851825,-112.23732078829434,74.7826158859852,3.525191693466022,28.586126752030378,28.996953328743125,-21.34480562119562,18.451087816520307,-11.75352385588515,12.998026199930992
OSP_3_27.08.2025_20250827_222400.WAV,554.35034,3.1524687046725343e-305,25511.377328070626,3401.0069722712374,0.009919424466266619,0.5383411671630678,0.0014480421,2736,-1097.666992712819,-97.368295508987,-428.00772826961924,17.00712846974576,-158.50601440985162,78.83686624710091,-17.002910202782175,33.764162601151774,18.71494518240872,-8.779965937148441,22.341878766002218,-5.894128709019062,17.985209349147745
OSP_3_27.08.2025_20250827_222500.WAV,524.9682,0.7960303598155343,26776.333936406016,3398.929909962046,0.00941623840437726,0.5371639112527923,0.0015659494,2736,-1103.2449311830223,-100.38689324384154,-443.0768648618986,16.696648629729076,-164.7399090813302,77.5336937958869,-24.28185327670643,35.60241926470834,16.656590965200273,-6.709141979357227,20.293661378376758,-3.7206623825032046,19.845636383127818
OSP_3_27.08.2025_20250827_222600.WAV,683.1433,0.95631274812216,29323.215667316133,3399.600548423394,0.00935660400438841,0.5369926674190245,0.0017987728,2738,-1026.0871844828778,-81.7927543403076,-350.6143899916705,26.620592376039774,-96.40351787363798,75.73898811023778,13.911154159345084,20.69726059072245,27.951681479146533,-24.63746515009636,17.67731469983396,-15.033249792067648,7.327214237246406
OSP_3_27.08.2025_20250827_222700.WAV,561.9031,1.0964321444689484,25761.883876532578,3390.180070813604,0.009949939314159472,0.5352380543791884,0.0014556915,2758,-1080.196457185738,-92.17564562031374,-406.68953245865373,18.256474389667577,-140.7378207304023,79.92662099112552,-6.717033122199887,30.064366641162852,22.682034456073346,-12.3185177945445,23.06387436603961,-9.567273634913702,15.220494771374245
OSP_3_27.08.2025_20250827_222800.WAV,532.60754,0.92545300497007,25736.929364553926,3396.6823874849524,0.009767610552059046,0.5365283821202531,0.0014496294,2730,-1105.6252617220225,-100.0378375527584,-441.15322801118106,15.174580569420106,-166.52029513911856,79.166638443231,-24.009712777481926,35.108296495712246,15.622443494443099,-6.938796039017472,21.605176295749086,-3.65402749008568,18.780305927108678
OSP_3_27.08.2025_20250827_222900.WAV,609.9549,1.0449757745998207,25597.720212446704,3405.255372423034,0.010156231504471832,0.5383789789650038,0.0014541872,2769,-1068.4395139835426,-89.79592724907684,-388.2870835365139,21.700830643566952,-129.79544238225483,77.82740485589308,1.1661544560355246,29.05628235360418,25.023277967746374,-15.733710562391497,22.008589329593505,-12.673856192419693,13.170524128267532
OSP_3_27.08.2025_20250827_223000.WAV,659.8335,0.8997174381221238,27122.030201162735,3402.9188967045557,0.00984936458423471,0.5377245439314966,0.0016528844,2725,-1002.7192943111263,-73.09334968832147,-312.3454487524022,28.584591856452448,-75.95147290433067,70.08651939764736,21.69476789307077,14.564755470506935,26.36543690337636,-29.787743057857742,12.975078919701229,-16.298437903824986,4.9199303884096635
OSP_3_27.08.2025_20250827_223100.WAV,566.7286,1.0531945872974302,26014.871259008723,3405.5360814042997,0.010004652668875187,0.5378216184614668,0.0014878054,2744,-1064.5083255025104,-89.38504343096207,-385.9780095763472,22.728651491090986,-126.38017856995229,77.26704070540454,2.4148720744500927,28.883724557816457,24.690029238252727,-16.967170402410325,22.57267495701995,-12.979376927079324,12.286830352908233
OSP_3_27.08.2025_20250827_223200.WAV,581.1555,3.1524687046725343e-305,25316.280043447507,3399.9555873725985,0.010227852875705882,0.5374678599683544,0.0014307646,2743,-1044.809615399456,-82.86890853400972,-358.38180221160485,23.83833641064259,-108.79194892701953,76.25336979907993,11.826444493879062,23.597335771394455,26.670759256321077,-21.000027209626623,19.496626095806203,-16.262912569938013,9.856709431174297
OSP_3_27.08.2025_20250827_223300.WAV,595.7922,0.9847856063758611,26107.558405771124,3401.606252559204,0.010007548862336955,0.5366058235992182,0.0014939661,2732,-1047.5646901808486,-84.50888888751885,-364.6706009842071,24.07978828068654,-111.43214698819855,76.63034052837638,9.777370546149795,24.708816023916988,27.036875815642887,-20.77558626718084,19.570737989528435,-14.760594620549183,10.435629431458947
OSP_3_27.08.2025_20250827_223400.WAV,518.62744,1.0960357831637522,25672.469171431003,3403.442020583698,0.009698635383163368,0.5377020022803425,0.001451685,2739,-1119.8692913499037,-104.48795792568934,-460.0337255454178,13.807843865399015,-181.6193304352047,76.74984126096349,-36.19045526849025,39.008151941084066,9.50702268778839,-5.497578017480011,19.762288635735864,0.5729596874842828,18.89353696661072
OSP_3_27.08.2025_20250827_223500.WAV,642.24194,1.0585528844231988,25827.9486975589,3400.5800983292734,0.010035423176659435,0.5371155557753164,0.0014770126,2745,-1034.6507965540663,-80.684999432453,-347.60792587562844,25.17248532551351,-99.7497694054638,75.35074215301958,13.98216854914499,21.64964820288255,27.772524337214307,-23.80369043347079,17.52950063048438,-16.246311511478954,8.779416702270535
OSP_3_27.08.2025_20250827_223600.WAV,526.32715,1.0577437074487162,24692.709071841517,3402.1188895783343,0.010322335596387684,0.5380928454253537,0.0013794668,2743,-1083.4444823336657,-92.8442405569645,-403.4675623570612,18.907137816645516,-142.97603587305443,78.85747684287723,-5.318338783671721,31.62235237944448,21.984343297497002,-12.240716497792251,22.66793222913203,-10.515348120682678,15.600123373963939
OSP_3_27.08.2025_20250827_223700.WAV,589.185,1.0353323997106538,25085.78162279592,3402.744695449583,0.01028420219231375,0.5375471193224125,0.0014230055,2756,-1049.5553278316606,-83.75818373090513,-360.9490038209339,23.630452581354408,-111.74219535453268,76.56144836266874,10.673002966954092,24.532517354336676,26.284369772790594,-20.63466942155429,20.1091823226294,-15.762451778509385,10.460248701156871
OSP_3_27.08.2025_20250827_223800.WAV,594.95746,0.9926515483162043,25789.01900818842,3402.9282066157325,0.010187308476928138,0.5378932427401341,0.001501671,2757,-1026.4445538987413,-78.28117833153145,-335.3818562095828,26.17779210784261,-93.66357599622701,73.70256245673342,17.801469120507626,19.739199694957165,26.508243652713496,-25.408520626730514,17.228545356562304,-17.039253782842987,7.180591289801147
OSP_3_27.08.2025_20250827_223900.WAV,550.74133,1.0830238551341924,25318.119352561287,3398.63789410619,0.010127500678951446,0.5375762053239017,0.0014379589,2748,-1048.077382210444,-83.49777754365712,-360.853712992872,23.4971237142553,-110.83368204705613,76.63649442348658,11.486045599970943,24.402980557994127,25.961429634045256,-21.07739845437545,20.027759603384414,-15.226466572643606,10.456216493375065
OSP_3_27.08.2025_20250827_224000.WAV,535.7106,0.86959353757012,25191.82132996664,3400.061062488541,0.010141595634701463,0.5374678599683544,0.0014225416,2727,-1083.0313679242415,-93.13130666481187,-406.2604577516407,19.222029433020957,-142.3315120882528,78.05786699741572,-6.822939937921753,32.366663077314804,21.79580143397545,-12.164110413077386,23.113990866131353,-10.268517275340544,15.753457960625386
OSP_3_27.08.2025_20250827_224100.WAV,651.56134,1.0493640913882496,25526.34206636366,3403.4631612229905,0.010220852172204156,0.5376721891288161,0.0014646959,2752,-1051.091613305491,-84.87178887919679,-364.3972316235898,23.578249541596936,-113.19244159386595,76.72609951946305,9.27958742140969,25.279027807976078,26.308802160591615,-20.101305405470807,20.085167812458817,-15.2726430148589,10.777754055958065
OSP_3_27.08.2025_20250827_224200.WAV,601.72986,0.8241221051416892,26935.861544010666,3405.507597164112,0.010062323089259704,0.5376507382027178,0.0015869638,2740,-1063.7188125934135,-90.36623831425426,-387.09822607812805,22.2454713998697,-127.82616134905346,78.04489475041743,1.7972226075394642,29.271853787873873,24.322017677928198,-16.362690394587744,21.61028426227536,-12.43280202154775,14.088831265249384
OSP_3_27.08.2025_20250827_224300.WAV,529.6013,1.0898413641580154,25634.194637670116,3395.021623136624,0.009904260546934286,0.5363240529597915,0.0014456536,2755,-1105.054501380761,-100.28324272931734,-439.39895376689475,14.915316613403133,-166.3136060177773,78.52769986186274,-23.326653550093415,36.77919931606629,14.218174416055913,-7.148768856271308,21.84844822672636,-3.7186869346005915,18.859916847746558
OSP_3_27.08.2025_20250827_224400.WAV,574.8955,1.0508123171441626,25513.23048630324,3405.319518036045,0.010120489918657964,0.5382895395104245,0.0014496535,2759,-1044.1608037833441,-83.41098960371717,-357.93956296594195,24.703622639957935,-108.031673241223,75.91695654947262,11.480920053174648,24.32863549092737,27.03296627757034,-21.9499856461009,18.92933934568898,-15.771989108322677,10.446391251436804
OSP_3_27.08.2025_20250827_224500.WAV,613.17725,1.0806772754314493,25260.42989915162,3407.070569802765,0.010173579570881002,0.5387414632585629,0.0014257879,2755,-1069.8399343083547,-90.47159147368465,-389.4875414005509,21.671426316475195,-130.64870025710644,77.84148036375528,-0.16900701331757362,29.79774130742362,24.53151173515109,-15.421425916080304,22.506923012242883,-12.635376016790403,13.643642810813292
OSP_3_27.08.2025_20250827_224600.WAV,566.0713,0.8530950192079665,25356.52809305438,3404.413422285315,0.01015511218345312,0.5386527509540209,0.0014500925,2733,-1059.8037295293454,-87.34980910894718,-376.42890049741334,22.888807294107064,-120.6282806480311,77.20940983422486,4.88986810231881,27.318194388756083,26.22467883180161,-17.986077514139314,20.746838951101818,-14.025054439366727,12.555930027413016
OSP_3_27.08.2025_20250827_224700.WAV,567.10095,0.8920182674957069,25716.835123975285,3402.8696085691863,0.01020390090027934,0.5377521756329114,0.0014880983,2738,-1022.4295926089152,-77.17737452975248,-330.28808321430904,26.439453392482296,-89.8504550832,73.36994524156664,18.855033232600842,18.470547752378526,26.66094896624753,-26.41848682549793,15.714291081590899,-16.82184276086938,7.095701906079602
OSP_3_27.08.2025_20250827_224800.WAV,562.9524,1.0920377861114556,29078.174620379534,3407.815800381228,0.010096353189422896,0.5378361614622115,0.0016906457,2742,-1041.556123043004,-85.36646856632834,-360.6791805547052,24.988511110041355,-109.8671966924905,78.1765094373949,11.55014454966934,23.25736597400478,26.025785613503334,-21.117238275817016,20.19408637599582,-16.1417174142425,9.504003769883258
OSP_3_27.08.2025_20250827_224900.WAV,715.2982,1.086674238976507,27305.88847672711,3401.4407446850464,0.010218687702469968,0.5371522768521966,0.0016441463,2741,-1010.8542209530362,-74.28163199204404,-317.2017046680506,27.086857942566755,-82.53562876852517,72.21182744290151,21.973579778248084,15.33434207803321,25.78034923445962,-27.984272512841265,14.36342872553137,-17.522209912584803,5.790798305753733
OSP_3_27.08.2025_20250827_225000.WAV,558.0254,0.8962451517810469,25405.469340187778,3397.523407262609,0.010124712792662121,0.536842147361318,0.0014366413,2759,-1054.6511620460965,-85.96662801201482,-372.1610451993936,22.41019609683874,-116.87345346732013,77.06065976421138,6.637942618976584,27.120207929097184,25.787425871165667,-19.35416308226795,20.4316950082928,-13.84039591030561,11.797398019395304
OSP_3_27.08.2025_20250827_225100.WAV,530.85834,1.036084652929876,25405.13952207912,3394.392514149709,0.010099849663509824,0.5363156907343634,0.0014315686,2770,-1078.1422159570607,-92.17284923032375,-402.2708609981557,18.702500357115422,-139.5484018289219,78.91203185008824,-4.904366204275352,31.760694399428477,22.042760246531877,-14.056739471430712,22.63639353564346,-9.63023998717905,15.045108769911883
OSP_3_27.08.2025_20250827_225200.WAV,599.97626,1.0336014363706822,25632.303800764203,3399.825322618224,0.010283870409148344,0.5369490384167908,0.0014686458,2759,-1023.935886378297,-77.41458577109522,-331.96580010631095,25.709793457964413,-91.85317853859699,74.0133315386522,18.339874873667128,19.02561990279355,26.416355281670725,-26.10831712221376,16.164739932766487,-16.852897329079674,7.503289512970906
OSP_3_27.08.2025_20250827_225300.WAV,754.2836,1.0492680448002858,28287.889938196964,3398.007445186625,0.009897610684861662,0.5358601312360387,0.0016961092,2736,-1014.386982887516,-78.1969380263531,-331.7100769779741,26.437795447187966,-87.55321096450173,73.91316608902326,16.746654228512636,19.955832147446884,26.534683904944348,-27.635479594719524,14.86517173339731,-15.64377136422889,8.313333871100474
OSP_3_27.08.2025_20250827_225400.WAV,605.79645,0.9216828857956217,28146.417807554873,3375.3592533629308,0.00960632518325188,0.5331954899246091,0.0016997771,2778,-1019.2003002337319,-78.640641990577,-342.7565584719568,23.494583060024596,-91.47106253324337,76.24206427855712,14.876175673419603,21.138829692822323,26.815001775080553,-26.44092143235984,15.286175802961647,-15.272276623690903,9.967352285691067
OSP_3_27.08.2025_20250827_225500.WAV,604.6116,0.8139236707115157,26827.328955163637,3392.4138850726185,0.009986055734500282,0.5353518533600149,0.0015645045,2750,-1047.0488045257125,-85.74874275156138,-370.555396119177,22.325679271334316,-113.97122808815733,77.16437993068516,6.359449144705805,27.66403237804138,25.71881177992835,-20.925263093969708,19.579319609513096,-13.385125649009591,12.53419354515583
OSP_3_27.08.2025_20250827_225600.WAV,648.57855,1.0986122886681098,28035.351809408756,3397.92168237377,0.00984120773735116,0.536349139636076,0.0016848812,2752,-1015.4801048170773,-78.08504010217635,-333.36480061230674,26.49573781862402,-89.09960465902314,73.59883573816701,17.590730295434625,19.883794629477023,26.256153317081814,-27.3234470444995,15.892639441973166,-15.869302354674154,7.642367694328144
OSP_3_27.08.2025_20250827_225700.WAV,763.82495,1.0665300609333772,29765.72446252777,3383.090871383703,0.009845387297349413,0.5340527998185034,0.0018851706,2754,-1014.5987204352449,-77.99026675801191,-335.382522469323,24.512482283946472,-90.79922658696074,75.58321288017851,18.929905297840445,19.61594786137832,24.55852235026629,-26.935850704873538,16.465375342143954,-15.653126876125564,7.696922206608131
OSP_3_27.08.2025_20250827_225800.WAV,579.44604,0.9708420408939639,26861.936273642033,3370.2706509727254,0.009844194648451482,0.5325010616390543,0.001554174,2754,-1080.2855631982682,-92.41653004238938,-415.356188272052,15.0365839589051,-147.2368247002802,80.26447965528605,-9.558313229870752,32.25370092238431,19.532832893112868,-12.115483835027273,22.170075492681523,-7.9506759241463705,16.78116311829959
OSP_3_27.08.2025_20250827_225900.WAV,575.90454,0.9655376321649484,26869.16185149267,3385.3670446784413,0.00977995531401787,0.5346901468261355,0.0015464601,2757,-1054.6605430787713,-87.00101827103767,-382.80372917855277,20.87072350353946,-120.97968728214374,77.82987088894407,3.1008127325273236,28.65339403852224,25.6839599466993,-18.56092564857539,20.823262617984994,-12.499438700437219,13.638526133381003
OSP_3_27.08.2025_20250827_230000.WAV,606.55054,0.5859526183035508,27203.93505888035,3383.5614888086398,0.00994263702925624,0.5341335134726359,0.0016015581,2758,-1017.3292607377306,-76.478505328442,-333.7834710550962,24.441702820730413,-89.78614290552005,73.99794789049776,18.478349793927652,19.888814870138624,25.835755921175817,-27.158975322244483,16.201572264874244,-16.041817282674813,7.627687330354595
OSP_3_27.08.2025_20250827_230100.WAV,706.47833,1.074207317165175,26257.01237646079,3396.456628418583,0.010196831360697309,0.5362087996788906,0.0015268069,2761,-1026.0439691653523,-78.3035250771846,-337.47279332218574,25.24325184538347,-93.88343431107309,74.1628109522567,16.949851300402717,20.35295862225192,26.667989445882878,-25.694109581304364,16.75768140824739,-16.28355668995101,7.814085872866571
OSP_3_27.08.2025_20250827_230200.WAV,770.81274,1.005686769892339,29967.308462400506,3375.24394288883,0.009735860194510821,0.5321476667209606,0.0018729643,2767,-966.6766317517577,-65.32266325449896,-283.7308607379079,26.668716236789734,-58.2350493131125,66.99588316303317,26.0862347825208,9.532000235085794,20.664902861381865,-34.005647850300655,9.75215983062194,-12.972526770257433,4.825603636765251
OSP_3_27.08.2025_20250827_230300.WAV,549.01746,1.0422300237472684,24830.35172671734,3406.7746314853957,0.01030071801827609,0.5389519731943411,0.0013842689,2749,-1105.242459385681,-99.5674304801856,-433.4238192737416,16.085140483768665,-165.84806082536892,78.1198912818368,-20.31658365683458,35.582850450434165,15.196858982318007,-7.036433613730417,22.3882314030005,-5.1317387332941955,17.834245753514406
OSP_3_27.08.2025_20250827_230400.WAV,637.9976,0.9407279875105639,28558.710743142132,3406.5775738983143,0.009799108906526105,0.5376143807008563,0.0018001993,2762,-983.8330267687965,-69.61748208064385,-292.55451401836683,30.208391282059633,-65.17254203362684,67.20116952592345,25.0993048288518,11.038243402108636,23.352973035940384,-32.73585964349624,11.059193153601683,-15.087659391305404,3.9230297699034415
OSP_3_27.08.2025_20250827_230500.WAV,529.4137,0.8724984431908184,25069.28566055868,3402.351035228781,0.010075835010012925,0.5376361952019731,0.0014018288,2767,-1090.0610495746803,-95.41642119378463,-416.08596855511814,18.26715649595207,-150.071612073777,78.08331770612438,-10.958153795230574,33.95730245300271,20.495712966292764,-10.915435062219156,22.508605992798717,-7.689436855083449,16.883592091344052
OSP_3_27.08.2025_20250827_230600.WAV,606.7773,0.6409225673895522,25398.927994421905,3402.709072087775,0.010185659899236811,0.5379172386913627,0.0014593462,2759,-1039.9690823212327,-81.56032510538051,-350.33484404651034,24.786838577741264,-103.39154522303221,76.03393468841156,13.952759304455336,21.681727392499887,26.899111175044112,-22.297855339365103,18.59913489980266,-16.52852164583369,8.76585075158867
OSP_3_27.08.2025_20250827_230700.WAV,845.6294,0.9370041739580911,120118.39537207782,3470.2025757608344,0.00645397393463287,0.5372875267591214,0.010543373,2770,-846.5310288309291,-89.7209259117826,-298.47475479541345,48.09555784226635,-46.23380867085051,69.94351145730538,17.18227122022634,13.76672069656121,15.092947782011233,-41.08600731960695,9.23430108401283,-7.452990562507663,4.848782751408384
OSP_3_27.08.2025_20250827_230800.WAV,887.7322,1.0000111818466364,124200.22925545317,3443.4939416570483,0.006327018663998309,0.5344058311615786,0.010770096,2758,-821.0290349303186,-79.37076655376188,-278.2907949323955,44.99931858254244,-34.70168404374158,65.09442373999882,19.090622760469625,7.059807809230593,12.229092990614728,-41.47421214286835,8.581742102392969,-3.7997263822941125,5.299044727938446
OSP_3_27.08.2025_20250827_230900.WAV,866.4566,1.0261214075829441,177499.90204224645,3458.8141926103804,0.005301344791760472,0.5324817921630678,0.01512025,2775,-794.9626722059751,-97.8572775376841,-320.0739053678321,50.30193487672275,-44.061643512417994,77.30559079513384,14.44551418777062,14.237953574991199,12.292582741084592,-42.15674886749518,11.61689324593103,-5.714857367128962,4.099711711482265
OSP_3_27.08.2025_20250827_231000.WAV,862.6168,1.00420490120128,149465.0700118938,3469.9934284527144,0.005599138237917545,0.5351202560731572,0.012881137,2768,-812.257984866337,-90.95328328935888,-304.26183314587206,52.504518744273376,-41.383200154900244,68.346997208754,17.726050848216417,12.522656366630292,13.392561740116525,-44.05129377023446,10.747151473705845,-4.664691896497975,5.343232887273981
OSP_3_27.08.2025_20250827_231100.WAV,869.93713,0.9894437249172391,123864.83993561019,3493.2035216406634,0.006287055360013895,0.5401688587816456,0.010469192,2759,-855.8325240566834,-97.39211388984018,-317.86683440492646,51.672786038488724,-55.99639756922077,73.41943458736638,16.630222139416823,16.20468786102083,17.603920717684865,-40.38913383115954,10.559027118444945,-7.85268725863888,3.7259675581923726
OSP_3_27.08.2025_20250827_231200.WAV,851.1705,0.9918239489603669,103672.26727212481,3490.6563848049373,0.00722300830863539,0.540320469564408,0.008768428,2756,-851.6235817270187,-83.89310133124772,-272.1442665274083,46.15588748969637,-44.0689096909422,68.94285567305248,18.326776213258153,7.012781105991926,15.129192935131945,-40.41232354766457,8.244190034845168,-5.479457541968395,3.3100197807407996
OSP_3_27.08.2025_20250827_231300.WAV,871.8476,0.9947909182162739,90988.0900759654,3469.4122857670136,0.007684332058482841,0.5384658733944527,0.007778806,2762,-892.0361865755016,-86.10686712172578,-296.5169248131351,43.843644393140785,-55.74869079373868,70.3840444531274,20.103125504056653,13.098445892799278,17.479175871496636,-38.1191492171834,10.086715397711895,-10.21373661905962,3.915228442691974
OSP_3_27.08.2025_20250827_231400.WAV,913.1034,1.0036823362625475,103948.36677482855,3465.989906266229,0.007313629716389133,0.5375038538951973,0.008972159,2776,-875.719407362946,-88.38481254258345,-302.36217065493634,43.81970307703969,-55.16052618007169,71.50010562937905,18.56835314299252,14.578491786007502,17.2823394784333,-38.35211258745263,9.70819796596523,-9.363633009302697,3.72998024456133
OSP_3_27.08.2025_20250827_231500.WAV,866.9821,0.9981147322074593,67998.94167099243,3467.744089809929,0.00797977018256094,0.539832188314408,0.005443463,2757,-927.2894035084672,-87.97774276028996,-312.63656580526566,41.08067181111649,-67.91698150726236,72.86874288217506,19.8009954783281,16.795723421419783,20.322186535404914,-35.682746693867784,11.870099871264001,-12.021803233647972,4.511508133484682
OSP_3_27.08.2025_20250827_231600.WAV,846.8583,0.9911774627207717,68011.96963161585,3468.9683532497534,0.008022427566846506,0.5399041761680938,0.0054493956,2769,-900.5141053577129,-80.72810817728566,-281.5588749068032,42.074985944535975,-52.286062263152196,67.90173132555685,21.79884163739185,10.434512276397255,17.18107998646263,-38.501124692841195,9.423090552574738,-10.014143452990869,3.520425999792121
OSP_3_27.08.2025_20250827_231700.WAV,862.85144,1.0242250402620001,65993.0996562193,3467.091198710159,0.008269919913058974,0.540381913742554,0.005308737,2757,-924.5802047674924,-85.59293188896557,-302.28402007830374,39.974543233333456,-65.19628099141035,71.89971055753938,20.560890627195178,15.588690002793584,19.341534840823257,-36.08244614835449,11.710115587100379,-12.037350401370334,3.840246584970293
OSP_3_27.08.2025_20250827_231800.WAV,848.84503,1.0319518938690155,51189.58324128155,3436.602825274748,0.008870653514546812,0.5378841533646687,0.0038680625,2750,-934.98634350226,-77.80938068643457,-292.9304232205918,34.557129701536184,-63.022978621098815,70.51575242297211,23.103055746429686,12.991812161704038,18.87853648110702,-35.57735312479476,10.785709157725913,-11.529562847709085,4.507682262653001
OSP_3_27.08.2025_20250827_231900.WAV,842.46313,1.0209858002231171,96017.43918410751,3504.105913298395,0.007068083892344454,0.5412243170606851,0.007857125,2762,-883.3629842643792,-94.6015043481332,-308.6500630455189,46.714980215379846,-64.25265187562245,74.3282625830163,17.292059114978876,17.963249247534282,18.338849117198865,-40.29154595759158,11.565153008994574,-8.163391539706295,3.8409904973126285
OSP_3_27.08.2025_20250827_232000.WAV,892.45996,0.9440498585279611,74661.42101458527,3475.114026841517,0.007759045153716219,0.5406811359828742,0.006326047,2740,-890.2397095349814,-79.62066116592086,-279.6998881844734,45.00071047635098,-49.80513120413845,64.48126415404592,23.58589972175042,8.475015459793342,17.055378943604868,-38.970814450964404,9.144331950708828,-8.411958265166664,3.4391340136293853
OSP_3_27.08.2025_20250827_232100.WAV,845.58405,1.0347682537591847,66921.27456478182,3454.7970239671704,0.008166961715265937,0.538325897012286,0.005318717,2743,-917.7816588220586,-80.77449466317186,-293.34107911669685,40.18474526651105,-58.26136118316962,68.93530730730708,23.020764847926753,11.993091086106677,18.353802310189717,-37.10132485515017,10.288083095963852,-10.816374280820666,4.1181026462742985
OSP_3_27.08.2025_20250827_232200.WAV,846.31445,0.9762812842476059,58110.75534858553,3467.1423650379234,0.008674672489056028,0.5405106192991437,0.0045275036,2720,-937.5252300303558,-84.8815403723008,-301.1166135966973,38.77878006760514,-66.99754125170277,71.5329133651927,20.939488857404722,16.090036954071667,19.25748087697563,-34.53739851157243,11.300779415612414,-13.146298555120724,3.904527918804769
OSP_3_27.08.2025_20250827_232300.WAV,840.78735,0.9857700401281448,58462.69027407908,3461.9531089295415,0.008453139882446791,0.5399023582930007,0.004670832,2755,-922.4872372984137,-79.02172306757359,-284.76857087280365,40.051039601620204,-56.034403869545876,67.70720335890287,22.77390851726812,10.943328455069297,18.63596862391217,-37.430131534608094,9.845524918356285,-11.01665600928475,3.4360787471565954
OSP_3_27.08.2025_20250827_232400.WAV,880.45,0.9462461241211934,66555.44488482599,3466.145742967249,0.008343435365474295,0.5394907913719286,0.0052691367,2748,-932.5872099541382,-87.49653607930294,-309.9094940874972,39.90505179657937,-68.61879619530824,74.37120078908376,19.064035512040856,16.22717498249846,20.40690111645581,-35.31399381781426,12.87172541189011,-13.195934195998705,4.4039438863989355
OSP_3_27.08.2025_20250827_232500.WAV,876.2273,1.0214620774422938,62698.04880142604,3466.0830801012485,0.008408486359625246,0.5392097478825391,0.004968402,2758,-925.8656509459776,-83.99941292603312,-296.54041031424293,39.73386955878699,-63.38719518575828,70.65768363236037,20.582333336090958,14.934945006373773,19.262418102839987,-35.994844296999965,10.493557302082344,-11.96418685772014,4.486412797432458
OSP_3_27.08.2025_20250827_232600.WAV,894.6048,1.017180789530897,63267.35252078957,3465.3291726725583,0.007942233071687635,0.5399227184940432,0.0051833345,2754,-910.4191132513123,-80.46882516304275,-286.025541993486,42.26390869331014,-54.13121219885088,67.8840252271081,22.451251590046077,10.053975764300052,19.05917374405091,-37.97676606109553,8.28999469613864,-10.031383339802574,4.603018744511858
OSP_3_27.08.2025_20250827_232700.WAV,859.47125,1.0205546730777353,70764.81368062846,3464.9619373806895,0.00791620129278882,0.5397467481850335,0.005785233,2756,-918.3864067034409,-85.73836701389759,-303.6999365462603,41.716124358282684,-62.16301687142035,71.94286011111697,21.179945465761858,13.44855227418347,19.41141844959584,-35.809621170399716,10.415469413845388,-12.167367713811691,4.4044032355413805
OSP_3_27.08.2025_20250827_232800.WAV,858.82135,1.0025746772381101,55519.382379672104,3434.2436916075135,0.008548826013434246,0.5376100178006329,0.004483583,2765,-929.0335904791962,-75.10260017143293,-286.057443782165,37.12202352708722,-54.62856551171439,66.82859230806918,23.467845979920014,9.66450556244166,19.38434409099104,-35.649635884892106,9.213086464973268,-12.25029705969056,4.215283056446971
OSP_3_27.08.2025_20250827_232900.WAV,849.98035,0.8952562408795683,43992.73222350024,3447.448694233841,0.009149968925608185,0.5385782180752048,0.0032710324,2762,-923.9648557837875,-68.81328328563531,-257.1478660612037,36.26016906212924,-48.08887334390424,63.73762789444684,26.08024510833458,3.2251363231439107,17.450736618308213,-35.90306141348628,7.417121057743074,-9.971608252342751,2.3986326313743307
OSP_3_27.08.2025_20250827_233000.WAV,856.823,0.9668114774336488,50578.249230817055,3440.3971039197536,0.00855352253402412,0.5390366861736783,0.0039002413,2748,-929.4512928907194,-73.77275047626992,-279.28912060787286,38.52513525846316,-51.64623580165649,65.8117754381004,24.12044172245588,7.062811339754755,19.669890143466553,-37.02719616502556,9.247843127692953,-10.735433912021435,2.6203573865827288
OSP_3_27.08.2025_20250827_233100.WAV,894.401,0.9983649896294866,55609.42357633293,3434.460999475663,0.008426367501740552,0.5371650019778481,0.0043113516,2749,-934.4219988864662,-78.24441278081285,-299.57219945992915,37.529233090744334,-60.2972693035107,67.9674316724198,22.779915218399356,12.758269336582268,20.333828639471914,-35.437966206890906,10.595336107555108,-11.878589091711055,4.178151777197761
OSP_3_27.08.2025_20250827_233200.WAV,785.91846,0.9455965128419532,38581.83924541148,3446.671276865284,0.009169588068268826,0.5392930065618019,0.0027859637,2747,-984.6143983871477,-84.23635022525019,-322.08156907609447,34.311067711763926,-81.15266453534477,73.58700471707427,18.713476675955185,18.879351207712777,24.44149197717601,-30.58757728455989,13.74078929434223,-15.063815502045841,5.645208308370703
OSP_3_27.08.2025_20250827_233300.WAV,868.97144,0.9969494648992776,40013.95012203852,3424.5619214146495,0.009206726859229498,0.5377496306077811,0.002871593,2757,-953.5457280717668,-71.76447445607161,-284.29886789009316,33.43502784771421,-57.09501346426509,66.31841816963747,23.332129876358994,9.929316623131317,21.376142267713206,-34.109477488154745,9.145269344171338,-12.681931936029143,3.524710666702674
OSP_3_27.08.2025_20250827_233400.WAV,784.822,0.8450297358117963,39172.5315255285,3430.896679860611,0.008843886560577007,0.5389439745439315,0.002777842,2774,-948.6192899962699,-71.73744214996519,-281.76031160446286,35.49361277221321,-54.74151680950226,64.74790756494741,23.41637630805993,9.741310095776198,21.866101581624143,-36.18232920746928,8.64329445831158,-11.606532005285644,3.3319892060574348
OSP_3_27.08.2025_20250827_233500.WAV,845.7051,1.014300807423167,43613.892985105645,3441.9399713762696,0.008713085047051197,0.5395849573017498,0.003170508,2793,-955.3361054276486,-77.46766168791835,-298.12060272127695,36.63125182028721,-63.62773256136175,68.30690980261822,22.576083732952878,12.919861493811826,22.24205456644761,-35.18876454091118,10.676560787059191,-12.477807437972558,4.430207476773612
OSP_3_27.08.2025_20250827_233600.WAV,825.44604,0.9538744626814264,38819.54086575798,3415.3947881968293,0.008950863808624485,0.5360470087956068,0.0028442794,2761,-951.8582210528882,-69.74996771596288,-283.62987355574774,33.303176167316224,-55.035195971649685,65.37527119693134,24.56573371788492,9.292770826532097,21.0517706646893,-36.284994511065676,10.459093052641345,-11.770109636476407,2.1948352002615032
OSP_3_27.08.2025_20250827_233700.WAV,883.1594,1.003378355014156,40582.5041545036,3416.7206738142827,0.009101054558018027,0.5364825716679077,0.0028995143,2742,-921.2585695466777,-61.185877313840955,-246.49023060900993,33.77465720813417,-37.600883505219336,58.099724705058236,25.501021019389253,1.1805238533392242,17.317104024736828,-36.25853087435795,5.826809610687681,-8.121979848338896,2.600307885404098
OSP_3_27.08.2025_20250827_233800.WAV,852.3964,1.0085449097166688,40267.3625888951,3416.7425146166247,0.009045038479896433,0.5374984002699181,0.0029512371,2766,-962.6766976639831,-74.27412215974847,-298.51280837076126,32.552554310244155,-64.49508112959033,68.76722167709185,23.49302350184231,12.945507055961496,21.84369802827484,-34.26154635327143,11.34093932386601,-13.55982595311747,4.1824178060517045
OSP_3_27.08.2025_20250827_233900.WAV,827.8417,1.0464771843961151,38592.7914922023,3422.8725167718035,0.009077716906812357,0.5384371509679822,0.0027152016,2767,-991.46738305097,-81.07205258319642,-329.22369977676675,32.19683851904359,-82.95878306111467,70.80720861956387,19.52421461448071,20.512088361178957,24.233473906756014,-30.420945910836004,15.233125472416257,-14.447755465686855,5.920631441040823
OSP_3_27.08.2025_20250827_234000.WAV,788.8961,1.0208457885244322,39397.89428724927,3435.6453681843445,0.008656339213104134,0.5402172142591214,0.0027362297,2775,-967.9063690804714,-78.15450254012306,-308.05361005571336,35.65230050715653,-68.14067879650833,67.38386099147718,21.770693853701662,16.38053642008284,22.67261630061652,-34.05987154159468,12.586778199919566,-13.22934532254145,3.9884266952272975
OSP_3_27.08.2025_20250827_234100.WAV,828.16473,0.9907381653185908,37262.54394992194,3435.608450054841,0.009076003714558634,0.5404335413951973,0.0026554856,2772,-961.3937091067658,-73.54823597099312,-290.3432002576696,35.86363031921169,-61.77048028550916,64.9908523242016,25.361086878987496,11.951338129246555,21.084658034009898,-34.36511596711545,11.04353144346315,-14.428255582404491,3.267130537945576
OSP_3_27.08.2025_20250827_234200.WAV,837.0414,0.9814766300902237,38938.79356611984,3419.21590708337,0.008996791382450112,0.5376990936801936,0.0028038106,2778,-978.4833437546836,-77.39622444020718,-312.93429872041764,33.10366673501503,-71.04103635570368,69.80581693248553,20.615503226185094,15.689536150202885,25.108400579197358,-32.52226588352964,11.292257183932291,-13.766915405555324,5.633634931157852
OSP_3_27.08.2025_20250827_234300.WAV,850.82495,1.0717180845914782,37947.201969584894,3421.989070115396,0.008846674548300992,0.5388574436895012,0.0025580116,2780,-982.2625196315123,-77.89049211266003,-316.16105175485677,33.18791239804359,-73.38347544790817,69.42927465443701,19.919091822676574,17.233878536821287,25.828961586311397,-32.832731860595345,12.113110459222089,-14.26080489903041,6.030687991552624
OSP_3_27.08.2025_20250827_234400.WAV,808.4569,1.051557024253578,41032.746951690555,3432.1727197367277,0.008849423673686968,0.5391141276526433,0.0029329287,2758,-993.7444968351433,-84.54887737943375,-336.79941876818543,32.738522587211314,-86.47442184395533,74.01713853245754,16.240416966696078,20.82285465305443,26.73728227162349,-30.061288615329158,15.090213423601174,-13.768176514026726,6.479439034450812
OSP_3_27.08.2025_20250827_234500.WAV,858.2245,1.0156840610461433,48545.089626050605,3436.1858702011496,0.008228981061851316,0.5374838572691735,0.0036805882,2770,-949.0883548573732,-78.71933335115827,-302.2206810400465,36.08263165432153,-63.49427218278858,70.24405362615433,21.163960023244787,13.243923920462846,22.59912810140999,-35.57949430705323,10.820028510158405,-11.63878717463594,4.398227021172303
OSP_3_27.08.2025_20250827_234600.WAV,798.1543,1.0247314246750157,34527.61533629777,3419.914663139024,0.00935374852381631,0.5393584500651526,0.0023649537,2747,-958.8716017592355,-69.38662799332484,-280.34657782095564,32.977995966019,-57.13403030020744,65.00288623064527,25.083915667904414,9.126182217583684,21.42234306961849,-34.750878588160006,9.179578824819089,-13.01920795373073,3.551658770101137
OSP_3_27.08.2025_20250827_234700.WAV,768.1386,0.9415490052324397,34206.72934446371,3422.1964088808663,0.00931691054172265,0.5386240285275503,0.002293301,2762,-946.471800274472,-65.76151402094534,-265.1830684750854,33.66634293363817,-49.20183844038431,62.31407260657222,26.12638289558144,5.101015055641788,20.18459789608693,-35.52315463181057,7.617994733364376,-11.809647225910659,2.8977413816301625
OSP_3_27.08.2025_20250827_234800.WAV,863.175,0.9761389560544432,46078.64240264313,3440.3504847292943,0.008693786508482177,0.5397449303099404,0.003532764,2774,-958.5445154414301,-77.10318266562793,-300.6215363561254,37.342765157607985,-64.587511922711,67.56659354632193,23.113806326678347,12.194568446860787,23.332565879568747,-34.3216857352891,10.801891345542629,-13.58396758228797,4.1946757410892275
OSP_3_27.08.2025_20250827_234900.WAV,843.91284,0.9836612862894278,32327.333283557156,3420.8212157949183,0.009445223927269666,0.5391381236038719,0.002166476,2763,-967.2136334972737,-68.66261249916266,-282.0516973421257,32.5350142007131,-59.39222985924292,65.02626724041426,25.854870398292707,8.759396042382173,22.927083678197235,-34.27749125608971,9.024612580547293,-13.58731461277623,3.7157301788496495
OSP_3_27.08.2025_20250827_235000.WAV,768.6139,1.0667138281059143,30441.73480078431,3406.9741045328306,0.009797409697682287,0.5378681560638496,0.0019500387,2754,-1005.3489137199813,-76.27141110074636,-321.0392553757904,28.949399402015842,-81.24261620727079,71.65010813511368,21.02224062183024,16.688093027179935,25.585740267036034,-29.246023944698276,14.503856996426995,-16.519058381769224,5.56610391244425
OSP_3_27.08.2025_20250827_235100.WAV,608.96045,0.8451307488971462,26911.9346892921,3395.100187833203,0.009619731070905397,0.5357874162323157,0.0015670452,2783,-1043.6402605023063,-83.722559746891,-364.79618498656583,24.604926752345143,-107.81528859162627,75.4072373438699,9.875774828933453,25.38262864855214,26.795463950635405,-22.704221092053448,20.0584537540216,-13.855648768698426,10.306175222017607
OSP_3_27.08.2025_20250827_235200.WAV,703.4912,0.9455912452097703,29968.164235706998,3395.268268905423,0.00935484902455318,0.5362633359316828,0.0019345942,2745,-1007.3354555709212,-75.82882200138638,-327.6400281967899,28.45917641776455,-81.47815989104576,71.59991380666023,20.452329893517764,17.15342727448337,25.84474306903069,-29.499166457481873,15.59065325094966,-15.427206044645283,5.929354517189985
OSP_3_27.08.2025_20250827_235300.WAV,829.0764,1.0669771250173081,29809.88184024074,3392.6692627490424,0.0097495218782284,0.5357895976824274,0.0019275718,2755,-967.6600073645473,-64.13412057117537,-274.73483411174306,28.886576563658657,-55.063972522254154,65.68311613939845,28.015700556986417,4.88408218491009,20.30521773621855,-32.97797356604605,9.631511047709353,-13.689172224723523,2.616778918844249
OSP_3_27.08.2025_20250827_235400.WAV,701.89124,0.9602084705282903,31469.653093524783,3408.4311224469875,0.009227795510455048,0.5371428239017125,0.002030909,2734,-1001.8335376321276,-77.69712034337398,-325.61163409878685,29.56192466128908,-81.2885284622884,72.74984849545955,19.56798824420061,16.49930762892961,26.53853022575695,-29.050528893984325,14.402634070968068,-15.815658662060798,5.972135255223885
OSP_3_27.08.2025_20250827_235500.WAV,627.5062,0.9031621088269965,27702.117620170175,3405.9642294787136,0.009530472621047776,0.5372562593075205,0.00164319,2734,-1064.1830532718016,-91.78371639378926,-394.3032400753937,22.822981853629035,-128.43467634600665,77.37849380585385,-1.6462586200285492,30.695777468537376,25.153895878447457,-16.423499431458673,21.82986611507965,-11.473308690972557,13.822485210536664
OSP_3_27.08.2025_20250827_235600.WAV,778.80444,0.9627899648511071,35140.55429812259,3426.0109070398603,0.009114587732485031,0.5395155144731943,0.0023815997,2748,-979.4031763454532,-76.27586339027364,-306.5574586621751,33.458783958198644,-69.50458538317679,69.49290001986527,22.227154737209833,13.538064177792766,24.088285224553406,-32.07898878238367,12.320368879825164,-15.297929846277054,3.6667344656611327
OSP_3_27.08.2025_20250827_235700.WAV,807.75586,1.0399361963447837,28676.13589648692,3415.3468985469276,0.009579489507703022,0.5385480413486597,0.001734461,2764,-1009.872753470571,-77.67990812356429,-325.8011662736142,29.803233459073805,-83.93178105353542,70.88129232984693,19.277934450203976,18.613892680623525,26.802397905126064,-29.176606797850877,14.805799654346051,-15.822058656371183,5.676421168280123
OSP_3_27.08.2025_20250827_235800.WAV,747.96484,0.9881912715376004,31225.001687551365,3415.8786959630443,0.009718156688205335,0.5391213991530156,0.0020719476,2743,-984.804867834894,-72.08708279601052,-297.7230503236116,31.43001088367294,-68.44547307131708,67.87162139345718,24.53890675215491,12.415357683638119,23.92076415556347,-32.5307113364407,11.70664578057414,-15.666176725134672,3.829037666808291
OSP_3_27.08.2025_20250827_235900.WAV,747.6942,0.9701211276843638,30684.73280528559,3424.742885838071,0.009785206514901012,0.539059591399851,0.0019486272,2760,-1008.9833561124652,-80.45432121659587,-327.76335754143656,29.66680527995393,-88.29755729231712,73.75982988925901,18.815297192598393,18.780089296504045,26.14899357228642,-27.60103036694796,15.29644256495476,-17.179430181582976,6.782169336578237
OSP_3_27.08.2025_20250828_000000.WAV,764.0326,1.0474717619001908,32068.74282463414,3422.3764191169876,0.009684527715704279,0.5383455300632911,0.0021250902,2765,-1005.5377767208821,-79.85168393516742,-326.47620040243595,29.765164392482124,-86.8644197955948,74.06622511645543,20.218145142547367,17.18781525642643,25.622461504921024,-27.842635030679137,15.22342032294988,-16.5866004509665,5.987342231241384
OSP_3_27.08.2025_20250828_000100.WAV,728.64905,1.0192438785133364,30299.68038554653,3417.089140709042,0.010071194485824138,0.539283553611318,0.0019326466,2731,-1010.07201133875,-77.74808417939464,-321.8637623407316,29.02624928215083,-86.11061645633788,73.33663621490373,21.273438103002274,16.20409555428623,25.815184844864632,-27.807116291853745,15.298785601057814,-17.416538740807376,5.445375187524233
OSP_3_27.08.2025_20250828_000200.WAV,784.2008,1.0151157222469913,28910.951588659478,3421.8266787711145,0.010137549562385766,0.5394271657436709,0.0018194597,2737,-1004.9917222995903,-76.58061883131366,-314.0472746936304,29.202538883195917,-83.01391114375583,72.68912074928399,22.621038056823252,15.052475055219219,24.95009459245851,-28.391409525121134,14.404247875744483,-17.530514220260564,5.058846172163313
OSP_3_27.08.2025_20250828_000300.WAV,853.59546,1.0449442437220786,34820.06108310915,3418.059638438408,0.00986716852693692,0.53806230512379,0.0024935573,2758,-948.0225971951543,-63.818927753399166,-258.0871314379081,31.33642816351701,-50.536871165540965,63.10362996695232,28.110801046378388,3.3596389608651167,18.78567226871656,-34.169615719486,7.4444049139436,-12.386555688310642,2.622434964080281
OSP_3_27.08.2025_20250828_000400.WAV,756.0259,1.0493572304041536,36650.62872435275,3424.7427308430433,0.009652355278981494,0.5402841120625466,0.00254431,2727,-941.2779111857196,-63.28504105696171,-253.78295486624228,33.238035843886664,-46.27371431766809,60.29556465758285,27.510273688066682,2.6135830363797505,18.72653537072123,-34.380459146196095,6.437672795747631,-11.263455941226194,2.2032458190364763
OSP_3_27.08.2025_20250828_000500.WAV,700.2385,1.0786328827111153,35604.62442050653,3406.779590779086,0.009384968291831228,0.5378303442619137,0.002485401,2735,-933.3959782395749,-59.41724372388378,-248.41707295632494,32.27881578070676,-39.8915618799514,57.46302687766601,27.97738664671727,1.2591277709767126,17.317095618215202,-35.19567899037783,6.018530724723988,-9.816459659163332,2.292704535245243
OSP_3_27.08.2025_20250828_000600.WAV,711.3144,0.9765388734606021,35813.36019216784,3413.0217937658613,0.009287751367613195,0.537485311569248,0.0024780873,2774,-992.0963389030459,-77.28139858777298,-317.3949854727463,30.812867879148648,-75.60285587943662,70.55737838120243,20.000768043997656,17.186993828390886,25.688189741517228,-30.796003780895756,12.504482327796145,-15.384126455151561,5.368528933427989
OSP_3_27.08.2025_20250828_000700.WAV,862.6194,1.0245072854936563,34588.32993759675,3423.3690365524676,0.009308227921956416,0.5393151846379375,0.0023812728,2733,-955.7748285698839,-67.21771811031341,-272.33110005073155,34.05952007855348,-52.564441330279685,62.609510665528866,26.025562812679397,6.51567126948601,21.398575234222953,-35.118490411521435,8.203921122065305,-12.028044054088788,2.3461378658458134
OSP_3_27.08.2025_20250828_000800.WAV,792.6915,0.9634656278303805,34116.91240052426,3429.299119134883,0.00981683694473757,0.5409992641241623,0.0022793284,2765,-995.5651007830467,-77.6583207735014,-313.7287085698475,31.789677677928648,-80.44540729566505,71.12577088267761,22.921520624002735,15.214655543884234,24.640451421971633,-29.301919062373955,13.63855668542585,-16.73843353160608,4.96340371250769
OSP_3_27.08.2025_20250828_000900.WAV,684.6295,0.1365947474399251,116277.11262039846,3300.1301352618607,0.009750197519304992,0.5139274682380863,0.008069421,2733,-835.3052443745041,-39.98608033816509,-222.79270110496068,15.800380202544272,-40.02874939634578,51.38962097395275,26.04452698362822,-2.101604359300836,8.882785351172819,-34.02393901178469,5.568302465125801,-2.0259773221242674,6.0745919846765855
OSP_3_27.08.2025_20250828_001100.WAV,756.645,0.7065185596009309,254462.0066897827,3196.544151077598,0.006551812721371363,0.48839777812136204,0.029629786,1736,-680.2434381180734,-37.92677628786036,-249.4405798094976,3.641941818969141,-52.406219248763016,55.36518742410099,25.545081150954402,7.029231727870301,1.721415046971349,-35.12652490319742,10.889332734304313,2.683641725622425,13.090386907191391
OSP_3_27.08.2025_20250828_001000.WAV,697.6278,0.6437085834310707,192325.99861506428,3292.567766976404,0.009222752035578274,0.507760508772338,0.013767051,2762,-782.1249389731897,-40.90998801255772,-214.6475912271874,14.16698856974703,-36.908683546687406,50.51779493109027,23.344434901198195,4.030304528475353,4.721041321787066,-38.29368966155819,6.878397491818592,2.908774365094047,10.872217398488111
