filename,ACI,ADI,Bio_Energy,Spectral_Centroid_Mean,Spectral_Flatness_Mean,ZCR_Mean,RMS_Mean,Event_Count,MFCC_1,MFCC_2,MFCC_3,MFCC_4,MFCC_5,MFCC_6,MFCC_7,MFCC_8,MFCC_9,MFCC_10,MFCC_11,MFCC_12,MFCC_13
OSP_2_25.08.2025_20250825_204600.WAV,620.70776,1.4186109171026404e-304,763904.5455463144,34044.23458152023,0.00023937474798554293,0.6877837058142512,0.008173381,4103,-988.8553432189107,-162.89181614698538,-143.50246619011287,202.41159693436526,-84.2035926618603,-3.8040783785747325,20.54799418275903,-12.7884223550772,16.032913439560012,-28.77186382994274,28.759506376806222,-13.812823470694152,-3.9795733279110577
OSP_2_25.08.2025_20250825_204500.WAV,603.0779,2.302585092994046,421877.82570318383,34069.07199624751,0.00021922839326194303,0.6848318381736945,0.0043294877,4109,-1020.9572695483571,-160.24899568289254,-139.4234404357907,201.49465750195884,-83.33442407925133,-5.753062454275693,19.65792641306875,-12.441217599001877,18.301795813676726,-29.846389961570893,27.878030784848796,-13.680350806216282,-2.7837050509966894
OSP_2_25.08.2025_20250825_204700.WAV,642.28436,2.302585092994046,396382.40290474275,34126.515138805524,0.0003198645960743071,0.6865676614277902,0.0042082565,4109,-1025.1761342956527,-158.4981941216964,-130.38291624993042,201.05082765168842,-86.00067203309133,-9.231827567015912,21.479216618567133,-9.99445127176364,17.194807394761888,-30.383771587038666,28.230322288881634,-13.453541635398457,-3.7673587223976153
OSP_2_25.08.2025_20250825_204800.WAV,780.895,2.302585092994046,214642.27489551465,34232.68325553597,0.00018256982805173896,0.6877298917027367,0.002179008,4063,-1157.437755583469,-204.6621641882471,-169.78152489235723,248.15447015494632,-93.84230504373222,-3.678662212332479,2.0904363993582495,-6.143620136307708,26.88825709617292,-32.67410226724726,30.923252055229426,-23.70816892852985,2.9538694853595597
OSP_2_25.08.2025_20250825_204900.WAV,608.03973,2.302585092994046,188133.49319482513,34259.9988468169,0.00018457128358190415,0.6860725170605277,0.0018727877,4145,-1202.6302436476851,-217.7273640515091,-182.3973330447653,260.47511665615974,-95.37859514255382,-0.9328349295556485,-3.018342842613963,-6.080041551285488,28.141526482124412,-31.69253102551526,32.33172543968391,-26.767357384881365,3.6021461587009673
OSP_2_25.08.2025_20250825_205000.WAV,547.07764,2.302585092994046,187229.55473857964,34267.33706179553,0.00018608088632983546,0.686299318087941,0.0018574029,4088,-1390.0453451613726,-322.6595649275263,-316.0769022357896,316.79549890654516,-102.22334437533638,61.25222397565947,-35.24773534384164,-3.323897004671732,5.343513712492263,-25.168507491145444,41.89585634506773,-28.190209825611127,12.559598881079658
OSP_2_25.08.2025_20250825_205200.WAV,537.92114,2.302585092994046,186879.69740920674,34283.23159817822,0.00018539027265748073,0.6865545260576654,0.0018551764,4103,-1396.5533231712088,-326.46877639029276,-319.9171453817834,318.2238105889305,-103.44108845559356,63.41155138717794,-35.60743905304988,-2.3544676020425004,4.10474012033535,-25.225185431072916,41.37733136267888,-28.056511462614235,13.238202276925477
OSP_2_25.08.2025_20250825_205100.WAV,540.3464,2.302585092994046,187172.287904905,34268.87341041181,0.00018532050713575786,0.686429353707065,0.0018563361,4098,-1377.9904874045599,-315.3217234498166,-304.9090412594039,315.12573087859596,-100.92647473726721,55.48057976139776,-34.374578207798585,-4.7387363986595865,8.152972282524715,-24.87760772973688,42.44146206109505,-28.952698718519738,11.412008301619435
OSP_2_25.08.2025_20250825_205300.WAV,529.15784,2.302585092994046,187180.91876660197,34284.64177528933,0.00018355077848933253,0.6867507839407055,0.0018570411,4099,-1409.7205199133248,-334.5926225309432,-331.6587328274148,320.3301670706603,-105.12264129635764,69.30317035171814,-36.70407456611367,-0.4934175897519512,1.6053417397670116,-25.536566167786205,40.352379559492846,-27.68313155986528,14.32325962121334
OSP_2_25.08.2025_20250825_205400.WAV,527.1174,2.302585092994046,187127.22364527872,34289.006450968765,0.00018444421038781424,0.6869420422018989,0.0018579289,4085,-1407.9235438592132,-333.3984455535746,-329.5011300241422,320.07050314046785,-105.21368244571745,68.24901269802957,-36.21508359282733,-0.5293424917690892,1.7501531507165349,-25.764199014290757,40.60263428430688,-27.465160612538057,14.029240590564672
OSP_2_25.08.2025_20250825_205500.WAV,549.83984,2.302585092994046,186900.60075841958,34293.014207589804,0.00018439059845714635,0.686998765184306,0.0018558097,4098,-1412.7010977638931,-336.00354887304206,-333.8930460124431,320.4267134491019,-106.04698778814641,70.50255390868547,-36.20868461805007,0.14523164356027946,0.8566112801201143,-26.139967114344266,40.18756041332036,-27.19521725491134,14.49426056524665
OSP_2_25.08.2025_20250825_205600.WAV,577.05945,1.3776350595573148,187990.45489088906,34287.9166191879,0.0001842562711162961,0.6868270054483152,0.0018691701,4113,-1227.0852035565404,-230.2414954211116,-195.53081229020378,270.18355627901667,-96.45889416904048,4.133217560171694,-8.245355721025335,-6.399097189145551,28.07107175093597,-30.385728574429127,34.02557888691489,-29.067121312633464,4.278946596983324
OSP_2_25.08.2025_20250825_205700.WAV,548.31995,2.302585092994046,186979.49522732798,34294.432983139166,0.00018378260137825802,0.6869103173287257,0.0018571283,4119,-1413.1788876326875,-336.199583386769,-333.8343372028803,320.76950270216133,-106.05731804347906,70.40074940354998,-36.334725665987534,0.057648997706384014,0.9764684971851945,-26.080707844816295,40.25241334199852,-27.31757466211743,14.49893869573649
OSP_2_25.08.2025_20250825_205800.WAV,541.478,2.302585092994046,186863.71885238276,34292.31399599136,0.00018382736320635628,0.687040762007819,0.0018552926,4131,-1413.9106899995713,-336.45343579929425,-334.68244207463806,320.70414809468616,-106.40629390571225,70.67121002666826,-36.006021445067766,0.43599339208533333,0.7193397370583374,-26.400243835969317,40.13091549216458,-27.307574158418866,14.822576748952784
OSP_2_25.08.2025_20250825_205900.WAV,549.5595,2.302585092994046,187400.4163748273,34292.983863530324,0.00018415720922101552,0.6871360275295542,0.0018605964,4131,-1398.1140385616764,-327.228719409299,-321.3480815360486,318.514531614574,-104.3121005473762,64.10744510822725,-35.08625658596201,-2.0772804818946975,3.934044658327748,-25.931365333240013,41.28985928860174,-27.858526304628832,13.606129020768265
OSP_2_25.08.2025_20250825_210000.WAV,538.5327,2.302585092994046,188384.14285940703,34273.002808182915,0.00018823984557084586,0.686813188311575,0.0018678999,4123,-1405.8514672259105,-332.46747942640496,-332.1954463491625,318.2757184047644,-105.47376156780624,69.42720819146618,-35.09216785648636,-0.31855019047159017,1.6805544016534268,-26.635893759619936,40.08967691754786,-27.397842561604115,14.650300440523734
OSP_2_25.08.2025_20250825_210100.WAV,633.5606,2.302585092994046,187745.42005907494,34287.03700262201,0.0001848448352746953,0.6868588666748116,0.001865758,4111,-1311.1680540756074,-275.96177120071775,-252.1530617061041,298.86019104054657,-98.06619553130236,29.045755679368078,-24.614508133786217,-7.714515207354271,20.476482688685206,-26.16560787049975,40.97756787124289,-31.548133881034374,6.812185389257872
OSP_2_25.08.2025_20250825_210200.WAV,621.931,2.302585092994046,187869.41716861445,34289.92205379693,0.00018683086523636235,0.6869129080418644,0.0018661884,4131,-1303.212421374382,-271.76925593847056,-246.77217095271416,296.48141921446415,-97.78304468560833,26.64443564013898,-23.48055834626424,-7.766116772915514,21.548911576908825,-26.324864002601792,40.44351378548873,-31.776130360448004,6.439696999603248
OSP_2_25.08.2025_20250825_210300.WAV,555.7489,2.302585092994046,190736.99729231212,34278.31988173303,0.0001861416006152449,0.6869234526988505,0.0018946223,4129,-1286.799308056443,-263.5127909499597,-237.84872773096228,291.43997796120925,-97.10188100010764,22.45821142850353,-20.679759590333553,-8.028914915229182,23.229484017111606,-26.97903232655719,39.37067406661702,-31.603809535123283,5.859058607253393
OSP_2_25.08.2025_20250825_210400.WAV,611.40894,1.4186109171026404e-304,187795.82407337337,34295.78354856629,0.00018342615015166507,0.6872082038885786,0.0018664855,4099,-1312.8054822757292,-277.09178983044893,-252.89790714292053,299.57154761146523,-98.16955893173434,29.502404864117526,-25.18026691463857,-7.708456812778197,20.535898996002395,-25.922776009965013,40.8442406537594,-31.62907435085505,6.814050800050158
OSP_2_25.08.2025_20250825_210500.WAV,659.7467,2.302585092994046,188757.03779149585,34286.404284309014,0.00018363590841279342,0.686854730624011,0.0018779652,4134,-1264.8094257478135,-250.6520762866575,-220.07537303174763,284.5008435073249,-97.01386282794678,13.96597709525111,-16.300924303595743,-7.2329739514092335,26.167481835465782,-28.27298163317104,37.20726028774817,-31.191781781509217,5.14151259727317
OSP_2_25.08.2025_20250825_210600.WAV,584.2824,2.302585092994046,188566.7646215822,34281.91118130819,0.00018711787075128208,0.6868267327416689,0.0018726005,4147,-1370.1329737506308,-311.06107336386833,-301.0856543102562,312.4583907681241,-101.55910161793852,54.03362301189944,-32.23775272833632,-4.93095196431036,8.882242622746858,-25.790462411801737,42.252481694018975,-29.204738835285582,11.627615826101083
OSP_2_25.08.2025_20250825_210700.WAV,538.63763,2.302585092994046,189683.85198603044,34271.77044764827,0.00018273853892879466,0.6864275356627572,0.0018859195,4122,-1328.3299720743667,-286.7547291664791,-266.4452452328711,304.375326965944,-98.50554584595167,35.51791459286776,-27.564602422875996,-7.20049229347898,17.469199236099023,-25.791161650224876,41.93090037300538,-31.0647525977115,7.865607217671222
OSP_2_25.08.2025_20250825_210800.WAV,600.46216,2.302585092994046,187748.90292928633,34295.1168224249,0.00018372979653695203,0.687072214174346,0.0018653683,4122,-1338.48009522703,-291.77099394646297,-272.39010705204714,306.49421173022563,-99.32405134266095,39.12521145166513,-28.944906203080574,-7.092221057354987,16.172993748762327,-25.580810686600213,42.24900202605257,-30.818691197707643,8.531424784490856
OSP_2_25.08.2025_20250825_210900.WAV,555.9241,2.302585092994046,187479.18205402372,34298.188819484974,0.00018271749463773043,0.6871916596853765,0.0018624518,4112,-1406.1109032937127,-332.0654157168914,-327.5215070031978,320.1280809415596,-105.26563105416193,67.21166742760029,-35.81984767927115,-1.1957270893345633,2.458847967861307,-25.807171939685247,40.907752223622246,-27.665874962214815,13.96864459174521
OSP_2_25.08.2025_20250825_211000.WAV,639.4292,2.302585092994046,188454.44940447563,34293.622315023465,0.00018328397131826084,0.6869677220777483,0.0018777538,4096,-1254.6924916498344,-244.8475623452621,-212.68875220838513,280.735017690909,-97.13194173728975,10.92886636141811,-13.971023947582818,-7.031348866587295,26.9794713709147,-28.88119381011867,36.34039272882328,-30.87430316419192,4.879101331766647
OSP_2_25.08.2025_20250825_211100.WAV,594.897,2.302585092994046,188617.84905709754,34284.12904230097,0.0001864321029349071,0.6869398605487294,0.0018724845,4103,-1366.346985357503,-308.7681714051351,-296.478335054475,312.66818750236456,-100.87502031610542,51.2365885785364,-32.481216390655476,-5.448959517127351,10.461213877909472,-25.429172611116403,42.297593634654135,-29.346340311226545,10.834604320182226
OSP_2_25.08.2025_20250825_211200.WAV,572.71655,2.302585092994046,188663.27672954835,34285.855520135345,0.0001852420675071889,0.6869114081553105,0.0018747357,4097,-1277.6372527840372,-257.73304004484703,-229.69861600396322,288.5685102007099,-96.93188882712212,18.504177168933957,-18.95077420521718,-7.833390673105216,24.823114340479393,-27.447114413130535,38.46880071410238,-31.72425392350045,5.596622073353665
OSP_2_25.08.2025_20250825_211300.WAV,660.07056,0.6841393377231006,188832.9595718825,34295.817877096415,0.00018397211310178528,0.6871020755521037,0.0018857075,4103,-1124.4252613332233,-179.9562840846319,-140.41101791285624,226.63426171108202,-94.15689211184555,-11.354977557353584,14.364790094914133,-6.214401436534272,23.79704949293689,-34.04574119326572,28.836422465117234,-18.007492097349992,0.14930699535019348
OSP_2_25.08.2025_20250825_211400.WAV,560.53076,2.302585092994046,187354.09801619183,34300.91646276217,0.0001819756066141124,0.6872017043801778,0.0018623347,4130,-1308.624666339066,-274.3720097082599,-248.48066184971688,298.7477187020849,-98.24351959909393,27.114146435064786,-24.405662025575992,-7.628082895340359,21.575163639623803,-26.079692222882056,40.550158747138084,-31.896828181324075,6.444987242565253
OSP_2_25.08.2025_20250825_211500.WAV,600.5554,2.302585092994046,188089.9658621303,34294.6667589782,0.00018166051943860787,0.6868686841140743,0.0018699585,4117,-1337.4039699433697,-291.2633710157652,-270.95047495649897,306.76831081195786,-99.21727598958643,38.10552967216709,-29.017038684250164,-7.128657912206068,16.6617129087318,-25.307589021130692,42.190246315923865,-31.115071422371575,8.213348107371402
OSP_2_25.08.2025_20250825_211600.WAV,584.76306,2.302585092994046,187783.23597825097,34293.87477479777,0.00018324684882598747,0.6870467615540352,0.0018649626,4118,-1373.9493107589242,-312.7093280004534,-299.99127719853425,315.02384833621693,-101.68617909654749,52.885202091343764,-33.384817415230096,-4.852995002224885,9.472604273891946,-25.365914312948743,42.575073808503305,-29.320536903071307,11.149179352989046
OSP_2_25.08.2025_20250825_211800.WAV,653.4042,2.302585092994046,188509.55765235802,34295.48051758726,0.00018330166601990196,0.6871790242774365,0.0018746416,4121,-1313.3735294049336,-277.60708619391835,-253.98978507955113,299.8144165249186,-98.2784660130156,30.04653388875226,-25.20885351078255,-7.84843836914466,20.40981536584607,-25.96794217078093,40.995546498587046,-31.718822949556735,6.9619438742308875
OSP_2_25.08.2025_20250825_211700.WAV,618.42554,2.302585092994046,187910.49574948518,34295.555232994884,0.00018249718046606762,0.6870287629153867,0.0018687834,4094,-1309.531474954488,-275.08219765481385,-249.60961293848646,299.1336764237342,-98.22455745843621,27.5294630505109,-24.58283316550548,-7.610711960185812,21.3185486166826,-25.973356613888612,40.72080010016321,-32.04685936001686,6.534525667246204
OSP_2_25.08.2025_20250825_211900.WAV,546.7456,2.302585092994046,187865.2538574036,34300.85998406498,0.00018161636844632966,0.6871530716949409,0.0018674459,4102,-1368.2524935689087,-309.49973227910345,-295.0632269234533,313.91602286235735,-101.2737696953041,50.59070529173398,-32.90889958564715,-5.437322338003522,10.648881962954682,-25.03187510419975,42.52891136142538,-29.719778608624022,10.682027326187931
OSP_2_25.08.2025_20250825_212000.WAV,526.7019,2.302585092994046,187418.2069247478,34301.87891812765,0.00018031243821859262,0.6871115293825049,0.001862055,4134,-1409.6650605020084,-334.1577225438229,-329.4144637714146,321.24073313982905,-105.64930844332484,68.02341383261951,-36.31282618065327,-0.7345725375880108,2.016088866913484,-25.78102630514399,40.81889158166724,-27.59147158043443,14.0500661075376
OSP_2_25.08.2025_20250825_212100.WAV,576.73004,2.302585092994046,187984.97453497496,34297.83378900999,0.00018088045523154836,0.6870726232343154,0.0018696078,4104,-1291.8579517875014,-265.2309581222778,-236.79277452685747,293.81919960668694,-97.79432626917485,21.44288274496064,-21.565015511014007,-7.498800657515937,23.80197506290767,-26.69049007850092,39.340850717787816,-32.11415854087812,5.75232283865441
OSP_2_25.08.2025_20250825_212200.WAV,634.54346,2.302585092994046,188196.63366586884,34299.774545119006,0.0001816625729532923,0.6872289750447966,0.0018728222,4107,-1242.0719952716547,-238.1658702045981,-204.2502808313497,276.2479035666446,-97.1379438197733,7.505910537670623,-11.277536706420534,-6.775999100547101,27.78001647712722,-29.58536218864639,35.21668849535809,-30.264884965518107,4.638454290676231
OSP_2_25.08.2025_20250825_212300.WAV,651.13196,2.302585092994046,188167.63714709328,34297.19903949583,0.00018180419029790329,0.6870818952602857,0.001872168,4137,-1315.8322212089715,-278.8000701831338,-254.46691995678907,300.9522532524797,-98.39865464447428,29.96258152491166,-25.764974319371525,-7.622229791271461,20.457644593802087,-25.700998718602953,40.935641000464436,-31.872859072208314,6.987706235623387
OSP_2_25.08.2025_20250825_212400.WAV,640.37177,1.5115489641543016,188385.34889241064,34302.311096277874,0.00018113786168503666,0.6871407544447548,0.0018754086,4150,-1229.6597976572727,-231.8306488032214,-196.45092044106372,271.45978682128117,-97.14072624415695,4.659492668811374,-8.63687826547076,-6.266621122774793,27.969854858049676,-30.325343623430932,34.26150864802103,-29.37618516190263,4.396287207784583
OSP_2_25.08.2025_20250825_212600.WAV,597.6963,2.116954424446624,188242.8479216592,34299.31582413679,0.0001815132649827594,0.6871639799607884,0.0018730151,4116,-1239.385610294094,-236.77508570018645,-202.5209625397399,275.2303571992687,-97.10357061999659,6.8270694808220425,-10.778376493683162,-6.560182911832375,27.839268642050218,-29.84661804810345,35.113089037601945,-30.10401511038971,4.530324181136002
OSP_2_25.08.2025_20250825_212500.WAV,615.1482,2.302585092994046,188232.60760859036,34295.07151819881,0.00018169080494651532,0.6870707142877921,0.0018709064,4107,-1355.610548769161,-302.0814659889858,-285.095991301828,311.40458531885906,-100.2555206307446,45.22875316214155,-31.534573510877266,-6.33496530711656,13.285341737210569,-24.990801645952892,42.592316896266176,-30.371963856479223,9.545251005224463
OSP_2_25.08.2025_20250825_212700.WAV,605.99225,2.302585092994046,187940.36807453426,34297.89629622983,0.0001815158446199564,0.6869431330284836,0.0018680359,4123,-1279.3015860965113,-258.29981292886174,-228.43690223015645,289.59093283824035,-97.52865617904433,17.76400972994255,-19.215443568569786,-7.458298319300957,25.17769168342311,-27.325492345190064,38.39370420349181,-32.03855811634626,5.4383908685406075
OSP_2_25.08.2025_20250825_212800.WAV,653.45337,0.7210801719437612,189289.93636326547,34289.340814650874,0.0001819334613418012,0.6867884174578796,0.0018873217,4131,-1245.1493569983393,-240.1029666844863,-207.03837937851858,277.52842780090356,-96.96867555713891,8.494760586680238,-12.096711909718998,-6.832738718615764,27.51204556872062,-29.322733697795023,35.56088959675785,-30.50705321786835,4.63122676638403
OSP_2_25.08.2025_20250825_212900.WAV,697.2377,1.8915576299830898,188615.2268407117,34298.98325033593,0.00018174353458326538,0.6870135822454156,0.0018785973,4117,-1179.3021462871925,-206.09721807201737,-167.9196424468007,250.84976198477767,-96.21294673838271,-4.998097438297222,2.8331781831227194,-5.665154260324082,27.452763282962305,-33.21378205656787,31.06524866480083,-24.2494198303704,2.9142157680180043
OSP_2_25.08.2025_20250825_213000.WAV,589.83325,2.302585092994046,187926.3729013649,34297.19612897158,0.0001813166651282372,0.6869602680960858,0.0018684542,4095,-1387.191397098159,-320.68170134649597,-310.55280111624296,317.7349032059302,-103.01472090104461,58.32249134772447,-34.655890628294046,-3.6766760914091305,6.78743814645208,-25.256474106278453,42.15382968967066,-28.80465654073185,12.249901098059789
OSP_2_25.08.2025_20250825_213200.WAV,532.7001,0.5799151714181009,188487.54204300672,34294.422928163185,0.00017908468547340068,0.6870314899818486,0.0018740885,4077,-1364.687027286536,-307.50453246107236,-291.80406867777543,313.90026939122953,-100.75992891512031,48.399720215694636,-32.87827097140329,-5.59386493236637,11.725052386070226,-25.10711289846207,42.781830930113834,-29.95967803147191,10.178975552151915
OSP_2_25.08.2025_20250825_213100.WAV,629.13416,2.302585092994046,189438.38448939333,34297.432137137315,0.0001815165839516705,0.6870504885448664,0.0018891806,4117,-1204.2559516859362,-218.6160770760825,-181.88393335745613,261.3593950971242,-96.71577405836693,-0.7196137715346629,-2.708186535453737,-6.023840383199744,28.206499137524514,-31.900149146156885,32.369066583950094,-26.926146970271915,3.778242493694666
OSP_2_25.08.2025_20250825_213300.WAV,602.8699,2.302585092994046,188381.37860654894,34300.46997199153,0.00018118708016301208,0.6871578895123569,0.0018741551,4116,-1204.795339523076,-218.8963078087703,-182.12104266442714,261.5415781716272,-96.63252886009847,-0.5699811588323856,-3.0285912654128704,-5.966063721594069,28.28148565761226,-31.94597195978907,32.45238580940659,-27.011292582738303,3.84671541722921
OSP_2_25.08.2025_20250825_213400.WAV,586.37805,2.302585092994046,188977.4858014132,34286.67105895188,0.00018119381557673574,0.6866872432921437,0.0018784598,4104,-1351.7297086460248,-300.0383852681458,-282.64489466012225,310.74042213194787,-100.01187190858785,43.6689136407267,-30.98179123867586,-6.381700873202663,13.93008386608545,-25.209617078769217,42.618278680725844,-30.54734157136312,9.277343305044154
OSP_2_25.08.2025_20250825_213600.WAV,591.78625,2.302585092994046,188346.95688445523,34297.30179241706,0.00018200702459360632,0.6869949018401518,0.0018720154,4108,-1354.9871168102575,-301.7834854816426,-284.6138887799008,311.2783009480681,-100.28876807662431,45.06236517153582,-31.52484863631093,-6.29737605819245,13.395806649736176,-25.041704947552873,42.66402218960693,-30.51638169668206,9.526523771841026
OSP_2_25.08.2025_20250825_213500.WAV,599.3358,2.302585092994046,188244.0103618743,34296.47102235807,0.00018134052118576278,0.686962495200363,0.0018711518,4119,-1330.7338336113064,-287.45633206791786,-265.7350196618468,305.3099241016809,-98.89832464663185,35.36003539110302,-28.17408295240695,-7.293627050696907,18.068104239013383,-25.48278169643503,41.81790251385216,-31.472066348756996,7.9274044762806435
OSP_2_25.08.2025_20250825_213700.WAV,553.2152,1.4186109171026404e-304,187886.77674236355,34296.06250459696,0.0001824305721917747,0.686918998490296,0.0018671188,4130,-1354.0729345502689,-301.0234736205754,-283.8065382467024,310.83693990133077,-100.12806006384632,44.70811672908443,-31.298528140316815,-6.467558031638378,13.557542901358781,-24.97356061044228,42.53676151310853,-30.525517707205278,9.489967869997619
OSP_2_25.08.2025_20250825_213800.WAV,576.77954,2.302585092994046,187864.724612686,34302.25382827428,0.00018057997707484935,0.6869961290200596,0.001867597,4123,-1393.851723855769,-324.9984647367916,-316.0795780986331,318.7611738823216,-103.7866085092595,61.39884097969813,-35.39925371585505,-2.6668902052295196,5.208114114368871,-25.270433223803515,41.670561850827255,-28.426326612547598,12.862863626813333
OSP_2_25.08.2025_20250825_213900.WAV,532.33923,2.302585092994046,187730.9315138254,34299.19908082864,0.00018045462112962682,0.6870283993065252,0.001865807,4115,-1402.518165095535,-330.0108029032723,-323.80959279795127,320.067456754809,-104.7569209852811,65.25378831260535,-35.80650634857208,-1.7457220676738687,3.365774016958841,-25.584406996436684,41.222678235886775,-27.950028067156513,13.69537276084598
OSP_2_25.08.2025_20250825_214000.WAV,605.5511,0.9251290835720822,187869.4759494438,34299.31062594138,0.0001804524156603386,0.6869689947087638,0.0018680159,4100,-1296.338411526951,-267.6952436813403,-239.7900227814735,295.2571848987288,-97.97958548698962,22.90546244675507,-22.34473876179533,-7.557701322810593,23.22777711623558,-26.44786019523017,39.70614407592266,-32.27848197676068,6.05991525735957
OSP_2_25.08.2025_20250825_214100.WAV,565.7607,2.302585092994046,188635.0801761041,34293.05623402358,0.00018082697307913843,0.6868360047676394,0.0018761785,4118,-1301.0180006486803,-270.88182591189775,-244.170733423839,296.68664976700234,-97.95843521284692,25.055809583182107,-23.263851123589394,-7.555897136255466,22.094622152650864,-26.13965495406008,40.17268940651934,-32.0101418672854,6.145873383935315
OSP_2_25.08.2025_20250825_214200.WAV,651.191,2.302585092994046,188828.02254269607,34297.3088705015,0.0001809995607191754,0.6870675327102532,0.0018791857,4103,-1310.0766708607198,-275.97578347520175,-250.5267624387231,299.36939755632324,-98.30021679616948,28.228646027444523,-24.896925822020815,-7.560367930127724,20.990699015058745,-25.83619609292991,40.668427736475955,-31.844934984591994,6.6037223346048215
OSP_2_25.08.2025_20250825_214300.WAV,576.7085,2.302585092994046,188092.56932766605,34298.82331732699,0.00018167172106000592,0.6869897658649818,0.0018698589,4106,-1377.3376170653169,-315.0268075510096,-302.75889761249675,315.80488200238227,-102.0422338962988,54.52952792046673,-33.83895309734807,-4.727531212768057,8.691633426831809,-25.057684363421018,42.432127218613196,-29.279169810750204,11.463174310652361
OSP_2_25.08.2025_20250825_214400.WAV,728.9437,1.5075327757160788,190349.1553848218,34292.930629864575,0.00018288712391746552,0.686940224157591,0.0019040608,4119,-1161.2254018398755,-197.6374605941997,-159.17449332220704,243.24729734216027,-95.55442257062032,-7.327109731781293,6.605375607462173,-5.7161374223836,26.544310406213413,-33.69161609076276,30.05101761896545,-22.21264017477868,2.3513345672066386
OSP_2_25.08.2025_20250825_214500.WAV,695.03864,2.214517912908632,189093.42425716197,34294.512029928715,0.0001829220735671621,0.6869502688523923,0.0018850847,4110,-1181.0799182144544,-207.13641027448895,-169.23772477706655,251.6649083058692,-96.10804331053187,-4.619746449357413,2.2897368058727854,-5.661566541387861,27.479205280867475,-33.011361805181366,31.091627108301466,-24.582164041631515,3.1621441220112656
OSP_2_25.08.2025_20250825_214600.WAV,653.32874,2.302585092994046,188701.6952098432,34299.25682790187,0.00018107952910588823,0.6871351185074002,0.001877792,4125,-1312.952143865146,-277.3872748072116,-252.68755495728192,300.14959208167903,-98.28684571369755,29.230080761327248,-25.398605431494794,-7.705493375990034,20.78092874085415,-25.81172871943975,40.950191880222036,-31.90779496911709,6.684811402784536
OSP_2_25.08.2025_20250825_214700.WAV,588.08606,2.302585092994046,188386.13798821508,34289.968917277016,0.0001813639414175473,0.6867620558154147,0.0018725522,4128,-1369.8338457566983,-310.5122252851432,-297.1634410860664,314.3780702060932,-101.06661244893732,51.34031628113943,-33.30534720354463,-5.431226704486371,10.401574197702148,-25.013264635967765,42.76519427184869,-29.845127584133113,10.80165902458682
OSP_2_25.08.2025_20250825_214800.WAV,683.7825,1.9407764314758784,189494.24011006724,34289.024119532216,0.00018136207255988176,0.6866782894239272,0.0018892012,4107,-1192.0602204886459,-212.68660570992856,-175.57728129073797,256.5394166483093,-96.31592508593995,-2.8777104641552493,-0.1245411803972988,-5.867493479549255,27.93101060318123,-32.502542987617446,31.77689783788339,-25.897672528226195,3.4877703470920607
OSP_2_25.08.2025_20250825_214900.WAV,609.6958,2.302585092994046,188393.45830283494,34301.2310029591,0.00018200455264019529,0.6873770093025691,0.0018753184,4105,-1256.43651761991,-245.88088194443972,-213.50410145659745,281.5780526368253,-97.23159356624744,11.338483550120221,-14.553404780634054,-7.131470364191511,27.126812533091016,-28.682748696082704,36.52213386521851,-31.246173918700727,4.8239854027984075
OSP_2_25.08.2025_20250825_215000.WAV,561.9973,2.302585092994046,188036.33661841124,34301.02130221374,0.00018183245587278794,0.6871437996689705,0.0018685646,4122,-1401.8099733482704,-329.65443151814395,-323.2553136485782,320.23625644995127,-104.6094774604424,64.85337041698338,-35.969068806484884,-1.9996690085172213,3.811683652911851,-25.52029676919675,41.416584362069315,-28.157161208501375,13.489763541318027
OSP_2_25.08.2025_20250825_215100.WAV,538.31146,2.302585092994046,187822.9415349283,34298.06496814411,0.000180207943627652,0.6870933489394256,0.0018674103,4117,-1390.4985045286526,-322.67771027928825,-313.4130230667542,318.35714980903083,-103.12089553700815,59.797775364916816,-35.14674948551032,-3.523234365349302,6.219701632212809,-25.126773090568253,42.00722884517933,-28.708132187374634,12.453158401160694
OSP_2_25.08.2025_20250825_215200.WAV,641.04663,2.302585092994046,189500.22037482052,34291.968572988284,0.00018107944806032247,0.6869095446598948,0.0018871288,4112,-1268.2349149519184,-252.65561189510024,-221.83687576295742,286.15082522582975,-97.38808281889627,14.623344415071893,-16.979229341207613,-7.290002701006471,26.07695936386651,-27.94243571890503,37.59963331236985,-31.768639547802636,5.101390566346526
OSP_2_25.08.2025_20250825_215300.WAV,631.27386,2.302585092994046,188438.3751985849,34292.41916154676,0.00018303194490165969,0.6868080523364051,0.0018735046,4108,-1350.3765102854024,-298.97754381491967,-281.5449755082777,309.88072696859797,-99.96185091891974,43.4791252388768,-30.775578453404297,-6.655135608552343,14.214561355632902,-24.967860165028963,42.45129917886269,-30.76130349459057,9.244047352056764
OSP_2_25.08.2025_20250825_215400.WAV,609.2446,2.302585092994046,190996.13183499323,34274.843903602385,0.00017775384957764172,0.6862909096330169,0.0019014679,4117,-1331.1852170261684,-288.79185964654005,-267.4724405252923,306.5170145023563,-98.75328180049559,35.440100616122315,-28.487790322651183,-7.122200713559407,17.72398494416884,-25.392040513207096,42.16996789271954,-31.439555837536368,7.620392303460059
OSP_2_25.08.2025_20250825_215600.WAV,700.6588,1.9247431944721036,190676.26527522996,34290.34451748026,0.0001815756953474498,0.6868867282038305,0.001906037,4122,-1217.1284550558096,-225.71706953503383,-190.38688581942947,266.8732174617823,-96.6625567161355,2.204625599628986,-6.023403684093165,-6.2330384121090585,28.23257848706572,-31.106915464720213,33.47172249409312,-28.460774207609173,4.176588415355796
OSP_2_25.08.2025_20250825_215500.WAV,679.25885,2.302585092994046,192596.80512508735,34275.270496920064,0.00018128347378799527,0.686523892011077,0.0019233333,4108,-1197.0377128922382,-216.152981238745,-180.10872356767172,259.3823213299569,-96.23643183158538,-1.6271694569386945,-1.5443723187927034,-5.946102221868016,27.920851514407573,-32.248204201764096,32.29562313145566,-26.449614507223966,3.556706136301117
OSP_2_25.08.2025_20250825_215800.WAV,701.2519,2.0778045090258215,190291.00635479894,34293.37828322885,0.00018217954161634786,0.686878365200014,0.0019016573,4091,-1170.374206330067,-202.09851814459708,-163.78205614220252,247.2869498883949,-95.89087138713789,-6.151672451119772,4.620415332992682,-5.657711730121905,27.006843457842592,-33.41431491807493,30.5888376658263,-23.393788450311153,2.709928246354866
OSP_2_25.08.2025_20250825_215700.WAV,589.7329,2.302585092994046,188142.03222566875,34296.97712230894,0.0001825046863350132,0.6870300355464023,0.0018708003,4111,-1325.7237310831094,-284.61952533325655,-261.8660479063796,303.80896723789493,-98.7440861400294,33.66320637049139,-27.524896259673007,-7.412431386507424,18.835816252441077,-25.328476186952003,41.57202950667932,-31.872929983887456,7.618181779710775
OSP_2_25.08.2025_20250825_215900.WAV,588.1997,1.2571517159420917,188335.1555528484,34297.755959333874,0.00018199853949206268,0.6872785167521874,0.0018728214,4111,-1301.6172070796365,-270.9488255971293,-244.34544805332652,296.9214143362082,-97.88556045967128,25.06947977802436,-23.543985907642323,-7.72080996044366,22.564629999118047,-26.177671909883856,40.112409227183235,-32.171298957316644,6.208760923356267
OSP_2_25.08.2025_20250825_220000.WAV,617.5672,2.302585092994046,187809.30582865997,34298.47990848965,0.00018222942666573633,0.6869990378909523,0.0018658562,4141,-1377.3370797104055,-314.81951681254475,-302.7062746681724,315.72313465800755,-101.93132586101542,54.42890377756272,-33.932293924917886,-4.7555992863660315,8.840828686607347,-25.090991579907097,42.58794581784578,-29.31675132404473,11.2894763337955
OSP_2_25.08.2025_20250825_220200.WAV,625.66785,2.302585092994046,188505.63725121625,34296.06824931382,0.000182550598264968,0.6871031209275807,0.0018739598,4124,-1323.756311562182,-283.6613872174839,-261.0371700808047,303.27246642872444,-98.48801642847823,33.188688098637385,-27.350831303593775,-7.569636500521102,19.205724543523825,-25.411810910343284,41.507654975376795,-31.796539024076793,7.34679664812438
OSP_2_25.08.2025_20250825_220100.WAV,614.00867,2.302585092994046,188561.44678963302,34289.289983783,0.0001812999063797428,0.6867797817474169,0.0018748419,4117,-1325.6896395514748,-284.701506561785,-262.3952375585228,303.83467987752437,-98.63315006099378,33.73839016602653,-27.410285278236184,-7.412675305283115,18.668990374272756,-25.502737560877122,41.7684701942402,-31.676048787230325,7.393228669041674
OSP_2_25.08.2025_20250825_220300.WAV,636.2577,0.41011631828840905,189262.91093327187,34296.4947851285,0.0001815819297848565,0.6868063251943126,0.0018863836,4121,-1260.5036484642717,-248.3982188773244,-216.6064104840387,283.2770201731627,-97.26942986485795,12.51262834396178,-15.468986472231624,-7.143035292065521,26.773851717742463,-28.414614451748413,36.841060867367794,-31.446363075852453,4.962839118503756
OSP_2_25.08.2025_20250825_220400.WAV,661.7413,0.6730116670092565,189669.16566268425,34298.83838774137,0.00018137101998515426,0.6870728504898539,0.0018923715,4101,-1211.7956938903956,-222.84122781731875,-186.82746894654477,264.5965158126995,-96.72897372387438,1.1618003951571512,-4.733584396352135,-6.308115953349877,28.29463956033001,-31.30913547702679,33.01399501746751,-27.998940219151244,4.066824837123318
OSP_2_25.08.2025_20250825_220600.WAV,589.4947,2.302585092994046,188774.2069510681,34298.39893249536,0.00018090622385608565,0.687025717691171,0.0018792169,4122,-1215.8047944758919,-224.6447418418874,-188.65602447266318,266.1469822372167,-96.8002908363828,1.6258223112272665,-5.52017487464031,-6.229668267244261,28.342255027269704,-31.167711251546645,33.18963140695866,-28.246648814281027,4.1605197035054395
OSP_2_25.08.2025_20250825_220500.WAV,566.5262,2.302585092994046,187861.57614169642,34295.18144472938,0.00018127408490919617,0.6870176273940007,0.0018667585,4117,-1407.889618217401,-333.3223684710004,-329.0061302436241,320.8371964563308,-105.30289753468146,67.78105857310969,-36.370571562816146,-1.0277740131426683,2.336017418098311,-25.622713432034566,40.948646852905526,-27.853338347272622,14.036218548343848
OSP_2_25.08.2025_20250825_220700.WAV,661.526,1.4186109171026404e-304,189085.05269397522,34290.41236678752,0.00018188048906790652,0.6870205817160011,0.0018815058,4089,-1256.485195201432,-246.29357460210858,-214.35782182175686,281.8208613293996,-97.01058758011396,11.500827536453881,-14.768040587720966,-7.095674792115851,27.05889858983219,-28.59015420309752,36.45868979002708,-31.22905448054234,4.909693612255041
OSP_2_25.08.2025_20250825_220800.WAV,527.6923,0.6224869206570487,188831.43276330119,34294.610471227934,0.0001797629981981933,0.6867836450915713,0.0018769123,4108,-1376.5983238119281,-314.78559170814236,-302.3136540263715,316.29624692331225,-101.739617250029,53.858968006545055,-34.041310515954336,-4.8877606014082495,9.16086710905667,-25.113072770060416,42.60516590537535,-29.30852177243956,11.255916711865908
OSP_2_25.08.2025_20250825_220900.WAV,621.5501,1.9145579778060338,189047.02438473637,34297.89456609499,0.00018284566518601413,0.6870386712568649,0.0018851358,4141,-1217.1686718483058,-225.3173993639148,-189.75494685026825,266.60071929402903,-96.73484087937287,2.1435360016337675,-5.870267086378276,-6.473453004529892,28.396390153843143,-31.05103177371332,33.377214496870025,-28.374611179480166,4.065008494331111
OSP_2_25.08.2025_20250825_221000.WAV,555.53394,2.302585092994046,188011.61489714123,34298.23063853158,0.00018087960970409315,0.6870214452870473,0.0018687798,4116,-1368.9280487258263,-309.95287492362326,-295.36993361925073,314.4453086518382,-101.12078901804823,50.5162287007316,-33.27264893312068,-5.4605770947289445,10.781025120092098,-24.926705105555136,42.61631542603042,-29.765111177845725,10.571370311659033
OSP_2_25.08.2025_20250825_221100.WAV,524.9082,2.302585092994046,189251.8186104721,34277.63175159333,0.00017889882194718553,0.686515165398399,0.0018810272,4110,-1393.1681413715246,-325.0290362140175,-316.73978926814175,319.62422351941456,-102.896773757872,60.63390652577908,-35.9490149609661,-2.8518848571555417,5.846579426029954,-25.250522187706384,41.72539924850828,-28.47377180769797,12.710100612607079
OSP_2_25.08.2025_20250825_221200.WAV,542.146,0.6297525735523422,189687.96137977662,34276.72716131129,0.00017863884857664215,0.6866107945289956,0.0018867706,4099,-1365.6739505281241,-308.45145523886845,-293.7522716038089,314.60198505232654,-100.454103234499,48.67366773613824,-33.204068483711204,-5.394755835371996,11.68833883630088,-25.317829624139097,42.61258536644175,-29.68396964456016,10.424972164648304
OSP_2_25.08.2025_20250825_221400.WAV,522.25134,2.11625919515653,188956.87775159863,34289.0434128629,0.00017900007722508607,0.6867655555507074,0.0018788791,4101,-1349.9737014122081,-299.03122932973963,-280.5882722175382,310.7027661164517,-99.69281531273731,42.500463455186555,-31.200065289431173,-6.414607322255865,14.646641728223337,-25.142777356737806,42.53050808002861,-30.708733738138527,9.10934568362562
OSP_2_25.08.2025_20250825_221300.WAV,519.46106,2.302585092994046,187989.5992917266,34293.0944114655,0.00017980736190952484,0.6869302249138974,0.0018676037,4111,-1408.6891780692838,-333.905880759328,-329.2655865009194,321.477237354878,-105.15208197168157,67.60554416380786,-36.752187162981905,-0.8416031383556184,2.458965342857621,-25.665115486633386,40.82968670424724,-27.816012986623452,14.168482951909676
OSP_2_25.08.2025_20250825_221600.WAV,526.6638,2.302585092994046,187922.86119508639,34297.33375442321,0.00018007456493107762,0.6869122717263567,0.0018683178,4067,-1409.2657834786944,-334.21380500235904,-329.7236957019962,321.3221363183454,-105.4085421175681,68.0916651097617,-36.59018748369019,-0.9454888381753385,2.2587956828089957,-25.494569960313417,40.68228455241517,-27.791479617579764,14.12574734838216
OSP_2_25.08.2025_20250825_221500.WAV,528.38666,2.302585092994046,188501.04020243074,34294.31821258751,0.0001792043906517212,0.6869432693818067,0.0018736962,4103,-1358.9005876869803,-304.0185180435717,-287.276367542439,312.6762773672025,-100.33604411756494,46.039701501312756,-32.156755496277434,-6.191468096818059,13.062238479920373,-25.009275362737945,42.58823388316517,-30.286722447978207,9.760305811618897
OSP_2_25.08.2025_20250825_221800.WAV,530.7329,2.302585092994046,188477.43048664232,34285.043970335355,0.00018129910525986826,0.6867608740866146,0.001872496,4112,-1408.7276461765139,-334.1202071490559,-330.26496358853126,321.2893475493011,-105.14300972697404,67.98069702033575,-36.55961147494168,-0.6540392408976854,2.0800948998672713,-25.860187813089397,40.90119582824031,-27.642800168082807,14.094443703067233
OSP_2_25.08.2025_20250825_221700.WAV,520.1139,1.8943860925267495,187879.01643993187,34296.916146168274,0.0001796234639489754,0.6869800393279345,0.0018669852,4126,-1412.4372326600824,-336.1575811924682,-332.3484999383017,321.7962525531404,-105.8721180714467,69.41192661902694,-36.752214933636665,-0.2817102139443604,1.430019287130654,-25.76891898534497,40.61323813384677,-27.546287685860964,14.344154686602486
OSP_2_25.08.2025_20250825_221900.WAV,557.8042,2.302585092994046,188828.19949628355,34280.0445821949,0.0001812309538041556,0.6867656464529228,0.0018748334,4116,-1391.4512188935214,-324.10764692977136,-315.67448096404115,318.72701808521924,-102.97218656058206,60.39532563826598,-35.53084749584044,-2.602501365432236,5.6351343670661524,-25.485515226337956,41.65754284610347,-28.13185305602491,12.746461026973712
OSP_2_25.08.2025_20250825_222000.WAV,519.45374,1.961978638341545,188054.4362588152,34295.36200166536,0.00017982881983279363,0.6869421331041143,0.0018692635,4125,-1403.3693101609826,-330.7272793321366,-324.4936796897646,320.66300848771954,-104.55490420843277,65.29999077491101,-36.32338286657966,-1.6739571643568907,3.5495854124648885,-25.478022374061588,41.136157493602,-27.892255332092873,13.59143532727672
OSP_2_25.08.2025_20250825_222100.WAV,527.07996,2.302585092994046,188011.12767290615,34295.57324514278,0.0001821401028017812,0.6869604499005166,0.0018685476,4115,-1387.7577138723975,-321.341049313753,-311.1326545017841,318.1078533871366,-102.64787316927121,58.50772563388474,-35.272648753359164,-3.632851120850261,6.899574424403218,-25.074924547747294,41.94988970167053,-28.722412124662913,12.280211546410142
OSP_2_25.08.2025_20250825_222200.WAV,550.8574,2.302585092994046,190258.84209090794,34273.69718181218,0.00017876814340681764,0.6862451858186727,0.0018912896,4114,-1367.9200986838994,-310.3165481329779,-296.1130322271157,315.0796866133968,-100.75413254106138,49.947069443584006,-33.45615499438979,-4.889288468929956,10.681998881856224,-25.34243405619702,42.81418020777165,-29.4983333440573,10.436996404400364
OSP_2_25.08.2025_20250825_222400.WAV,529.68756,1.1993113401575002,187712.72620166853,34299.972190104425,0.00018092557924425726,0.6870765774806851,0.0018654069,4128,-1413.601403250374,-336.72386587911836,-333.7280256304738,321.67343661794183,-106.0613570974539,70.18728340224344,-36.76812855219148,-0.22110689817943013,1.2968206927240566,-25.69912838393426,40.39871600954706,-27.71971914087857,14.482514689608315
OSP_2_25.08.2025_20250825_222300.WAV,522.0788,1.061805811014099,188819.75196912786,34287.86229269323,0.00018064451911173904,0.6867187409097785,0.0018757328,4110,-1407.9065131849134,-333.8824234149385,-329.80331109393546,321.11906753099464,-105.21731208992003,67.86070919005206,-36.49140412592909,-0.7517536674580871,2.2459893987878736,-25.70572050509427,40.741552222298914,-27.710052717393797,14.049008418449922
OSP_2_25.08.2025_20250825_222500.WAV,536.4059,2.302585092994046,187946.30616956335,34297.333643883176,0.00018108406185841672,0.6868930459078004,0.0018678403,4148,-1406.843693788944,-332.8113954344565,-327.5505130750806,321.0337193104924,-105.12186139427855,67.03746103713934,-36.43080539359388,-1.2834295221944432,2.6212040143247997,-25.364193628506722,40.999980972883336,-28.00561548042732,13.892493239315534
OSP_2_25.08.2025_20250825_222600.WAV,520.1379,2.2671752491520043,187880.39386185713,34296.85347434364,0.00017992968260993549,0.6869247707809737,0.0018682178,4108,-1411.2983244897964,-335.5996910185209,-331.37347896907363,321.50522527081466,-105.69136178609364,68.99650699976016,-36.744064412532374,-0.41153234439886976,1.586541660654163,-25.464133541241132,40.454049529591614,-27.596063031563972,14.21983922870882
OSP_2_25.08.2025_20250825_222700.WAV,529.8729,0.9303387365671514,189498.407522497,34273.324376534765,0.00017925675851186595,0.6863195892819743,0.0018827976,4102,-1338.0351236715446,-292.4303204890046,-271.91363699445674,308.1126885631571,-98.67658565755518,37.57951473883124,-29.949076026310667,-6.57046401911351,16.903161974197534,-25.305861318156843,42.015407667198254,-31.059821052342336,8.27626016587626
OSP_2_25.08.2025_20250825_222800.WAV,524.1282,1.4186109171026404e-304,188260.76091888416,34288.058087093814,0.00018071826602385262,0.6867717823524621,0.0018703006,4121,-1368.8917856225203,-310.2005469764475,-295.98866109739566,314.32229174366216,-100.92577257482066,50.70534170725997,-33.380163551482084,-5.1733047704219395,10.511356710475061,-24.961567215713835,42.531351456469174,-29.704906083188455,10.643809982138357
OSP_2_25.08.2025_20250825_222900.WAV,522.1972,1.478294109146208,188062.53973879537,34295.63595075474,0.00018103715323905905,0.687031126372987,0.0018696199,4107,-1400.2277512215628,-328.9865329931816,-321.93809872274767,320.0691411617373,-104.07068849724902,64.12772264673282,-36.19298719478488,-2.14565472628336,3.9872901808760366,-25.123018802898006,41.400325872302936,-28.16913456658541,13.202683185586062
OSP_2_25.08.2025_20250825_223000.WAV,520.6287,1.5708375781675743,187929.9765404318,34300.709119319064,0.00018010592833336681,0.6871824785616215,0.0018686643,4108,-1402.5639815423112,-330.224796961014,-323.95408886085016,320.24961332362017,-104.5285578637142,65.33367842931284,-36.180071143854775,-1.9873584969773155,3.6093741319607586,-25.272556735105304,41.130380722113784,-28.004325768298724,13.515281740693519
OSP_2_25.08.2025_20250825_223200.WAV,520.20667,0.8938885362449964,187926.9251955427,34294.643901143776,0.0001801539390790038,0.686929679500605,0.0018681854,4126,-1407.189602843072,-332.8824305187818,-328.1028450836677,320.9756250376271,-104.97226328547829,67.15589520079519,-36.469568807947816,-1.2352105407724863,2.6579215685455355,-25.50976360041378,40.948991809598276,-27.939725101443408,13.942109957601343
OSP_2_25.08.2025_20250825_223100.WAV,527.2358,1.4962957314848693,190596.20892084183,34257.628696536376,0.0001878844842335455,0.6862160062075305,0.0018911167,4117,-1375.8890112353565,-315.4704553774129,-308.7647377849499,314.0019659739987,-101.36051998248769,57.18308961010344,-33.50182747730014,-4.459940649119605,7.910242188226316,-25.700138785823405,41.95172661230276,-29.073290158576235,12.11018791295186
OSP_2_25.08.2025_20250825_223300.WAV,521.84515,1.515442151656579,187972.83077091107,34294.394849486074,0.00018109509349214446,0.6869863570319045,0.0018677474,4125,-1415.0862099602853,-337.8450307826664,-335.9777509567616,321.5755168897067,-106.28110917818675,71.3584452326876,-36.710299954403105,0.08405786622780229,0.6659898824466584,-25.79117951164503,40.25233016006654,-27.58857226010408,14.619114709149907
OSP_2_25.08.2025_20250825_223400.WAV,530.9668,0.8396048998609716,189112.73971758605,34276.97899980698,0.00018731826403389244,0.6865807513468072,0.0018771669,4108,-1396.423751734231,-327.17915319424225,-325.0917700475167,316.69767694311787,-104.327721921173,66.23873946897857,-34.41740250394816,-1.936329792174214,3.2384613062083023,-26.34095277288567,41.067236234881975,-28.036844855093324,13.87947486645693
OSP_2_25.08.2025_20250825_223500.WAV,573.18195,2.302585092994046,189757.48191058263,34270.68895360367,0.00017984697175398942,0.6862932730906172,0.0018861567,4148,-1353.2177477237333,-301.29089005687115,-284.7086242363409,311.43517837819087,-99.68113567638949,44.18980016628697,-31.487549236741987,-6.107813555555024,13.58256638692903,-25.204858041119557,42.611668554739126,-30.375492639796224,9.45993665369761
OSP_2_25.08.2025_20250825_223600.WAV,522.6199,1.1911156469541673,189544.10404829006,34275.92499191337,0.00017908998940595916,0.6863448600978544,0.0018851478,4095,-1259.6435666951934,-248.26422803394578,-216.33193060485155,283.6528994874361,-96.87624844999958,11.589561942845025,-15.610692300791609,-6.636640393755394,26.89614301878501,-28.644415314886082,36.74288867813272,-31.232173539788125,4.942413974360103
OSP_2_25.08.2025_20250825_223700.WAV,537.01575,2.302585092994046,188180.85635658397,34297.015610785216,0.00018050900640407972,0.6869859479719352,0.0018707331,4107,-1413.2790119739345,-336.8792747949088,-333.9381323243654,321.60704429303763,-106.11743859117193,70.31085196131846,-36.7366497115858,-0.14009187613954974,1.1775994625356387,-25.586198778977092,40.23487037643657,-27.670410223847195,14.470940536290154
OSP_2_25.08.2025_20250825_223800.WAV,519.7413,1.2403029554325804,187964.7975758501,34296.80449373404,0.00018025181853108805,0.6870285356598482,0.001868658,4088,-1395.7836883454002,-326.16091379121383,-318.15228643443663,319.2177373873722,-103.6396853701987,62.2565621578223,-35.698717312754404,-2.7403744757123105,4.924169985723912,-25.13926344223731,41.62090691805678,-28.360638991357586,12.941870913229765
OSP_2_25.08.2025_20250825_223900.WAV,532.47754,2.302585092994046,188243.99161443327,34289.32760008506,0.0001818699866138897,0.6867348306019035,0.0018699253,4097,-1415.896907266648,-338.5916364113088,-336.29623007647456,322.19244211402594,-106.15722907319338,71.19545486696335,-37.276828400848125,0.5424515128864156,0.7078787236296957,-25.682339725320382,39.99797108362081,-27.55877981398509,14.77394317333278
OSP_2_25.08.2025_20250825_224000.WAV,522.4092,1.4883213008013505,188892.3155458992,34285.05551978082,0.00018012606676267955,0.6867433754101508,0.0018770515,4091,-1399.0015765378873,-328.4413418171423,-322.17531195594904,319.7883403451734,-104.06250269147111,63.942391246357985,-35.72951641362848,-2.039787390242572,3.94170029585281,-25.58433056343491,41.52095809086038,-28.046729515304165,13.284754285272177
OSP_2_25.08.2025_20250825_224100.WAV,548.67377,1.4186109171026404e-304,188866.4658498297,34284.105097346444,0.0001820239056252758,0.6866448374086614,0.0018780774,4100,-1347.6193814361118,-297.59830701836046,-279.29659645663867,309.80844779786645,-99.54799354026093,41.94544616741961,-30.626467765661733,-6.67691776620543,14.80250322712605,-25.089984035300407,42.40541218488938,-30.71323214092119,9.080228866214084
OSP_2_25.08.2025_20250825_224200.WAV,558.7799,2.302585092994046,188725.82123038746,34290.80629545845,0.0001827890197905657,0.686912680786326,0.0018760648,4113,-1388.4544584004964,-322.03149417646443,-313.0463691112793,317.9015145057076,-102.95332594632043,59.49251053194647,-34.96562883258821,-3.3728734107221743,6.294904352446418,-25.348742251664827,41.93048356661907,-28.609753309894856,12.512400022080874
OSP_2_25.08.2025_20250825_224300.WAV,534.5487,2.302585092994046,188679.69169276816,34293.36754138311,0.000179868270763844,0.6868164153402215,0.0018758347,4081,-1371.168038663873,-311.686830712617,-297.89492686122486,315.02011756670964,-101.25914529112853,51.72902416025087,-33.584797110719705,-5.208075628584313,10.160956454753537,-24.94103120037268,42.53032663471119,-29.60542146701436,10.825668952834496
OSP_2_25.08.2025_20250825_224400.WAV,523.61206,1.9806613889036242,188049.83627081822,34293.964031401076,0.00018407131880078293,0.6870277175399097,0.0018675455,4105,-1391.5616548174673,-323.6979568011789,-317.01214432249037,317.24386723410623,-103.54447762559627,61.984571123983976,-34.73880348058587,-2.966771059191352,5.291063091094291,-25.59823214837329,41.56723287793811,-28.46844568566737,12.90005860201486
OSP_2_25.08.2025_20250825_224500.WAV,526.90454,1.6040035491842166,190067.70750831126,34273.411582291556,0.00017930892906381645,0.6864588060248534,0.0018911195,4095,-1329.8147702717702,-287.7085331107706,-266.36507964197085,305.76038874606803,-98.33643357485515,34.92620788569461,-28.476720600418822,-7.09238250402352,18.10008249191335,-25.492913731881355,41.84695781633537,-31.2845132721821,7.69046895315778
OSP_2_25.08.2025_20250825_224600.WAV,522.0364,2.1316770618668834,188642.27477135233,34290.14273163851,0.00018071572811211,0.6866514732703853,0.0018751723,4083,-1361.1014031728582,-305.5321813080733,-290.1160486751401,312.6361556638409,-100.484642398228,47.75844994295289,-32.220428766697076,-6.029461785267229,12.037005057522805,-25.039494282651155,42.66336913940649,-30.051482268707964,10.058330604230642
OSP_2_25.08.2025_20250825_224700.WAV,535.5599,2.302585092994046,188990.89802750346,34282.324792137566,0.00018385993493196922,0.686648518948385,0.0018770458,4107,-1391.2071712237962,-323.9060405171871,-318.04270741538096,317.18872216002427,-103.41969540774014,62.34447850357138,-34.67017422201776,-2.986831002089207,5.073841629454244,-25.63598439300946,41.58073745041896,-28.510022460459563,13.126134156315219
OSP_2_25.08.2025_20250825_224800.WAV,520.99347,1.8578720358898533,188297.38545419916,34296.79885709584,0.00017979557227996353,0.6870182637095085,0.0018723495,4097,-1394.4088608830402,-325.4081103776199,-317.08642767788564,319.15855546207337,-103.53469563275775,61.65044998386705,-35.627300227029835,-2.904621396257966,5.301249246734272,-25.228597305743993,41.7848715456949,-28.508847524226926,12.864919229329677
OSP_2_25.08.2025_20250825_225000.WAV,521.8612,2.269112275242773,189946.23406964605,34274.90404853127,0.0001788024737277083,0.6863159531933585,0.0018885784,4124,-1356.0141598219823,-302.9713397643997,-285.81371217057267,312.6623302557016,-99.87693097762534,44.56468139507153,-32.06708147962649,-5.8583142814757405,13.401911533743904,-25.18680740748479,42.7014284484625,-30.186561387408897,9.30549270304618
OSP_2_25.08.2025_20250825_224900.WAV,520.72766,1.6481373885578514,187842.74515311533,34296.93132039022,0.00017999781089121192,0.6869315884471283,0.001867036,4073,-1409.3544488091288,-334.14892827930544,-329.6854155423178,321.3823756924131,-105.34305360225723,68.05348389489522,-36.61318947388038,-0.9769384298724647,2.2168110228270885,-25.544974834800666,40.91172852973016,-27.901183025864007,14.06253287313849
OSP_2_25.08.2025_20250825_225200.WAV,522.10876,0.9982807146664436,189002.82088697838,34283.80942607877,0.00017982201313509135,0.686744557138951,0.0018780181,4128,-1389.9758082561311,-323.09165117511134,-314.18594197129534,318.72956256220755,-102.78365533093157,59.701513911544176,-35.39954354066682,-3.3098633550947087,6.171162388813116,-25.23464727560146,42.006241210718784,-28.566494897798822,12.452870807885121
OSP_2_25.08.2025_20250825_225100.WAV,521.1084,1.1596634568134938,188634.2424028556,34288.10618790409,0.0001792988921535608,0.6867165592566089,0.0018746969,4115,-1398.5395393706287,-328.05263895327465,-320.9475791164034,320.08997174081816,-103.82645049291588,63.224894890676396,-36.068069108604135,-2.2101835315225062,4.5158280594176805,-25.435370203973804,41.44556002102797,-28.13369179370151,13.23794337000858
OSP_2_25.08.2025_20250825_225400.WAV,523.93805,1.4186109171026404e-304,189324.18271285688,34282.28245547259,0.00017959347783764502,0.6865497536913572,0.0018818582,4100,-1374.5380158859637,-313.9381438395833,-301.5792695759672,315.7923222391925,-101.31765256337037,53.29397914076299,-33.968753310199894,-4.862635410220308,9.31633992473401,-25.041496787768978,42.56173243459731,-29.378764012319884,11.06744884862738
OSP_2_25.08.2025_20250825_225300.WAV,524.6417,2.302585092994046,188059.19518796733,34294.43147866217,0.00018048082559358382,0.686981766470027,0.0018694464,4123,-1379.5237230376,-316.3128282903558,-304.42570316956113,316.43023597695037,-101.88046580022186,55.13912264638933,-34.31949169717789,-4.608891172079347,8.48117919843827,-24.962024534456887,42.31901579652193,-29.132523299796926,11.544914600124931
OSP_2_25.08.2025_20250825_225500.WAV,523.5352,1.369045500515354,189810.38543088452,34274.33460351998,0.00017865606921217643,0.686349587013055,0.0018869691,4118,-1354.2596921874342,-302.04392039711826,-284.87087046983913,312.03320122320036,-99.63921367466799,44.23331039992585,-31.992332982925358,-5.992723602967568,13.68863932841911,-25.11278999387487,42.57272592482244,-30.388852056742007,9.452861067066069
OSP_2_25.08.2025_20250825_225600.WAV,526.70526,0.8555651787767647,187925.50552376572,34298.268369571015,0.00018019990282009874,0.6870549427534208,0.0018678575,4095,-1411.4899609554761,-335.60552333316826,-331.7827450789563,321.5187952589543,-105.70253244065705,69.21000775710789,-36.73775793107557,-0.5323799686367899,1.6616779349468365,-25.598938776592806,40.632510220416044,-27.785236585043606,14.251493029841114
OSP_2_25.08.2025_20250825_225700.WAV,523.5826,1.428084602498858,188345.94250031078,34291.77826163892,0.00018253120930938557,0.6868928186522619,0.0018711289,4135,-1400.9201274767952,-329.45092666700367,-324.2991517956075,319.50571086351897,-104.33621265560801,65.45470326973933,-35.876823549671066,-1.936633668652226,3.5875855122012075,-25.65472053504376,41.242525246687954,-28.08495243832447,13.69830740249576
OSP_2_25.08.2025_20250825_225800.WAV,558.85815,2.302585092994046,189451.63776096003,34277.613681009934,0.00018287463663539658,0.6866260206500745,0.0018834914,4130,-1306.5090744964564,-274.2211560202987,-250.33953141985933,298.27358580738814,-97.42423676858135,27.716527305663234,-24.504555094673332,-7.951298558360147,21.4077561535848,-26.07973012494068,40.664093732101946,-31.846172106844513,6.544137098256763
OSP_2_25.08.2025_20250825_230000.WAV,523.8636,0.43116548642007435,188545.0168914231,34286.54665780801,0.00018087447789633164,0.6867868266691102,0.0018735115,4128,-1393.3086788890869,-324.8988225944731,-317.5279660066611,318.6584670487537,-103.19507052425855,61.709680166599234,-35.54058601913464,-2.9485700976904816,5.416195070165318,-25.37223548190478,41.62194693924076,-28.392865186474,13.001065422922084
OSP_2_25.08.2025_20250825_225900.WAV,536.5126,2.075371083306997,189421.86535933497,34271.278273639444,0.00018562617409170705,0.6865268463330774,0.0018818725,4108,-1262.5143065610014,-249.96436791465473,-220.79751874015523,283.72641587191265,-96.17070392524629,14.339657806210372,-16.358790369515155,-7.844139960080266,26.135853755091723,-27.999696704728095,37.437924121081416,-31.317175112765174,4.940134771174877
OSP_2_25.08.2025_20250825_230100.WAV,528.14026,1.4186109171026404e-304,188404.55769330193,34286.71848383321,0.00018111748004512424,0.6867710096836313,0.001872385,4127,-1397.5461822693444,-327.4300109548739,-320.8227072004423,319.29857415451255,-103.78664279747044,63.44484458654004,-35.82878178669301,-2.347549602294441,4.459083277123372,-25.324687811197336,41.374112836601626,-28.299276031686997,13.372487954772712
OSP_2_25.08.2025_20250825_230200.WAV,529.45605,0.915461429664652,187909.45666191066,34297.825846705295,0.00017978116926936754,0.6868027345568044,0.0018676164,4128,-1404.4709259973067,-331.31070045869154,-325.41636290561866,320.6872177056421,-104.68936608430836,65.92561001767955,-36.395687148475695,-1.6434363513831418,3.250660710816498,-25.407772486299578,41.24722587714867,-28.06669054292436,13.650618399398118
OSP_2_25.08.2025_20250825_230400.WAV,527.24475,1.4186109171026404e-304,187873.9816595207,34293.038374655305,0.00018002552395251622,0.6868416861561016,0.0018677964,4119,-1385.3676220686762,-319.7277397079351,-308.78048368019364,317.74852564051383,-102.32124278073195,57.21224035833635,-35.05477650049553,-3.9255732533932695,7.4304816318994495,-25.002445249105286,42.148987936492034,-28.879614900821068,12.054264289018409
OSP_2_25.08.2025_20250825_230300.WAV,522.5707,1.0365147446132426,188111.4902319109,34296.780100667216,0.0001822901345024994,0.6869748124505491,0.0018704906,4108,-1396.658202664809,-326.7613084590766,-318.7097668589982,319.4851889272977,-103.80105619160646,62.5294876092535,-35.79296283091437,-2.618326929197959,4.798601843686664,-25.118492393274316,41.54225144984759,-28.358000232528635,13.03639037858171
OSP_2_25.08.2025_20250825_230500.WAV,528.51953,2.302585092994046,190075.49541596882,34279.544745348394,0.00017822510995454922,0.6864524428697757,0.001890963,4107,-1358.1572031870116,-304.30339066100805,-287.77608556155246,313.0344021630658,-100.09144943772854,45.77461842127072,-32.306204609761004,-5.923708955864189,12.952915381491676,-25.050379543324272,42.7018062308756,-30.285809111862704,9.7235278221958
OSP_2_25.08.2025_20250825_230600.WAV,530.0083,1.4677324538539842,191916.1194702162,34257.89015611167,0.0001785715486800753,0.6859667068818067,0.0019098737,4115,-1315.8931764153401,-280.5155560477728,-257.299615521915,302.48255609363673,-97.69946304274642,30.009176898208892,-26.39185714021547,-7.162826394544662,19.9559039648719,-25.9162991509359,41.42187530783699,-31.560231255743833,6.711877194547562
OSP_2_25.08.2025_20250825_230800.WAV,526.14636,2.302585092994046,188486.4446889852,34291.78979448549,0.00018049419895681973,0.6867762365610165,0.001873076,4112,-1393.0438426181697,-324.62740787120686,-317.01542378961784,318.6886954046142,-103.21731667491177,61.55167064532974,-35.51494342104252,-3.172888780412513,5.557651695940148,-25.34572584841988,41.89304135424034,-28.567568766844257,12.823764839796748
OSP_2_25.08.2025_20250825_230700.WAV,525.09125,2.220966660533183,191211.55055853658,34265.02519475905,0.00017737669609176854,0.6859643434242064,0.0019035448,4094,-1350.0172516954763,-299.85879004441153,-282.0043235363825,311.45081417983533,-99.5951257170802,42.43635216353778,-31.07218922800288,-6.170922353964044,14.093940136178624,-25.120298462437894,42.74157979208562,-30.596444021000096,8.975165826408213
OSP_2_25.08.2025_20250825_231000.WAV,547.7025,2.302585092994046,189985.46385489515,34267.47011146498,0.00018126379335381163,0.6862797286605231,0.0018873605,4111,-1359.5204141013485,-305.356512169726,-290.240181781421,312.8531276832664,-99.87425507235118,47.03500118612131,-32.45870057529427,-5.698712913551735,12.192539650733877,-25.16081184376295,42.5324867963899,-29.81640075737664,10.073391020870224
OSP_2_25.08.2025_20250825_230900.WAV,522.6027,1.3226473185210414,188103.41190854763,34291.02135372953,0.0001814261140001645,0.6866628360473098,0.0018684244,4117,-1380.6109159175055,-317.19236719602566,-306.11949335320685,316.43866621749294,-101.86344985080727,56.129494260605604,-34.572497315155495,-4.453858899393151,8.006611229724452,-24.96146257073487,42.412782354273425,-29.209553262197993,11.741815381484097
OSP_2_25.08.2025_20250825_231100.WAV,768.7306,0.6914160776171183,196155.77553937768,34264.5299654141,0.00019018444553728047,0.6864729413193474,0.0019765247,4099,-1145.9914992750641,-191.95020948475718,-155.3657943424518,237.55729522239625,-94.1600426756951,-7.869246696163505,8.77585963162197,-6.389657591629935,25.668943926790202,-33.5975887305851,29.779891356526385,-21.08083160088484,1.7148479853302985
OSP_2_25.08.2025_20250825_231200.WAV,694.86597,2.302585092994046,192010.34393469093,34274.49582239763,0.0001871202438371853,0.6865813422112073,0.0019196763,4114,-1206.8841836344081,-221.01725961836001,-186.97448974602125,262.6243279918929,-95.77430455647017,1.3318381826872188,-4.183540726638465,-6.659446365798552,28.057751661059935,-31.38539849292734,32.92799304311895,-27.580806007717126,3.985616672824051
OSP_2_25.08.2025_20250825_231300.WAV,689.32654,2.302585092994046,192784.9344951293,34267.03689869946,0.0001868674838547191,0.6864263084828492,0.0019228482,4100,-1201.7113630643394,-218.88549779376993,-184.34195737709544,261.27088843643645,-95.75993619461605,-0.012140155668902915,-3.0737148703009605,-6.329021054032673,27.995215484143976,-31.94122691383405,32.81127355174889,-26.924448532271818,3.64741997200769
OSP_2_25.08.2025_20250825_231400.WAV,640.4259,2.302585092994046,189680.1075999078,34286.5137679657,0.00018554660279787173,0.6869704945953179,0.0018876106,4117,-1268.2217957736168,-252.93789428272873,-224.13143603903654,285.5057486541251,-96.70430564543801,16.143211221136028,-17.324306970152495,-7.999226163377214,25.81529843880515,-27.69755749744215,37.73131283667719,-31.68633406506678,5.260401585645379
OSP_2_25.08.2025_20250825_231600.WAV,615.8672,2.302585092994046,189064.14302468224,34287.04056251653,0.0001813259606290724,0.6867636920552919,0.0018796242,4089,-1327.611418850961,-286.2653530836855,-264.54141403355715,304.59103067456687,-98.34301310995778,34.78689229264316,-28.202177366541495,-7.664460538839301,18.52470603352403,-25.03970138501109,41.58006806665891,-31.691763627668593,7.686692859534309
OSP_2_25.08.2025_20250825_231500.WAV,640.55835,2.302585092994046,189040.65560778536,34285.31752356242,0.00018325899633985228,0.6868158699269291,0.0018813997,4123,-1281.758649826086,-260.18809349309583,-232.04416488384572,290.2853168651635,-97.13899778298172,19.40285443637599,-19.94382116010093,-7.7274388236814415,24.63968629749884,-26.99929730111164,38.577395528622006,-31.979440181230217,5.605892924425901
OSP_2_25.08.2025_20250825_231800.WAV,626.8716,2.302585092994046,189146.90333215077,34291.11776716673,0.000180698229844902,0.6868557305483803,0.0018822792,4089,-1259.2258266821786,-247.73540161002677,-215.94175744203963,282.9072556488391,-97.09520604754775,12.075231674870215,-15.257871763108366,-7.105027078774161,26.831735301057964,-28.469740818938316,36.78783699400445,-31.408335725304546,4.943970717714922
OSP_2_25.08.2025_20250825_231700.WAV,612.7892,2.302585092994046,188541.87073075774,34293.08207934172,0.00018151685463279525,0.6869190893925115,0.0018754171,4134,-1280.881619039438,-259.3989919673483,-230.0214667220892,290.35761006988076,-97.3708893867517,18.27179723158161,-19.67079750987572,-7.585307370791882,25.06029361271391,-27.04550021603631,38.480145743398516,-32.20451795425747,5.532879407927867
OSP_2_25.08.2025_20250825_231900.WAV,646.8451,1.640723873991746,189277.38362770452,34290.38046415432,0.00018110904148925457,0.6868831375663222,0.0018870952,4113,-1221.2609175979562,-227.5972693398112,-192.50348951815494,268.40703679092354,-96.5742389123869,2.9032817024418858,-6.932233408364627,-6.4779868116642465,28.334359991271793,-30.6355968219624,33.55910057184803,-28.872585390797564,4.314900584394442
OSP_2_25.08.2025_20250825_232000.WAV,586.4611,2.302585092994046,188719.68076855957,34284.048793324844,0.00018380716017991268,0.6867689189326771,0.0018744246,4099,-1406.191930826569,-332.9230875566647,-329.94423464185394,319.9217361382266,-105.15540827446415,68.29683797110044,-36.1242388277887,-0.9622958364971268,2.1585086045091804,-25.58156863958577,40.63661255684708,-27.9848100348301,14.311788728639911
OSP_2_25.08.2025_20250825_232100.WAV,578.24866,1.4186109171026404e-304,189991.64731729007,34278.402950761716,0.0001811699124814317,0.6865114384075677,0.0018920015,4092,-1317.978385954458,-280.95806945205345,-257.827778777532,301.92459462561277,-98.13707240889083,31.372323009874382,-26.386861171883893,-7.610171663954483,19.554021470685626,-25.39941085282315,41.37206470109403,-31.936922991553452,6.99005637418213
OSP_2_25.08.2025_20250825_232200.WAV,671.9592,2.302585092994046,191176.8883139593,34276.62023480313,0.00017952846530559351,0.6863722671157964,0.0019079482,4123,-1198.2535979746053,-216.47816384425016,-179.893625738569,259.8879173100293,-96.30223051581766,-1.9523406577925908,-1.7992878700604211,-5.718776390095834,28.10695583957105,-32.212201924615705,32.18929320709528,-26.650851060465808,3.7194138337578617
OSP_2_25.08.2025_20250825_232300.WAV,647.34174,2.302585092994046,189617.21743501528,34290.03889222658,0.0001806590809291928,0.6868664570097971,0.0018891405,4105,-1220.2966101233244,-227.18334317247837,-192.07940577878134,268.16021017721755,-96.6018366365558,2.6523038191535817,-6.689603344676531,-6.402753334903303,28.371366215111667,-30.8410434104292,33.527953147526304,-28.68248417483108,4.247177637597999
OSP_2_25.08.2025_20250825_232400.WAV,585.23804,1.4186109171026404e-304,188650.15334724306,34294.7891238058,0.00018045254233621866,0.6868406407806246,0.001876992,4112,-1273.4219328471654,-255.34950904103937,-224.84205531787498,287.90189268055957,-97.3477432691757,16.004639422593403,-18.159860858173232,-7.50417016471427,25.822243776828586,-27.448303920027342,37.823856070340284,-32.00020948073085,5.268364090585976
OSP_2_25.08.2025_20250825_232500.WAV,561.0896,2.302585092994046,189576.32915938963,34275.364481318364,0.00018128415349972138,0.6864017648846924,0.0018851442,4097,-1358.6976602646846,-304.48153403469354,-289.86565559722965,311.951199205078,-100.1780331481767,47.35059187234816,-31.782182264494686,-6.070007626528995,12.01291875189632,-25.11569446906185,42.7701344023515,-30.144645462965965,10.025476055177172
OSP_2_25.08.2025_20250825_232600.WAV,596.1653,2.302585092994046,188557.53007019972,34286.431234995056,0.0001836488798437009,0.686715513881132,0.0018750376,4133,-1334.4495344346315,-289.74023110605634,-269.7840229723285,305.9266059331146,-98.8367502894193,37.45033393187277,-28.598635079781324,-7.403884209955965,16.97684499426816,-25.327971863405487,42.157938362831466,-31.270490739583263,8.138247475541663
OSP_2_25.08.2025_20250825_232800.WAV,586.1378,2.302585092994046,188725.90313803853,34291.03588671153,0.00018036914934203767,0.686832459581239,0.0018764795,4099,-1365.7569159857653,-308.43368387718675,-293.8993982563097,313.7232635004957,-100.72049788510098,49.698184554127636,-32.99150814645365,-5.796348989146094,11.211064382215936,-24.734685650091162,42.52838114745379,-29.93167080602791,10.436957733221217
OSP_2_25.08.2025_20250825_232700.WAV,653.935,1.4186109171026404e-304,189596.73770680814,34285.68745359292,0.00018273780287245253,0.6866616997696174,0.0018893834,4110,-1172.7144882426803,-203.30571768182827,-165.67717825975873,248.29334460018816,-95.589597241976,-5.634272648348329,3.89945198883124,-5.919821653251755,27.235488958109567,-33.04088000756617,30.546978237294063,-23.797865738890458,2.884849467738347
OSP_2_25.08.2025_20250825_232900.WAV,716.475,0.4700328434918332,190242.28338390033,34291.68292706186,0.0001824022710716133,0.6868747291113981,0.0019014436,4108,-1195.3893207154674,-214.54815283835902,-178.00232028257463,257.8639284688919,-96.21463564624824,-1.893003275571727,-1.1516202234332429,-6.0507898422460755,28.134603077603295,-32.26593078525303,31.90417083019937,-26.27827321139757,3.6387252060977633
OSP_2_25.08.2025_20250825_233000.WAV,593.0875,2.302585092994046,188299.16204090972,34285.66379464687,0.0001834284497310591,0.686832005070162,0.0018708301,4112,-1389.3602166508524,-322.31191604934776,-314.726148351658,317.46924281810357,-102.93794803611138,60.47123165657066,-34.81242945011942,-3.564628986617337,5.932398027891951,-25.28457009237611,41.93952311301781,-28.667717457063706,12.713262891497854
OSP_2_25.08.2025_20250825_233100.WAV,603.80945,2.302585092994046,188263.01042076427,34293.576769774234,0.00017998747309601348,0.686758692433445,0.001873424,4140,-1298.6409161492231,-269.17117618516954,-241.9326774124297,296.079612523071,-97.6650717258449,23.789080490108287,-23.132202743880725,-7.725655739058135,23.10919785180904,-26.085218544857405,39.74738342364356,-32.40256319940641,6.232719246773007
OSP_2_25.08.2025_20250825_233200.WAV,624.63525,2.302585092994046,189168.35084229874,34288.99227904681,0.00018179124979700998,0.6867160138433166,0.0018814106,4113,-1274.6459503284996,-256.2685391873652,-226.74735816373953,288.1559742666426,-97.12111743853208,16.94011715027896,-18.61103210536374,-7.566367610384128,25.55226236686252,-27.404756737773496,37.96080288393365,-31.939377534789127,5.4529500012977365
OSP_2_25.08.2025_20250825_233400.WAV,625.29016,1.4186109171026404e-304,188640.89286047607,34294.89776923531,0.00018065563103403885,0.6869017270693708,0.0018764655,4121,-1285.624290699202,-262.10744839192137,-233.2989435879818,291.9330729827003,-97.50723890705305,19.82751973886941,-20.681219223795775,-7.567346739846091,24.65255007878623,-26.908644674235152,38.75626149531503,-32.20881001844607,5.7172205446294315
OSP_2_25.08.2025_20250825_233300.WAV,661.7628,2.302585092994046,189212.07925131332,34292.13461660844,0.0001795666374842683,0.6870240360001861,0.0018880476,4080,-1203.6843241258468,-218.3872632076139,-181.72225696279978,261.2888121049976,-96.51640082816452,-0.9658390326479925,-2.734234379141271,-6.011016962757367,28.323041326858757,-31.832017671249815,32.23539007534303,-27.034322433931287,3.8584390242902593
OSP_2_25.08.2025_20250825_233600.WAV,568.4403,2.302585092994046,189222.2958044461,34286.848540398205,0.000179584225913321,0.6867560562691986,0.0018822955,4086,-1318.878516790426,-281.09481133722494,-257.51975028473163,302.46965506836193,-98.08394053041717,31.00934361029148,-26.812984042600892,-7.615157593608482,20.212210605344502,-25.47203766784279,41.1233429525214,-31.99775396221745,7.1738306323722405
OSP_2_25.08.2025_20250825_233500.WAV,591.77234,2.302585092994046,188450.56865605863,34288.68863936438,0.00018170336703382962,0.6867046510663921,0.001873459,4114,-1366.7869894738176,-308.8260168280247,-294.7270367246192,313.8791769463442,-100.70237073984781,49.99137594255189,-33.15591529778485,-5.627867834589712,11.204002927446668,-24.94249298574686,42.46894348035752,-29.90570407494295,10.734335558309468
OSP_2_25.08.2025_20250825_233700.WAV,537.49506,0.6931471805599453,188344.26567950193,34289.24022447405,0.00018132609443493821,0.6868447768314251,0.001871559,4122,-1370.2320444126879,-310.8539151215114,-297.4340142530462,314.64380753056906,-101.00121518188263,51.436952287232714,-33.37687202812422,-5.520614063754726,10.354049693181162,-24.893382836500678,42.575674476803485,-29.736794426390336,10.930727731615935
OSP_2_25.08.2025_20250825_233800.WAV,525.26904,1.4186109171026404e-304,188171.18192467152,34292.54707224577,0.00018006360309663226,0.6868886826014614,0.0018706295,4106,-1385.6475028728041,-320.08454498850335,-309.83741737331894,317.6428739194038,-102.40938083409029,57.869536938749306,-34.997908632377374,-4.012370847784126,7.210086855390557,-24.985193894072353,42.12448531824411,-28.96622112761261,12.26360353706766
OSP_2_25.08.2025_20250825_234000.WAV,653.16583,1.511963741764343,189501.6647802288,34291.44865147465,0.00018283327926055465,0.6871285280967839,0.0018887465,4096,-1234.0339745441909,-234.43590065159938,-200.81518116479864,273.35918042719135,-96.53250827443111,6.212499868664635,-10.089741872490748,-6.930897603874413,28.209100108879163,-29.828818965361627,34.60224999393291,-29.950789429904983,4.536020876047698
OSP_2_25.08.2025_20250825_233900.WAV,632.9614,2.302585092994046,188846.9096051948,34288.19110085298,0.0001817712634848014,0.6868367319853625,0.001878684,4114,-1310.8506176748986,-276.44461694690347,-251.8966327273479,299.703159966935,-97.83053941412592,28.62947851110535,-25.39118714499693,-7.8755748754984705,21.19128192735934,-25.567015432109674,40.724661084248545,-32.22108773750226,6.701358552535318
OSP_2_25.08.2025_20250825_234200.WAV,621.7904,2.302585092994046,188626.95153492014,34289.45013944523,0.0001831700831779015,0.6867019694510379,0.0018768687,4109,-1288.0570737197277,-263.39218416238475,-235.85518553979747,292.39274393531315,-97.23435824037648,21.136281813031996,-21.073059856198302,-8.000984294627724,24.08639494182811,-26.61216410719253,39.18353143988806,-32.209483588886954,5.750123960715091
OSP_2_25.08.2025_20250825_234100.WAV,609.4292,2.302585092994046,188682.64885764918,34291.82162437581,0.00018129846933479722,0.6870008559352602,0.0018755456,4126,-1332.065088616105,-288.5373938688283,-267.48421736294677,305.6401518938468,-98.7591427154875,36.29076609977759,-28.570104155913608,-7.461622362145193,17.73928910738228,-25.196824513367527,41.889141549328876,-31.505053660274807,7.987429951576713
OSP_2_25.08.2025_20250825_234300.WAV,588.08453,2.302585092994046,188415.83095630736,34291.06127772833,0.00018089735022564285,0.6866868796832821,0.0018728848,4126,-1372.9675740886087,-312.4370071879851,-299.8688397773727,315.0919701618096,-101.32352641473977,52.71450873836381,-33.59880746132915,-5.365394596654788,9.901055882996458,-24.909982737179995,42.441665976896694,-29.594204723722342,11.138624187511283
OSP_2_25.08.2025_20250825_234400.WAV,703.65356,1.0643481929971415,190416.36741530374,34286.232456714766,0.00018197460246137138,0.6866147942264731,0.0019033937,4097,-1198.065793916732,-215.85456477457848,-179.65341621194173,258.9665388485157,-96.11066385303545,-1.4157205185017152,-1.7430307257614897,-6.243193464326675,28.14508783320371,-31.930126954234222,32.09829349549785,-26.640026460729583,3.630981852571951
OSP_2_25.08.2025_20250825_234600.WAV,642.0049,2.302585092994046,190148.51345529914,34293.96850814573,0.0001820567359816532,0.6869624497492554,0.0018990368,4136,-1182.035218449897,-207.8772345099001,-170.51027469283434,252.27737224947984,-95.91669240681975,-4.160820157303704,1.7981901333876287,-6.00636110774726,27.761754289339187,-32.81906938555596,31.169298091720663,-24.84671981032388,3.106127088335167
OSP_2_25.08.2025_20250825_234500.WAV,635.5155,2.302585092994046,189487.65800178685,34285.18124864093,0.00018220831933267828,0.6867709187814158,0.0018860879,4073,-1258.6977948061178,-247.60301020553638,-216.13415726320633,282.7996629884004,-96.92822587942318,12.043425391961298,-15.260391231137165,-7.126278364657684,26.911864381647586,-28.496430926945465,36.66398171991921,-31.306085977775354,4.960577908967459
OSP_2_25.08.2025_20250825_234700.WAV,687.16943,0.5623351446188083,190346.78081792223,34286.2305371359,0.00018282346262892194,0.6869100446220795,0.0019018522,4130,-1150.6029055728047,-192.66594353427473,-154.33930616409293,238.68107150781805,-94.8382276094125,-8.491961155492394,8.562286514036371,-5.937143332708771,25.948088437809833,-33.73580977161153,29.753554678673183,-21.28906392112394,1.801857570340553
OSP_2_25.08.2025_20250825_234800.WAV,590.6315,2.302585092994046,188444.11654222716,34291.99038433352,0.00018171394252693463,0.6869083629310947,0.0018728338,4107,-1366.48477334638,-308.6055088587759,-294.8529233006164,313.52123528905713,-100.88466973045175,50.31855445003089,-32.771485768760265,-5.843260068728237,10.944212875265961,-25.023808986578143,42.77124078017527,-29.885139231023008,10.485965086685606
OSP_2_25.08.2025_20250825_234900.WAV,528.4818,2.302585092994046,188025.697452729,34297.64842129684,0.00017952611520933407,0.6869211346923578,0.0018690823,4118,-1416.6390344000672,-338.72573201311127,-336.4398792936302,322.38768159323524,-106.32251308347877,71.4579933925239,-37.175149906092365,0.051597257105480646,0.7788662066731238,-25.55886009290561,40.235920785223826,-27.644036402438157,14.594059963626115
OSP_2_25.08.2025_20250825_235000.WAV,595.41345,1.053946475044853,188614.9903651171,34294.59009042967,0.0001817693443497103,0.6869255434498045,0.001877755,4112,-1225.800969098235,-229.75719503050357,-194.68784732424214,270.19277467380965,-96.77009843702623,3.65445095103426,-7.843039423759438,-6.506961305868774,28.41444943844269,-30.495526658313796,33.84204981072158,-29.190961192627135,4.366361341347543
OSP_2_25.08.2025_20250825_235100.WAV,627.3955,1.4186109171026404e-304,188753.26796868478,34295.96012501688,0.00018084200773942974,0.6870504430937587,0.0018797694,4116,-1232.6703887850713,-233.40060948121115,-198.89464294559906,272.8853036705157,-96.83758954237184,5.28398417841707,-9.38079386606228,-6.755553172543688,28.229816186211742,-29.937816688747624,34.37082525084353,-29.769633986533172,4.500754944642861
OSP_2_25.08.2025_20250825_235200.WAV,633.6802,2.302585092994046,189868.46233848826,34282.14507788373,0.00017958277838778355,0.6865906596882854,0.0018898095,4102,-1250.1778997812007,-242.965913777633,-210.42611366366444,279.92082139686914,-96.84592874482236,9.377480513152802,-13.400864476326124,-6.859668101579912,27.586774304677242,-29.057016448137766,35.864083329976026,-30.88646007159589,4.8290094596757145
OSP_2_25.08.2025_20250825_235300.WAV,573.357,2.302585092994046,188699.59011239724,34288.75552188872,0.00018055780361328017,0.6866684719846644,0.0018755574,4104,-1390.8851181813566,-323.4183138389546,-314.9449166105889,318.47001526778035,-103.13793624466955,60.368122633920756,-35.34629932116227,-3.158945661325144,5.971432061173997,-25.259318952894077,41.91439828409094,-28.74934867223645,12.827578133623904
OSP_2_25.08.2025_20250825_235400.WAV,528.4446,2.302585092994046,188194.13113829488,34295.48794932441,0.00017997959941773228,0.6867909627199107,0.0018706511,4113,-1407.0723331347679,-332.9277340671817,-328.04296925388525,321.18881725918146,-104.95940996209036,67.16407909151422,-36.556830078005675,-1.441719305604366,2.6956390942651436,-25.3904242107765,41.12492476959269,-28.033152935850712,13.946031866215007
OSP_2_25.08.2025_20250825_235500.WAV,546.6317,2.302585092994046,188056.01846332476,34291.969121437134,0.00018173394833081064,0.686749965820767,0.0018693852,4109,-1410.7756266904319,-335.20582133047554,-331.54279752106896,321.43398198294466,-105.54675975711424,68.91699415719563,-36.7383734770497,-0.5747230191376677,1.8120515442712628,-25.51515992370538,40.58187359297,-27.8220951773678,14.350516384273767
OSP_2_25.08.2025_20250825_235600.WAV,609.25446,2.302585092994046,189348.46538141853,34288.41904696273,0.00018120075725592825,0.6867396484193196,0.0018847539,4125,-1252.008071670864,-243.91845171588741,-211.37302678809107,280.4416921011974,-96.94848342132815,10.014657451248935,-13.782971017105556,-6.927617661734354,27.36584164302837,-28.90621636529434,36.10282952671279,-30.99791883283439,4.798431255191268
OSP_2_25.08.2025_20250825_235700.WAV,562.86914,2.302585092994046,188642.57802011428,34294.982313236214,0.00017939215099370195,0.6868990000029088,0.0018754756,4112,-1332.0798264717419,-288.45087466910263,-266.5103799936704,306.0391817336897,-98.84122733972563,35.6369854566659,-28.72207707993117,-7.318699424161608,18.05422966682798,-25.152984858845404,41.91213614034932,-31.677473056374186,7.796180767907964
OSP_2_25.08.2025_20250825_235800.WAV,549.21735,2.302585092994046,188146.53171362088,34297.715414218575,0.00018003918795281962,0.6870460797874197,0.0018711418,4103,-1411.9966425110645,-335.93860632216604,-332.19837176573463,321.8349292116358,-105.72623175114013,69.27549134989138,-36.90521545682083,-0.5334092312366633,1.697852006609397,-25.49054930132474,40.65908899037119,-27.830123272919263,14.257585307183694
OSP_2_25.08.2025_20250825_235900.WAV,585.96765,2.302585092994046,189682.4486869041,34270.37944049484,0.00019035875624938477,0.6868525944219491,0.0018827053,4090,-1356.9421289120398,-303.7413541762421,-293.7358843213139,309.0962910028892,-99.93698985593068,50.40273949451215,-30.964008567956817,-6.708706630836909,11.268737597858882,-25.588632335038724,42.542957956187514,-29.944480337359536,10.632290327729605
OSP_2_25.08.2025_20250826_000000.WAV,614.1891,1.604372079436423,188477.7263457376,34294.09746031621,0.0001811697469411401,0.6869055449624174,0.0018750271,4130,-1261.242793305592,-248.58362473578674,-216.95395945596837,283.4717349403096,-97.1091940337594,12.600887560928404,-15.681123743154126,-7.286127481752299,26.897800369009392,-28.256504310216673,36.77589602922361,-31.559781344515347,5.0549542726109165
OSP_2_25.08.2025_20250826_000100.WAV,653.0416,0.6365141682948128,189066.92327826805,34291.33788815752,0.0001808225154411363,0.6869144988306339,0.0018830748,4093,-1178.3282691012496,-205.88634724088217,-167.8899893995266,250.7821687063816,-95.91584427064123,-5.252946386499666,2.7117049947362135,-5.610600976017078,27.68731825772291,-33.221894446846235,30.75370463923642,-24.1823582083566,3.1164107860354666
OSP_2_25.08.2025_20250826_000200.WAV,715.8131,1.9812891136717585,191080.0244805786,34281.6472159028,0.00018290451477488836,0.6866271569277669,0.0019095321,4099,-1142.017574447163,-188.7708661311348,-150.13763457476315,235.16085259038613,-94.66139688780645,-9.663790380546233,10.492673478629603,-5.812902309172264,25.28299624276683,-34.05412169863409,29.39488897969797,-20.07408739500105,1.3351905285643018
OSP_2_25.08.2025_20250826_000300.WAV,593.2024,2.302585092994046,188258.94489979543,34296.233873935664,0.00018005115781990168,0.6869323611159592,0.0018718194,4100,-1359.3401389595972,-304.2667725948735,-287.81795690446984,312.4724485702363,-100.34802877477827,46.53800830837171,-32.298028985616575,-6.1727218065733425,12.847362321514284,-24.84581528051604,42.67493096286758,-30.543644502059138,9.8687016068051
OSP_2_25.08.2025_20250826_000400.WAV,664.3656,2.302585092994046,188993.82232243966,34290.02698230282,0.00018167980406887728,0.6868454585980406,0.0018816281,4090,-1259.2623152651695,-247.7322977808238,-216.11901212396347,282.76506439087655,-97.01625350440695,12.243880241075432,-15.299344124103738,-7.16599084783794,26.786330971811065,-28.357893267736433,36.72080715286118,-31.465898750703275,5.044315674476306
OSP_2_25.08.2025_20250826_000500.WAV,629.4269,1.4186109171026404e-304,188511.75412969102,34293.7973738417,0.00018184721933939228,0.6869018634226939,0.001875583,4100,-1287.5966031637045,-263.0916761680308,-234.56291099127498,292.45566324539385,-97.52986094955548,20.417887628535855,-20.969742811850836,-7.556359790111912,24.26344833811595,-26.762307103072153,39.05772380728058,-32.298977670783316,5.731152249900919
OSP_2_25.08.2025_20250826_000600.WAV,644.0204,2.302585092994046,188691.77856299147,34295.5624227469,0.00018144972788626467,0.6871780243530671,0.0018774088,4098,-1312.1389752817988,-277.08398142664754,-252.35859068329296,300.0232237653227,-98.16265132130388,28.950694600823383,-25.47012926584759,-7.660850432347517,21.065068198692,-25.742312398622143,40.6784722804602,-32.01399610891661,6.789530205169515
OSP_2_25.08.2025_20250826_000700.WAV,680.075,1.4186109171026404e-304,191089.39404750115,34280.943581370695,0.00018147373562232342,0.6866392469224146,0.0019088913,4111,-1221.118909288302,-227.837766263549,-193.55920299995032,268.5011753092757,-96.49200703215483,3.174481038597493,-6.872429486709908,-6.522710339435283,28.260492507862907,-30.741875971498885,33.59579860040251,-28.830082862453736,4.336939429849735
OSP_2_25.08.2025_20250826_000800.WAV,645.00757,2.302585092994046,188919.25824396402,34293.89305355681,0.00017949960445018742,0.6868955911698316,0.0018824915,4102,-1240.1613299043352,-237.35893917000496,-203.3152464570224,275.832743689012,-96.94446515175602,6.85501452160236,-11.116999876208007,-6.6123321556236565,28.02276094831759,-29.652940137945862,34.98180296993695,-30.337699210987047,4.6913377572183395
OSP_2_25.08.2025_20250826_000900.WAV,583.88873,2.302585092994046,188220.00998179024,34296.04263248099,0.00017966243456658349,0.6870607150440985,0.0018714103,4098,-1404.09331839878,-331.16053644638066,-325.3185698521342,320.82521018080723,-104.57945240298065,65.72782216984587,-36.468139711246394,-1.8287430947341576,3.4707070691490363,-25.294421172434802,41.235100321367376,-28.05498061737171,13.610810823109118
OSP_2_25.08.2025_20250826_001000.WAV,645.37,1.724507776073405,188995.4869328002,34295.299640138335,0.00018061119158375587,0.6869832209054734,0.0018831765,4100,-1252.591312291264,-243.97484997440552,-211.34603492895215,280.4090965407485,-97.03332303314245,10.186501309362399,-13.858297748856499,-7.025440209413058,27.50151170018268,-28.875549493675337,35.99394424805403,-31.061660011008982,4.918294451221012
OSP_2_25.08.2025_20250826_001200.WAV,728.3817,1.7871013839050907,417201.3199000989,33922.493292817875,0.0017716841346906388,0.6809047064629504,0.0078498395,2528,-857.1770622924114,-112.45574649379269,-93.02293128938061,149.80736101284626,-67.51067931685398,-12.12493446178374,28.904363410664214,-13.7859847326904,8.627240310827563,-19.701525637002128,23.578104355465737,-8.591089114993384,-10.352693097293672
OSP_2_25.08.2025_20250826_001100.WAV,686.36646,2.302585092994046,202529.85576808886,34252.709068366654,0.00019281771483445454,0.6864728504171321,0.002029523,4121,-1150.5941256142644,-197.48014443965937,-162.95888427786824,241.9500895416237,-94.01865535661027,-5.146515022493147,6.404545501134067,-7.203839203964869,25.673144674328377,-32.95805066378278,31.02511474448864,-22.389866791474162,1.945163048122467
