filename,ACI,ADI,Bio_Energy,Spectral_Centroid_Mean,Spectral_Flatness_Mean,ZCR_Mean,RMS_Mean,Event_Count,MFCC_1,MFCC_2,MFCC_3,MFCC_4,MFCC_5,MFCC_6,MFCC_7,MFCC_8,MFCC_9,MFCC_10,MFCC_11,MFCC_12,MFCC_13
UoBBG_29.08.2024_20240828_202931.WAV,662.3276,1.6135617118777437,136489.44404190822,10512.16596825444,0.0037989336236934454,0.6062236369782145,0.0072985524,3542,-874.8047534217692,-113.17623634449747,-236.95604893472748,95.42305327825254,-18.822876254101896,68.08761366507501,-11.34303699147863,-31.162007108803277,10.695213031527265,-20.095829412990575,26.253453145719973,-8.159350233340682,3.695990999721807
UoBBG_29.08.2024_20240828_203000.WAV,680.39185,1.116192314744211,185458.99796156603,10524.203800597503,0.003675779291120854,0.6054035592586436,0.004382668,8202,-876.5823079786818,-107.1635417523422,-219.06611414446485,95.43860820368204,-11.976205269832588,62.40250339709975,-9.615084790390275,-34.090642651773216,11.049170366880546,-19.475726465143797,25.701809352299595,-7.269932425592676,1.9603304988761272
UoBBG_29.08.2024_20240828_203100.WAV,706.77985,1.4737865687432656,255923.13438269662,10521.43244135918,0.0036479427768793264,0.6043858304936836,0.006419464,8202,-816.9504527589353,-94.50342290666467,-190.12842622546,87.72598539322344,-8.215691903788413,51.5671577809749,-11.567724942671196,-33.99164372989296,14.083281131074463,-13.789663783657538,23.27969599797969,-6.306759507175791,-2.5810049914292392
UoBBG_29.08.2024_20240828_203200.WAV,687.6118,1.510138197634641,398287.9563609731,10500.043658309754,0.0037062555978883836,0.6033036901595744,0.009816754,8209,-832.7395801921375,-119.40098210695616,-248.83108451299623,93.38838603125697,-24.695406555623613,74.51975990711155,-13.50493569299358,-27.9064930087968,10.475851162465878,-18.18803165987181,24.62239880034615,-9.673068290127235,4.31223840598362
UoBBG_29.08.2024_20240828_203300.WAV,640.9069,1.0614310773040152,128464.73871544762,10524.816454719088,0.0035791856891536733,0.6059497589760638,0.0029536015,8226,-900.1836684702373,-106.36634176711215,-218.27928773627602,97.18584329743526,-9.97217483146914,60.77293867708673,-8.253544941314173,-35.46674560362777,11.069820344585485,-20.617966349191622,26.13333133640582,-5.728654045289492,1.1003605324530956
UoBBG_29.08.2024_20240828_203400.WAV,513.8244,1.9411885963869957,93191.33640341098,10534.579266627763,0.0035572515978153927,0.6064399881565824,0.0019947384,8237,-1149.3094437522593,-221.50622978742095,-480.993572935769,83.8702467187532,-130.12175599787494,131.16455458227264,-37.892193654290786,35.06373962987028,0.9482865269663718,7.871405682751614,17.50113713007503,-6.245136497181666,1.8051407942036095
UoBBG_29.08.2024_20240828_203500.WAV,514.1306,1.9459101490553132,92981.66332629575,10531.826863887283,0.0035631923777449423,0.6059852113115026,0.0019889646,8211,-1153.3139543780244,-223.28754859622586,-485.7574029016242,82.7200786084364,-133.37817305013354,131.19684593715397,-39.79994563813052,36.067686409161205,0.10618560281149979,9.206261087994145,17.55371602349396,-5.035959062102313,1.8615420630746442
UoBBG_29.08.2024_20240828_203600.WAV,513.56116,1.465348355033432,92946.6577318277,10534.347596269108,0.0035582067186942542,0.6062238977310506,0.0019887078,8189,-1155.8383656001035,-224.51920098840395,-488.74390491858,82.08118055418358,-135.75015548180482,131.15969121580613,-40.70344726360187,36.537146836378334,-0.2852208102118229,10.077670964302845,17.273079226242913,-4.203762491039094,1.9130898975568011
UoBBG_29.08.2024_20240828_203700.WAV,534.79004,9.457406114017602e-305,93555.62628472749,10534.420245437383,0.003557783095751636,0.6061445520279255,0.0020072416,8203,-1109.6779108561893,-201.04481341672576,-431.71288626882364,94.4871305248189,-96.52177079943148,128.18759687016765,-21.47861459826141,22.033635257579906,5.091806574095496,-7.565851556560475,18.041355085921563,-17.268348753217907,2.6841871959025196
UoBBG_29.08.2024_20240828_203800.WAV,578.52686,0.5623351446188083,95041.62703251693,10536.437864461244,0.0035476124712620293,0.6062816863364362,0.0020551954,8237,-1067.3361937239788,-180.24516008438326,-382.5016929820584,102.17745919344394,-67.71191705915892,119.6359123937875,-12.443920838974076,5.800319320103896,6.127513587074397,-20.65862401471774,18.41198817533096,-21.206650983465707,5.887934986743559
UoBBG_29.08.2024_20240828_203900.WAV,601.1139,1.0200636357572028,94942.89295660377,10543.705297082279,0.0035476205733282265,0.6069607349152261,0.0020569535,8232,-1014.7972595781348,-154.14638486981838,-322.57477340916273,106.33663258296107,-40.431167489013745,102.44122493470071,-7.475615812186897,-14.22774529659076,6.172202329976788,-28.487096473091714,21.64392052909331,-17.467930897836936,8.698447733981489
UoBBG_29.08.2024_20240828_204000.WAV,515.9479,1.9459101490553132,93002.39037984404,10535.893330823119,0.003559409045903845,0.6062610382729389,0.0019908738,8223,-1149.2170490851788,-221.24832852826358,-480.2524126967453,84.17077808304607,-129.5234795444906,131.21188931418698,-37.5339129136752,34.889777553616774,1.0562070802928558,7.578818669426446,17.481036553753516,-6.494491309310456,1.8133626786280013
UoBBG_29.08.2024_20240828_204100.WAV,520.765,1.9459101490553132,92925.52260257678,10535.044257546757,0.0035541358276523867,0.6062364943484042,0.0019881276,8200,-1153.1021874020605,-223.1510445967378,-485.13298214575815,83.01383491609077,-133.05270228247556,131.22459474411454,-39.45175199352078,36.01329348382908,0.29683563825628134,9.009337425144935,17.504447066069154,-5.277913537723375,1.9684418945900273
UoBBG_29.08.2024_20240828_204200.WAV,519.8161,1.9459101490553132,92791.99164514281,10530.990739140207,0.0035634230206545844,0.6059918342752659,0.0019854116,8209,-1155.350283432542,-224.02295558341257,-487.70784435434604,82.35257540221258,-134.75562077789255,131.07566398192228,-40.551811807379195,36.41508856105813,-0.2035679498165126,9.78311469911196,17.32250205250345,-4.401623244134971,1.9967031162924884
UoBBG_29.08.2024_20240828_204300.WAV,518.4726,1.9459101490553132,92887.75861427221,10536.388578308848,0.0035601085937850903,0.6067367229055851,0.0019879325,8204,-1148.0203957761432,-220.26279668324568,-478.5081336821613,84.5938536902441,-128.30733446789088,131.18718079029156,-36.69209172004394,34.53959273313214,1.3902001002256748,6.810001676734447,17.71291036638586,-7.134506462146048,1.8441423682557725
UoBBG_29.08.2024_20240828_204400.WAV,514.5475,1.9081534068936494,93003.5903709293,10537.884380048743,0.0035501919021609252,0.6065132303440824,0.0019918247,8221,-1144.9254845416992,-218.88878758167715,-474.7109827104638,85.62852915220385,-125.60294561423422,130.96489351234914,-35.05861174003362,33.68345203662436,1.8299281734387056,5.694894747326087,17.65785450597572,-7.9830234582468895,1.8816050211755468
UoBBG_29.08.2024_20240828_204500.WAV,513.9827,0.6427993999045418,93034.54259645555,10537.754466289392,0.003551491628796524,0.6065492021276596,0.0019922345,8203,-1149.731915345615,-221.50845449094592,-480.93097501698423,84.0022633921702,-130.24685654931372,131.40473912185888,-37.65859296836406,35.011623399127416,0.9702510639101058,7.74244080810117,17.698078804664316,-6.543584816899982,1.8240604172106465
UoBBG_29.08.2024_20240828_204600.WAV,513.66956,1.9356449129802782,92972.33002257353,10535.89478403878,0.003550125835279317,0.6062662327543218,0.001990289,8229,-1153.2101163639838,-223.21595129334295,-485.22854565765914,83.03540888693652,-133.07113553457825,131.38245002188822,-39.411275202316105,35.98351864568284,0.1961495117352743,8.915644690194611,17.608924291380994,-5.286799338790051,1.9124920501545994
UoBBG_29.08.2024_20240828_204700.WAV,513.9274,0.48105805297798626,93028.06115713358,10534.16220733572,0.00354983799152949,0.6062506493101729,0.0019905565,8212,-1149.7311988611536,-221.3742478824846,-481.0783237675689,84.0098596421612,-129.9567178425854,131.2276631254498,-37.59381830051697,34.92678465194608,1.0333256258779258,7.719215645593479,17.5695614412523,-6.2944916611414605,1.7097076791100223
UoBBG_29.08.2024_20240828_204800.WAV,520.1102,1.9459101490553132,92950.9408768682,10532.461370279643,0.0035568252301274405,0.6061277998254654,0.0019883732,8226,-1152.296924414726,-222.65120328527277,-484.25281160888306,83.15850755429855,-132.21887050050094,131.3661787788978,-39.09516393481674,35.67660502352169,0.47148454800186623,8.597407471042052,17.469638674725346,-5.264150380848441,1.8664780038233344
UoBBG_29.08.2024_20240828_204900.WAV,519.4946,1.9459101490553132,92855.85431268568,10534.3238420049,0.003561153600026514,0.6063631098321144,0.0019865735,8235,-1156.1088151932538,-224.4573726110207,-488.8579329424945,82.08719845683972,-135.7597772733914,131.31685426921047,-40.949189874126844,36.6062424014613,-0.14684734343885253,10.018945779562477,17.433852311554727,-4.284438071926268,1.9719546008797428
UoBBG_29.08.2024_20240828_205000.WAV,517.77405,1.9459101490553132,92999.8592096408,10532.136096981896,0.003555666549575769,0.6061739008477394,0.0019908126,8185,-1153.0553414107678,-223.0810467253898,-485.3401857362054,82.80404923280528,-132.98314890637246,131.33365941021324,-39.480611777228354,35.93359134386667,0.3220822189514881,9.093030841577837,17.54228851681462,-5.300094248048973,1.8108639510047915
UoBBG_29.08.2024_20240828_205100.WAV,522.93134,1.9459101490553132,92956.62526061675,10537.57029584527,0.0035496039587585384,0.6063864849983378,0.0019908415,8262,-1151.7151955374968,-222.49022986754431,-483.2040729405896,83.4038838802737,-131.663044530897,131.23740069394125,-38.70328460740109,35.71331212710817,0.7966512858009009,8.298715572450059,17.437326991566895,-5.548055774581822,1.7249491903332317
UoBBG_29.08.2024_20240828_205200.WAV,514.2719,1.9432383284095303,93011.46335210327,10534.474835921741,0.003553239587024212,0.6066325735538564,0.0019910585,8247,-1151.2109894858763,-222.15925060073252,-482.89143429337685,83.43021730468253,-131.45664031486356,131.42514445933426,-38.316956565689786,35.47158197238969,0.7303932967246113,8.166727201413073,17.45997221650883,-5.803326396962595,1.7141495404144789
UoBBG_29.08.2024_20240828_205300.WAV,514.23096,1.8926731074457674,92757.70388787876,10536.742231106167,0.0035537483150505007,0.6066251714178856,0.0019849031,8249,-1157.1038237237708,-225.1282526379736,-489.67426244087585,81.89723538398145,-136.48684728909174,131.37893486788371,-41.42919017187781,36.9070209368444,-0.504184545432508,10.309867589940241,17.407867100495366,-4.041192518930729,1.8524670495006206
UoBBG_29.08.2024_20240828_205400.WAV,522.362,1.9459101490553132,92866.41471534423,10533.625422000265,0.0035521614899658685,0.6062379228307846,0.0019870081,8231,-1158.9689882713615,-225.96350514420706,-492.5294549102053,81.23130414500328,-138.31977040974732,131.0516511012803,-42.61052746037776,37.57120858838077,-0.7658505621625192,10.91127006733604,17.25725087403207,-3.267693527592093,2.0559323933513847
UoBBG_29.08.2024_20240828_205500.WAV,515.84985,1.9459101490553132,92746.48331450323,10531.308361028547,0.003557106597963435,0.6060437790890958,0.001984585,8232,-1158.867852276144,-225.74890807556315,-492.18591613452037,81.19543404959494,-138.01752839906052,131.09699837995632,-42.364230637460594,37.43081397381687,-0.8113776375615636,10.977105089260345,17.329338242029216,-3.212941308936465,1.8759583132743678
UoBBG_29.08.2024_20240828_205600.WAV,514.0159,1.943049629670948,92809.85995821502,10536.759658738305,0.003552383481025741,0.606447779878657,0.0019869576,8210,-1151.4480885552875,-221.941257597004,-482.5383288255992,83.63917205552859,-131.25077690977398,131.20071315173757,-38.31038914454303,35.3966303422564,0.9080855023791379,7.998298846070645,17.65324165227741,-5.882004733189287,1.8279252596883795
UoBBG_29.08.2024_20240828_205700.WAV,520.4083,1.9459101490553132,92899.57043815684,10537.88183295023,0.003554280076778602,0.6065654348819813,0.0019894694,8241,-1151.981056566886,-222.50956124511612,-483.38646026248455,83.61164707772835,-131.77482293341575,131.23473936027335,-38.77733614610707,35.500232423186034,0.6442190923367354,8.38715633660962,17.684624268571806,-5.606391083697613,1.8150913766039962
UoBBG_29.08.2024_20240828_205800.WAV,517.4663,1.9459101490553132,92867.77559309309,10538.125345642611,0.0035493741080029222,0.6065123213098405,0.0019882899,8205,-1151.8500978282493,-222.39409276908586,-483.15907269610494,83.63706538173666,-131.6594931117543,131.1465318147735,-38.43866547241846,35.50514045598424,0.621763491691538,8.42993004336876,17.510102168977298,-5.832379014574176,1.8698193338985933
UoBBG_29.08.2024_20240828_205900.WAV,514.04175,1.9433298228168763,92741.09146379054,10536.634261050642,0.0035602369243988513,0.6064657008394282,0.001984385,8209,-1155.495601422043,-224.11732053189132,-487.71253869932127,82.2779732694372,-135.19672457693682,131.26122613117857,-40.483616004012895,36.4144276462815,0.09486302603506103,9.789269176180085,17.479120952495585,-4.4843879171129775,1.771253106429517
UoBBG_29.08.2024_20240828_210000.WAV,519.9983,1.9459101490553132,92751.4913475047,10533.505325910854,0.0035529999332457956,0.6063306443234707,0.0019849194,8233,-1156.2200854607918,-224.498142012183,-488.6809219178293,81.9881856109298,-135.58299115763288,131.29897095664754,-40.84505645929623,36.73120134817749,-0.33217621254006374,10.000072450785066,17.5202082481962,-4.309940260333161,1.814686268321276
UoBBG_29.08.2024_20240828_210100.WAV,514.2195,1.9189042192512966,92843.83501949643,10534.45929942709,0.0035525294858281807,0.606191691946476,0.0019869132,8198,-1158.2951181219898,-225.80617195839525,-491.4218620982811,81.55888348384443,-137.46974392089894,131.1383356736316,-42.16254508345203,37.28250652640589,-0.7248889654063331,10.883546637611985,17.376275730765908,-3.471378900307519,1.80145483207282
UoBBG_29.08.2024_20240828_210200.WAV,514.4381,1.9106565758063838,92907.47022847005,10536.82119504394,0.00354978001273058,0.6066849079537899,0.0019892936,8218,-1152.6085715537079,-222.73593211966082,-484.2867748274808,83.34615723646647,-132.52207162216035,131.150526601515,-38.97233063177218,35.794125776512125,0.4448866881530841,8.721069483255654,17.67985539603414,-5.567290017704179,1.7616400782220585
UoBBG_29.08.2024_20240828_210300.WAV,517.1604,1.9459101490553132,92947.72238759403,10538.0898700782,0.0035494568134713093,0.6068060692320478,0.0019893015,8235,-1153.8249795692977,-223.5031670569475,-485.8982576361885,82.97573571894708,-133.64178774274086,131.41204556220578,-39.64694877632632,35.9715967412882,0.32657463729325487,9.113437569323558,17.547000215331238,-5.204500340534711,1.8944169151161527
UoBBG_29.08.2024_20240828_210400.WAV,513.8965,1.9459101490553132,92855.61760875251,10535.370680726683,0.0035523468965980368,0.6061115670711437,0.001987021,8224,-1155.2840352773121,-224.121018857122,-487.6536076952987,82.46638050013821,-134.850960582584,131.24811287314336,-40.40022370084937,36.3030225615893,0.0647614305345606,9.836904485024625,17.438998131538717,-4.548845777639281,1.8194321287977238
UoBBG_29.08.2024_20240828_210500.WAV,520.06134,1.9459101490553132,92840.53699844095,10535.606934940386,0.003548581894383422,0.6065895892204123,0.001986727,8236,-1152.5439780627266,-222.65622997203045,-483.9922213994168,83.46006878816328,-132.06265801290184,131.48774637876986,-38.70500665778973,35.4528444174394,0.5774852786808988,8.579294648156038,17.568604675584886,-5.792999491712963,1.8598227181600442
UoBBG_29.08.2024_20240828_210600.WAV,513.3749,1.9388597992517427,92674.90512099498,10535.751360968095,0.00355936117155454,0.6065789405335771,0.0019828274,8156,-1154.4907574491951,-223.62028381705798,-486.26167713715694,82.76591664652096,-133.9672779319841,131.1865038436257,-39.75596509249909,36.31979014405385,0.1948035629592451,9.317890444589015,17.420956619297392,-4.918809557319749,1.7330436668663607
UoBBG_29.08.2024_20240828_210700.WAV,520.9651,1.9459101490553132,92692.8088371667,10536.515328178892,0.003555818743597965,0.6062370137965426,0.0019837134,8182,-1149.0112015873997,-220.75478281529237,-479.1620884691745,84.4602078246868,-128.80041766564227,131.23453904115885,-36.952529601040965,34.87110178129827,1.36709962728085,6.955828465332268,17.557526274579235,-6.886096635341903,1.857793652981295
UoBBG_29.08.2024_20240828_210800.WAV,514.94055,1.9424242018505438,92871.5532031114,10535.527021312739,0.0035453662669366276,0.606467259183843,0.0019892487,8220,-1153.0155902698368,-222.76492359063317,-484.65706674012404,83.21506493840606,-132.56711659970446,131.20299697543808,-39.14569387909898,35.84762659888529,0.7636038482357957,8.615574231203412,17.468064043928212,-5.509472308841558,1.784010715964034
UoBBG_29.08.2024_20240828_210900.WAV,522.8646,1.9459101490553132,92925.63332055396,10534.907706386572,0.0035463000493427136,0.6062362346243351,0.0019900356,8220,-1150.855814333682,-221.8975575010096,-482.13485550166564,83.86011453242504,-130.55507729905827,131.19032385843383,-38.12626182626085,35.361490459562724,0.9335555104073867,7.955108549969827,17.51353694846822,-6.116101868021804,1.8964921173303972
UoBBG_29.08.2024_20240828_211000.WAV,513.16095,1.9406351125577461,92887.0432027507,10539.39912690508,0.003551884238490875,0.6066656883726729,0.0019881641,8230,-1151.6041608488906,-222.45589229915325,-482.921625961714,83.61730122176586,-131.6379223179972,131.42013088495457,-38.54246627823836,35.586326440138166,0.7999748961536645,8.236902584720603,17.413027668617435,-5.879290090876792,2.0283324609711837
UoBBG_29.08.2024_20240828_211100.WAV,521.619,1.9459101490553132,92793.58290454488,10534.767158826873,0.003556883715751742,0.6065147886884973,0.0019861204,8240,-1154.1237807380903,-223.40275896763796,-486.1373639778171,82.7597610621935,-133.7876714879956,131.04842933938667,-39.719509607642756,36.18925956939287,0.2921025525893199,9.21764519974081,17.330187452523656,-4.820113810728762,1.941929819975963
UoBBG_29.08.2024_20240828_211200.WAV,513.7191,1.942662610205564,92865.47308112775,10538.039198263385,0.003548530632992041,0.6062938933676861,0.001987619,8223,-1152.0682001666498,-222.55264247116122,-483.4706145002259,83.43533544185861,-131.89397480836135,131.35266223004635,-38.480519944676594,35.730517606585664,0.6149845701264106,8.206861140309297,17.588869204410084,-5.601305214444112,1.803142174953279
UoBBG_29.08.2024_20240828_211300.WAV,516.46387,1.9459101490553132,92733.78030629484,10535.844459153193,0.0035563126928408444,0.606490764212101,0.0019848591,8217,-1155.9941547445892,-224.4272746385879,-488.2498163158811,82.18914362772037,-135.36694661244127,131.25717981976857,-40.67263716523332,36.68357450357016,-0.15095123880486463,9.922654746231496,17.460675114185122,-4.430080529953221,1.8401587357059865
UoBBG_29.08.2024_20240828_211400.WAV,513.0049,1.943606185080228,92713.87223492585,10534.882356280355,0.00355344186496964,0.6060719591505984,0.0019845744,8234,-1150.9423194667668,-221.76233996168835,-481.79032198802724,83.77941737028391,-130.58615572026693,131.2036291401809,-37.98766585402899,35.2926245004058,0.9773484676796115,8.0050817278881,17.51666649890353,-6.155315289845144,1.8358531662370416
UoBBG_29.08.2024_20240828_211500.WAV,518.0115,1.9459101490553132,92830.4455754939,10537.20170001826,0.0035463123861576937,0.606470635596742,0.0019887106,8218,-1154.9202742524665,-223.94165660534225,-486.866254541516,82.62654551618317,-134.42194546003526,131.27159825041008,-40.07361058362006,36.27207414900232,0.06833421692631028,9.532955564615522,17.383994448189924,-4.856541590627571,1.807147271978084
UoBBG_29.08.2024_20240828_211700.WAV,515.42413,1.9459101490553132,92553.56920379987,10536.617393868688,0.0035635070348510925,0.6062688299950133,0.0019795233,8228,-1158.3636068616127,-225.4933949972405,-490.9337778804795,81.52926004053506,-137.6016530559435,131.28765949984742,-41.76634331443134,37.20895209582698,-0.736380992716333,10.661681376251284,17.403146811403925,-3.7279991702922133,1.9424244720074606
UoBBG_29.08.2024_20240828_211600.WAV,513.80853,1.8781315648703911,92661.98142815959,10535.920588545989,0.0035534104933227654,0.6063996010638298,0.001984111,8210,-1155.1459886277507,-223.84791175443843,-486.8189059368613,82.59898066602825,-134.2577111163271,131.2657563779956,-40.03880481979741,36.24815254295306,0.2551375760901719,9.520785221910073,17.42593941311646,-4.779946000468353,1.6304334842310202
UoBBG_29.08.2024_20240828_211800.WAV,513.8234,1.9431624682633528,92578.8211110695,10532.767542456031,0.003559526111502899,0.606163641747008,0.001980882,8174,-1155.1568896514784,-223.6933367271413,-486.8526297463681,82.45136648848377,-134.2016406828948,131.3333473424853,-40.00029390700834,36.20744939692872,0.05878646085132455,9.497823347800034,17.52522025627487,-4.909104837626416,1.8690628501015913
UoBBG_29.08.2024_20240828_211900.WAV,517.4484,1.9459101490553132,92683.28358955585,10530.425191356511,0.003549349970436549,0.6061167615525266,0.0019831355,8208,-1156.6479168539086,-224.42650071200472,-488.9434820601604,82.16938049892131,-135.28677290283903,131.2115979368288,-40.98469159047041,36.551176872124366,-0.17582491931483443,9.996871656418316,17.587836955034092,-4.413282099899195,1.8579682275236173
UoBBG_29.08.2024_20240828_212000.WAV,514.0681,1.942912187005754,92549.87768959996,10534.863615854945,0.0035507824855595545,0.6058793737533245,0.001981341,8216,-1155.7673424110064,-224.02022075096852,-487.4111642193521,82.41784679213568,-134.64928687611877,131.33013565668625,-40.15737883711897,36.47368720804418,0.004539541993952064,9.636494860409483,17.478672839414084,-4.856155298389246,1.790408751832809
UoBBG_29.08.2024_20240828_212100.WAV,516.2583,1.9459101490553132,92871.63661005352,10539.821531665097,0.0035455812230094056,0.606695556640625,0.001989392,8215,-1150.3631004048243,-221.590704624944,-481.1517820612963,84.16649727448227,-130.26422982291328,131.22864203115898,-37.682052190456645,35.052749916077396,1.0907888546914297,7.730220096599258,17.61084886810132,-6.487089711373776,1.877848349214086
UoBBG_29.08.2024_20240828_212200.WAV,513.94037,1.6565992150420341,92621.98536177172,10534.814827125165,0.0035403291370786475,0.6063235019115691,0.0019841031,8202,-1147.4823275304193,-219.56949306321877,-476.8211843058074,84.91873390619494,-126.93196168050768,131.3399006951982,-35.872584991466034,33.99733680714808,1.9272411958999285,6.207819147148902,17.590355525896733,-7.654724645447674,1.7038004579564978
UoBBG_29.08.2024_20240828_212300.WAV,515.6508,1.9459101490553132,92747.93603516197,10533.735002759488,0.0035557186724349673,0.6065401117852394,0.001984261,8201,-1155.527467063264,-224.0954282822375,-487.83241018287083,82.34121034219028,-134.87057503132968,131.18886856143303,-40.46105789460974,36.59594885317653,0.02644383775457221,9.712810287708164,17.517680733949256,-4.651990274158693,1.757329812334128
UoBBG_29.08.2024_20240828_212500.WAV,515.8077,1.9459101490553132,92706.95219583553,10533.700860979709,0.0035580461506202997,0.6066027052859042,0.0019841804,8236,-1152.434863639776,-222.3891173489218,-483.56790905435884,83.38159336148888,-131.8220274416836,131.28275868125982,-38.68136453881534,35.48237180936603,0.6943188799053861,8.580102214843976,17.476369439470115,-5.796847467871335,1.9195778629174276
UoBBG_29.08.2024_20240828_212400.WAV,513.82654,1.936033119199477,92731.80290717365,10535.296253910303,0.0035505096821406208,0.6064818037317155,0.0019853376,8217,-1154.0758276282556,-223.22742334097447,-485.69860800344105,83.03341536502096,-133.37510212828482,131.17373410496455,-39.62403509773792,35.92455713224148,0.37104367815476913,9.026806957990212,17.53583254848403,-5.004624997431819,1.8909426206929147
UoBBG_29.08.2024_20240828_212600.WAV,513.0219,1.9432854881825832,92717.8465453323,10537.696311973732,0.003545301511224642,0.6063010357795877,0.0019854566,8233,-1149.802669319833,-221.05308380499974,-479.99492854013914,84.51120863855006,-129.28471288199412,131.240247151621,-37.24666366385724,34.64331870224703,1.3838232262360524,7.248617060483266,17.683984873352568,-6.746527836623054,1.8072150441324069
UoBBG_29.08.2024_20240828_212700.WAV,513.68933,1.9417487334643577,92705.18835394572,10535.676968703387,0.0035486676174286357,0.6064866086269947,0.0019847422,8190,-1150.249624326315,-221.3075220583823,-480.79604173035494,84.18654181512635,-129.70811376783587,131.27132872703365,-37.4859522663523,35.02797099568196,1.138438661081794,7.369578547456228,17.45246770272608,-6.395920888188879,2.047319588475821
UoBBG_29.08.2024_20240828_212800.WAV,517.24084,1.9459101490553132,92807.66600052672,10535.020402796104,0.0035467840198957893,0.6063219435671543,0.0019865418,8222,-1153.404623356099,-223.02893901858135,-485.0389002503725,83.2090366020554,-132.79211647837633,131.40744961520903,-39.105193346423626,35.738620894207614,0.42269408155102733,8.923619544628506,17.546660613636696,-5.4508112548927965,1.7859325234585364
UoBBG_29.08.2024_20240828_212900.WAV,513.3976,1.941971628234118,92597.10038096778,10531.869132614422,0.003554766663041663,0.6059339158078457,0.0019814365,8221,-1157.3973222535212,-224.8340218438823,-489.8416569265699,81.94429077200058,-136.2184261318508,131.0149007587302,-41.11259670893972,36.94439600931429,-0.41771763650005445,10.22356725561096,17.305704398427963,-3.964702859630299,1.8718454474282629
UoBBG_29.08.2024_20240828_213000.WAV,518.0486,1.9459101490553132,92812.27714958426,10535.320574160332,0.003543327673797897,0.6063345401845079,0.0019874603,8230,-1155.9901347047664,-224.35954585963782,-488.27150769369933,82.32212968083486,-135.19342014620287,131.2759575632457,-40.63216781509152,36.40570077790771,0.03239816152394708,9.81559899918261,17.34905859693945,-4.467187914891646,1.8399759366900548
UoBBG_29.08.2024_20240828_213100.WAV,512.7255,1.9416123463212633,92583.71529986712,10532.695712584078,0.0035561530035110884,0.6061303970661569,0.0019812558,8225,-1155.7625566571442,-224.04003135017865,-487.60700796408724,82.39054240599458,-134.60364902121614,131.3615164071218,-40.25288080337237,36.491766293328475,-0.1553080350939124,9.544699520120608,17.527020817065505,-4.493133429564534,1.7983386946990885
UoBBG_29.08.2024_20240828_213200.WAV,513.85974,1.9423745040257092,92693.36268419538,10536.542797767015,0.0035517426042675107,0.6064693369763963,0.0019841217,8234,-1154.267661134011,-223.39867588493647,-485.92149001815534,82.82317528334167,-133.7260181826724,131.25880621981554,-39.61729134767811,36.14710400232957,0.40730695002815565,9.079048861415707,17.59816862948065,-5.046662720513367,1.7567960911039224
UoBBG_29.08.2024_20240828_213300.WAV,516.2379,1.9459101490553132,92700.25786797682,10536.861180361166,0.003542670983822666,0.6067510077293883,0.001986224,8225,-1147.4327747668765,-219.67393457197133,-477.02434721950254,85.21852163177242,-126.99964297837457,131.1243102111533,-35.90872684084853,33.961826849365444,1.7863253575181426,6.291427227176029,17.63983431607346,-7.426152753354788,1.834744570644818
UoBBG_29.08.2024_20240828_213400.WAV,513.356,1.9426609158001924,92715.65782675681,10535.350373106025,0.0035435803419146816,0.6066847780917554,0.0019852163,8243,-1152.9190973854209,-222.55042355436376,-484.12010936960786,83.35992768404115,-132.10626282897624,131.42563298991047,-38.613848483505,35.61950776700579,0.5832879600563683,8.409879971040628,17.633716732733358,-5.5863212834704,1.8849948927495026
UoBBG_29.08.2024_20240828_213500.WAV,513.4268,1.9432579336156945,92541.09040029424,10535.474610954841,0.00355270319798382,0.606005859375,0.0019801168,8208,-1157.365598561004,-224.88897660484304,-489.3976420878814,82.13863410437074,-135.9544008105105,131.4292376693748,-41.02278248729132,36.76882737511682,-0.4621772913198487,10.062374440356642,17.552827097572795,-4.236725894131073,2.0229989196200853
UoBBG_29.08.2024_20240828_213600.WAV,516.5362,1.9459101490553132,92509.21857861712,10535.777867656792,0.003555815079102633,0.6065801092918883,0.00197975,8220,-1154.211113111734,-223.13697952352985,-485.37154627504657,82.89511300214104,-133.2910860068802,131.43623894695725,-39.44188440111715,36.11276240182113,0.33070921618183563,8.845731332929715,17.611902672960937,-5.3526295545291775,1.9366810426181547
UoBBG_29.08.2024_20240828_213700.WAV,513.6449,1.7463635548252676,92674.7066302783,10531.255152405798,0.003552334127328513,0.6058519728640293,0.0019833932,8222,-1152.5527279469586,-222.2504067946829,-483.82990367752984,83.31559763328768,-131.81915002420195,131.3056870796892,-38.68169034297699,35.68137350960728,0.7740846362492431,8.414319916301245,17.535470966737982,-5.841680140831692,1.9578589737755716
UoBBG_29.08.2024_20240828_213900.WAV,514.4503,1.942318842724642,92714.9995068568,10539.704749531918,0.0035417853715912517,0.606756591796875,0.0019856598,8224,-1153.1761680636757,-222.83249207200592,-484.1901162385802,83.50171670564592,-132.40843555543145,131.4893914902075,-38.92958720435378,35.56834118429518,0.5632841091696705,8.436845263726745,17.63804505124078,-5.53385929366307,1.818924135391834
UoBBG_29.08.2024_20240828_213800.WAV,516.62555,1.9459101490553132,92655.2903949618,10533.041836111819,0.003554491241116607,0.6062577917220745,0.0019833695,8219,-1149.126012451614,-220.3479035875488,-479.2743018591735,84.53306416582129,-128.62993337107153,131.3081383803126,-36.6558168875328,34.29772824107183,1.3553373907296904,7.080837057241889,17.73207432187011,-6.931516743920544,1.9700791986317232
UoBBG_29.08.2024_20240828_214000.WAV,513.4904,1.9437988004290059,92813.44371083585,10534.019531563554,0.003541372922582723,0.6062372735206117,0.001987109,8224,-1155.5036510257942,-223.9480306820585,-487.7323958736644,82.6836198715341,-134.5520537825866,131.30758940499058,-40.313079990669465,36.300791452244326,0.19122104091390776,9.585966592072362,17.56011781551572,-4.874262360058006,2.0105957885157895
UoBBG_29.08.2024_20240828_214100.WAV,519.81744,1.9459101490553132,92820.08787588954,10535.353618268004,0.0035490296034659603,0.6064381700880984,0.0019860358,8194,-1153.9463851713729,-223.2868311822544,-485.8279648787941,83.02077550965625,-133.42180570202248,131.46177042161543,-39.71979310845744,35.99552365734067,0.35911035910366157,9.087052795584768,17.533105781798238,-5.332618975057743,2.0575846107136018
UoBBG_29.08.2024_20240828_214200.WAV,514.06433,1.9394216258955366,92718.25036768962,10534.776160401025,0.0035480554446226656,0.6063392152177527,0.001984237,8226,-1150.4357896321756,-221.28255959184014,-481.0565282898569,84.24226018515508,-129.84381357174757,131.35058707941803,-37.7019065843638,34.898054963479645,1.1617751954135098,7.599192269617288,17.647821898405837,-6.46209945518063,1.916020903981882
UoBBG_29.08.2024_20240828_214300.WAV,517.56696,1.9459101490553132,92410.46836426642,10533.46963590078,0.0035530737686124405,0.6066634807180851,0.0019776088,8247,-1158.0109458412414,-224.76568915525536,-489.9958612989529,81.9866915928655,-136.345356590388,131.32810649402342,-41.252030438864296,36.83312030879733,-0.2929108558328563,10.081738928509354,17.523793792422683,-4.1279528808919475,2.0063349469222755
UoBBG_29.08.2024_20240828_214500.WAV,513.5174,1.9434705751744876,92679.73337796761,10536.27169640308,0.003543124085851876,0.6064629737367021,0.001985038,8231,-1148.4740348974392,-220.23895611891726,-478.28361498285204,84.90207351063098,-127.89277414248288,131.20349712986115,-36.48449094093153,34.39181777720932,1.5092465764182248,6.722617874898315,17.64858007303022,-7.222437009916847,1.9202924706197042
UoBBG_29.08.2024_20240828_214400.WAV,513.6039,1.9422326823110567,92719.44433330357,10535.401563393565,0.003546767400578026,0.6064453125,0.001985445,8252,-1149.2102897763814,-220.5740294197147,-479.38798770789987,84.44337716772728,-128.75089168521288,131.35398833046094,-36.880634847483016,34.634049850411685,1.4163163624782638,7.031250590889454,17.738325608568374,-6.915027831052246,1.9440159609116876
UoBBG_29.08.2024_20240828_214600.WAV,520.63074,1.9459101490553132,92507.0781944763,10533.626261172467,0.0035569544275497753,0.6065945239777261,0.001979984,8212,-1155.5765685196434,-223.7215261178407,-487.1259626087456,82.5520457943758,-134.2092368084983,131.42746859369578,-40.04425435997225,36.258073800664576,0.12018964749314041,9.239821322093794,17.475946212893568,-4.7012802695538305,1.8887274683910937
UoBBG_29.08.2024_20240828_214700.WAV,514.00366,1.8766419077567265,92691.72156317564,10534.686096989099,0.0035464074677267364,0.6062306505568484,0.001983998,8241,-1155.4626723248923,-223.9733265475079,-487.43858726622716,82.53120737148107,-134.56199505378547,131.4342895550349,-40.312178012016496,36.52321779535207,0.054462828112109105,9.50378368379321,17.510385116540387,-4.779861733867198,2.0028625604365238
UoBBG_29.08.2024_20240828_214900.WAV,513.8563,1.9416842687937206,92509.52408496152,10531.370315420247,0.0035561455836719135,0.6063755765874335,0.0019790325,8210,-1154.5063907597387,-223.0485410445829,-485.9785104189437,82.7921601319388,-133.4484891555631,131.23206202140722,-39.64675595799139,36.00683912732053,0.2788484996401538,9.04765933671199,17.73286742608439,-5.208904551530922,1.8577457376242466
UoBBG_29.08.2024_20240828_214800.WAV,513.46497,1.9424106198054307,92563.76234424337,10534.822692750415,0.0035561761401396836,0.6059965093085107,0.0019806765,8203,-1154.7940960988278,-223.38372139468504,-486.4116612814158,82.8716740582783,-133.83691465221014,131.223721753706,-39.756335452416124,36.15450848825395,0.3892621286100619,9.136657100638285,17.44334097739713,-5.055513540559579,2.0587508359007
UoBBG_29.08.2024_20240828_215000.WAV,513.8013,1.9434550222705638,92686.8414381687,10534.550994377425,0.0035470849011647754,0.6064521951878324,0.0019850899,8200,-1155.2210008075153,-223.67360570834032,-487.01963370870243,82.75470874101455,-134.22003959740678,131.1151523005961,-40.07519490292172,36.31246892758005,0.27244458468083765,9.42281283021142,17.55624544361545,-4.911074769416659,1.8479108314057335
UoBBG_29.08.2024_20240828_215100.WAV,518.7332,1.9459101490553132,92749.26570340076,10535.929205812097,0.0035445854527711654,0.6061709140209441,0.0019861888,8232,-1149.0539188506527,-220.475528228782,-479.27617509267316,84.58363767691469,-128.66497446555624,131.34132679118596,-36.97268453174631,34.65478616021948,1.4944001705270562,6.726053885159531,17.824469190168493,-6.947470517810677,1.8621944207481966
UoBBG_29.08.2024_20240828_215200.WAV,513.5607,1.9434177425939594,92640.08010566418,10534.18804377418,0.0035483399976296323,0.6064315471243351,0.0019828978,8212,-1156.8996458167433,-224.5563159206208,-489.1379450547409,82.1892482512512,-135.75062992035149,131.17263701224834,-40.88141287685853,36.7486944186276,-0.016392202310031766,10.01889673715389,17.282659218951366,-4.33748787034853,1.852828587130557
UoBBG_29.08.2024_20240828_215300.WAV,514.16394,1.9393541233590832,92535.98370029383,10534.58082219582,0.0035543206705090195,0.6065453062666223,0.001979741,8217,-1156.7220921976143,-224.44018431557961,-488.782889094892,82.1116898447473,-135.66972391202765,131.41186819753656,-40.88846333720192,36.73909705691083,-0.21947858624384706,9.838765913861788,17.61773984675225,-4.354326237253386,1.920596902829805
UoBBG_29.08.2024_20240828_215400.WAV,519.3452,1.9459101490553132,92609.08316923215,10537.905887425328,0.003552332184517584,0.6066011469414894,0.0019827608,8260,-1152.318793928202,-222.15648134761108,-483.11981586937094,83.66495373259752,-131.705994280243,131.18748228253642,-38.53541814797459,35.50724681436624,0.9925376833122913,8.094785763124616,17.696894490345777,-5.785575803064957,1.7546750436993674
UoBBG_29.08.2024_20240828_215500.WAV,514.2905,1.942378893649356,92428.23430959735,10535.264095077082,0.003556239988142172,0.6064363520196143,0.0019784379,8198,-1156.1393587578398,-223.87022396998094,-487.6594050013258,82.39240939909371,-134.89938843562186,131.28183754420675,-40.366488655004034,36.373923986672196,0.1288113414120286,9.427742520171709,17.552610178368866,-4.526874978233365,1.967105441253399
UoBBG_29.08.2024_20240828_215600.WAV,514.8029,1.9423183980359826,92484.53685883386,10536.159703774845,0.003547083089376843,0.6065205026180186,0.001980696,8208,-1154.486199147772,-223.0692351226989,-485.503870522839,82.9422560218276,-133.30572945387567,131.34453760377602,-39.54318145323429,35.89026198243912,0.45115728755404194,8.879191778970938,17.780893477131098,-5.2963122993755825,1.8875249481702345
UoBBG_29.08.2024_20240828_215700.WAV,515.54846,1.9459101490553132,92667.67358646079,10535.8287525928,0.0035510641334061746,0.6063414228723404,0.0019840463,8227,-1149.5447566798919,-220.6459145439587,-479.82382167221283,84.23225938828189,-129.294453604547,131.4788449499946,-37.09361887951983,34.738635972772045,1.3970356595709936,7.0807916595419425,17.690186353015168,-6.822986524385522,1.9764235607389764
UoBBG_29.08.2024_20240828_215800.WAV,518.3518,0.5034301573706286,92730.2744730837,10537.14204909188,0.0035500206824430583,0.6061559798869681,0.0019854144,8205,-1152.6136951549688,-222.72725852496507,-483.60567184848344,83.48945452904844,-131.87701114488559,131.36683997814555,-38.61754901883665,35.73794520601585,0.5726010539262945,8.425352765233765,17.618003371390515,-5.632847372246445,1.6326853274810906
UoBBG_29.08.2024_20240828_215900.WAV,513.7876,1.942757478913602,92548.84502679748,10531.810987019317,0.003561266629588903,0.6061872766373005,0.0019801972,8163,-1150.954892192588,-221.35462241644066,-481.52611988635186,83.84205778498519,-130.21100904596187,131.2353445692007,-37.89101457123591,35.250138835369995,1.1677801270669563,7.731844982944775,17.60217704272957,-6.378951197901461,1.9092357976174013
UoBBG_29.08.2024_20240828_220000.WAV,515.3961,1.943049805180631,92475.45484322871,10534.146497422365,0.0035665720193405184,0.6061084503823139,0.0019788323,8248,-1153.7320151070217,-222.95371895791112,-484.87617926522296,82.98475631486868,-132.7498826799984,131.2336304199578,-39.22658972770076,35.99591666151916,0.41229842044373,8.896881843724127,17.48427088580982,-5.413747923135872,1.8494379122983093
UoBBG_29.08.2024_20240828_220100.WAV,520.525,1.9459101490553132,92625.21095887078,10531.148469848727,0.003547654107815153,0.6059406686336436,0.0019820596,8243,-1155.870257787304,-223.92157854365536,-487.86113904868324,82.43567190456913,-134.63794851731566,131.31318147109204,-40.41405228646892,36.26084204497226,0.021528927713427584,9.678608306512633,17.676592826465836,-4.651158249541759,1.8353420249069359
UoBBG_29.08.2024_20240828_220200.WAV,513.05756,1.9411506738458137,92658.97413208241,10533.20709940701,0.003548920054853533,0.606215196974734,0.0019836982,8251,-1146.6461726244147,-219.22094048557383,-476.05023957423737,85.183664793262,-126.18784276928999,131.45174245038154,-35.62575821771088,33.85019914346724,1.8218272591365872,5.864950405668016,17.896707220715133,-7.932070564115264,1.7987572138613026
UoBBG_29.08.2024_20240828_220300.WAV,515.745,1.9459101490553132,92632.9250341728,10536.23496838498,0.0035399097999508004,0.6064060941655585,0.0019849632,8257,-1145.5284545816896,-218.56931819670996,-474.32181397698037,85.76378691068467,-125.10761064279043,131.28012073363104,-35.06858036533897,33.38748173030022,2.083553766973859,5.501112936485964,17.753889214147353,-8.169835468309799,2.056921749753814
UoBBG_29.08.2024_20240828_220400.WAV,514.8814,1.9459101490553132,92534.43220644575,10537.31324397212,0.0035476293952395317,0.606468817528258,0.0019808612,8224,-1150.4013194670722,-221.1168687571045,-480.39872419737515,84.29099134926125,-129.63021154112457,131.39157702497062,-37.407557706492845,34.902110910172475,1.2680634654770522,7.37169992126797,17.764778939452064,-6.826122420192298,1.8615787381032005
UoBBG_29.08.2024_20240828_220500.WAV,514.6185,1.9459101490553132,92429.37087884427,10531.93316216986,0.0035574845387212617,0.6059407984956782,0.0019774295,8236,-1156.5618398893066,-224.14140249787715,-488.3318652419486,82.20181706588069,-135.15913357247223,131.25174307727983,-40.56459818094504,36.54452541116642,-0.11855671123934373,9.78472784138477,17.54726003368983,-4.5836970444578045,1.9766986859833169
UoBBG_29.08.2024_20240828_220600.WAV,512.8707,1.9430093749571848,92556.46405344362,10532.192501016429,0.003549160353632903,0.6063760960355719,0.001980515,8252,-1154.5205645834942,-223.13968303320678,-485.97800905264256,82.94964769045333,-133.29418630290775,131.28028462744174,-39.47948856745315,36.03468347970324,0.21394120601307834,8.921471595637758,17.659073755924954,-5.198590247457962,1.9535161295407142
UoBBG_29.08.2024_20240828_220700.WAV,513.55096,1.908411926768737,92476.65003014062,10533.02974226795,0.003560675915947224,0.6064705057347074,0.0019790528,8221,-1152.3553911912172,-221.96019277548785,-482.9740950423794,83.47422552568634,-131.39006241360894,131.44991223659136,-38.48072592215885,35.323761782527015,0.8240286245572048,8.11772689809181,17.744772723586347,-5.974712319330743,1.859489880811904
UoBBG_29.08.2024_20240828_220800.WAV,515.3041,0.22127227503243777,92635.99762553255,10536.404839166476,0.0035422539023249222,0.6063581750748005,0.001984806,8227,-1154.0398595709335,-222.93506996768764,-485.3436426544286,83.04040698528506,-133.27454728042107,131.2498739704904,-39.295087535553066,36.0390023001727,0.6031734168085772,8.741790990678906,17.61605134044588,-5.371014965737292,2.008430030903021
UoBBG_29.08.2024_20240828_220900.WAV,518.5049,1.9459101490553132,92558.51776219497,10534.747423703595,0.0035526273039133143,0.6064179116107048,0.0019822018,8232,-1150.374196995132,-221.0022657204969,-480.6628450965603,84.08717473749591,-129.81744865341972,131.23162749533438,-37.44485902181256,34.98950249559368,1.1897534644646814,7.429229584141206,17.6607698472036,-6.506710780962186,1.9103798144168616
UoBBG_29.08.2024_20240828_221000.WAV,513.4415,1.9424942183538647,92749.06325436152,10535.300205879375,0.003547526768285271,0.6062240275930851,0.0019852626,8224,-1156.0339936246596,-224.1533947561783,-488.2587566791137,82.41053550369942,-135.3308927122941,131.33902637694234,-40.7476061686486,36.47078321541851,0.07843824807090281,9.804124900432637,17.65389829006131,-4.691925661749601,2.0037404878552443
UoBBG_29.08.2024_20240828_221100.WAV,516.44824,1.9459101490553132,92480.34084271154,10532.164108395076,0.003561665095804782,0.6060167677859043,0.0019783308,8177,-1154.5376142701136,-223.15594816636138,-485.82613684907494,82.80346406815862,-133.40001654149617,131.56377043515616,-39.45836949569744,35.86718712224833,0.33265347360405195,8.993211580183297,17.38146021950668,-5.2761103942829575,2.06544725447048
UoBBG_29.08.2024_20240828_221200.WAV,513.836,1.8910412119626694,92569.64505202632,10531.851966010923,0.003556326852584926,0.6060407922623006,0.0019813967,8253,-1159.3968555899705,-225.78524120969053,-492.2834615925808,81.26826864861673,-138.02697509537504,131.2490262778997,-42.30627014845025,37.343933911522974,-0.6865389589140345,10.923167867155314,17.137355224718224,-3.3171458060360557,1.9988341617415124
UoBBG_29.08.2024_20240828_221300.WAV,515.4414,1.9459101490553132,92554.69932664419,10533.48798461446,0.0035543544033631224,0.6065062177942154,0.0019803783,8233,-1153.425781337483,-222.67382597829862,-484.5535911629987,83.16378938715427,-132.49633059876436,131.48976865990178,-39.03918828015593,35.57456968985364,0.6273474872431618,8.841802816337943,17.48795612396104,-5.623371880994182,1.9233039243551753
UoBBG_29.08.2024_20240828_221400.WAV,513.977,1.942174281242938,92635.79236347019,10534.701034389924,0.00355575572767157,0.6063620709358377,0.0019836407,8237,-1154.4267161350672,-223.24145558581492,-485.85570817619174,82.8924001735433,-133.4246340382456,131.3913324816888,-39.63094480912253,36.0735510902581,0.567513874295626,8.95611373868737,17.67376514768159,-5.106336174662443,1.7035568040364677
UoBBG_29.08.2024_20240828_221500.WAV,514.2727,1.8982767474099533,92497.73157033202,10534.33909801387,0.0035526720205197246,0.6063364881150266,0.0019801008,8226,-1150.495058499064,-221.00154143605533,-480.5580017292041,84.18128867295422,-129.64062923426135,131.32393031733665,-37.40690271434502,34.7940221650798,1.2174035496134152,7.390531844293284,17.691115569066255,-6.492326167075535,1.8723841123084992
UoBBG_29.08.2024_20240828_221600.WAV,513.28894,1.9434545259927538,92479.25245829445,10531.235862576168,0.0035551267183037464,0.6058911911984708,0.0019789108,8252,-1156.3460570695852,-223.97527271746645,-488.2569744542638,82.27109082543727,-135.05814322641478,131.14572234220003,-40.6079081105592,36.518553397736014,0.060127673020754106,9.80159674901826,17.64852840762527,-4.677238842729757,1.8916806718118435
UoBBG_29.08.2024_20240828_221700.WAV,513.8391,1.9422448210171843,92398.93254067167,10533.492837345235,0.0035623060045678616,0.6064410270528591,0.001976405,8203,-1154.2981923847246,-222.8355144002036,-485.46643389242735,82.96809619731982,-133.35376878634156,131.00904551075996,-39.36351644461545,36.20210229512597,0.4534219540406002,8.855068584438127,17.734565282449477,-5.360948158919507,1.8191578959284018
UoBBG_29.08.2024_20240828_221900.WAV,516.958,1.9459101490553132,92502.71962912365,10533.264497876504,0.0035477174372338612,0.6061231247922207,0.0019808165,8236,-1151.998909666999,-221.7212139025936,-482.49755698487377,83.71305791495719,-131.00796254106288,131.15824872180167,-38.20961732158145,35.25847054407994,0.8532450377711668,8.050212442419769,17.75731862699236,-5.893188762633595,1.8390744580732203
UoBBG_29.08.2024_20240828_221800.WAV,513.8296,1.9439017964024792,92531.43133773835,10532.546400448166,0.003551208751895863,0.6060188455784574,0.0019804025,8234,-1152.6286001630328,-222.17384692389334,-483.469873038506,83.39149517499865,-131.55249516597152,131.28661157604358,-38.587392848774996,35.554701147144804,0.8684166681464016,8.284505557286554,17.593421365254187,-5.957242320516819,1.6554387334542324
UoBBG_29.08.2024_20240828_222000.WAV,513.7445,1.9435650546067527,92620.5693323285,10535.04672077742,0.003547920015887033,0.6061280595495345,0.0019831015,8197,-1151.0725995211897,-221.47520043744422,-481.5502669928532,83.96991287284528,-130.23011237465064,131.37624729883078,-37.82140329088973,35.07477279689214,1.1865953951308394,7.639546679610328,17.68454335044873,-6.302575058579725,1.8797529877981143
UoBBG_29.08.2024_20240828_222100.WAV,514.72736,1.9391084365752296,92551.18758517627,10535.625468254368,0.003559601573387099,0.6062062364943483,0.0019820286,8216,-1155.142256424158,-223.56354913741768,-486.64834323367575,82.55389090012035,-134.2306349796967,131.3283977822926,-39.975206097222255,36.33454575039362,0.25144637665791636,9.210601987155744,17.524983547024625,-4.939626154415741,1.922233590358833
UoBBG_29.08.2024_20240828_222200.WAV,513.301,1.943818934256238,92667.08111491344,10533.944725006311,0.003548953511062043,0.606010144822141,0.0019835439,8211,-1156.2323839691405,-224.28394749143598,-488.43814928388883,82.23080023684514,-135.37922161135305,131.24162738132384,-40.844400449589166,36.56438268233487,-0.03144398892063366,9.790386194588416,17.576729679501074,-4.443598536253436,1.863445806969711
UoBBG_29.08.2024_20240828_222300.WAV,513.3477,1.9435095667399336,92458.44585673917,10535.106731214766,0.0035492939509370815,0.6062205213181516,0.0019794567,8219,-1149.4219284014787,-220.44153047806319,-479.12553386553134,84.50350009837574,-128.65620205993025,131.26454834074664,-36.74570983120629,34.46867795420772,1.3556573237856282,6.975533987836856,17.95946084641162,-6.9157145998670515,1.747412473974873
UoBBG_29.08.2024_20240828_222400.WAV,513.45844,1.9427918931404644,92476.3252102396,10536.346488511763,0.0035519610523194324,0.6066328332779255,0.0019798388,8204,-1155.0013082777532,-223.43187978830997,-486.3070581098016,82.7297938828865,-133.9267205986329,131.2727205052914,-39.756717346597725,36.376327689870294,0.3544446245104051,8.983558762148334,17.488381908983555,-5.078806014042374,1.869361099076655
UoBBG_29.08.2024_20240828_222500.WAV,515.8387,1.9459101490553132,92574.50515674816,10536.23764048252,0.003552886471172553,0.6066098476978059,0.001981206,8219,-1155.2448520529374,-223.6383511414288,-486.87515774508586,82.76388668370835,-134.34378386173242,131.2164890307378,-40.02302367539672,36.33069237526113,0.3092775689621692,9.209563242614264,17.517244449532843,-4.857868937516791,2.033709388365883
UoBBG_29.08.2024_20240828_222600.WAV,513.91626,1.3832969248596356,92662.852229551,10540.003074915352,0.0035406795155808065,0.6068126921958111,0.001985596,8213,-1151.4557966835641,-221.85662713966937,-481.833767963666,83.99601091471413,-130.6878293144251,131.50699278372431,-37.979156092440405,35.169913263312104,1.1224634872329518,7.590857262536618,17.770488732747992,-6.206013467425969,1.596157619402941
UoBBG_29.08.2024_20240828_222700.WAV,514.61774,1.9436141753698992,92542.99386011594,10533.898858788863,0.0035421416600502644,0.6061209171376329,0.001982915,8187,-1151.290816606547,-221.43224763781367,-481.509247519006,83.91059558917276,-130.14394600915844,131.2968074165237,-37.663607163318716,35.17375273385444,1.1607116712154912,7.634189708489525,17.55681563594519,-6.365185993580186,1.7107863725220018
UoBBG_29.08.2024_20240828_222800.WAV,513.42706,1.9418817903179189,92471.46219066679,10536.366299456291,0.003550796301362773,0.6068064588181517,0.0019797196,8251,-1153.5548946830395,-222.61950143843978,-484.3017363342086,83.39567025141761,-132.38633163127196,131.40654619206765,-38.79871280237704,35.61002151939201,0.7559862934722018,8.51486322714885,17.551092536817396,-5.617373556172175,1.8126130538427712
UoBBG_29.08.2024_20240828_222900.WAV,514.0403,1.70520610415976,92575.42541233268,10533.370985185895,0.0035524036670241186,0.6060472853640293,0.0019819038,8216,-1141.8778348900062,-216.58488612194668,-469.7895668141653,86.77161192018518,-121.6240383661066,131.06246649158177,-33.221674541802265,32.37124908974063,2.653845707624242,3.9397660645037575,17.753740377115882,-9.403107589030313,2.0113526509878357
UoBBG_29.08.2024_20240828_223000.WAV,519.44934,1.9459101490553132,92414.05361128453,10537.00664801406,0.003551298981977424,0.6066115359042553,0.00197827,8223,-1148.2470233190102,-219.80544722358354,-477.3804908238278,85.0163697205853,-127.56458826755295,131.12978643389286,-36.117266491658064,34.147619365574116,1.6518263006744878,6.62935123043398,17.998524400089206,-7.521506946455998,1.5936633508271558
UoBBG_29.08.2024_20240828_223100.WAV,513.82495,1.939827836027312,92631.73199367023,10534.251320128391,0.0035520011732819725,0.6061829911901596,0.001983105,8242,-1148.9146908522052,-220.3134487231247,-478.9246517187416,84.57280093844503,-128.38747382980085,131.38146583774545,-36.457481081703115,34.65530553812912,1.4360187452107762,6.689821669656164,17.671722649812487,-7.157544660925723,1.9000884695052025
UoBBG_29.08.2024_20240828_223200.WAV,514.6862,1.9423150156184077,92469.89146010303,10533.208756941098,0.0035487864594848126,0.6062735050282579,0.0019805217,8200,-1152.7854253487915,-222.06483067268016,-483.39239016146865,83.45057224782117,-131.58552067721033,131.2898193369338,-38.46679366520825,35.4711824520925,0.7123089319998088,8.21671791611107,17.791295640089125,-5.959800227128872,1.8231250783255484
UoBBG_29.08.2024_20240828_223300.WAV,513.8152,1.9438134597706034,92571.93708998634,10536.751297471126,0.00354615343909525,0.6064814141456117,0.001982487,8230,-1146.9997704359337,-219.20284970851617,-476.2143565228027,85.20764230184778,-126.74406049963099,131.207115651299,-35.56180783467297,33.77852280515629,1.837713119907505,6.133718793039502,18.010829308353415,-7.829564614577314,1.7121445803489939
UoBBG_29.08.2024_20240828_223400.WAV,514.2208,1.9442005165922553,92521.95606060866,10535.991809873636,0.0035530353303273275,0.6063593438331117,0.0019808845,8237,-1153.5778070478134,-222.6352479883334,-484.51804333382825,83.2508729262719,-132.61681055322293,131.16794159458902,-39.02478030569111,35.73484078662512,0.7150937952496756,8.790646547203865,17.535861643709413,-5.670380325612089,1.953287987984319
UoBBG_29.08.2024_20240828_223500.WAV,513.0147,1.2487712795675852,92456.23456039798,10536.145718686881,0.003555663831181972,0.606607380319149,0.001978827,8247,-1153.2356638634783,-222.47625658437653,-484.0005726539012,83.37399176458476,-132.25483401963328,131.25919531850155,-38.833685271934385,35.6855509002712,0.8472447805889808,8.37154211189254,17.544149876649527,-5.410315385578607,1.8845392266410286
UoBBG_29.08.2024_20240828_223600.WAV,517.96967,1.9459101490553132,92330.78367420298,10532.13897525504,0.003566656373026711,0.6063227227393617,0.001975632,8247,-1158.5287473097155,-224.95522076519865,-490.56242408068323,81.70237687512653,-136.89704587054965,131.2073850121467,-41.599567505062964,36.95941623268925,-0.28211970133223346,10.425397347806195,17.509131168076753,-4.086670081077639,1.8683263019159801
UoBBG_29.08.2024_20240828_223700.WAV,514.2134,1.9441926094991804,92440.10379201995,10533.597168939175,0.0035461457061414783,0.6065241387549867,0.0019792728,8216,-1145.3592885544113,-218.23203934250782,-473.79333343871065,85.79267746542865,-124.69237570528115,131.23466122708277,-34.69515395658147,33.2200965379337,2.2270037962790195,5.5026767968233905,17.71202171494327,-8.534256251116593,1.7514559512863213
UoBBG_29.08.2024_20240828_223800.WAV,513.9392,1.9437661078854636,92582.74678559758,10537.43580442952,0.003542894201190125,0.6064212880236037,0.0019836316,8240,-1152.4326393887989,-222.23242297405605,-482.98960660579553,83.73162230265561,-131.37635561092048,131.27610193599966,-38.54559353886085,35.43263424227937,0.7583693482967738,8.09637788826688,17.69661520279671,-5.96040447576307,1.9408144279616786
UoBBG_29.08.2024_20240828_223900.WAV,513.88776,1.942007592329701,92593.0968538581,10536.265242760002,0.003547701350641911,0.6063367478390957,0.001983603,8236,-1144.3089197221984,-217.94998090061387,-472.7991636230168,86.0804799890811,-124.02240191939914,131.18827996167423,-34.56515486900262,33.19771426577582,2.4013611782785014,5.082155625707745,17.929048737864743,-8.818286295286306,1.8129183497402446
UoBBG_29.08.2024_20240828_224000.WAV,514.07416,1.9435405982505811,92400.36219939677,10533.626225482374,0.0035481896631787044,0.606247272897274,0.001977984,8257,-1156.7481046795876,-224.03776482801945,-488.4153758712019,82.27868942073066,-135.2967927229498,131.1866656504605,-40.448822435321865,36.601224719932205,0.08269868810696607,9.646493326651107,17.385298666449533,-4.447553588781696,2.040660286567345
UoBBG_29.08.2024_20240828_224100.WAV,516.8071,1.9459101490553132,92513.62096677913,10538.131363557557,0.0035491877106366724,0.6067813954454787,0.0019807816,8225,-1147.95142809084,-219.74377316096692,-477.17307925802305,85.17094483705225,-127.27529923887846,131.14733487108288,-36.158753413300204,34.07123846300011,1.7649990377503797,6.337756102498035,17.71043310806234,-7.566669164551623,2.0866558885219684
UoBBG_29.08.2024_20240828_224300.WAV,513.86096,1.9416303147223668,92585.27758229614,10536.665667008168,0.0035445774634390225,0.6066286776928191,0.0019817085,8252,-1153.5450656670462,-222.81856570373898,-484.5683200831156,83.28043687230678,-132.52615527664898,131.5383860617737,-38.955359944045306,35.691515436612285,0.599054088810261,8.475784949808121,17.579964702015083,-5.56870274871051,1.91573413204126
UoBBG_29.08.2024_20240828_224200.WAV,513.86615,1.9424630563732956,92513.65107241331,10535.469691714561,0.0035503507762901735,0.606543877784242,0.0019809196,8241,-1152.3235336440039,-221.9573241755712,-482.8368051581751,83.67099006069823,-131.2337886638607,131.27264134763215,-38.423466745765815,35.397961164971655,0.9348367983597132,7.948248262132486,17.68277791976303,-5.914124207214362,1.956562041688487
UoBBG_29.08.2024_20240828_224500.WAV,514.2787,1.943832141609387,92621.21305394276,10534.935382522655,0.0035486396553475897,0.6065601105385638,0.0019841865,8205,-1152.3945983943247,-222.12893973084462,-483.21521736694206,83.53889880301786,-131.47840159675758,131.37267181325583,-38.57713656078581,35.40159312163451,0.8722175334271024,8.30766962101166,17.59657506602643,-5.949922752144523,1.8899273666225993
UoBBG_29.08.2024_20240828_224400.WAV,514.35974,1.9423244518992444,92760.30011987798,10537.31511336042,0.00354398769660605,0.6062505194481383,0.0019876065,8196,-1147.6316302223913,-219.78680043379333,-477.4862473465382,84.998078204756,-127.3208166076672,131.2321203876989,-36.17779309357997,34.247733384257735,1.7688639870020126,6.208662421503192,17.800272850159804,-7.298465125632352,1.93963073288975
UoBBG_29.08.2024_20240828_224600.WAV,513.44403,1.9434569955292131,92686.14008668714,10531.648183274958,0.0035535253632100338,0.6058944377493352,0.0019837085,8218,-1152.8612317764369,-222.33408763958968,-484.30401379415457,83.15181775606302,-132.23659941901752,131.328663151896,-38.94664333358237,35.666671671272084,0.7232192765524941,8.543396626961693,17.671928034246903,-5.710538172897815,1.9913005440960865
UoBBG_29.08.2024_20240828_224700.WAV,513.00635,1.9283391800029859,92395.89138749703,10532.49511392885,0.003561940882578003,0.6062461041389627,0.0019769508,8247,-1154.7215775180186,-223.11697005831104,-485.8937889713268,82.80716327176563,-133.4459583705686,131.2929376767504,-39.44327536458036,36.13888781046203,0.2787550885536192,8.932646431438354,17.6718769321562,-5.285429059582621,1.8899357959224306
UoBBG_29.08.2024_20240828_224800.WAV,518.01154,1.9459101490553132,92308.50329142869,10533.768166994456,0.0035613478508065345,0.6060089760638298,0.001975454,8233,-1155.635844395328,-223.4649747473015,-486.70669957037376,82.56666566795548,-134.06028387957429,131.51999302666366,-39.7963217480162,36.07698879239977,0.1704898130684903,9.229312157670735,17.66824041997402,-5.028060933647287,1.8289113290298242
UoBBG_29.08.2024_20240828_224900.WAV,514.3794,1.9429034467645352,92637.04723904117,10534.57957267448,0.003538166021377981,0.6065401117852394,0.0019841702,8226,-1150.2867510641393,-221.0000531617677,-480.45032071045006,84.33292131368644,-129.27330028401607,131.32219393056536,-37.47567309858358,34.873104400308115,1.2621527894036295,7.283940886891059,17.92409591695457,-6.803731037864238,1.8621568675290503
UoBBG_29.08.2024_20240828_225000.WAV,514.4335,1.9436980896600802,92605.10423465754,10538.432024245336,0.003540539555458893,0.6067587994514627,0.001984358,8199,-1151.2739533069057,-221.60009868312414,-481.6042626799876,84.06809486919518,-130.48634030375845,131.14461138777705,-37.84621440456328,35.17013300237586,1.0068577437335835,7.847848428541727,17.727192153561447,-6.35882461362043,1.9830353917250756
UoBBG_29.08.2024_20240828_225100.WAV,513.46936,1.9022155916485108,92481.47714306717,10534.531166080758,0.0035532331752045217,0.605933526221742,0.0019792325,8239,-1155.1651180224715,-223.5063749179334,-486.49467180064494,82.7205709411814,-133.88812976252635,131.39022099159388,-39.98482973531955,36.22156933388887,0.4529322504836002,9.026387186528742,17.518892970743842,-4.9932892275977485,1.7999911265435087
UoBBG_29.08.2024_20240828_225200.WAV,514.0691,1.4973808399177022,92502.27384654101,10537.25309539584,0.0035473353950005626,0.6063519416971409,0.0019803734,8221,-1157.422518594528,-224.63844039086754,-489.357109806424,82.03930828103626,-136.1896847636816,131.31494828742726,-40.87931940218185,36.88466622799275,-0.11631868832724629,10.010291900201173,17.51857334604733,-4.356148077875021,1.7293476192068886
UoBBG_29.08.2024_20240828_225300.WAV,513.80383,1.9432960016626164,92665.3684837746,10533.42093624078,0.0035531521289851983,0.6058924898188165,0.001982732,8224,-1153.266940744544,-222.71560698166098,-484.52579498399314,83.2886936631193,-132.29229565219126,131.41630499943454,-39.11792277628367,35.68623639525359,0.40546897973238366,8.54561215347104,17.906792769232336,-5.484318589887,1.88649593298128
UoBBG_29.08.2024_20240828_225400.WAV,513.03284,1.9362592816865287,92633.36654439756,10533.566639941919,0.003551094343257104,0.6062861016456117,0.0019823145,8194,-1155.9393304278938,-223.96295547360182,-487.9157640883604,82.45255098216742,-134.84584893849924,131.37540820818774,-40.32956990459292,36.250131314866564,0.1806049122426126,9.671195467041372,17.481172280414356,-4.8141093195089235,1.9349146561879575
UoBBG_29.08.2024_20240828_225500.WAV,513.59546,1.934881267298607,92532.8608844488,10534.3212048991,0.0035509818136547746,0.6062593500664893,0.0019810142,8248,-1150.8724735121575,-221.20048536789403,-481.11687046244526,84.02475833044346,-129.9245499054421,131.32984874479908,-37.51571825211524,34.976768024822924,1.4135608756675082,7.470590468054946,17.59594204579898,-6.463912884631653,1.7751271621938485
UoBBG_29.08.2024_20240828_225600.WAV,517.05524,1.9459101490553132,92621.08772232578,10535.666212671997,0.003543542803382212,0.6062667522024601,0.0019837588,8217,-1150.789418205506,-221.21046359934795,-481.20806838822205,84.12776371151791,-129.96391413947458,131.22885311049987,-37.51754690781638,35.039456365040294,1.2908868256292894,7.443752645164771,17.581116338293047,-6.564098962202954,2.0421163063486376
UoBBG_29.08.2024_20240828_225700.WAV,513.54895,1.9409440149274215,92610.55936377977,10533.412008930976,0.003553152007096115,0.6059830036569149,0.0019826558,8243,-1153.079989543675,-222.4764519850628,-484.102006732571,83.44702368755212,-131.89192349613361,131.39221936083635,-38.50218542348372,35.66763075493274,0.6339702848473173,8.274635055177944,17.696110046076615,-5.796096273143652,1.7400856575831118
UoBBG_29.08.2024_20240828_225800.WAV,513.8209,1.8999286085446938,92689.60455737579,10534.321356399532,0.003542486125318031,0.6060471555019947,0.0019845697,8240,-1153.1307173141834,-222.5395605139277,-484.3618720534011,83.37466032120089,-132.17065922427156,131.25025357836927,-38.900466737629436,35.84688209990763,0.8516451689224095,8.418260101933145,17.542572416300555,-5.776308343730924,1.9507050147688194
UoBBG_29.08.2024_20240828_225900.WAV,514.2102,1.8614488534015268,92522.91671436727,10533.32726657053,0.003555839446458213,0.6063918093417553,0.0019794954,8209,-1157.865082277395,-224.97724998438187,-490.14003694327766,81.68734067846681,-136.60383826469464,131.61086193225972,-41.42278364915127,36.82498050300809,-0.331925701111423,10.419965044187792,17.507243165316453,-4.0235841517547986,1.8788309924859858
UoBBG_29.08.2024_20240828_230100.WAV,513.9447,9.457406114017602e-305,92317.25482287136,10533.350239468698,0.0035629354030194465,0.606466350149601,0.0019750926,8226,-1158.181681309205,-224.9271695804159,-490.1964943175724,81.66064390788648,-136.73444110795865,131.16790649335772,-41.450907137904785,37.125841268870595,-0.3802886349717216,10.353227270663236,17.513030256466553,-3.9901125107415476,1.9967179201873362
UoBBG_29.08.2024_20240828_230000.WAV,513.58417,1.9260673980277245,92589.16845771784,10535.125799409447,0.0035466537906599996,0.6067223082197474,0.001981679,8217,-1155.8109513831312,-223.89997794913157,-487.66843494640744,82.44777918614382,-134.79672127195974,131.51681138643164,-40.077347446214596,36.31829293780984,0.08726380410162274,9.356123629596107,17.40369924480175,-4.671569595698081,2.0165231264728956
UoBBG_29.08.2024_20240828_230200.WAV,514.1108,1.3843739199174998,92698.55896750775,10537.09508256003,0.003548123242001034,0.6065023219331782,0.0019857006,8222,-1150.520036538193,-221.24560000646784,-481.03912448576534,84.13734754482493,-130.05069139008364,131.30852309775884,-37.73270475540393,35.08506505195255,1.3801662023045151,7.621247896205407,17.62480705289708,-6.65880434669506,2.0002417181421976
UoBBG_29.08.2024_20240828_230300.WAV,515.24866,1.9459101490553132,92606.59569621675,10532.563629669356,0.0035524258119646016,0.6060267671625665,0.0019825145,8239,-1150.9448974282916,-221.3261457426637,-481.44894712905136,83.8521798714586,-130.15774045322917,131.41186971579853,-37.71498223620712,35.049215093857896,1.1822113647009986,7.581854471454737,17.62999613653282,-6.28950440440874,1.763580247190995
UoBBG_29.08.2024_20240828_230400.WAV,688.973,1.9213086599216205,94086.56411957745,10534.7737645283,0.0035450314704675687,0.6063846669298537,0.0020385599,8231,-1007.2984177917713,-149.1401829632939,-312.9444873585478,106.45222375957682,-36.206253862388905,98.46705460505245,-6.621021329740006,-17.56630175620285,6.431512144248956,-28.855696623555556,22.324770889313314,-16.18522544156672,8.471253840985709
UoBBG_29.08.2024_20240828_230500.WAV,513.61633,1.8616933979009194,92434.42148492656,10531.073181002157,0.003558885855116649,0.6059958599983377,0.001978045,8212,-1155.2457558794952,-223.2965871898925,-486.7364928542355,82.43689727839833,-133.98378886803354,131.30330606388233,-39.706462044243416,36.02071016234036,0.11371477736162497,9.437008281184744,17.491049169267253,-4.949030551239388,2.0419390545134326
UoBBG_29.08.2024_20240828_230600.WAV,514.4005,1.594808406372668,92358.19886901707,10532.291710458989,0.0035544697597969664,0.6060274164727394,0.0019766812,8199,-1157.49437568772,-224.4449615078483,-489.29799138743437,81.92422993664708,-135.99208547032433,131.35438131956425,-40.88132455747258,36.780965347051065,-0.12737726806990218,9.972820921383898,17.5649040423673,-4.31329637723534,1.8744414924365638
UoBBG_29.08.2024_20240828_230700.WAV,513.3146,1.9459101490553132,92676.16091853412,10534.573536737254,0.003552746463297544,0.6062842835771277,0.0019839644,8178,-1152.4834580134598,-222.22416812929163,-483.5655740716958,83.58661942653112,-131.68522443923987,131.3020704999034,-38.61908457625,35.40818843732797,0.9101907828114777,8.37707793169332,17.660246714026034,-5.913117942359199,1.9381132477811651
UoBBG_29.08.2024_20240828_230800.WAV,514.1325,1.9438473796800224,92748.53569721091,10535.527401291203,0.0035413301998634544,0.6060426103307845,0.0019873267,8204,-1149.009542185121,-220.46088527133674,-479.1457523042969,84.68604278006858,-128.4807714236262,131.18096890036392,-36.831959400886994,34.58279003924484,1.5937354480132557,6.760089497971214,17.75462463023517,-6.924450330700275,1.8883228814005157
UoBBG_29.08.2024_20240828_230900.WAV,513.88403,1.9432365804755038,92655.99643717064,10536.21750450106,0.003546247011673239,0.6062693494431516,0.0019840677,8226,-1154.0636284212726,-223.12687054316507,-485.45253762704954,82.98863257317007,-133.1633821166602,131.44863805191525,-39.31442273640556,36.033037407049065,0.46061456823756264,8.840359543066924,17.632991826096614,-5.2284374683049695,1.7519921861551253
UoBBG_29.08.2024_20240828_231100.WAV,514.09985,1.845286400915883,92453.7286756076,10536.867737337654,0.0035562662571197753,0.6062023406333111,0.0019787056,8227,-1155.141151781725,-223.52350768238713,-486.264735459048,82.93632489155252,-133.85753839542087,131.383975221386,-39.836311432492636,36.16453434603977,0.4929278721670479,9.09653273913166,17.61060370217362,-5.169189790339419,2.0746734698541367
UoBBG_29.08.2024_20240828_231000.WAV,513.4563,1.9429992433221632,92432.00932157639,10531.913528217208,0.0035537967992129113,0.6059250851894947,0.0019781,8211,-1158.8760821817293,-225.22338596794364,-491.3518331499503,81.44272398086837,-137.44489570734834,131.27387640728168,-41.716259237520035,37.21200485706631,-0.45206598296280504,10.458785992920145,17.286094754448264,-3.7233114395816505,1.776722692464366
UoBBG_29.08.2024_20240828_231200.WAV,513.8978,1.943340235161552,92512.3474728327,10534.834135256498,0.003546224755739928,0.6065097240691489,0.0019806274,8244,-1152.84714508987,-222.1624066530502,-483.5970978054249,83.59000611098767,-131.73018802997342,131.1614826506284,-38.48339719940812,35.493856908730905,0.8454946931616252,8.250395951417048,17.81624659854684,-5.891773959002648,1.697069940590947
UoBBG_29.08.2024_20240828_231300.WAV,514.49225,1.9411779164792802,92750.41056173806,10536.344891622162,0.0035432775789400787,0.606097412109375,0.0019870203,8193,-1150.3241714346602,-221.1863087009703,-480.7855631626693,84.29975268664359,-129.6984935537778,131.3301728347054,-37.43740091731024,34.9291746411398,1.2332808753285927,7.362256328964364,17.58595121207734,-6.561492692261665,1.9331724421220258
UoBBG_29.08.2024_20240828_231500.WAV,513.6908,1.9441843134072203,92514.6377889089,10533.051812747643,0.003558379518483821,0.6062567528257978,0.001980609,8214,-1151.701168091368,-221.54877933959278,-482.2700191836449,83.59135582123635,-130.8554765912014,131.40067241907985,-38.07858622313006,35.195752832564715,1.0649900530914753,7.978137853868074,17.760272335956046,-6.247011204033507,1.7698832626238983
UoBBG_29.08.2024_20240828_231400.WAV,513.54126,1.9459101490553132,92701.42045649978,10537.028316397498,0.003546801953061754,0.6063823294132313,0.0019855993,8262,-1150.8068000409676,-221.45697401858155,-481.3286399928265,84.01134876143934,-130.25090611734316,131.49089712776367,-37.80432948642693,34.93607759074621,1.1724490415443936,7.748644962524797,17.704345552753534,-6.530607503581863,1.9167406273488874
UoBBG_29.08.2024_20240828_231600.WAV,514.57715,1.942931726386096,92488.114346307,10534.914110826187,0.0035544319486869274,0.6061472791306516,0.001979714,8222,-1157.9200020086694,-224.900833944611,-490.04952507583096,81.85053747056767,-136.55860473770284,131.4337095799086,-41.36549685139191,36.79383674038149,-0.291753455031334,10.189381143409086,17.504718968134256,-3.9092011395517923,1.9488782941250093
UoBBG_29.08.2024_20240828_231700.WAV,513.4995,1.9418725953896223,92395.58808909729,10533.20892040898,0.003552080780114929,0.6063468770777926,0.0019776498,8209,-1153.6332626219473,-222.56610259229595,-484.4063064289066,83.2718667388563,-132.24455761702862,131.22726908213136,-38.702323953547356,35.742316312092555,0.6348473965197399,8.406272954675908,17.37626636160517,-5.466270674594523,2.01429997003361
UoBBG_29.08.2024_20240828_231800.WAV,513.6455,1.9434292503757067,92549.3797733562,10537.093389255697,0.0035495779780262307,0.6062580514461436,0.0019819567,8207,-1133.3003603742893,-212.07423005711857,-458.7987798569067,89.34517846845515,-114.31591443122052,130.56685815838043,-29.42139597076844,29.457756504674293,4.0529201101115735,0.4969792297091884,17.82033529235054,-11.941885891456943,2.0207950912341714
UoBBG_29.08.2024_20240828_231900.WAV,512.907,1.942011849821058,92439.8324704663,10534.659891003304,0.0035509389240029024,0.6064292096077127,0.0019782814,8226,-1157.17641394406,-224.42329399349308,-488.945801060384,82.23933883130184,-135.66000529682816,131.31787196153593,-40.81838894983257,36.57581182957401,-0.169916408525288,9.911740013907439,17.58501435613378,-4.220923671514276,1.9745858825843132
UoBBG_29.08.2024_20240828_232000.WAV,513.1199,1.9409294604835912,92433.59539025152,10533.362063971197,0.0035569714206295793,0.6064046656831782,0.00197861,8212,-1150.2846669293688,-220.80238104496397,-480.218665949107,84.24933914059687,-129.3120780418026,131.28996871216484,-37.2422026256236,34.80997605333724,1.161622916263297,7.258240595130928,17.873523521507344,-6.805033636372757,1.9055202898181716
UoBBG_29.08.2024_20240828_232100.WAV,514.29236,1.9412841277017214,92531.79833752246,10536.968003708407,0.003543128227007192,0.6065388131648937,0.0019825588,8253,-1153.35132971054,-222.52928602224733,-484.07184789497813,83.37548949392728,-132.2321426388636,131.1798376685864,-38.77693831872322,35.675507751251295,0.7836494077440919,8.486690242864514,17.679194545324247,-5.615393164016515,1.6398926459788004
UoBBG_29.08.2024_20240828_232300.WAV,513.6768,1.944096349002729,92346.57353918965,10534.611605670127,0.003553842294940865,0.6061746800199468,0.0019769063,8244,-1155.4264269084779,-223.2946499991084,-486.39305856269357,82.87524892824298,-133.86316735103986,131.21882549550486,-39.861814193861775,36.13350119927212,0.42109967251087793,9.030638911482276,17.78121446425077,-5.139627745965949,1.9812628797879424
UoBBG_29.08.2024_20240828_232200.WAV,512.7976,1.9436291204885272,92560.38922033868,10536.53435573184,0.0035562278876117687,0.606612834524601,0.0019812232,8249,-1153.157814524667,-222.56293981884338,-484.13459538522454,83.40265044086122,-132.36284349540884,131.33495997394587,-39.009577804671,35.662021982626264,0.7151887927857769,8.497214858254788,17.678440992905884,-5.611511759776421,2.0400577802974085
UoBBG_29.08.2024_20240828_232500.WAV,516.72076,1.9459101490553132,92531.47264091391,10533.898818885158,0.0035536787747766523,0.606320774808843,0.0019798453,8284,-1155.3037038707007,-223.5812349667494,-486.9240183597279,82.6508416722526,-134.2778662806262,131.38148137449122,-40.03821219790352,36.28001150329722,0.28828849216481855,9.312230938476075,17.521978452741145,-4.928259760014454,1.850533506289512
UoBBG_29.08.2024_20240828_232400.WAV,513.22876,1.9435062310577895,92447.64756578369,10532.231758511689,0.003547891203258593,0.6058659979637633,0.0019785399,8268,-1156.3918623345778,-223.93963727075723,-488.0330189804561,82.45489776600917,-134.8631992497923,131.29801181559802,-40.39290690321087,36.46407619762893,0.11159278330218597,9.52901438088359,17.59485929558823,-4.5047327057372195,1.8823066881582449
UoBBG_29.08.2024_20240828_232700.WAV,514.61584,1.9289068905645372,92500.46198744528,10541.235997475165,0.003549181544415947,0.6067021796043883,0.001982484,8226,-1152.581189231402,-222.21380134392604,-482.71874218432237,83.9134267501735,-131.41228301551828,131.38101178279155,-38.35391757535979,35.24923688275186,0.9917734074771851,7.9771211482262165,17.597889289211277,-5.94828150110877,1.9281869088127745
UoBBG_29.08.2024_20240828_232600.WAV,514.509,1.9431968952888885,92509.44430830763,10535.104887796098,0.003543955033702902,0.6064695967004654,0.0019810093,8204,-1153.2058484827887,-222.43549248743307,-483.97878616716736,83.40671368605793,-131.99772035546812,131.33137210642775,-38.67702473690338,35.66468540256704,0.7431008322033628,8.375872681313627,17.60569367592071,-5.76732533688202,1.9356070049413179
UoBBG_29.08.2024_20240828_232900.WAV,513.2069,1.9415868185257805,92428.43046963698,10533.238253792506,0.003552309729438541,0.6063470069398271,0.0019786777,8226,-1154.0292530736529,-222.63060405119495,-484.96517274122823,83.09241876463,-132.77773590121376,131.29516206943197,-39.07918012007386,35.79024056295827,0.6486459068709458,8.584661072293086,17.644376301878868,-5.552873343335177,2.0092921346677244
UoBBG_29.08.2024_20240828_232800.WAV,514.0565,1.942235667075546,92484.47593236953,10536.737801321755,0.0035469880862858947,0.6067052962932181,0.001980472,8231,-1155.5308105504434,-223.63551904327568,-486.9107060832722,82.62483703133414,-134.39957073138555,131.38778709856453,-40.020107804004105,36.16614669148042,0.37976331888623505,9.355160948753547,17.633136952300372,-4.941938520678733,1.7584471832206503
UoBBG_29.08.2024_20240828_233100.WAV,512.8254,1.9418381503485225,92316.59578860243,10533.31046876511,0.0035532948214366733,0.6057460054438165,0.0019756693,8204,-1155.6490858404009,-223.5587909478692,-486.64286101351286,82.80645231007736,-133.8832042761572,131.33519704564333,-39.9132605054822,36.2393031433564,0.28332511077524347,9.279011650190629,17.55977502366933,-5.1362154028809615,1.821470293451842
UoBBG_29.08.2024_20240828_233000.WAV,512.8359,1.9432155190102667,92352.52000414107,10532.489705448419,0.003553579651895471,0.6058941780252659,0.0019763038,8225,-1151.8398259161675,-221.45532171726242,-481.9473351613431,83.89151144594668,-130.50547330531253,131.25721903345527,-37.919125599274146,35.058860323603575,1.0849165629209936,7.95798960570783,17.742222578624297,-6.431006175262858,1.974112483042292
UoBBG_29.08.2024_20240828_233300.WAV,514.46716,1.9439765547378445,92545.1353349571,10537.316821813294,0.0035483842450378064,0.6062223393866356,0.0019822526,8217,-1154.1520106163528,-223.07947849783653,-485.0411920286366,83.19287382295303,-132.9218208989664,131.5077340840929,-39.24452446716021,35.68874901566955,0.3536124931087074,8.832117874591495,17.71948707398538,-5.316100321635073,1.9421281027156894
UoBBG_29.08.2024_20240828_233200.WAV,513.7358,1.9401158826435707,92456.56352419038,10538.679890805539,0.003543949315008145,0.6067154255319149,0.0019814034,8221,-1154.6054039636808,-223.15536241657782,-485.44660305354614,83.08040922796997,-133.31286647742897,131.378142483502,-39.23581289302207,36.00363465575247,0.525338856147331,8.736265090404649,17.528864615703625,-5.2992683376335545,1.8144634538753144
UoBBG_29.08.2024_20240828_233400.WAV,514.0088,1.9438248469957646,92249.81682645803,10534.631049279362,0.003553229730987103,0.6063229824634309,0.0019756549,8227,-1155.3730149973928,-223.24071157578348,-486.04705380748516,82.81984468157216,-133.7327992516352,131.24619124577816,-39.70545685163215,36.04975566780402,0.5065428085142968,9.062736565292301,17.556974731198707,-5.101481053820993,1.9752121738421262
UoBBG_29.08.2024_20240828_233500.WAV,512.9419,1.9439550026518322,92410.64520463726,10533.019486102698,0.003548233609110284,0.6064272616771942,0.0019784304,8207,-1147.8740977109182,-219.46779550075917,-477.0027624764141,85.09412820971382,-126.83174966271856,131.22208739558624,-35.95813766053599,34.08490498291978,1.9247072381068622,6.0937489689670885,17.75824624709322,-7.505002373975051,1.7478224223475263
UoBBG_29.08.2024_20240828_233600.WAV,513.5598,1.9432621911782026,92489.81650937696,10535.857113561475,0.003552715184718245,0.6060453374335106,0.0019803424,8207,-1149.3359400599932,-220.43934456669976,-479.0135972416168,84.62164722201906,-128.45905146447095,131.3334600796104,-36.677874842297,34.624763259983126,1.4933759015479966,6.790757188938542,17.72752918736392,-7.1260261915215315,1.8821928945906958
UoBBG_29.08.2024_20240828_233700.WAV,513.3127,1.941467297358337,92435.14165748062,10533.17698235576,0.0035559628781492315,0.606295191988032,0.001978576,8242,-1147.6085468546864,-219.32641217117038,-476.81007498947855,84.98332834729301,-126.95257582690488,131.27864534536312,-35.795539578250946,34.06481464565632,1.7863455452969186,6.309616306897766,17.603426026333313,-7.777332739937356,2.0618898118597566
UoBBG_29.08.2024_20240828_233800.WAV,519.74414,1.9459101490553132,92497.41036884303,10536.94487759132,0.003547364057521327,0.6067297103557181,0.0019814405,8240,-1151.9444416709398,-221.70228453632063,-482.26314178210947,83.74833560645541,-130.99964589039232,131.4958294185368,-38.0469551003345,35.2325008810012,1.0214178302014616,7.701433867672586,17.770256838419325,-6.174130396305423,1.8688802389745134
UoBBG_29.08.2024_20240828_233900.WAV,514.2711,1.9415038098002342,92565.1801157248,10540.033951776939,0.0035447842684835492,0.6067430861452793,0.0019827718,8236,-1147.0495771515664,-219.34517596133963,-476.0497755456219,85.42477566261886,-126.5561360360313,131.21433159829743,-35.54818124235086,33.765195470496266,1.9958737728925837,5.9750064098122,17.927951900478085,-7.759525752659581,1.825658786151867
UoBBG_29.08.2024_20240828_234000.WAV,514.5165,1.943059052729415,92339.28161083024,10535.384466839863,0.003550582830847625,0.606379082862367,0.0019773382,8198,-1154.433818192679,-222.91160490895336,-485.08524410911406,83.00380113474627,-133.04111579182702,131.34314076914774,-39.26780158289496,35.78092210944957,0.5646254580658372,8.90724287378795,17.630621823750868,-5.368137698891499,1.7763047283898799
UoBBG_29.08.2024_20240828_234100.WAV,513.1692,1.9416119961968699,92508.87633103633,10535.78770231371,0.0035574366910614227,0.6065049191738697,0.0019799487,8206,-1156.0877228611407,-224.09277671715256,-487.7163747054296,82.42393940150251,-134.94111392914277,131.36477230937746,-40.34681477225471,36.50004313896474,0.06851571799900892,9.710709354885225,17.59790530249315,-4.869084361993329,1.806518129528284
UoBBG_29.08.2024_20240828_234200.WAV,513.76587,1.9445756125509837,92411.0210388731,10531.353126162112,0.0035571651493539534,0.605982354346742,0.0019779173,8290,-1155.3069768290643,-223.3213184694497,-486.5673414595423,82.76263731340524,-133.744606853974,131.19630604968606,-39.805870991252505,36.09085281505075,0.491189857455161,9.296710531404576,17.379720579680296,-5.112908043038698,1.859338286003237
UoBBG_29.08.2024_20240828_234300.WAV,515.296,1.9357591977205444,92335.59900692054,10534.078802039332,0.0035532927395345044,0.6062670119265292,0.001976325,8249,-1151.6941155753493,-221.43423936551693,-481.6837741174657,83.91683373563603,-130.3846502311327,131.33407978519602,-37.94348021304248,35.08501148699584,1.2079315114854934,7.818236913705074,17.664898263084204,-6.464800127757325,1.9382344506685985
UoBBG_29.08.2024_20240828_234400.WAV,513.8084,1.943287285289422,92659.4223928368,10538.466037194412,0.003534071526187104,0.6065334888214761,0.0019852975,8234,-1151.3486447145042,-221.4407042891634,-481.73355796112594,84.1624823747194,-130.60933067019525,131.31040456586135,-37.9038359946407,34.88620969707275,1.355746103499787,7.641559284199165,17.90812797823217,-6.279254301002247,1.7435281740815696
UoBBG_29.08.2024_20240828_234500.WAV,517.6971,1.9416929122412303,92895.35050717503,10536.070028492944,0.0035426489785778024,0.6062864912317154,0.0019919022,8197,-1121.646574244721,-206.2188466972677,-444.7884950302464,92.30025309046727,-104.8295198893779,129.5931721597572,-24.86146129502879,25.592481590287232,4.9629457512572595,-3.957547191596251,18.011819569860272,-14.883608104329273,2.2111523657523855
UoBBG_29.08.2024_20240828_234600.WAV,514.0834,1.9420528260756078,92457.24531546695,10536.017493146028,0.003545840323556186,0.6063362283909575,0.0019794824,8235,-1151.4069153638802,-221.51562937013773,-481.42256440107593,83.99624379531987,-130.37563764847638,131.4725157023914,-37.67577585517771,34.96838672915261,1.0890966378928708,7.643924560741124,17.659783045797866,-6.269246138467394,1.9994969827853484
UoBBG_29.08.2024_20240828_234700.WAV,513.9753,1.9433997226338007,92403.52998048977,10534.174697134567,0.0035489952995355735,0.6062845433011969,0.0019782828,8224,-1156.181728282498,-223.83471721975647,-487.5556622019825,82.53712333129326,-134.69745036419772,131.19279860955558,-40.16421752375896,36.452780527844496,0.13750899279861814,9.457406968040596,17.57942072514664,-4.634227333546307,1.8836366700674876
UoBBG_29.08.2024_20240828_234900.WAV,513.0896,1.9427784407233744,92494.68506223564,10532.557220934395,0.0035479467935109273,0.6063251901180187,0.0019793273,8255,-1154.9905817336826,-223.39199390459783,-486.320384749585,82.87165736138041,-133.4909609797956,131.25907838167134,-39.83504267750714,36.169510191871936,0.3954830804626312,9.105664217503698,17.586079130191152,-5.083873609499426,1.8706406683426906
UoBBG_29.08.2024_20240828_234800.WAV,513.6582,1.9433677234134636,92298.03296726284,10534.551745032306,0.0035509902141728413,0.6063819398271276,0.0019757494,8223,-1158.7117796545767,-225.1567515458345,-490.46400941504396,81.68985056437083,-136.9335777185822,131.29667363265173,-41.751455253622915,36.98248234324143,-0.3525550162892771,10.541638507986303,17.56798451712079,-3.944509702353892,1.892535964482527
UoBBG_29.08.2024_20240828_235000.WAV,513.93585,1.9439016715205917,92481.44843351284,10537.238923720655,0.0035478050580068157,0.6063653174867021,0.0019804675,8255,-1153.0235020281723,-222.36818256635013,-483.630725066941,83.39979381923646,-132.04477197757598,131.43353875648427,-38.674404354938474,35.60422145243056,0.8331404941737228,8.27935474382377,17.607433272569263,-5.629045134732627,1.8757470060752135
UoBBG_29.08.2024_20240828_235100.WAV,513.536,1.9440006560945322,92543.20101473079,10537.157918900533,0.0035410952421230076,0.6065624480551862,0.001981986,8201,-1154.3068978137528,-222.9496123905619,-485.3483184151631,83.1390047308231,-133.2948431007065,131.50934108912978,-39.25947363125814,35.663633454395345,0.6981038438506584,8.736579246250212,17.65857806232795,-5.4310498190743814,1.8872965544778868
UoBBG_29.08.2024_20240828_235200.WAV,514.13336,1.9422184377688836,92425.06662364393,10534.542899375872,0.003550531618631895,0.6062596097905585,0.001978444,8224,-1155.5318879224692,-223.49301445589336,-486.82513921482797,82.58592347052422,-134.16688256083762,131.3816137882359,-40.02767723361669,36.26836607015432,0.3298334007193229,9.04159037098953,17.767621014705984,-4.976795304193019,1.7809329218679062
UoBBG_29.08.2024_20240828_235300.WAV,514.4383,1.9437632038275436,92452.85452044527,10535.351231173656,0.0035428123144470194,0.606549981299867,0.0019791734,8213,-1157.443773405341,-224.56753936396606,-489.22045264283605,82.14968635237787,-135.95253258491843,131.31266508876564,-40.926306096467684,36.64616031241026,0.04451028561150172,9.984882196508927,17.356048239811866,-4.302095181299972,2.070064123642076
UoBBG_29.08.2024_20240828_235400.WAV,513.4394,1.9416568859971726,92407.53067145137,10535.379603412304,0.0035435880633485893,0.6063240213597074,0.001978602,8181,-1156.8319643357092,-224.1213751964863,-488.3801249078492,82.50015948331968,-135.1933842328272,131.15320424505143,-40.52014731112011,36.37497825004566,0.17625037413658562,9.702105569345834,17.437856522700706,-4.479610291792542,1.9010434239759264
UoBBG_29.08.2024_20240828_235500.WAV,513.81055,1.943531404420697,92290.14492976072,10532.942135264162,0.0035522185466433345,0.6059270331200133,0.001975842,8220,-1149.8342581545726,-220.40238328586835,-479.2674859911422,84.26925874410564,-128.67103814708778,131.37613711187936,-36.732844632936015,34.61160131732163,1.4499126788852204,7.010726965016832,17.684605076850666,-7.045522131632767,1.8304199468163151
UoBBG_29.08.2024_20240828_235600.WAV,513.6621,1.9382562330173294,92579.30604367313,10537.175533121459,0.003543523058056455,0.6060353380568484,0.0019832207,8224,-1148.5651491233302,-220.224250666172,-478.0917875916582,84.82773855957069,-127.85849858452416,131.5405452564699,-36.50874269354781,34.329275915524896,1.5951995680777484,6.6324819395239345,17.799741403099894,-7.394252422875464,1.958134234573985
UoBBG_29.08.2024_20240828_235700.WAV,514.5803,1.9434606020952305,92283.87405967903,10535.172383010562,0.0035492256345670513,0.606175848778258,0.0019767082,8226,-1153.2970458750772,-222.21684651262098,-483.4183577260999,83.61107611752678,-131.73421117263686,131.43978242782174,-38.41781772763982,35.56188883008162,0.768994247582005,8.181509273449162,17.72744438437572,-6.0278845058056385,1.9238630977423545
UoBBG_29.08.2024_20240828_235900.WAV,515.91455,1.9459101490553132,92339.89983504449,10534.851444661355,0.003551375582420432,0.6060449478474069,0.0019760597,8218,-1153.2445208603795,-222.2957488820675,-483.68282039498075,83.50320800985097,-131.82399023969683,131.42708702407376,-38.59125622943648,35.597151668656025,0.6993634129819214,8.28845297823048,17.637253959903912,-5.951999536776241,2.0140468851500257
UoBBG_29.08.2024_20240828_235800.WAV,514.2562,1.943592412275919,92601.50933121704,10535.36473466153,0.0035421410629685145,0.6062224692486702,0.0019834754,8216,-1148.130949870162,-219.92389382070792,-477.6171951927109,84.93454399970602,-127.36363842777763,131.36062958016552,-36.28946810956831,34.28313002856624,1.7116070789725346,6.480314679951003,17.784530253203965,-7.597280257003153,1.9787604945330732
UoBBG_29.08.2024_20240829_000100.WAV,513.5559,1.8667488799355874,92306.30871422177,10532.302373379298,0.003552664994357205,0.6064411569148936,0.0019756483,8210,-1155.3637234569894,-223.19239890840566,-486.4203008902659,82.72211825476114,-133.76340304090903,131.23882630404262,-39.73293941742276,36.04552770497685,0.4323477412478005,9.229365141725127,17.601494537853448,-5.117627139718335,1.759159432492799
UoBBG_29.08.2024_20240829_000000.WAV,513.9338,1.943680430395092,92468.86783827441,10534.761665846792,0.0035567838794313546,0.6063337610123005,0.0019794218,8202,-1152.4923593631895,-221.96871970386627,-483.1700478877348,83.59582354405433,-131.46881332867437,131.206318219418,-38.35088059046418,35.590225776773075,0.9195809104230503,8.074582969776763,17.576473268612737,-5.889047655354303,1.9594046098121318
UoBBG_29.08.2024_20240829_000200.WAV,514.3267,9.457406114017602e-305,92358.15910055832,10534.817340927939,0.0035435162445175724,0.6058932689910239,0.0019776407,8220,-1149.7177532218025,-220.428873983305,-478.9584632783654,84.79331128804267,-128.3209595351366,131.23177374015995,-36.554117919599136,34.36991176056547,1.5797876745833535,6.985232875515543,17.754340226657227,-7.259758699830368,1.7322032266964258
UoBBG_29.08.2024_20240829_000300.WAV,514.33203,1.9416606697078402,92596.31885794422,10535.722444467703,0.0035429364962328994,0.6059533951130319,0.0019833567,8205,-1152.4956885035876,-222.10767933888073,-483.21250808438083,83.70955980443003,-131.52681763043478,131.4633994822582,-38.34584488303355,35.3145456758588,0.9677778505327693,8.111225603965844,17.795320684900087,-5.959045570835625,1.747419912853651
UoBBG_29.08.2024_20240829_000400.WAV,515.10547,1.9459101490553132,92209.51831179588,10535.372501217329,0.0035455588335360486,0.6063157101894947,0.0019753268,8244,-1152.3066485457257,-221.51909379658946,-481.9754079468786,83.84042001207757,-130.73593085101624,131.32306952729098,-38.090120121533154,35.08558615459971,1.2039122008446497,7.7626962500330805,17.793301862634923,-6.0774636128129265,1.8432967553769501
UoBBG_29.08.2024_20240829_000500.WAV,713.9114,0.410116318288409,358627.6027560989,10534.081426277715,0.004520899835673061,0.6097596513464095,0.008826191,8111,-831.5918435113066,-120.19751826637302,-252.52075831663245,93.02818782746648,-29.805539975443164,76.92554827265877,-12.511704425497204,-26.622563289979464,10.831529164626964,-19.056231167690072,24.663913796573325,-12.264679185479029,7.889489265813497
