filename,ACI,ADI,Bio_Energy,Spectral_Centroid_Mean,Spectral_Flatness_Mean,ZCR_Mean,RMS_Mean,Event_Count,MFCC_1,MFCC_2,MFCC_3,MFCC_4,MFCC_5,MFCC_6,MFCC_7,MFCC_8,MFCC_9,MFCC_10,MFCC_11,MFCC_12,MFCC_13
UoBBG_29.08.2024_20240828_202931.WAV,673.13257,1.4641659543105672,302599.3465104628,23602.62203917953,0.000285780338575237,0.621267203720492,0.009532855,1784,-840.0917661675147,-125.74873516207693,-172.92508902338466,178.02947830976638,-11.87630696176033,-39.063897200157314,-7.596986198872457,5.717517064175328,32.64153282946141,-31.18455812370929,6.227319049684244,-0.0925216995912166,-0.08392530661572405
UoBBG_29.08.2024_20240828_203000.WAV,668.8522,1.2595863979842004,461887.92853041855,23681.5174768662,0.0003186216816427762,0.6222919389777523,0.0061878897,4116,-878.2083195968456,-135.11717178157053,-180.98034730175098,188.6636240681272,-14.363545854677787,-37.24783485998451,-11.32366655362654,4.136611209620501,36.61095036848657,-31.783732763211457,7.417527456970986,-3.132022965864397,0.6349164320841535
UoBBG_29.08.2024_20240828_203100.WAV,702.4066,1.469583325884519,675675.4107205998,23565.970850213147,0.00022147539211668507,0.6192786794479955,0.009681912,4115,-816.3509638860701,-119.58226097634567,-167.3550466360098,172.955634117519,-9.600408756008042,-41.92805828292376,-5.409862207954343,5.827493503557289,31.23388837549961,-30.291073208738588,5.696257807435287,1.3311523335290327,-1.2098962406832383
UoBBG_29.08.2024_20240828_203200.WAV,674.9446,1.2833011392189093,996819.0288430151,23385.942786817737,0.0002203890595105759,0.6150858361711865,0.014438795,4107,-789.332722013282,-118.6562066133394,-175.38388074284236,170.88066183001604,-3.6461634322190415,-40.66120727453824,-7.719778167068328,5.12661458432761,30.839128704942986,-29.168497612511356,5.663705721222879,1.448445753264438,-1.283964392115687
UoBBG_29.08.2024_20240828_203300.WAV,670.62695,1.2739132536604103,350650.83252345736,23872.442230703207,0.0002464628159304403,0.6270016076858632,0.0044650785,4120,-918.0926770860425,-148.1270219191685,-188.64843904228562,201.6364800841076,-21.15732860442133,-33.437856141747034,-13.766543757206142,2.9715574307691326,38.523466389893784,-32.685117634686826,10.09817882284581,-6.425012322004904,1.423219980195429
UoBBG_29.08.2024_20240828_203400.WAV,513.7023,2.2874081117690968,296045.1205214597,23870.796911447287,0.0002501370538468475,0.6259214134448305,0.0036395933,4123,-1212.7171548949393,-297.03257369207347,-401.843636100842,282.0861438920467,-38.53144350179581,59.91967874312515,-51.42373060782348,8.01446900216148,11.432235313255102,-33.519830713438246,24.361169026077444,-14.091573579893046,17.516926912691172
UoBBG_29.08.2024_20240828_203500.WAV,513.46185,1.0821955300387673,295643.436833708,23873.678158245955,0.00025023133175861836,0.6260449836904245,0.0036327231,4119,-1206.547520780769,-293.11955492440563,-395.7006413284728,281.7836883112744,-37.168953721271244,57.01682772886638,-51.2319204974869,6.4233193359282765,12.576856517525862,-33.41686630486684,25.397279835061997,-14.218190385292397,17.221438730898697
UoBBG_29.08.2024_20240828_203600.WAV,513.3267,2.041286712000921,295617.3015261852,23873.329051181143,0.0002482198989576392,0.6259860772271006,0.0036326747,4102,-1228.348589230106,-306.5000281812488,-416.7018691248412,282.636958364095,-42.30434719752501,66.68080367403232,-51.81188911682394,12.163216438669542,9.024257069499061,-33.478948789604715,21.823959769506466,-14.37236720418199,17.753136437565708
UoBBG_29.08.2024_20240828_203700.WAV,559.68567,1.842100803378388,303626.8118691087,23863.46819037128,0.00024587445578296344,0.6258185695474432,0.0038308008,4123,-958.3993953923828,-162.22652965287023,-207.0883159464337,215.2578041332486,-21.129961538595495,-28.918820502484024,-19.860033926598252,1.0994698460040104,40.74611514392811,-32.261154624686085,13.070391130444605,-10.037936379645922,1.7921093204185017
UoBBG_29.08.2024_20240828_203800.WAV,558.8158,1.4685850013863144,306530.29393885494,23851.109883002955,0.00024557782866788623,0.625421617556938,0.0038746556,4096,-936.9357871783819,-152.47864093744104,-194.90003121031427,206.40404343777496,-20.51334530957233,-32.752898704754294,-15.795166988656524,2.4525228260760175,39.36147504794625,-32.48036012329807,11.057348226136943,-7.7250317470147785,1.4545070912752385
UoBBG_29.08.2024_20240828_203900.WAV,582.5846,1.8166634063082612,314860.33498610376,23861.085403690766,0.0002485781674119066,0.625726634254375,0.0040437547,4113,-854.1145090171373,-118.01222640182773,-149.93587394422107,170.6185584687794,-19.5200919418043,-41.02097749984746,-1.6382421616158576,6.614717888277981,30.65602315495142,-32.119842930524776,6.025146674484012,1.9891653235297475,-0.814066039056403
UoBBG_29.08.2024_20240828_204000.WAV,515.96497,2.302585092994046,295998.3046877165,23873.242020781054,0.00024800933409819636,0.6260838910458297,0.0036390626,4130,-1208.0795126693217,-294.06770691360634,-397.2870926238313,281.90918809702083,-37.50374665885101,57.72627098030516,-51.18850733433802,6.73058233749698,12.267383069603724,-33.45691912989656,25.17416637760554,-14.171785269237974,17.29086467036159
UoBBG_29.08.2024_20240828_204100.WAV,516.31226,2.302585092994046,295262.30307110667,23873.86189662449,0.0002487602652855403,0.6260483774784349,0.0036281687,4125,-1224.904601112791,-304.22259596930587,-413.22790072735904,282.5549904100023,-41.420144553902404,65.12253819522859,-51.6455787867222,11.11996108901715,9.48009453755205,-33.46817223477516,22.516925245531745,-14.409078197407336,17.845586889522437
UoBBG_29.08.2024_20240828_204200.WAV,515.12506,2.302585092994046,295144.49658763275,23873.73134672319,0.0002500631248157778,0.6262391568473067,0.0036259652,4118,-1206.6100926403885,-292.9821813118518,-395.42158398387045,281.78303265211076,-37.07682499411819,56.85954575408867,-51.313119479149776,6.443378867178194,12.680496982296521,-33.42713101932901,25.353726579985263,-14.324941838176006,17.43027409089092
UoBBG_29.08.2024_20240828_204300.WAV,515.2466,2.302585092994046,295224.42012526357,23876.22143457381,0.0002490380181379925,0.626319698709197,0.0036272951,4137,-1216.2695388174536,-298.8743470279834,-404.60432865169446,282.28054105973155,-39.374844110321014,61.26553910336817,-51.464948655069406,8.816374014043806,10.970276849206357,-33.66307088252485,23.95573415566284,-14.159916428397263,17.640954639233808
UoBBG_29.08.2024_20240828_204400.WAV,513.9305,2.1241442175299334,295927.57941680856,23873.859703019127,0.00024809214892663404,0.6261477063810972,0.0036388098,4138,-1199.245689445134,-288.6866407536181,-388.78546941237227,281.25535713426126,-35.706777772824864,53.63731536803956,-50.93696935103612,4.883773254235178,13.89845039056372,-33.31128617512304,26.240423699633567,-14.2695399397869,17.021164614296687
UoBBG_29.08.2024_20240828_204500.WAV,513.86694,1.8032870153409855,295854.5300094715,23874.071552979556,0.00024799606321818107,0.6262364296962268,0.0036358207,4126,-1219.6098877522013,-301.10589025783787,-408.24688388317054,282.49790678402985,-40.14415123540543,62.80562214312833,-51.45039000954903,9.659304407480167,10.311541662723778,-33.598706908824795,23.354053592448746,-14.157722062251956,17.772892048491016
UoBBG_29.08.2024_20240828_204600.WAV,513.51086,2.2846714603561873,295054.06400553434,23875.67193326803,0.0002488009451821569,0.6261415854420069,0.0036247799,4104,-1220.5857451279219,-301.5649708125882,-408.8569493494665,282.3908080268256,-40.39097315223369,63.25905720752087,-51.57512015053525,9.903167340377445,10.23339604799668,-33.550194433879675,23.190611535894213,-14.254649532245137,17.861615498545866
UoBBG_29.08.2024_20240828_204700.WAV,513.56287,1.78949390031209,295391.93631789484,23876.768776424487,0.0002479379424250514,0.6262366721096562,0.003630221,4101,-1229.3442814698362,-307.10083770930424,-417.4923625895279,282.6597489755073,-42.725814634604454,67.13139486806975,-51.73563122893449,12.491590695353096,8.733840588291654,-33.46167067603812,21.775696342071882,-14.496004577319217,17.8724499509308
UoBBG_29.08.2024_20240828_204800.WAV,514.95337,2.302585092994046,295855.57705802086,23878.48252547189,0.0002494578010544508,0.6262432778756051,0.0036349576,4140,-1225.3822891740676,-304.8940042242447,-413.81516738537954,282.72699456874085,-41.729151663654065,65.51499945973103,-51.75323126428358,11.331088829184106,9.354447535532278,-33.428545711087814,22.361224882702224,-14.345343673906898,17.884331862406
UoBBG_29.08.2024_20240828_204900.WAV,516.48157,2.302585092994046,295621.0943417067,23877.532542526023,0.0002475535294580312,0.6262575196645774,0.0036325406,4117,-1221.0126792367432,-301.9793611861661,-409.3109565915965,282.602647233668,-40.548669263880235,63.363988946691066,-51.526185850185996,10.043975520625873,10.031044586515458,-33.45293940613122,23.128728074523703,-14.277338692315714,17.86714498312117
UoBBG_29.08.2024_20240828_205000.WAV,516.82434,2.302585092994046,295787.8699382563,23872.88353407246,0.0002497763453201226,0.6259970464347772,0.0036356645,4120,-1227.6251453974546,-306.1353452269624,-415.91560168717785,282.73381369254764,-42.152237790328975,66.34655751751411,-51.84518983471821,12.014642778501125,9.04754558016703,-33.48956584694522,22.065737456820095,-14.324725453708275,17.72120508547591
UoBBG_29.08.2024_20240828_205100.WAV,516.0709,2.302585092994046,296470.2282185409,23875.239076559566,0.00024870480822516885,0.6263635755399032,0.0036427032,4126,-1227.8903489073687,-306.62619699651833,-416.60084093259906,282.83612539924513,-42.361801274582795,66.65881045884493,-51.81959956988173,12.103829668472995,8.9480944101677,-33.427313719095274,21.918558038136283,-14.283152485220171,17.699249022448946
UoBBG_29.08.2024_20240828_205200.WAV,514.0819,2.2932857269652214,296423.118447772,23877.43667615163,0.0002480627621510551,0.6261557060242646,0.0036436494,4097,-1221.9020201138994,-302.86535954775985,-410.5822144975147,282.69770465069064,-40.87824258187564,63.95632001444567,-51.60444787210849,10.481264387838877,9.724151851727694,-33.45790673409254,23.080462017561867,-14.424710908139412,17.856381592291005
UoBBG_29.08.2024_20240828_205300.WAV,513.8119,2.2474341059216023,295134.5101270772,23876.743111376552,0.00024959577545752255,0.626324486374426,0.0036270674,4107,-1229.6867499701198,-307.19254556932543,-417.6157196301886,282.73718428768035,-42.73841102697882,67.18168660061494,-51.66997847526093,12.401864230851658,8.622090443447638,-33.38060150579073,21.784076865470507,-14.365254429019085,17.822556966103853
UoBBG_29.08.2024_20240828_205500.WAV,515.60657,2.302585092994046,295352.771829991,23879.007990999864,0.0002476989170328872,0.62631418380368,0.0036304712,4110,-1227.8830074342081,-306.15167210268527,-415.81135178683337,282.8252366388301,-42.31771978050847,66.24619659633345,-51.626993686287896,11.931093043193007,8.9639743410258,-33.30652780032478,22.043187757775407,-14.486691688867806,17.758471936207354
UoBBG_29.08.2024_20240828_205400.WAV,516.1833,2.302585092994046,295364.6948433188,23876.61026726937,0.0002485835098246211,0.6261056476511109,0.0036301594,4130,-1226.4679135008842,-305.32554145076944,-414.5399676681332,282.68472631519046,-41.92861782003813,65.77395574225878,-51.73015834147215,11.611291081833096,9.256479257273028,-33.45696878505071,22.265964575120144,-14.381306739286234,17.735300501935942
UoBBG_29.08.2024_20240828_205600.WAV,513.9931,2.2602767429681885,295232.4202475127,23882.040022611,0.0002503387597327207,0.6263791506027367,0.0036289385,4144,-1229.6841158286966,-307.22414191862714,-417.3965593788813,282.8253172370963,-42.929669746681945,67.08498222918544,-51.54357071108813,12.415114661454675,8.65449607990103,-33.38451424509971,21.681213602770022,-14.324084345855903,17.854193742172782
UoBBG_29.08.2024_20240828_205700.WAV,515.87646,2.302585092994046,295619.6927489113,23879.660145966816,0.0002501180021146236,0.6262746704147015,0.003633347,4139,-1228.7546351757153,-306.81939161315063,-416.8869675821582,282.7633156405729,-42.613446844724436,66.82694217522695,-51.61483435944836,12.243844720603912,8.733755968346664,-33.38036250944578,21.847243929041746,-14.363111983539413,17.74173191850632
UoBBG_29.08.2024_20240828_205900.WAV,513.2794,2.2938421064567365,294977.1878864679,23881.203319801483,0.0002500249788642294,0.6262509745019859,0.003625289,4127,-1198.6654597412326,-288.1642869992482,-387.625562428847,281.25082223639686,-35.738524659893756,53.33279682107262,-50.82479947260169,4.520719280334023,14.014380130245788,-33.2480421870022,26.44191070676896,-14.260327715761187,17.069933683110385
UoBBG_29.08.2024_20240828_205800.WAV,516.3767,2.302585092994046,295442.52029887086,23880.867473359816,0.000248403299998871,0.62641878519843,0.003633183,4129,-1228.1841509705998,-306.3519512978513,-416.2423968107987,282.72055231714285,-42.489339882684035,66.57479621739064,-51.55369832585246,12.037733068431193,8.813697014366422,-33.38544638941298,22.018919210080266,-14.50081870652504,17.78678658958873
UoBBG_29.08.2024_20240828_210100.WAV,513.56036,2.238964683688991,295235.662259978,23883.13093422748,0.00024925277269254405,0.6265016299878987,0.0036283624,4120,-1232.4617616512596,-309.17346383328413,-420.35242234215747,282.74421189763603,-43.7330406346063,68.58359408894346,-51.79937924163591,13.414426029866796,8.073955578867897,-33.2794040187188,21.420273262258917,-14.613821426733601,17.678740645867077
UoBBG_29.08.2024_20240828_210000.WAV,516.16235,2.302585092994046,295383.75466021115,23880.950367719724,0.00024780992040023697,0.6262884273768152,0.003630864,4113,-1229.697859264819,-307.35524611107036,-417.5388472741509,282.85949897430703,-42.818713947213446,67.12413357775559,-51.685407368718764,12.429002424721705,8.637749214511587,-33.28887170540192,21.75185593509681,-14.444669238977689,17.714724151375574
UoBBG_29.08.2024_20240828_210200.WAV,514.03784,2.1830300292951685,295990.1847148063,23879.47730346417,0.00024914291170862433,0.6261069203216147,0.0036392733,4109,-1227.5434860273213,-306.2404084225544,-415.7650094080939,282.8553962098396,-42.399446483660284,66.28446813035792,-51.624183476063536,12.077331838543508,8.84539780115778,-33.4624736326741,22.161209112898533,-14.423046148470071,17.71019555281468
UoBBG_29.08.2024_20240828_210300.WAV,515.7956,2.302585092994046,295616.5555466534,23881.749133385616,0.0002500181775574074,0.626436663188842,0.003633244,4136,-1232.0151027454867,-308.94048324742846,-420.14895156046657,282.8015578832496,-43.59185120023087,68.3879266804333,-51.687569285017354,13.23826355791117,8.144751823900044,-33.328696798549416,21.35374125636938,-14.517692496350744,17.83673570203204
UoBBG_29.08.2024_20240828_210400.WAV,513.7336,1.4882171113437652,295632.3177702823,23884.48842065039,0.000248671522925893,0.6266012619073477,0.0036331394,4145,-1229.2686034688109,-307.2315155675852,-417.3592587454807,282.81052310299555,-42.87376858427214,67.15728856520103,-51.58024312261128,12.321443198157395,8.609921397233153,-33.35990590094793,21.829885621693496,-14.41632577031862,17.75502165860138
UoBBG_29.08.2024_20240828_210500.WAV,515.2566,2.302585092994046,295668.1973740605,23879.899507065973,0.0002479915136582042,0.6262743067945575,0.0036350081,4145,-1229.7815254721327,-307.41544742378505,-417.8000046058163,282.8600943496549,-42.881862570218075,67.1546027708648,-51.5965537012451,12.580477976713315,8.53977233442769,-33.44521469976165,21.784342856794,-14.412762778178159,17.76600485055968
UoBBG_29.08.2024_20240828_210700.WAV,516.2046,2.302585092994046,295409.9035067738,23880.783819922017,0.000247559115758405,0.6265061752396984,0.0036316703,4114,-1220.4591995170313,-301.623567887178,-408.4916492963847,282.6419304120948,-40.54019335483796,63.0763288338958,-51.452574808147205,9.879066258983004,10.095567956345006,-33.50278011752195,23.379296139992718,-14.298523658854732,17.761443099323465
UoBBG_29.08.2024_20240828_210600.WAV,513.2273,2.2929565829471756,294244.2805502745,23880.629903024725,0.0002485722402290329,0.6263444248789872,0.0036169668,4121,-1235.4134364166466,-310.3871861836367,-422.6839145185741,282.69924857870564,-44.30365785513714,69.43313437080087,-51.65104156191553,14.020295774980362,7.796169987922701,-33.269214947307326,20.888339134897087,-14.524632221890212,17.667522655296967
UoBBG_29.08.2024_20240828_210900.WAV,516.6183,2.302585092994046,295633.6742398483,23882.184346461876,0.0002484377630285314,0.6264507837710996,0.0036342319,4137,-1225.5092571243204,-304.92321049962493,-413.64632905691496,282.7381725532181,-41.84842959978174,65.45022782767967,-51.61314596287712,11.346420208915976,9.207754966098262,-33.36641024923026,22.493285086474394,-14.404740650770966,17.674584563211273
UoBBG_29.08.2024_20240828_210800.WAV,513.99744,2.2893754977225638,295402.4208711819,23881.984706586525,0.00024794097554984136,0.6263945438554983,0.0036320821,4119,-1224.2804638732484,-304.0056390911685,-412.1685473661916,282.762437039031,-41.54254905187304,64.74257483930734,-51.51460607984295,11.025613691587468,9.384706381931327,-33.48491421700818,22.788828989468666,-14.417980337627574,17.828196934357138
UoBBG_29.08.2024_20240828_211100.WAV,515.94275,2.302585092994046,295705.49056549656,23882.768886172977,0.00024735675607821757,0.6263772718986595,0.0036359997,4113,-1228.7640026678735,-306.8784941885944,-416.75005379691004,282.8646589821857,-42.697727471486445,66.80113301387914,-51.617937513257566,12.239906465402075,8.689694480354152,-33.32660964472118,21.944101215211585,-14.459915097348562,17.694264904171714
UoBBG_29.08.2024_20240828_211000.WAV,513.9431,2.287720141080283,295904.8973296393,23878.156873416945,0.0002491421462374451,0.6261783110765483,0.0036393001,4129,-1231.4669753803464,-308.58129267500146,-419.6974401478373,282.8584330682315,-43.361656099326666,68.0402256514647,-51.63532035823648,13.064578618932515,8.157826088733845,-33.28251925423427,21.5007931773315,-14.451053050298254,17.742412564686934
UoBBG_29.08.2024_20240828_211300.WAV,516.43823,2.302585092994046,295168.19473036414,23882.04016456035,0.0002492811171456677,0.6266205943783356,0.0036282581,4101,-1216.8151556690111,-299.19439951304275,-404.870561995379,282.4961726222992,-39.63199124525753,61.344305473765154,-51.273507661997364,8.85234943249471,10.700233895205063,-33.55415988122086,24.09991652896384,-14.2987529281426,17.633468147544875
UoBBG_29.08.2024_20240828_211200.WAV,513.1472,2.288738241545901,295690.5841967122,23882.57604372343,0.00024794928305793144,0.62641787614807,0.0036348572,4116,-1229.0133124168397,-307.0338163715316,-417.14072286184296,282.77403304145463,-42.779995219890175,67.00622286699168,-51.55599027264285,12.279301091560912,8.647031475026328,-33.36961780531981,21.86380558214806,-14.400559658160688,17.739455826306276
UoBBG_29.08.2024_20240828_211400.WAV,513.7997,2.292136018815271,295216.93535636994,23881.943244873455,0.00024818649750884923,0.6263859381787577,0.003628966,4131,-1230.647933427674,-307.83075397107666,-418.37648083126436,282.8639625763411,-43.08892553054217,67.5048361696162,-51.62941699446425,12.680284353239097,8.436681914640392,-33.33064649156491,21.742857166237822,-14.506078052826776,17.665909499807057
UoBBG_29.08.2024_20240828_211500.WAV,516.14246,2.302585092994046,295206.25312122365,23879.299059061843,0.00024778934046741863,0.6262345509921496,0.0036290118,4122,-1227.8444477687583,-306.0589780661862,-415.72366401757415,282.74282718392675,-42.31267732915314,66.2993322147164,-51.56277883673213,11.895861456719704,8.92505672334899,-33.453135321436186,22.102294212449273,-14.370630236767038,17.796689316636893
UoBBG_29.08.2024_20240828_211600.WAV,513.5663,2.2347706387022197,295282.63295908796,23881.543463128266,0.000248734219471287,0.6264570259169046,0.003630218,4109,-1225.3402335510705,-304.60876217607074,-413.0761114500007,282.8153597995614,-41.72392387209642,65.12968316343571,-51.55527539429914,11.22418895518753,9.277729954586535,-33.367497396794505,22.489318491367424,-14.406419537907366,17.84804065863308
UoBBG_29.08.2024_20240828_211700.WAV,514.9006,2.302585092994046,294991.6970384278,23881.61707773685,0.00024781127887723404,0.6263987860905114,0.0036264902,4107,-1228.852758139308,-306.59984383958334,-416.5084760794854,282.8137623212635,-42.587309089929064,66.6475060931693,-51.47825404209109,12.073124144331084,8.660179835685222,-33.311910291679055,21.984895155101903,-14.413781833827322,17.831561590129695
UoBBG_29.08.2024_20240828_211900.WAV,516.1267,2.302585092994046,295795.7416192276,23886.009153871873,0.0002478088567049991,0.6265954439850441,0.0036363807,4108,-1222.2555952145651,-302.89088788421634,-410.18916932949907,282.9291549047433,-41.11854642764607,63.78374813065534,-51.461008825354334,10.321525022320916,9.866738377398782,-33.34592938582811,22.972265857733024,-14.391680965670503,17.713663165845848
UoBBG_29.08.2024_20240828_211800.WAV,513.6124,2.2878242813881546,294701.4949151196,23879.01286883984,0.00024828425548227556,0.6264367237921993,0.0036249056,4133,-1208.9543444600588,-294.16817137171904,-396.8896648271812,282.06156251892304,-37.68405104144535,57.52061003297918,-51.022739964271196,6.799878038577336,12.070753255465723,-33.26793068140593,25.096974756628395,-14.252995436502868,17.479199539543202
UoBBG_29.08.2024_20240828_212100.WAV,515.6955,2.302585092994046,295844.1957990779,23880.44712260441,0.0002486417937279405,0.626365030020479,0.0036354086,4120,-1217.8085426783566,-300.10746379160935,-406.2986513780701,282.58248948023294,-39.90761055692445,61.94490022894664,-51.31576249321234,9.23355403651252,10.468252436871659,-33.499813233410165,23.67274368776351,-14.230811657241233,17.768999396781652
UoBBG_29.08.2024_20240828_212000.WAV,513.8057,2.2727190534874224,295039.56849722983,23879.836757379424,0.00024841945236243055,0.6262320056511419,0.0036293825,4124,-1179.1819015668418,-276.38805379030845,-369.3598868713232,279.29988409949226,-32.29603667599572,44.19782142742765,-49.936853101678196,0.9246471183632243,17.773134075074672,-32.68114924317533,28.56125238793788,-14.520850211669961,15.41592961638617
UoBBG_29.08.2024_20240828_212200.WAV,513.6486,2.1741432286316758,294779.38650908845,23880.500693311344,0.00024865130655950534,0.6264064221135348,0.003624245,4118,-1162.5266925093288,-266.59554654165623,-354.5181926192787,276.8402726279326,-29.924624481205786,36.84839338211769,-49.010010043484314,-1.5145324073401105,21.16347216085758,-32.0644451977204,29.462918323383356,-14.836485510684666,13.956960110524605
UoBBG_29.08.2024_20240828_212300.WAV,515.65485,2.302585092994046,295756.1949922179,23885.029734971802,0.000250214475852659,0.6265029632617599,0.0036364086,4117,-1194.118101098822,-285.8248547403153,-383.52614610908927,280.98483222216805,-35.035515947581175,51.3844296724315,-50.74346111876969,3.787219408790552,14.753367496127813,-33.14791837495857,27.00547945165014,-14.237923265997452,16.57548797164081
UoBBG_29.08.2024_20240828_212400.WAV,513.28735,2.288113021912774,295844.85721466655,23883.499870621814,0.0002470919304166082,0.6265498702603326,0.003637442,4121,-1175.6330077349419,-274.63579395117,-366.58656689507245,279.00002711777944,-31.91302255122522,42.8217089508729,-49.74134002298018,0.4039900091844495,18.441729865363893,-32.64392024538242,28.773103144258982,-14.550664153727853,15.242632784433923
UoBBG_29.08.2024_20240828_212500.WAV,516.7616,2.302585092994046,295596.2822072081,23883.31294537005,0.00024780539973492564,0.6265750206536241,0.0036353199,4135,-1217.833859624956,-300.0489518997624,-405.9396407056181,282.5784913105878,-39.931822475044704,61.88664788556325,-51.3169177397859,9.161955031104576,10.46156959043442,-33.45544044611933,23.792478342184523,-14.291267144206229,17.643069995434608
UoBBG_29.08.2024_20240828_212700.WAV,513.6623,2.291811643210042,295590.31872328924,23881.626073925858,0.00024884693218901705,0.6262884879801726,0.0036342693,4123,-1227.2643594037581,-305.72224388238067,-415.0796242529719,282.9754145486762,-42.27434392159526,65.88306641344725,-51.479655543642366,11.739114091549515,9.020471128982914,-33.48820388348363,22.322729959830063,-14.453525811765152,17.786700264511953
UoBBG_29.08.2024_20240828_212600.WAV,514.52893,2.2890496889351075,295655.4184818884,23882.54007218695,0.0002475242676041207,0.626510720491498,0.0036357713,4114,-1171.0908222606104,-271.8595152496305,-362.43973153383206,278.29384791893074,-31.18427643066555,40.76559522650752,-49.50299451477269,-0.31564125203909116,19.40412457069471,-32.485650063137776,29.026213877263647,-14.548143930209404,14.735881587991829
UoBBG_29.08.2024_20240828_212800.WAV,516.1332,2.302585092994046,295294.3469246178,23883.617718118698,0.0002478884286130312,0.626464480129856,0.0036309697,4121,-1221.2003041581434,-301.9752140999998,-409.00163372101423,282.7131816355651,-40.78964158376016,63.25487762238399,-51.322186995656295,10.083670204477517,9.919969877735566,-33.51027465869615,23.26591703608803,-14.302918391925974,17.77878246138824
UoBBG_29.08.2024_20240828_212900.WAV,513.2133,2.282214829903297,296090.44457982783,23881.122093190505,0.0002474976356227788,0.626384180681395,0.0036413167,4105,-1213.6960660826512,-297.62118725689686,-401.95989189799053,282.6037951465121,-38.96417580771411,59.80431489258334,-51.264774183615906,8.264201544651854,11.208301003884019,-33.42444785284489,24.374350359860465,-14.306129922685404,17.58250802563877
UoBBG_29.08.2024_20240828_213000.WAV,515.262,2.302585092994046,295689.5256777035,23883.248123378202,0.0002493001342806776,0.6265209624588867,0.0036349795,4099,-1221.344013252116,-302.3953790011992,-409.4036572919342,282.71260149734815,-40.90698628532099,63.51537555931473,-51.41291960069551,10.265689432100977,9.801453354710855,-33.463148229205814,23.13207865543768,-14.265186362510006,17.800265573949062
UoBBG_29.08.2024_20240828_213100.WAV,513.719,2.2893520036473145,294915.4833742234,23884.762891502472,0.0002494054316413994,0.6265196291850255,0.003625755,4107,-1225.853451870784,-304.70879183677454,-413.30789335918644,282.85518686005383,-41.91015342685464,65.25875165627325,-51.49288719013921,11.258061455419993,9.274565936248026,-33.45149926060408,22.594553138485697,-14.461385802573691,17.77970866574759
UoBBG_29.08.2024_20240828_213200.WAV,516.0128,1.7358399852059467,296071.49360113346,23885.307688461166,0.0002477975716090288,0.6263889077432667,0.0036453241,4115,-1077.5024030019933,-219.99794031263372,-285.7897801702666,257.3331983910336,-23.667369241303884,2.912699968642832,-40.057813664943986,-5.2046323877550495,35.604717558602296,-30.012755341676993,26.633313999409353,-16.88963300650876,6.01735323809196
UoBBG_29.08.2024_20240828_213300.WAV,515.6941,1.0124947110267577,295682.76432087185,23881.405815577134,0.0002489400759535422,0.6264117552089797,0.0036387476,4142,-1126.1716983248532,-246.21702290425713,-323.7895488690257,270.00198902916526,-26.331192561943,21.36607186283348,-46.095884769628036,-4.369194257620797,28.006134658177672,-30.93870479210286,29.867783891572646,-15.972703238728313,10.19144631898165
UoBBG_29.08.2024_20240828_213400.WAV,513.8522,2.2922890282768678,295666.21717695834,23881.51624838294,0.00024679417461553855,0.6264076341806813,0.0036372268,4131,-1175.1483817485366,-274.2966271244591,-366.0329697945591,278.8716335078779,-31.775242035756957,42.562996012382996,-49.7755083875475,0.369841063264609,18.528112990018617,-32.55401237642202,28.735291511122437,-14.54617604116254,15.170845205304342
UoBBG_29.08.2024_20240828_213500.WAV,512.99426,2.2887840781798126,295032.77527643775,23879.296710687362,0.00024703267407572113,0.6262235817844731,0.003628735,4106,-1230.5818805354409,-307.544037188235,-417.9489203367478,282.97523429470704,-42.99268994067105,67.12718340682686,-51.54235183462919,12.670028040950262,8.47649347884953,-33.42262786025969,21.81445781735506,-14.43999041236373,17.697616686074294
UoBBG_29.08.2024_20240828_213600.WAV,515.5808,2.302585092994046,295537.59633041313,23882.350569634695,0.0002471680972819305,0.6265930198507509,0.0036352526,4102,-1171.151950036849,-271.81276770174645,-362.29940456019057,278.3415359360216,-31.180535456413654,40.642739768030566,-49.47881671135839,-0.2520094754382384,19.306076928236163,-32.491301446699275,29.17285581027294,-14.589111327532732,14.754413403744792
UoBBG_29.08.2024_20240828_213700.WAV,513.7537,2.247907135978478,295813.5658268577,23885.016295720256,0.0002467240237956688,0.6264796915725456,0.0036371301,4102,-1204.7394671712393,-292.1821446461369,-393.3539917869861,282.0208107578559,-37.07901766830678,55.93305484420971,-51.01412720808606,5.951681947019169,12.878654320628776,-33.276300563797456,25.558328814986986,-14.250098919162202,17.317624679649942
UoBBG_29.08.2024_20240828_213800.WAV,515.9883,2.302585092994046,295497.8261481241,23882.44862416208,0.0002468736550025121,0.6262724886938377,0.0036342163,4100,-1220.456584021544,-301.53249339321235,-408.16192030817905,282.8797093729502,-40.567500852878474,62.69515890475487,-51.28804270093708,9.896703751836105,10.098598383649566,-33.49850077139628,23.285480053886392,-14.281958200018002,17.87565957347792
UoBBG_29.08.2024_20240828_213900.WAV,514.098,2.2480921954068003,296087.3112182046,23879.866097955604,0.000246739334290627,0.6265281742584088,0.003645433,4110,-1134.811951140818,-251.09330992987105,-331.1269854583389,271.9096531158088,-27.01346500042269,24.87672774520896,-46.775172488426406,-3.82657754627061,26.197183408791698,-31.121683172816663,29.979498841010685,-15.575460960745884,11.142684600410275
UoBBG_29.08.2024_20240828_214100.WAV,515.6642,0.6869615765973234,295827.36388407135,23883.57430719415,0.0002475547871204394,0.6266370178881717,0.003639792,4123,-1148.4379452322055,-258.92528349449873,-342.69161203346533,274.53376558957905,-28.450993008355248,30.957837608975066,-48.02614930890916,-2.8346507470860427,23.681771850942127,-31.6258888470114,29.92917144339789,-15.139007563711626,12.60112985716322
UoBBG_29.08.2024_20240828_214000.WAV,513.17114,2.2466778375647944,296083.0596906643,23886.42517096007,0.00024943404318043154,0.6266208973951223,0.003641417,4118,-1167.6936475258578,-270.11213134025064,-359.4507832100458,277.9630252980149,-30.917405505671365,39.31784384522294,-49.300174678240076,-0.6720625921843978,19.992504736332833,-32.38926281664486,29.256496010006064,-14.681102263606101,14.507359626326771
UoBBG_29.08.2024_20240828_214200.WAV,513.4976,2.278667512156677,295987.65977393946,23884.61321439448,0.00024861208060243537,0.6264376934459166,0.003640928,4106,-1183.987620385647,-279.67507150317874,-374.09862143826666,280.06477592995213,-33.305541121104795,46.58669707321697,-50.12810250508091,1.838688734907016,16.744566685973016,-32.94940055057374,28.03032112006515,-14.286476879246077,15.9404193749774
UoBBG_29.08.2024_20240828_214300.WAV,515.3451,2.302585092994046,294693.99122697284,23885.897819385136,0.0002492912052985591,0.6264963574958111,0.0036236995,4109,-1211.3381196746711,-295.69549732125415,-398.8341515815007,282.3677602175853,-38.46088868207337,58.49169974303797,-51.02035280317135,7.462125302969169,11.74964996095622,-33.546453607031175,24.73603353614772,-13.98878476251329,17.461187735904378
UoBBG_29.08.2024_20240828_214400.WAV,513.90894,2.2177463415157344,296242.65742869454,23882.233766515168,0.00024653208744842235,0.626450480754313,0.0036450902,4108,-1162.866939680876,-267.3363365395153,-355.24673767832354,277.20389736703436,-30.164318494868528,37.12355584754139,-49.03216736898506,-1.2445108408739418,20.878568886300815,-32.15858651171363,29.45553221372246,-14.712609615164338,14.007635302069932
UoBBG_29.08.2024_20240828_214500.WAV,514.0895,2.2819718307479806,295893.70589705405,23881.68486559829,0.0002470746108602852,0.6263645451936205,0.0036398016,4150,-1173.9185848562881,-273.62886857603297,-364.9213243521501,278.77212688063946,-31.635445153730178,41.927515822443276,-49.67785273625186,0.28690349384825664,18.737359839391328,-32.57510921530375,28.806255977395796,-14.53449802156546,15.150635035385157
UoBBG_29.08.2024_20240828_214600.WAV,516.272,0.9183159985283718,295414.45396798395,23880.910430138756,0.00024819424404395245,0.6264951454286645,0.0036346158,4117,-1155.7319212065347,-262.7938489261295,-348.63546900242113,275.9380565351603,-29.137074557147308,33.68554059661113,-48.48662535725202,-2.1516176683189823,22.34705393976733,-31.823791901706358,29.871411972323322,-15.088614150965421,13.231067296724268
UoBBG_29.08.2024_20240828_214700.WAV,513.48303,2.2196097420799017,296021.42714465124,23886.789932479358,0.00024782231595672555,0.6265542337020603,0.0036415942,4099,-1169.0322087707007,-270.9298609204445,-360.63251783452944,278.12734906646784,-31.074684895314707,39.93208013716435,-49.35659481773819,-0.48044660123131294,19.560200400240035,-32.35406182879805,29.29050264375251,-14.66621128661717,14.558929649800989
UoBBG_29.08.2024_20240828_214900.WAV,513.0636,2.267752145725432,295844.05089154275,23883.585825258982,0.00024648352575106283,0.626421754762939,0.0036392661,4092,-1133.6885013129038,-250.5298946475102,-330.01806972850255,271.82436425506233,-26.999696608779086,24.42184260657285,-46.78712225175283,-4.049003391726785,26.660192861676766,-31.061528687116382,29.9608238668514,-15.68354468689817,10.940890172254898
UoBBG_29.08.2024_20240828_214800.WAV,513.2178,2.290970562115181,295219.26830067177,23884.67561452236,0.0002484750489900937,0.6266094433605871,0.0036286758,4105,-1232.1387948029399,-308.72737961898406,-419.55934872846325,283.0722081681716,-43.5678303710835,67.88239071723818,-51.54843812731294,13.179548355674305,8.19290125632374,-33.340802235204485,21.455214980348956,-14.494158789579297,17.784658603413313
UoBBG_29.08.2024_20240828_215100.WAV,516.23676,0.8486855577264172,295989.94802561996,23884.54310956772,0.0002466170897464162,0.6265355072646457,0.0036422187,4105,-1157.9335398019161,-264.39888070500854,-350.78992715283476,276.3457905254121,-29.542586509042792,34.93833537039842,-48.693919950255506,-1.852666308733877,21.80779696805999,-31.92414222975454,29.732815930703797,-14.95072045864349,13.552429907068074
UoBBG_29.08.2024_20240828_215000.WAV,513.8219,2.2897020100826593,295389.50729490304,23882.947698705157,0.00024763706805047757,0.626539810103016,0.003632873,4111,-1224.8875364304224,-304.4091209352631,-412.5286339068488,282.8677658877327,-41.672717354082494,64.83646129300732,-51.547539119188535,11.222595543360004,9.337974328300122,-33.44641894123381,22.599640472460717,-14.335732622019343,17.755419825025996
UoBBG_29.08.2024_20240828_215200.WAV,513.61694,2.29487706287169,295403.60856318893,23885.447498760284,0.00024834475270052805,0.6264753887341753,0.003632099,4125,-1227.2462282647166,-305.69128304466255,-414.77901377975155,283.0533338356383,-42.365772672964226,65.73419758838592,-51.358599078764165,11.701428613335407,8.96834676141455,-33.36382925375528,22.220443741082786,-14.415029775974276,17.855309449081922
UoBBG_29.08.2024_20240828_215300.WAV,513.64417,2.2862782585150088,295425.8240945939,23885.08160805796,0.0002488933287624917,0.6264883578526437,0.0036326614,4140,-1222.6454697071651,-302.97651287241194,-410.32039252206033,282.8898868814314,-41.110560366988885,63.79552176216267,-51.36614829237788,10.438978137897042,9.634223854831234,-33.3674478337146,23.039211088673163,-14.362057754359293,17.75897688377486
UoBBG_29.08.2024_20240828_215400.WAV,515.93243,1.1381023214430592,295746.7803799651,23884.841960398106,0.0002482057112519557,0.6266594411303835,0.0036397765,4123,-1177.942674588464,-275.8399005653811,-368.3888149849116,279.33748673989516,-32.30146803867982,43.68747682026849,-49.74537353377391,0.6862264044195319,18.053240425043505,-32.77185296803018,28.59661270286931,-14.382139976359637,15.399073558792397
UoBBG_29.08.2024_20240828_215500.WAV,513.885,2.2915757045355862,295591.69075563515,23885.958306330765,0.0002467078441170321,0.6264156338238488,0.003634039,4106,-1226.366692816565,-305.3526041869776,-413.9240529194304,283.0862005163495,-42.06546226761653,65.48493108623924,-51.5806285390774,11.454494924535204,9.166712361347248,-33.406147527038904,22.366365268099646,-14.329846937162838,17.887092238150824
UoBBG_29.08.2024_20240828_215600.WAV,513.6711,2.295191844206228,295014.13998291944,23881.86612466507,0.0002467600404553031,0.6264927212943714,0.0036289245,4103,-1231.195871846163,-307.9887119332727,-418.3680206476343,283.080878933557,-43.18565039850309,67.3213280504812,-51.519819558088976,12.808861949540463,8.351408159070042,-33.34493507105027,21.58415064973085,-14.342847486114097,17.86014911680088
UoBBG_29.08.2024_20240828_215700.WAV,515.5212,2.302585092994046,295619.5479224297,23886.475416741425,0.00024814869972337344,0.6266721072320652,0.0036342677,4131,-1230.58698277732,-307.9631714161824,-418.2054841334347,283.0844376327096,-43.24881202689521,67.42284455520466,-51.55694960412785,12.725391309117311,8.372695155723145,-33.435784578415536,21.793582408337123,-14.404390416471635,17.77210893100557
UoBBG_29.08.2024_20240828_215800.WAV,530.8971,1.764577466384843,298016.6425480571,23878.81053647795,0.0002471688738870804,0.6264373298257726,0.0036861442,4142,-1087.539404146562,-225.40000486553447,-293.802764625104,260.40991284701727,-23.877952287010086,6.412961478981322,-41.52114437174173,-5.345433071421994,34.3316359420151,-30.081234811433053,27.520946676847803,-16.777424088390113,6.670179204850939
UoBBG_29.08.2024_20240828_215900.WAV,515.16675,2.2837453282532776,295050.79099765903,23882.745672904653,0.0002479179391609408,0.6266765312771503,0.0036296293,4106,-1196.9349156846868,-286.91609266643957,-385.6093224900986,281.2546395137788,-35.36437996926948,52.142535449533945,-50.61892895145198,4.043034908018192,14.424816528390235,-33.109944418949524,26.66298413160724,-14.29065719954911,16.864133157382636
UoBBG_29.08.2024_20240828_220000.WAV,514.3436,2.2422172160708396,296228.8287593764,23883.77194007523,0.0002485737646414159,0.6265211442689587,0.0036456247,4107,-1187.0340774965262,-281.44690092075723,-376.8940637785794,280.4906166825395,-33.69405803874261,47.83059280248727,-50.276747508141504,2.3231826103504027,16.094181774033498,-32.85857594675133,27.814355867173063,-14.427985071658835,16.16619167577512
UoBBG_29.08.2024_20240828_220100.WAV,516.7365,1.316269082823975,296003.47664224805,23882.58914645782,0.00024784936350836085,0.6264853882881345,0.0036447004,4105,-1156.2439593043894,-263.22557968107714,-349.2862512828196,276.12721243055006,-29.265749332345475,34.016865326523714,-48.52021776893511,-2.2319369968924385,22.40168701508857,-31.797406019978464,29.639367969537634,-15.041364632163686,13.430018073697235
UoBBG_29.08.2024_20240828_220200.WAV,515.0113,2.2729980409115615,295970.15312126285,23884.040757351693,0.000248283051327855,0.626554900338991,0.0036419283,4119,-1178.0217832328176,-276.06408106094955,-368.65075283088413,279.3528744339412,-32.21423352562355,43.79520960110961,-49.88253422891395,0.7571802302841952,17.96699308688753,-32.62513645784184,28.519474889392775,-14.421654248017225,15.343112708223186
UoBBG_29.08.2024_20240828_220300.WAV,516.05676,2.302585092994046,295358.8604664746,23885.389374394916,0.00024870966823589853,0.6267431343668549,0.0036315906,4125,-1217.4481702526946,-299.59488242745226,-405.20037761551316,282.7281602338439,-39.86566242348683,61.41901819729937,-51.13356908696567,8.873595412188601,10.681422460815922,-33.492035598190384,23.764016535460364,-14.124230582130695,17.728163581153282
UoBBG_29.08.2024_20240828_220400.WAV,514.84705,2.302585092994046,295001.0907840069,23885.051675906783,0.0002473484758574036,0.626507205496773,0.0036273901,4094,-1224.7481707904863,-304.01297927149153,-412.10232746911066,282.8774795788643,-41.61010493724605,64.63695251545587,-51.36775084321118,10.981638982363158,9.348633505170666,-33.48761821032266,22.758563267160024,-14.376208090010019,17.905072059445445
UoBBG_29.08.2024_20240828_220500.WAV,513.8062,0.8560347374998728,295119.15266732965,23887.308025091315,0.000248098967874732,0.6266295030718629,0.003627664,4115,-1229.9600888822756,-307.386947167744,-417.3077408823565,283.11984620208284,-43.003910790081584,66.9728106322438,-51.56063251398666,12.384432470322794,8.67233521264873,-33.30569295597675,21.74317004321079,-14.517882725757083,17.846428289189483
UoBBG_29.08.2024_20240828_220600.WAV,513.75604,2.29215535468951,295417.84796422423,23886.3956379548,0.0002491472418063851,0.6266468962354164,0.0036319317,4137,-1229.6210907818415,-307.1559514459431,-417.01623666882296,283.13827264649706,-42.969599220731,66.72073986906504,-51.462887448282785,12.38202224250421,8.70055649825253,-33.36729383848621,21.794508853897412,-14.441422708157988,17.813189067485755
UoBBG_29.08.2024_20240828_220700.WAV,513.8523,2.263879735847658,295610.4059005641,23884.247712369124,0.0002465300999464646,0.6264263606180961,0.0036364472,4127,-1232.1330259298315,-308.8559417010178,-419.5859089015923,283.1835720746903,-43.58157438972917,67.9634514703831,-51.628364458270845,13.150982883876559,8.136868141877368,-33.318849675670336,21.53349823598483,-14.472847820980464,17.818726929043024
UoBBG_29.08.2024_20240828_220800.WAV,514.95044,1.0320987142621152,295727.0208776793,23887.888839457188,0.00024811392936750125,0.6268213126978094,0.0036353285,4123,-1231.5179976045172,-308.7095057544979,-419.14639814482916,283.1338216203445,-43.58081159348798,67.83930465159159,-51.61417204076141,13.062246335694864,8.261247403862894,-33.23841434995468,21.355057932706945,-14.454848579533937,17.861831434947458
UoBBG_29.08.2024_20240828_220900.WAV,515.6415,2.302585092994046,295613.8149264127,23884.927794441086,0.0002483472542253378,0.6264603591015576,0.003635044,4124,-1215.4209307487465,-298.5362050539996,-403.34141804404413,282.6606417349075,-39.38471940521461,60.60246383211043,-51.28313609273246,8.540849441852908,10.967525459689943,-33.45217265917534,24.13230493269186,-14.309589007571212,17.72137252591369
UoBBG_29.08.2024_20240828_221100.WAV,514.6979,2.302585092994046,295091.4086447534,23885.442795126444,0.00024799369626892393,0.6266214428253383,0.0036278535,4163,-1233.9616536338895,-309.7832492455646,-421.2150319915494,283.16427961287934,-44.05409809397157,68.5907774423556,-51.44757730555951,13.478977722591688,7.989059257680496,-33.18239932592573,20.93845536165848,-14.391577913709865,17.856012130066677
UoBBG_29.08.2024_20240828_221000.WAV,513.73254,2.2726296884067922,295650.4379343642,23886.561947269638,0.0002482789904893659,0.6266356846143105,0.0036357006,4129,-1214.3573857202045,-297.9905956667616,-402.35880442092673,282.56003326811964,-39.27598312035838,60.21191941274859,-51.19146029690379,8.38118885032946,11.0441225244117,-33.49881958879872,24.270771791343982,-14.214282951293432,17.722817667394477
UoBBG_29.08.2024_20240828_221300.WAV,515.1282,2.302585092994046,295687.3253247174,23888.505133594954,0.00024691446159788745,0.62672804413088,0.003634479,4121,-1226.022244215258,-305.15546775308087,-413.7170930462455,283.0850573538534,-42.08868832026109,65.36499913163203,-51.38452651742474,11.342342831314578,9.123583943220003,-33.44743226471805,22.421940812387188,-14.332076193563354,17.922537824981283
UoBBG_29.08.2024_20240828_221200.WAV,513.66394,2.1936711465034175,295197.7226380957,23883.261436247176,0.0002495596233627811,0.6265567790430682,0.0036298537,4100,-1215.5387605115657,-298.3937230833795,-403.36634783334273,282.5870869514405,-39.330946744315455,60.561700916328064,-51.220541987734876,8.461290289587179,11.016175865514494,-33.45659852883675,24.150838263109787,-14.279141338329117,17.646089779106802
UoBBG_29.08.2024_20240828_221500.WAV,514.91077,2.199087335856829,295538.36937743856,23884.760826139158,0.0002476343526229447,0.6265709602286831,0.0036381853,4107,-1163.3594731467438,-267.36920614342,-355.2552644695335,277.20232321894514,-30.20123148247643,37.15378842498803,-48.96541006090754,-1.2735971609218129,20.764456477458946,-31.99539000547176,29.374439287944654,-14.841570684668158,14.22006865140133
UoBBG_29.08.2024_20240828_221400.WAV,514.17847,2.287085036537298,295162.01095392363,23882.241065812694,0.0002505087469707952,0.6265952015716147,0.0036287003,4120,-1221.5166531977668,-302.09479706101786,-409.1480776958313,282.7737432888552,-40.715453881552364,63.27087481547285,-51.427508419967296,10.10364766058538,9.945722959582707,-33.44287481379225,23.136778158524354,-14.288598882281963,17.957008562927303
UoBBG_29.08.2024_20240828_221600.WAV,513.05237,2.294118927445072,295479.49323654827,23884.478469174523,0.00024742059052147686,0.6265156293634417,0.003633383,4113,-1230.070841567016,-307.5941035668818,-417.5058055850577,283.18495734197927,-43.04473516175937,66.97465170228024,-51.55780212720522,12.529856127076128,8.544134373938046,-33.247643962794925,21.7000000682005,-14.50131267539756,17.888114584535867
UoBBG_29.08.2024_20240828_221700.WAV,513.88074,2.293978415908301,295526.99211602553,23888.2446307229,0.00024672459812459887,0.6265739297931923,0.0036333138,4096,-1230.679439662052,-307.9473556415719,-418.0475084607126,283.19352656670736,-43.23948825850249,67.25958636212434,-51.55876394715285,12.647980871245876,8.525307665946428,-33.289382890640454,21.62117761434404,-14.489261586189869,17.777776301221163
UoBBG_29.08.2024_20240828_221800.WAV,513.6704,2.2942839665243575,295968.53579872765,23885.43937785057,0.00024627265018508125,0.6267149538056969,0.0036391048,4130,-1223.7843205743097,-303.85624083037493,-411.5807998483043,283.06343365880775,-41.426832448351895,64.32891069207903,-51.481980114677654,10.746206458936797,9.593438961142724,-33.35234250567828,22.688561065200847,-14.331684702034641,17.830188261243105
UoBBG_29.08.2024_20240828_221900.WAV,515.2694,2.302585092994046,295417.6389711524,23886.01058404607,0.0002479263702409732,0.6265527792214844,0.0036307997,4127,-1233.0764492654296,-309.44319456784376,-420.4780604466334,283.1760100119634,-43.887057426521196,68.35431740466805,-51.66980252871079,13.403841072994801,8.196351942383103,-33.24922864647618,21.141400866432363,-14.493679570566663,17.74712854545588
UoBBG_29.08.2024_20240828_222000.WAV,513.3579,2.287865972800863,295859.0293099039,23887.442770562233,0.0002478066630680922,0.626770042257509,0.0036380864,4115,-1224.376283042551,-304.18127518059714,-412.10108238905246,283.0848221714724,-41.66611239481686,64.60100918340933,-51.36133781155495,10.89981260072263,9.370367507407506,-33.38917449143173,22.654881216161066,-14.299347783369084,17.921636688146542
UoBBG_29.08.2024_20240828_222100.WAV,513.8157,2.292074899941708,295596.29352478986,23884.70587836914,0.0002482441637439556,0.6265978075159799,0.0036329534,4117,-1224.0887095261412,-303.9218601785857,-411.85589411823236,282.98107238005576,-41.499013037630114,64.53030762935057,-51.51770708780791,10.869303599151152,9.527061935450408,-33.46601985509794,22.726871484477204,-14.326623339788968,17.90811786743509
UoBBG_29.08.2024_20240828_222200.WAV,513.36926,2.29286820551062,295980.5456642132,23887.42036135911,0.0002489084155337356,0.6266931365970585,0.0036375353,4135,-1219.801391316625,-301.5864261209653,-407.8483376708841,282.8974251443236,-40.57435276019718,62.75893277114338,-51.40822583887234,9.780581513488658,10.073960481333271,-33.33705000024611,23.346540568322528,-14.297470322025054,17.86492952870247
UoBBG_29.08.2024_20240828_222300.WAV,513.67285,2.2877979221088567,295759.209481782,23887.720948339662,0.0002470760226846367,0.6268176764963697,0.00363603,4135,-1220.492731483996,-301.68183388807336,-408.2846870139391,282.96577597862205,-40.69791647077636,62.87568657067686,-51.26775177167045,9.727881446682797,10.175543111986867,-33.48993696331936,23.28613589446671,-14.27052562089794,17.84844209835798
UoBBG_29.08.2024_20240828_222400.WAV,513.41345,2.2959967375348365,295642.24761053646,23887.646240197846,0.00024777784611875126,0.6265049631725518,0.003634946,4127,-1213.4730765093996,-297.3737120274946,-401.43528315881747,282.59997399199756,-39.01960247746422,59.7319151724591,-51.14985125054339,7.996102634426278,11.292170755120102,-33.48692478192775,24.493153708431908,-14.187556900896428,17.5819356992104
UoBBG_29.08.2024_20240828_222500.WAV,515.15063,1.0941604621113221,295158.0398886576,23887.82248309752,0.00024832693627730394,0.6267407102325617,0.0036282938,4099,-1206.5225717089909,-292.9554002640426,-394.66099807797747,282.05197648607316,-37.52346363485405,56.643156718451635,-50.92976905515479,6.302649745734369,12.576186039724085,-33.459560233952985,25.405415927604054,-14.136340773416643,17.47474056889554
UoBBG_29.08.2024_20240828_222600.WAV,513.4535,1.9270652832493669,295195.1833426846,23887.481839282864,0.0002478928077649956,0.6266595623370982,0.0036291555,4129,-1214.2305271192836,-297.75884301557716,-402.0465414989536,282.51259502930935,-39.2276183085042,60.15885656775878,-51.15409675722791,8.176776058205473,11.119856384708115,-33.484861367438796,24.31518137275566,-14.098591876199952,17.63960581167072
UoBBG_29.08.2024_20240828_222700.WAV,514.5055,2.2949178556325243,295576.59991097817,23887.03759274566,0.0002478318918670873,0.6267351953270448,0.0036332705,4105,-1225.2630819608023,-304.59020534481016,-412.8432487099636,283.0939436802937,-41.862793908335966,64.92799285527829,-51.421636097532485,11.07885772180681,9.3824047333623,-33.349408831995326,22.47377178264955,-14.410316855817218,17.946228892967394
UoBBG_29.08.2024_20240828_222900.WAV,513.24194,1.5198625787571114,295858.8546357712,23884.92231628595,0.0002483645741500647,0.626563566619089,0.0036384822,4113,-1174.9800917581401,-274.3159363247912,-365.8699060410205,278.96975108165947,-31.822323230377584,42.49326279861209,-49.75706186391746,0.26985724164261327,18.581065797273165,-32.412827433621594,28.65138037459153,-14.617553805599776,15.264409253479204
UoBBG_29.08.2024_20240828_222800.WAV,513.47766,2.2949748235004233,294808.99146147404,23885.02160767871,0.0002472157479992997,0.6264699950353729,0.0036248341,4126,-1229.6318861637344,-306.9336714841125,-416.7984453982477,282.9951297577283,-42.84029918353002,66.7398586198154,-51.47936740816426,12.242019253771199,8.787387585495063,-33.51228842610415,21.848406104020082,-14.327124612761708,17.83221708855843
UoBBG_29.08.2024_20240828_223000.WAV,514.7204,1.4186109171026404e-304,295402.8171447854,23886.58595456609,0.0002482851665978903,0.6266218064454822,0.0036305662,4108,-1195.6151411091332,-286.5163063548413,-384.50344427185325,281.29465349652435,-35.338034331463255,51.694394977447814,-50.62955280161569,3.9949914400975977,14.589508183718392,-33.213827918405656,26.76253124162209,-14.190951137532808,16.828791787583633
UoBBG_29.08.2024_20240828_223100.WAV,513.6457,2.2914039471529772,295781.28264268953,23883.065946296203,0.0002478205821397041,0.6265702329883952,0.003637244,4122,-1202.0863237134984,-290.3971028147033,-390.7455958387627,281.8057848413492,-36.494401063017015,54.57826140936954,-50.842652897662646,5.396888805473775,13.363726461598846,-33.344596286207384,25.916545038717757,-14.106705158849689,17.165187425494658
UoBBG_29.08.2024_20240828_223300.WAV,513.5847,2.2953787299427777,296312.38533845294,23885.593997772383,0.00024700938355895046,0.6265990801864838,0.0036432494,4111,-1203.0903813721236,-291.2275784538383,-391.81743888705444,282.06458115879116,-36.82318335580841,55.0721506504074,-50.85971039537717,5.62093942280498,13.198325211560435,-33.353523404905644,25.691852695439337,-14.111143109530785,17.345997117355278
UoBBG_29.08.2024_20240828_223200.WAV,514.0525,2.2926024475211406,295331.87431344425,23884.60211580702,0.00024862175096608535,0.6267238624992243,0.0036316472,4127,-1200.3628008563062,-289.27105305285687,-388.79112228649717,281.70659905469705,-36.11250759938089,53.66199977442454,-50.84029252328811,4.962436685305906,13.756878728627731,-33.22816720278395,26.181372596148673,-14.230347433520382,17.060581476178058
UoBBG_29.08.2024_20240828_223400.WAV,514.3912,2.29236316991633,295545.1296980944,23885.752663017007,0.0002482923534194699,0.626586959515018,0.0036328773,4118,-1197.7466517919859,-287.80107565316564,-386.5649763843262,281.45523781291666,-35.69652149411691,52.72200682885196,-50.75624534144921,4.370398183620898,14.26872443912769,-33.250468753022886,26.41671611988712,-14.135793093458874,16.97878143357086
UoBBG_29.08.2024_20240828_223500.WAV,514.31445,2.1395594424699236,295622.39464739,23885.058602495348,0.0002466613317400654,0.6265564760262815,0.0036357145,4123,-1211.9349705612435,-296.2725980743133,-399.9443878049564,282.5164828515945,-38.567030872193186,58.94036859053518,-51.054585624460664,7.479062795107285,11.676224381651128,-33.48070622179332,24.61160195698951,-14.12657341626253,17.643420385231057
UoBBG_29.08.2024_20240828_223600.WAV,514.1828,2.302585092994046,295111.11719402403,23886.8437283546,0.0002474178582716281,0.6267786479342498,0.0036272046,4103,-1228.9111133393674,-306.57438587738903,-416.0895790050417,283.2425097026799,-42.67976135350063,66.30910929347635,-51.480073745448315,11.922169198933387,8.978022845148848,-33.290245157921916,21.844679132685954,-14.481271992324471,18.02982110931607
UoBBG_29.08.2024_20240828_223700.WAV,513.6201,2.288407850661246,295154.7465961719,23884.54519964111,0.00024711811955562164,0.6264438749883642,0.0036297108,4140,-1193.2662458319846,-284.8815562288438,-382.1006836371833,281.01321182007507,-34.77500295727459,50.46725326195088,-50.518149715713804,3.4398707174476257,15.119907228008374,-33.12111006789903,26.982330088278385,-14.211455402582615,16.728542249965713
UoBBG_29.08.2024_20240828_223800.WAV,513.7931,2.2926073759770405,295515.8587961275,23884.365827744932,0.00024797295113819864,0.6267559822786086,0.0036346489,4107,-1192.2148555763324,-284.35012308210185,-381.44528495292417,280.89965044038803,-34.598332888011,50.115656202619796,-50.42842878687389,3.256976816629907,15.172246447979338,-33.07990324100203,27.220755589783558,-14.253316273823849,16.52186054314134
UoBBG_29.08.2024_20240828_223900.WAV,514.57544,1.8663315351249747,296008.85188953544,23884.166571722242,0.00024764202627580647,0.6267636789049894,0.003640831,4112,-1190.7018201775309,-283.5080118632007,-380.1310073602497,280.91952087792583,-34.38820031410228,49.39383099061488,-50.355029307187415,2.939051936513183,15.54817727951284,-33.096209992438524,27.330219264270827,-14.21155349506568,16.547596977356687
UoBBG_29.08.2024_20240828_224100.WAV,515.5111,2.302585092994046,295907.2407903926,23888.410637068217,0.000248843779031034,0.6267456797078628,0.003637901,4114,-1204.1218383847201,-291.77125218781515,-392.6305014002831,282.07398427722796,-37.099213270320824,55.574661926957546,-50.853633452999766,5.838322365781963,12.963699585570103,-33.42794147000403,25.713278459680517,-14.142560035191641,17.296669317072045
UoBBG_29.08.2024_20240828_224000.WAV,513.94165,2.290361489715867,295056.10459155816,23883.600914590712,0.0002468033855640117,0.6264095128847585,0.0036277534,4126,-1195.6599806089357,-286.2091173567296,-384.26143285530554,281.2528920257091,-35.17780273823549,51.43747891047769,-50.60749423607166,3.8775000553367667,14.806012164066908,-33.20134854311276,26.676115689825473,-14.238918843881944,16.87895554689041
UoBBG_29.08.2024_20240828_224300.WAV,512.95013,2.2884011137243934,296117.70433822565,23886.396665649605,0.00024739090230842,0.6266756222267904,0.0036402016,4109,-1218.7139310521422,-300.8344071678872,-406.8334932328158,282.90013062141105,-40.307286742608866,62.22766117070145,-51.30394990971992,9.436803457035827,10.35756448895535,-33.51290768785005,23.476271167176293,-14.141010373699292,17.874664515881953
UoBBG_29.08.2024_20240828_224200.WAV,514.04126,2.287996026464495,295765.91477373044,23886.37505152508,0.00024665990741076197,0.6266725920589239,0.003636516,4144,-1208.5444816621127,-294.4298981109278,-396.74826221426287,282.3007372439114,-37.90333314037713,57.5284785977883,-51.080775105548405,6.890384389300341,12.145334683307201,-33.41256760871924,25.077602891374216,-14.176576521989116,17.595289937071346
UoBBG_29.08.2024_20240828_224400.WAV,514.4648,2.2907230059734,295563.7186132241,23883.993039263358,0.00024764049482649026,0.6265053267926958,0.003633844,4110,-1225.882651925427,-305.01046842745836,-413.50246127291393,282.9475442456465,-41.95854426055791,65.25718522601444,-51.52216706415793,11.466684561788112,9.148868656501714,-33.41378514635518,22.42474938623021,-14.33235294823436,17.891915064656942
UoBBG_29.08.2024_20240828_224500.WAV,514.3296,2.29241557569585,295874.498690779,23883.042540205053,0.00024690043211381173,0.6267077420061747,0.003638248,4120,-1227.9836788896396,-306.29808053513153,-415.7313393511551,283.1548549011434,-42.45869624763497,66.12573908599656,-51.52891869766506,11.997343386221674,8.83491260029299,-33.4072878853747,22.09598899841251,-14.455340367191246,18.001200068547735
UoBBG_29.08.2024_20240828_224700.WAV,513.56024,2.283516184077649,295714.76773041143,23886.986593632482,0.00024791846917411055,0.6267204687112139,0.0036366037,4116,-1219.8501806925576,-301.30426447175233,-407.4712853280276,282.98065534065194,-40.52282099391893,62.49846743221746,-51.33543435265717,9.604068904145297,10.328445370285424,-33.447915748876,23.316315880414734,-14.170714666827083,17.745194728800936
UoBBG_29.08.2024_20240828_224600.WAV,514.4839,2.293953933795196,296185.06305821316,23886.28320568555,0.0002483000084197841,0.6266757434335051,0.0036408154,4092,-1213.1497258885604,-297.4178330126746,-401.4157096989051,282.6386656504488,-38.94385836612924,59.71528851031255,-51.304282378681336,7.998296619217379,11.429922583283846,-33.379190020924426,24.260500713346882,-14.234838135828811,17.743013378429023
UoBBG_29.08.2024_20240828_224800.WAV,515.75635,2.302585092994046,294853.99661718536,23883.481646633554,0.00024887395494510415,0.6265496884502606,0.0036252853,4115,-1230.3290832423097,-307.33022351007594,-417.41760951122694,283.12293221092375,-42.916145730861146,66.89723947746491,-51.48921432048792,12.378825262042742,8.660991741688502,-33.41017903565129,21.739176305301953,-14.380618489839257,17.902311866045753
UoBBG_29.08.2024_20240828_224900.WAV,513.5303,2.290850905420738,295571.5114442153,23887.029067329244,0.0002465942608365805,0.6266143522325307,0.0036343194,4104,-1231.4973794336543,-308.4885671280451,-418.9061297639437,283.192236653642,-43.51963049091646,67.59853099280707,-51.464229366200755,12.896601852231203,8.326014270950541,-33.23459740404613,21.39331898982332,-14.360137110148965,17.808944264009156
UoBBG_29.08.2024_20240828_225000.WAV,513.93384,2.292069162631886,295732.1742979994,23885.331503818397,0.00024879421706677974,0.6265999892368438,0.0036352077,4110,-1232.011701019605,-308.904400304302,-419.7552729890353,283.09511971316977,-43.62680039654406,68.09822286316027,-51.682370734564614,13.133281077450796,8.343116779286557,-33.30566073294084,21.259470862758644,-14.481694120284264,17.84546992043528
UoBBG_29.08.2024_20240828_225100.WAV,513.3425,2.2374686572333355,296002.031269436,23883.870769451776,0.00024701902450824826,0.6267633152848455,0.003639653,4093,-1219.5463887575133,-301.1190329651292,-407.43201614889506,282.95671587534423,-40.34014695820554,62.36099565843566,-51.29679294499161,9.551551257796833,10.223115737808861,-33.43136007831007,23.481611653512005,-14.264570959286239,17.92028764510517
UoBBG_29.08.2024_20240828_225300.WAV,513.78735,2.2900016326046315,296838.6412491049,23884.21772410061,0.00024653071974551114,0.6266727132656386,0.0036505926,4115,-1223.0731154707596,-303.6239845196766,-411.3120632596153,283.1546626251981,-41.37161493970744,64.11121010574486,-51.40649789349875,10.617589495645829,9.72014982934921,-33.414424979539795,22.618995260388363,-14.142496793441923,17.890437593341016
UoBBG_29.08.2024_20240828_225200.WAV,514.3295,2.0964364806958007,296413.1414248603,23888.987267438813,0.0002481601213954103,0.6268141008982872,0.0036438839,4119,-1219.8741060538157,-301.61676840156707,-407.94568394227684,283.06077632121753,-40.65520916029775,62.74019669027648,-51.34789832550027,9.727600629187943,10.17072627231257,-33.45623478035163,23.372840031229543,-14.370149121183122,17.952436075472693
UoBBG_29.08.2024_20240828_225400.WAV,513.6542,2.2818177218735327,296154.13697441603,23886.109888702966,0.00024652710647446365,0.6265792628886372,0.0036408028,4131,-1216.813923769482,-299.63467917259965,-404.89150333500817,282.87030014723865,-39.86271058123126,61.25232921119212,-51.23581296663228,8.98041124129812,10.693178225517965,-33.49523085848996,23.775326803957142,-14.20451482595251,17.852577563950646
UoBBG_29.08.2024_20240828_225500.WAV,514.0869,2.290694692863216,295313.41795517696,23886.931001990466,0.0002467592968471586,0.6265612030881531,0.0036301473,4098,-1224.930282597639,-304.33008128470215,-412.3654683229122,283.03018968350244,-41.71631825140979,64.77820186718598,-51.44346371408303,10.97685862736904,9.438087007490914,-33.44528158351695,22.53136476209683,-14.25234128407113,17.958725504735
UoBBG_29.08.2024_20240828_225700.WAV,514.6902,2.1986337148881043,296087.4942535233,23882.50777170435,0.0002483266473965791,0.6265278106382649,0.003643714,4131,-1172.289708054509,-272.61837472102286,-363.3203912510958,278.6523472322466,-31.380244348141687,41.048442572187376,-49.61233411173918,0.03297206379293178,19.150949792298455,-32.46814834645458,28.888682206932547,-14.66026755671645,15.060734270612302
UoBBG_29.08.2024_20240828_225600.WAV,515.65576,2.302585092994046,296229.12118366925,23887.61632095791,0.00024750723050082486,0.6267047724416657,0.0036407283,4097,-1220.3125863450366,-301.8071296406454,-408.3070002531164,283.02595783913586,-40.66660508764224,62.81954255903565,-51.41926940435418,9.897702048726645,10.234454207848698,-33.51832015568594,23.190092628593717,-14.2720924895724,17.95651178652179
UoBBG_29.08.2024_20240828_225900.WAV,513.9465,2.2364457550717187,295881.9554687577,23882.251947005814,0.0002470815287976521,0.6267028331342311,0.0036375553,4125,-1226.178403799445,-305.2687474262659,-413.94887095651205,283.1051845050385,-41.920656113510695,65.34355752989212,-51.55656872356562,11.48664518475966,9.127704059875574,-33.39580261629169,22.28929259399077,-14.312459984408406,18.016655444428938
UoBBG_29.08.2024_20240828_225800.WAV,513.93176,2.194720082935278,296624.0635354186,23889.071871027973,0.00024681002052895454,0.6266838642833871,0.0036463717,4110,-1233.860955862775,-310.4233307713603,-421.9396854957516,283.2959100758225,-44.37510607575786,68.99426551592956,-51.62605173180643,13.76486481628459,7.963754786282828,-33.188656995975705,20.894325756702862,-14.538983040016916,17.822491454641078
UoBBG_29.08.2024_20240828_230100.WAV,513.50903,1.6957295613060894,295437.69662669126,23887.568585758396,0.0002473352534162777,0.6266793796349448,0.0036309962,4103,-1228.0731069536475,-306.4303133765549,-415.54373295840463,283.1646220547181,-42.523886490751515,66.23680832702712,-51.65008100218916,11.88122801701476,8.953924927129407,-33.27528568382821,22.013574976519525,-14.472564649099205,17.966026627252567
UoBBG_29.08.2024_20240828_230000.WAV,513.0906,2.2054984693935156,296789.49264746404,23890.083318834924,0.0002462888525120988,0.6267896777452836,0.0036476855,4140,-1224.5947869716586,-304.8095856065931,-412.73538504680266,283.260530191485,-41.956523521942344,64.94774700089054,-51.43589984609521,11.148969197760868,9.267176513161505,-33.413397688318256,22.50870595906763,-14.326911305222932,17.98754500468457
UoBBG_29.08.2024_20240828_230300.WAV,513.7994,2.302585092994046,296351.08251736214,23887.200759431817,0.0002492742054126251,0.6268805221779198,0.0036433635,4128,-1227.929727368582,-306.5107443724925,-415.8115255927822,283.27130148945696,-42.61450261679176,66.23421757937265,-51.5377813085803,11.915439392984862,8.930962722034067,-33.35517152292022,22.014450501883065,-14.447738550142343,18.016738552659834
UoBBG_29.08.2024_20240828_230200.WAV,513.92004,2.0166483818456205,296103.5865786038,23888.64227229014,0.0002469343596339307,0.6267810720685428,0.0036395572,4128,-1225.2983696975552,-304.89990960988536,-413.18702172998275,283.0980071903844,-41.9755263155003,65.19333551644083,-51.51969742454387,11.246981001971436,9.284181424632544,-33.42746341852378,22.442912126259877,-14.329893619534053,17.958651409070267
UoBBG_29.08.2024_20240828_230500.WAV,513.7667,2.206510573439596,296075.8339422487,23885.915879539323,0.00024818514855921104,0.6266975606421434,0.0036419781,4131,-1227.7673793011245,-306.28875300448897,-415.3323130494066,283.27256940532584,-42.48350605449499,65.94086852596287,-51.48456441667007,11.9119516244987,8.890724762715417,-33.275483735589965,21.922314018434555,-14.420875999689578,18.03052063501946
UoBBG_29.08.2024_20240828_230400.WAV,537.7608,1.2058838227923947,297692.3665911848,23888.484615512836,0.00024672530864570437,0.6267783449174631,0.0036734915,4145,-1028.331107576867,-195.1506913345901,-250.57950596546527,241.71176375696368,-22.68538239020054,-12.918086947014977,-32.02583358822161,-3.1800066695974007,40.20570112033869,-30.57550818953467,20.92718791297618,-15.698281331774666,3.5971338544296394
UoBBG_29.08.2024_20240828_230600.WAV,514.3134,2.0162264967047703,295555.20336669293,23884.6044131589,0.00024837033992411325,0.6264185427850006,0.0036338833,4105,-1209.28800665554,-294.7161351026889,-397.2546391831106,282.44853276302956,-37.97575730846756,57.6413088091185,-51.071316583976305,6.9839013078912675,12.07203724056017,-33.39098895193686,25.018438645187796,-14.179177519547855,17.518396869514127
UoBBG_29.08.2024_20240828_230700.WAV,514.01886,1.3059229783845936,296573.8497058253,23887.589978556774,0.00024748168983828797,0.626718650610494,0.003647353,4120,-1219.6524400373712,-301.50216113425864,-407.79117891109763,283.0224833134945,-40.62971610687678,62.61339202254007,-51.30420958414927,9.756253641898253,10.189781713707685,-33.46501716899092,23.293547786474917,-14.24670139115222,17.914851583033375
UoBBG_29.08.2024_20240828_230800.WAV,513.8505,2.2947698848455396,296281.35751020693,23883.141654667168,0.0002472040603044591,0.626511084111642,0.0036426394,4109,-1225.19038865351,-304.9137602098041,-413.18080321742434,283.1091934890251,-41.86521337824517,64.96861167565069,-51.514418496643415,11.433339826552887,9.176961579953609,-33.347870190359394,22.400605286700664,-14.340707138900715,17.918254180734092
UoBBG_29.08.2024_20240828_230900.WAV,513.7555,2.2927855814264375,296299.09208469605,23888.92294585776,0.0002489105210230608,0.6265088417874208,0.0036428487,4113,-1225.9801870531965,-305.38319001753104,-413.962377423249,283.08442942351115,-42.17241251253529,65.50496539872724,-51.42364994448928,11.39315487339043,9.137405335152057,-33.33657326747035,22.23229239779126,-14.284296615263427,17.902971578710172
UoBBG_29.08.2024_20240828_231000.WAV,513.84015,2.2952897828956336,295562.28041276144,23887.402073328223,0.0002471063597778053,0.6267215595716458,0.0036335234,4118,-1224.123484029142,-303.9954760233776,-411.58471306707224,283.08216609213775,-41.57974600801541,64.4358488460405,-51.53582486759761,10.900479547461734,9.528488354818299,-33.42125010569819,22.692900812053487,-14.310167905839899,17.902065731350724
UoBBG_29.08.2024_20240828_231100.WAV,513.98376,2.24572211019117,295933.8772489398,23890.57556881447,0.0002470195389483168,0.6270060923343056,0.0036384684,4128,-1217.3558850490351,-299.86302224108744,-405.2198697642071,282.8934016382954,-40.01680636793865,61.539545031691944,-51.23120390561043,8.878569399320208,10.742985772579452,-33.521560366652665,23.74181508881218,-14.16122605385003,17.84109950033255
UoBBG_29.08.2024_20240828_231300.WAV,513.8707,2.295203862034219,296312.9836993623,23886.217129257562,0.00024767376918155673,0.6266049587121447,0.0036427337,4102,-1225.5639482302897,-305.1233790977917,-413.55131596377436,283.0716733111526,-42.07043795210015,65.30977877661843,-51.514623647178425,11.395330011896037,9.25859950176576,-33.43126345680996,22.331644331221156,-14.289411049579021,17.921023352354677
UoBBG_29.08.2024_20240828_231200.WAV,513.65985,2.277203883694608,296693.4551259493,23887.255554419895,0.0002469006000931599,0.6266684104272682,0.0036473596,4132,-1229.6580858754041,-307.75229493077063,-417.5676596440145,283.36970173470314,-43.15419840514374,66.94624656030503,-51.53327177264152,12.584457058053822,8.609728972729329,-33.42004272105063,21.658012992928345,-14.356847861858723,17.90428737747874
UoBBG_29.08.2024_20240828_231400.WAV,516.02185,2.302585092994046,296312.8710467931,23883.940711736806,0.00024736802842609913,0.6265549609423483,0.003642087,4117,-1226.2704775650518,-305.5316270427807,-414.3426872538689,283.0870671749157,-42.09924934684937,65.6876861372018,-51.61436277914377,11.514042937900683,9.139813974056496,-33.43991908318446,22.24210610274554,-14.26718481765287,17.96068869131103
UoBBG_29.08.2024_20240828_231500.WAV,514.1108,2.2939665438586667,295916.2084100943,23884.662071583127,0.00024703608168740327,0.6266047162987154,0.0036398077,4110,-1221.3007942555714,-302.1848900160247,-409.0131488167034,283.05326138294595,-40.77806766962787,63.086693180766574,-51.36818346225087,10.033524388585294,9.984601999946799,-33.37375024870871,23.100631432768644,-14.330149893292745,18.028101184558196
UoBBG_29.08.2024_20240828_231700.WAV,514.3602,2.291345278267907,295712.44788638153,23884.190709833143,0.0002462525381627158,0.626545506818605,0.0036360314,4125,-1202.3151262642823,-290.5722015652843,-390.78803164102027,281.9885831072619,-36.52794669700994,54.547739745467574,-50.8960054152659,5.391419119222969,13.353229310283695,-33.17995747723118,25.87611369695518,-14.329856241588262,17.293364199497354
UoBBG_29.08.2024_20240828_231600.WAV,513.464,2.292030295038986,296723.9682312412,23888.88908615853,0.0002460399990891354,0.6267327711927516,0.003648082,4102,-1231.5375730728208,-309.0036875774278,-419.46664125283553,283.39485781120646,-43.66644633278001,67.9393148145737,-51.6534889970186,12.997965965279368,8.327060369917469,-33.25806306537914,21.358525695847433,-14.47858886435291,17.89956068723049
UoBBG_29.08.2024_20240828_231800.WAV,515.073,2.2822758692337795,296330.47786075965,23886.917028333948,0.00024786858007686593,0.626671683008564,0.003645424,4124,-1196.111553240676,-287.0593767884213,-385.2307124710454,281.4562139082649,-35.50053032844166,52.07345323838178,-50.71415489635034,4.129807078567341,14.508855529282553,-33.276714714918384,26.602554927129194,-14.132105042843717,17.020102854314548
UoBBG_29.08.2024_20240828_231900.WAV,513.86475,2.2932172896286867,296080.0456162502,23889.685983618587,0.000247543916558722,0.6267101661404679,0.0036407202,4117,-1226.819613087777,-305.8356955040554,-414.43302852012823,283.2570135355995,-42.42625541631209,65.65897239048724,-51.397064748060906,11.657464113235886,8.942064420386535,-33.31465092397558,22.17469918491349,-14.34540885890267,18.015129250001184
UoBBG_29.08.2024_20240828_232000.WAV,513.25464,2.273611842585291,296664.983635138,23887.669313779115,0.00024552668147643993,0.6267270744771627,0.0036484543,4129,-1217.1843707012335,-300.0514663815655,-405.2107884826665,283.09425463999435,-40.00988747060764,61.32793028686759,-51.32058195459331,9.178917458278566,10.619392149492406,-33.46412380260945,23.731595502028323,-14.284924998758418,17.901667448232054
UoBBG_29.08.2024_20240828_232100.WAV,514.4789,2.2957308398980882,296135.2395803636,23887.965695034025,0.00024742866498442734,0.6268133130546419,0.0036406321,4092,-1219.51709490126,-301.3189780570358,-407.4503694498513,282.96614044727573,-40.53328537808973,62.52548797215542,-51.352728453504156,9.629187003025377,10.285501206682683,-33.41245458836704,23.305798957683905,-14.259256001474599,17.893840206172055
UoBBG_29.08.2024_20240828_232200.WAV,513.478,2.2946029554824405,296813.3092194929,23887.612388907222,0.00024744024397575125,0.6266963485749969,0.0036488688,4101,-1223.4688481550802,-303.99252651005474,-411.7038631160449,283.2040504841937,-41.54466440358057,64.40939522973181,-51.47599292643612,10.795084446573204,9.55407010494869,-33.487043824268035,22.747362022888364,-14.292594649901888,17.99217025694215
UoBBG_29.08.2024_20240828_232300.WAV,514.6168,2.2944711251432492,295752.5981036409,23890.37820401918,0.0002480792623684698,0.6268246458824625,0.0036362042,4107,-1225.617795649644,-304.9857447752408,-413.0803091836369,283.1979982698646,-42.03210089400297,65.11534138874617,-51.4632102782615,11.201971995357432,9.277779918683871,-33.30129111966849,22.33116565650804,-14.322212713438141,17.978712966133898
UoBBG_29.08.2024_20240828_232400.WAV,513.51044,2.2945679849967937,295858.82450809656,23887.981399682983,0.00024663371613835685,0.626714226565409,0.0036369173,4129,-1216.0907107062483,-299.13737903963823,-403.9561208700596,282.8408652023029,-39.67817532075196,60.90192760598399,-51.32312533400474,8.723164509388635,10.9670911778364,-33.47230267332103,23.895822708777295,-14.233399096433782,17.76553648695051
UoBBG_29.08.2024_20240828_232500.WAV,515.7457,2.302585092994046,296007.6481644913,23885.824131298752,0.00024948638075141763,0.6267443464340015,0.0036388738,4122,-1231.1869237127505,-308.4401716602959,-418.90995902959935,283.21175184752076,-43.43883421151229,67.59006101623483,-51.58425185389807,12.963838547408761,8.379300256393377,-33.315184818950485,21.38386116243038,-14.412509803171918,17.95521092725822
UoBBG_29.08.2024_20240828_232700.WAV,514.1655,2.2585507415057524,295827.52419102675,23887.396828893277,0.000246720942070054,0.6268876127707274,0.00363749,4119,-1230.1339421479713,-307.73238038474204,-417.6777892609185,283.2025436422859,-43.153137525173776,67.10214086656018,-51.47138314540029,12.516650099214722,8.519935483338474,-33.335458784610836,21.558214564642864,-14.288287161481449,17.95091180881554
UoBBG_29.08.2024_20240828_232600.WAV,514.41455,2.2934423773877564,295679.50635674805,23884.792107533453,0.0002486349404138578,0.626555082149063,0.003636228,4126,-1220.5640141808076,-301.54946740666355,-408.21544535652146,283.0067526851862,-40.60924608585696,62.64868051795988,-51.204935803508015,9.754859797679568,10.161641144006742,-33.42462007726169,23.226023179160467,-14.257503668008438,17.886870145600067
UoBBG_29.08.2024_20240828_232800.WAV,513.68616,2.2840665958429076,296269.8141141707,23888.52550335491,0.00024835658808612454,0.6267950108407285,0.0036422927,4111,-1229.3514927824488,-307.4041571815984,-417.10928380596573,283.28556930959024,-42.98640855046291,66.87083083559763,-51.54825524221605,12.284887716003917,8.705878307231304,-33.347652407664185,21.694917431271715,-14.319525700684288,17.97163980993624
UoBBG_29.08.2024_20240828_232900.WAV,514.40375,2.2887470186655468,295849.24754355144,23888.27567460364,0.0002463904315013086,0.6267033179610897,0.0036373052,4110,-1232.5043510254388,-309.08547477436286,-419.85317409743067,283.3600728020982,-43.81689655353316,67.94325818632909,-51.527531644716,13.243372301493135,8.306702900417942,-33.40993071811047,21.278400375039265,-14.39647012351,17.800479977889132
UoBBG_29.08.2024_20240828_233100.WAV,514.0055,2.292550486118847,295920.2800011974,23886.653160658556,0.00024743411597226775,0.626638896592249,0.0036384913,4112,-1222.4670436029942,-303.02573017051924,-410.0392377544022,283.14449847311636,-41.125182249516186,63.59333787736554,-51.431560343650155,10.427851735944976,9.726316190367005,-33.36603922481233,23.02088145509614,-14.337327041583132,17.801788900240574
UoBBG_29.08.2024_20240828_233000.WAV,513.46643,2.2938185043586947,295666.4205130387,23887.002025483827,0.0002478407152743489,0.6267097419169666,0.0036366612,4119,-1217.1764230302158,-299.58518592963,-404.79541182185653,282.9058264298334,-39.84024378483508,61.17279033304491,-51.20009517265773,8.925279299623298,10.670732479788695,-33.417338885196116,23.818741765343617,-14.270721493899043,17.816352498062592
UoBBG_29.08.2024_20240828_233200.WAV,514.14,2.291035215838268,296097.4239964675,23887.08850032025,0.0002503405749602506,0.626756588312182,0.0036416072,4116,-1227.273109435113,-306.13250869104843,-414.88966039383405,283.2402183104131,-42.38916578914551,65.84861613088076,-51.55662603827297,11.84214856166657,8.922114627597757,-33.34801565712957,22.05230496906371,-14.32794362749412,18.01691286563267
UoBBG_29.08.2024_20240828_233300.WAV,513.884,2.290649531822253,296527.8791483551,23888.525752162655,0.0002465010181490643,0.6266231397193435,0.0036451726,4121,-1213.0502441509443,-297.4449011166603,-401.35034268223586,282.7760813234277,-39.07409310398364,59.64023011075731,-51.105756145107634,8.007925809559767,11.275587436485882,-33.5025548934866,24.3917045654901,-14.108528728492603,17.73698345474455
UoBBG_29.08.2024_20240828_233500.WAV,513.9478,2.288646593706872,295598.55090784014,23888.615630038297,0.00024721301372519636,0.6267425283332816,0.0036333138,4138,-1225.4046015040337,-304.77720984451236,-412.8671494904929,283.1897246038544,-41.89736627868711,64.96023010988623,-51.5237738026306,11.187391690257684,9.327052191198556,-33.34780732126292,22.482601826160913,-14.391262952658657,17.9844231598588
UoBBG_29.08.2024_20240828_233400.WAV,513.83826,2.294841327287915,295550.3421542471,23887.041170710265,0.0002483017510065061,0.6268204036474494,0.0036331234,4107,-1221.9061375758672,-302.5808931249178,-409.407379308375,283.057979338591,-40.92448352968677,63.37424290852988,-51.47905290659495,10.170571941421205,9.964427534096727,-33.36373203983173,23.00835162203478,-14.340784478754554,17.941832493075694
UoBBG_29.08.2024_20240828_233600.WAV,513.3054,2.2938099731404664,296153.2058236641,23884.321080346992,0.00024738549465942234,0.6265366587284349,0.0036422508,4117,-1224.1095960166244,-304.1137264203527,-411.87876764526084,283.11533248250447,-41.55713602672878,64.39128282433317,-51.40941900050209,11.005942158101234,9.36091052676888,-33.39859394248356,22.645286783618456,-14.307617075437781,17.952997578690596
UoBBG_29.08.2024_20240828_233700.WAV,513.8262,2.292974746285819,296360.2699216044,23885.625586517657,0.00024633966820659665,0.6266482295092777,0.0036437695,4136,-1211.3784169982719,-296.3774117046901,-399.6874891246604,282.6603873919971,-38.56221521276957,58.801138279125375,-51.15457632001734,7.597953620754913,11.60295316256769,-33.33839293983087,24.545063769820224,-14.24331716298222,17.794960681553
UoBBG_29.08.2024_20240828_233900.WAV,514.2916,2.2899249148486507,296302.12415848725,23886.137848367744,0.0002465807622562116,0.6268053134114745,0.0036429614,4147,-1228.9000857430694,-307.0998713052654,-416.70850340076794,283.2427821526481,-42.907042803942815,66.62892771734272,-51.497447213463026,12.347016247749984,8.665362514573038,-33.44381154758368,21.867916301166517,-14.460856331951213,18.075945265762602
UoBBG_29.08.2024_20240828_233800.WAV,514.75714,2.302585092994046,295711.31455659,23886.01104839844,0.0002485117913397321,0.626620291361549,0.00363562,4133,-1222.4642173605457,-302.927603680164,-410.14269772155285,283.02574661870034,-41.09943698108152,63.69323429167071,-51.39367588700186,10.39121473437433,9.775078922343186,-33.4859525201946,22.8959125208786,-14.18063187270141,17.99406867890246
UoBBG_29.08.2024_20240828_234100.WAV,513.0936,2.28565404047954,296877.5974685478,23886.486263268154,0.0002473903046392424,0.6265325377001365,0.0036505915,4133,-1206.6815740192756,-293.7119593383417,-395.50257380973983,282.42137474498895,-37.63293823066032,56.85703851356665,-51.08008352751105,6.570579624117446,12.426183404714054,-33.39986709505412,25.251277260116087,-14.138099291243941,17.513379424017387
UoBBG_29.08.2024_20240828_234000.WAV,513.8783,2.296815759539698,296040.99388655875,23886.54845590979,0.0002469213709651976,0.6266300485020789,0.0036403174,4118,-1222.5269731323835,-303.1439546118416,-410.1752225814976,283.1191411152903,-41.13981907633261,63.74281920159979,-51.49704146483358,10.451775175004974,9.744708377341553,-33.41666740138732,22.894640861794855,-14.218390979785534,17.92800871668825
UoBBG_29.08.2024_20240828_234200.WAV,513.23206,2.2926079441081955,295682.77903945994,23889.25726052951,0.00024818521493352166,0.6269200961702557,0.003633691,4104,-1225.7012664603292,-304.907099530166,-413.174149197011,283.2156484693713,-41.96626641428312,65.0688956457951,-51.484895610695865,11.14240701555999,9.427702732551761,-33.322038433463085,22.268087621785604,-14.358266580036322,18.05415779858957
UoBBG_29.08.2024_20240828_234300.WAV,513.9833,2.2323453951735335,295932.73638712754,23886.301965519982,0.0002483885892923905,0.6266753798133611,0.003639321,4143,-1219.7257611506122,-301.2435582003886,-407.4117451610107,283.05906256071324,-40.42503772483067,62.34852809838902,-51.30897503978333,9.640789106150335,10.208801769593077,-33.49834394599547,23.519411894851725,-14.23585680889765,17.774545931182868
UoBBG_29.08.2024_20240828_234500.WAV,516.4844,2.020631196793587,296484.37690544914,23887.491078628373,0.0002466030659183571,0.6266757434335051,0.0036460785,4132,-1168.7576516668348,-270.8774970436277,-360.4224308270672,278.2491118186304,-31.103940327239872,39.74696705286187,-49.3421831929436,-0.5420044897829092,19.78587376434627,-32.355908196085245,29.037448956444795,-14.568527917225607,14.737198061226861
UoBBG_29.08.2024_20240828_234400.WAV,514.0885,2.2874735883371855,296292.5519977543,23887.23866186148,0.00024694079390166795,0.6266479870958483,0.0036416734,4121,-1221.699299207938,-302.749830057793,-409.67916193252887,283.06636951233656,-41.09770206634323,63.519301076215946,-51.42350004805716,10.350085845803436,9.899009231154603,-33.545408471897225,22.929167750988675,-14.18151486239902,18.02390977002803
UoBBG_29.08.2024_20240828_234600.WAV,513.74927,2.294691005726158,296824.93816863955,23886.431811041744,0.0002458891496536216,0.6267685877769331,0.0036501915,4092,-1225.5693607079238,-305.23907590830584,-413.552442204328,283.3374207319376,-42.014299980243784,65.13613905457164,-51.479764619533256,11.379554777067602,9.162840391335418,-33.391645643629204,22.400133517171536,-14.293486578096818,17.912122191424398
UoBBG_29.08.2024_20240828_234700.WAV,513.21204,2.2958155993267626,296618.6733585889,23885.919616687992,0.00024722708355892105,0.6266839248867444,0.0036462776,4112,-1218.2751690151767,-300.61655965144837,-406.3681569413293,283.12313342765736,-40.19012169156784,61.79640882332341,-51.34487289623322,9.37240928410015,10.576166934056781,-33.514245813535084,23.502678989007382,-14.18422875263283,17.819301707586664
UoBBG_29.08.2024_20240828_234900.WAV,513.2386,2.2887564438081602,296193.7615711408,23891.339707917723,0.0002470573582979854,0.6267189536272806,0.0036400962,4121,-1223.405685950034,-303.82447777395294,-411.2296797406086,283.2161521359595,-41.568990764001434,64.22932861004101,-51.44028428406969,10.657757569783028,9.669268665416856,-33.3133340306692,22.651225976003754,-14.353177447000006,17.922254888503332
UoBBG_29.08.2024_20240828_234800.WAV,513.5846,2.288082135530787,296119.72679982585,23886.452659387698,0.0002456448513137136,0.6266612592311034,0.0036425262,4100,-1192.7609112822024,-284.9442110217425,-381.9436658036461,281.2307531186079,-34.788829857068706,50.34130219205662,-50.53631606906828,3.3676792186516655,15.106356893409478,-33.0239851585316,27.071414983901658,-14.248706779905739,16.721479736777088
UoBBG_29.08.2024_20240828_235000.WAV,514.0864,2.292715952574996,296507.97490372113,23888.60026984193,0.0002463353533133987,0.6266035648349262,0.0036459123,4124,-1226.2682476811137,-305.7103701939927,-414.192435963979,283.2343940320932,-42.22025635253612,65.6198783442826,-51.56473491484155,11.559295000801951,9.022547161325432,-33.367962689036695,22.31158573323732,-14.348738320731334,17.978165216970506
UoBBG_29.08.2024_20240828_235100.WAV,514.16846,2.2956658280273645,296084.46896745247,23889.20370414066,0.0002462436491680598,0.6268347060397791,0.0036413313,4122,-1218.12788169863,-300.44296677059,-405.9295178229497,282.94718052144145,-40.220465648034796,61.813336117470136,-51.234226778474444,9.332380889171409,10.346196434805496,-33.45844660396718,23.619932816012753,-14.233008933430872,17.966160548300333
UoBBG_29.08.2024_20240828_235200.WAV,514.25574,2.295253470151425,296063.67601641914,23888.862525791283,0.0002461996046717715,0.6268422208560879,0.0036404228,4115,-1222.0497029570613,-302.77415623789875,-409.7480378201014,283.1616029007808,-41.082508009868214,63.49707091517773,-51.381807137135674,10.193653889687528,9.883913718005367,-33.37666014635663,23.023596085620607,-14.313690801448995,17.894189668034404
UoBBG_29.08.2024_20240828_235300.WAV,513.7555,2.290367932075002,296048.9882368378,23886.146348146136,0.0002498558328088018,0.6266653196560444,0.0036401104,4118,-1226.7767678765788,-305.8037046029608,-414.4537911251493,283.2234724863568,-42.276502586231416,65.60398561076191,-51.50060133840182,11.718537779771598,8.974021035474225,-33.334294089431744,22.11482814353179,-14.315711841432949,18.062287090423567
UoBBG_29.08.2024_20240828_235400.WAV,513.83636,2.291524901127051,295868.07526821434,23888.456930469598,0.0002476560628192753,0.6267471341884386,0.0036387942,4113,-1215.242865371229,-298.4606518710605,-402.9638055214233,282.8943216370223,-39.51076302553272,60.28104110733605,-51.11555606911493,8.531827541950292,11.004624254634331,-33.477429402487054,24.104941157087563,-14.295550274838085,17.82374243833824
UoBBG_29.08.2024_20240828_235500.WAV,513.5326,2.293815136959137,295940.9949645413,23884.97816818581,0.0002458846610361338,0.6265389010526561,0.0036401188,4131,-1219.034926407206,-300.77386189634177,-406.688919351805,283.07315412225216,-40.20438328649472,62.001603799360446,-51.34698520732214,9.41190238447981,10.402648372445045,-33.48396624830736,23.56706270607274,-14.206602439844115,17.861179867653565
UoBBG_29.08.2024_20240828_235600.WAV,513.88965,2.283451673744154,296037.13989974326,23883.30966007628,0.00024621390819693433,0.6265612030881531,0.0036406203,4103,-1226.636496806707,-305.59507630421786,-414.3772833576628,283.1761113599268,-42.09576093891858,65.42861145000627,-51.39882848331802,11.64339543714077,8.871354479527941,-33.32133537942485,22.291284762140737,-14.237433234266618,17.824573281440117
UoBBG_29.08.2024_20240828_235700.WAV,513.14276,2.2950107343352992,295704.56475938956,23888.469142647864,0.00024786558846746155,0.6267074389893881,0.0036354193,4127,-1232.4460195080624,-309.0682961620315,-419.6428760873237,283.3903252058416,-43.730847916421446,67.89020158719532,-51.53486684704596,13.11968703455738,8.280408787278311,-33.3025065606315,21.22532863341828,-14.30998616693766,17.82696173242545
UoBBG_29.08.2024_20240828_235800.WAV,514.82294,2.2946927461830424,296726.05523246265,23885.674648883378,0.0002479040121192779,0.6266396238325369,0.0036489666,4127,-1212.9452068202622,-297.4717666299227,-401.368699872179,282.77040824746956,-38.96496480543625,59.61490172085999,-51.239588066920895,8.02696810227059,11.33799216190682,-33.41671822876617,24.32499810587308,-14.160589711427024,17.75623953774068
UoBBG_29.08.2024_20240828_235900.WAV,516.17773,2.302585092994046,296147.48536767904,23886.441987166832,0.0002490018763669084,0.6265290227054114,0.0036422994,4103,-1216.136354212708,-299.1290774034994,-403.97366581720627,282.9440455331516,-39.66742478328448,60.77260967251751,-51.24230461174145,8.80140778321509,10.843393711763031,-33.534022490082776,23.990569622997374,-14.198055442161976,17.801125966638885
UoBBG_29.08.2024_20240829_000000.WAV,513.86224,2.267427620752945,296169.8219951539,23888.856917882462,0.00024686458487060677,0.6266965909884262,0.0036414526,4129,-1226.6211106290045,-305.7977352314564,-414.33547420330297,283.2051788964658,-42.31804209019223,65.70063035044113,-51.606341403574376,11.658780144137356,9.099349261366791,-33.41617019848365,22.241759051409918,-14.312122649331078,17.86684440830954
UoBBG_29.08.2024_20240829_000100.WAV,513.7767,2.2482486431042226,295967.72955199814,23884.4127914953,0.00024825931139061053,0.6265744146200509,0.0036393437,4129,-1214.0143344061687,-297.8270524816224,-401.90768434100426,282.82567959450347,-39.05983246449543,59.77563210480907,-51.227169044569,8.223706171992983,11.166643885310224,-33.35196959473596,24.20613901529516,-14.197116707524248,17.80929778415813
UoBBG_29.08.2024_20240829_000200.WAV,513.48486,2.302585092994046,296348.5030105233,23886.992067742976,0.00024585639846561,0.626779435777895,0.003643592,4095,-1227.5301046615145,-306.3085703783378,-415.25599297519267,283.3139459109112,-42.45411839507435,65.92649637468895,-51.52927857183771,11.866987917693548,8.950010992435187,-33.343443823845064,21.980689466559852,-14.321769339677061,17.93072790558395
UoBBG_29.08.2024_20240829_000300.WAV,513.7943,2.285459199845599,295778.9887768466,23888.64163069666,0.0002481696884013033,0.6267653757989947,0.003637068,4132,-1222.2581460469278,-302.8242213836828,-409.8338102306306,283.04202935382824,-41.17883501564966,63.58372788662116,-51.32467613587525,10.416325713709975,9.724974395865614,-33.53032147532729,23.05190907922063,-14.252539826734306,17.933541125780692
UoBBG_29.08.2024_20240829_000400.WAV,514.8025,2.302585092994046,295389.66596733866,23884.245643359736,0.0002463394706321011,0.6264965999092404,0.0036328558,4116,-1233.6737981328145,-309.57807057711983,-420.68233924984446,283.38998079706937,-43.86405513985684,68.23626631749873,-51.631567795587124,13.466979060352074,8.13694610765318,-33.322844282355916,21.183653217652942,-14.479763515381544,17.929022917273937
UoBBG_29.08.2024_20240829_000500.WAV,737.4815,1.55635913618885,659606.71460767,23393.401355993905,0.00121270970074037,0.6161504553493856,0.009136544,4081,-859.6679523383809,-137.74950861668285,-202.53129824351996,187.86263185022065,-4.330735052631119,-30.241788887725427,-17.181606771957032,-0.5989388135948536,36.952629221055226,-28.67156400309831,9.390350570890579,-5.140696961624276,-0.5805724534547528
