filename,ACI,ADI,Bio_Energy,Spectral_Centroid_Mean,Spectral_Flatness_Mean,ZCR_Mean,RMS_Mean,Event_Count,MFCC_1,MFCC_2,MFCC_3,MFCC_4,MFCC_5,MFCC_6,MFCC_7,MFCC_8,MFCC_9,MFCC_10,MFCC_11,MFCC_12,MFCC_13
UoBBG_29.08.2024_20240828_202931.WAV,658.41174,1.773878773551945,303306.1522869259,15745.553194997457,0.002254862889414778,0.6506672621587031,0.012062787,1785,-776.4051132726674,-126.98959050607561,-213.63874242711245,117.62912856509034,-30.874670674518985,62.3858962608711,-10.416664337567246,-35.26278955797297,15.299351127004266,-19.04795394452112,25.508702783030476,-6.215303828405317,1.6432539116234643
UoBBG_29.08.2024_20240828_203000.WAV,697.6422,1.9199629312084476,422116.2455874311,15709.294749514296,0.002280745238980323,0.648254530871882,0.0073971446,4116,-795.5597976306448,-125.97955707034811,-212.44545743163235,118.42217527740287,-27.01420057026315,62.40293542679981,-9.433953967218379,-37.311862294049384,15.189055864116908,-20.252830289499627,25.761293530768725,-5.873459534249199,1.1458874664190384
UoBBG_29.08.2024_20240828_203100.WAV,706.4867,1.9963745623466385,632754.6865009876,15785.794869308707,0.0021255000778849036,0.6512682950949367,0.011621408,4123,-757.7267419122711,-126.0573588858319,-205.72153633242482,118.33126056607064,-29.816854440420432,60.088659740807294,-9.214015098917155,-35.10775476475994,15.174251601871353,-19.21838563176191,24.83649673050909,-6.256249949411314,0.6747794940623303
UoBBG_29.08.2024_20240828_203200.WAV,679.183,1.7423151977362876,1080749.206145374,15828.99149228443,0.002027038048160844,0.6535889035450019,0.02032596,4142,-673.2743257678413,-110.12502588453539,-174.32162488249446,109.74728466305699,-29.40136838514997,45.53243423705202,-6.43199152403193,-32.788547661978306,19.163496872400682,-15.384757874541386,20.245062965931165,-6.052847366358075,-3.392560058400628
UoBBG_29.08.2024_20240828_203300.WAV,652.9383,1.6006942041607797,274033.8120756211,15611.529696234193,0.002381014845792273,0.6436612149804543,0.004456246,4121,-807.1332093899265,-116.27673242341645,-198.69233649506364,112.67209451496556,-20.69686644139974,56.30725590425511,-9.904888832928773,-38.41131715783486,15.789498256207523,-18.06366314538651,25.629406425798237,-5.1408350146707695,-0.7217793667431988
UoBBG_29.08.2024_20240828_203400.WAV,513.7862,2.292183534432369,214099.22611618796,15607.756981733795,0.0023912642248525274,0.6438840864668652,0.0033224525,4122,-1067.2034655709842,-242.5386178115008,-464.78701179019896,106.33517384823938,-127.67622628973398,139.10379031677672,-33.16732562145935,32.060609937491805,1.4982308045142059,4.0073642877754025,13.387560799264156,-8.887791411286761,0.5484451359577932
UoBBG_29.08.2024_20240828_203500.WAV,512.9892,0.4637264398194103,213547.6830725038,15606.039021904471,0.002396486348148612,0.6435017873347915,0.0033137247,4113,-1070.4866919652607,-244.1171496244064,-468.41320313810024,105.34854432659836,-130.16143463260192,139.23206676806024,-34.27643037590729,33.02540016462164,1.092820766732104,5.3067387998928135,13.242212033248485,-7.89581703860095,0.2942019761541266
UoBBG_29.08.2024_20240828_203600.WAV,513.699,1.7918584934218063,213613.0116625155,15608.256905912871,0.0023928274324731334,0.6434616122952346,0.0033147433,4133,-1066.8528090050409,-242.14485264027937,-463.7558177905237,106.56053785422229,-127.04884250383266,139.08117427795085,-32.876292581690386,31.65501348676455,1.7570558240757992,3.9174072403617743,13.189643498462466,-9.093499497645384,0.6062600608981696
UoBBG_29.08.2024_20240828_203700.WAV,586.4407,1.6346504031425866,218063.41682759635,15621.233842977457,0.002382911386975424,0.6441852174760332,0.0034424653,4113,-923.9599339536768,-167.28317882649932,-301.1288146972232,126.13707079947737,-44.48200604382493,100.72123373082009,-10.555720262075958,-21.894181803543393,6.191095237440568,-27.820536321739716,22.494602053285046,-13.846919684046199,10.192579044396018
UoBBG_29.08.2024_20240828_203800.WAV,593.46497,1.5806167072379251,222388.60405484904,15620.735059198405,0.0023693692750426333,0.6441563132620532,0.0035507048,4111,-869.88026801672,-141.57996745399842,-248.30935810703556,122.33830943053724,-29.383188507694985,78.71940894293972,-10.386139431878702,-33.741835660746524,10.090353691942015,-24.95014436512115,26.434150853321537,-8.18993688114623,6.639064925375296
UoBBG_29.08.2024_20240828_203900.WAV,631.213,1.7646287165826835,224582.89697799418,15618.162658342051,0.0023830634406047956,0.6437214775397897,0.0036119246,4129,-790.6203294740665,-105.83955141122665,-176.4465211119165,107.55947942428327,-17.121043214801,47.094359778093434,-9.992772885330282,-38.454566062946114,17.894326296668506,-15.255678659592625,24.00968834078295,-4.390017572932942,-3.7656220265182236
UoBBG_29.08.2024_20240828_204000.WAV,515.43823,2.302585092994046,213751.96830833636,15606.887903470206,0.002390405947223453,0.643585136907809,0.0033176711,4124,-1061.4714204541026,-239.28735579856217,-457.1309263380592,108.1767838202242,-122.4038562968171,138.59924859461626,-30.67609802947031,29.979151727413193,2.060136207850375,1.6046357971628682,13.273072069216632,-10.496850218251002,0.7913204418228278
UoBBG_29.08.2024_20240828_204100.WAV,518.31946,2.302585092994046,213533.14262192824,15606.944475042348,0.002393115202936988,0.643777831667675,0.003313906,4129,-1067.1910893130932,-242.24243031629894,-464.0952188342012,106.54951812793944,-127.15356299253756,139.0863876967908,-32.876576260241166,31.691850180091354,1.6414255877718535,3.8003532734775964,13.327576323063568,-8.859514585845643,0.38580737890836186
UoBBG_29.08.2024_20240828_204200.WAV,518.0908,2.302585092994046,213207.7282723034,15608.23765646556,0.002401274460521786,0.6434327989750093,0.0033078275,4132,-1068.377992710469,-242.7895948645284,-465.29982376960254,106.208745129147,-128.0672655479932,139.22632640385828,-33.18460560924216,32.01949799581625,1.531603719042091,4.230015285828281,13.175773371323173,-8.597483680223922,0.41524176778901595
UoBBG_29.08.2024_20240828_204300.WAV,518.37427,2.302585092994046,213222.21447090275,15605.225181989892,0.002393578785113309,0.6433192726754468,0.0033088906,4152,-1067.140981300039,-242.04670230732646,-463.7439051193438,106.46116415470223,-126.90544733504225,139.03281544134055,-32.946987476290005,31.769557260060715,1.73534658142424,3.654658469320293,13.334256436378197,-8.91327307928346,0.4136852403409607
UoBBG_29.08.2024_20240828_204400.WAV,514.04443,2.126546579946199,213672.34786916926,15605.587546105133,0.0023913984971366017,0.6437347480279692,0.0033171747,4115,-1064.5985966949647,-240.85067043384336,-460.8917103463645,107.23982580267041,-124.92535685792144,138.91813937978438,-31.976137376191062,30.788912597688075,1.9349017227990528,2.996594256614047,13.2892382142928,-9.62247126563616,0.5374626393502069
UoBBG_29.08.2024_20240828_204500.WAV,513.67224,1.4232035576632318,213694.2601298594,15607.95921800899,0.002397906731487169,0.6437770136238831,0.0033172756,4144,-1065.7065123751513,-241.47080633354224,-462.3770011128388,106.93707685956926,-126.00664947903739,138.90797675462042,-32.498179444452525,31.437086563614923,1.988578323277544,3.128532817195749,13.300265742779974,-9.316793534079116,0.45465140522747083
UoBBG_29.08.2024_20240828_204600.WAV,513.80273,2.2876664866174483,213459.17733160808,15605.639730669267,0.002393066824386656,0.6435611409565805,0.0033130986,4114,-1068.6236591374575,-242.81707223150786,-465.7836430104985,106.11925349138201,-128.19896539208025,139.17108239510944,-33.4365883905966,32.213059314456416,1.6600885096631797,4.187248624320999,13.391412176136608,-8.529445908209373,0.19407391134107518
UoBBG_29.08.2024_20240828_204700.WAV,514.032,1.4995657376450007,213271.9324943091,15603.186463496615,0.0023966834141667115,0.6435572325251303,0.0033096408,4127,-1060.2138214593608,-238.176428205401,-455.4056664651175,108.28550779266746,-121.2734306369661,138.50622388198474,-30.171405824348167,29.42751038377142,2.427494730586915,0.9676649725750301,13.25650194788342,-10.881128099857483,0.8263180880848927
UoBBG_29.08.2024_20240828_204800.WAV,517.5079,2.302585092994046,213433.8763098675,15608.03357092281,0.0023949219332957037,0.6437620161543652,0.0033129822,4124,-1067.7997745612156,-242.51137219053265,-464.7953041292987,106.25575385371965,-127.74549538948595,139.11123094299117,-33.066530261000466,32.08725157162634,1.670005573350018,3.930000769090152,13.235771464261065,-8.73973917295326,0.3397131038785285
UoBBG_29.08.2024_20240828_204900.WAV,518.3574,2.302585092994046,213161.44184452217,15606.859250748466,0.0023970218058780176,0.6437398380782298,0.003309316,4115,-1069.545702702698,-243.33017271021959,-466.7428504194956,105.70260548274211,-129.00440047836364,139.192869445367,-33.877319204039594,32.54689425636906,1.465623272076312,4.612968399544056,13.192791360798369,-8.121559637626435,0.3756678361073324
UoBBG_29.08.2024_20240828_205100.WAV,517.8246,2.302585092994046,213878.14436404663,15610.890670522711,0.002390284745697885,0.6438751788789091,0.0033220786,4131,-1071.0537298261813,-244.68101003991467,-468.99527003023803,105.34127513672559,-130.6164636993007,139.38782011110393,-34.67134784279514,33.16708976445615,1.0629358173227097,5.4039460178181695,13.256654851529092,-7.50662768144123,0.2590762903857303
UoBBG_29.08.2024_20240828_205000.WAV,516.73584,2.302585092994046,213494.46945734817,15608.908514223007,0.0023938065315221285,0.6436217670909344,0.003314876,4135,-1068.392166304759,-242.92468833831163,-465.51301637294233,105.93590251243323,-128.4088250461445,139.25708097895193,-33.45054641469489,32.396965833786155,1.3861824203850868,4.278168002416444,13.26739313518111,-8.574072536205716,0.48389411489992595
UoBBG_29.08.2024_20240828_205200.WAV,514.2525,2.288428383232922,213574.56895680964,15607.258476681467,0.0023927842386697613,0.6437734687674516,0.0033156814,4142,-1069.697854868933,-243.73944880513162,-467.310621225095,105.60399011973271,-129.45551384544433,139.15946703461492,-34.08222799414813,32.83755080030339,1.3589207953718958,4.934145136419288,13.22126646716297,-8.108565090868165,0.31681174370376036
UoBBG_29.08.2024_20240828_205300.WAV,513.22156,2.2144432472866034,212959.872189876,15605.290387026365,0.0023970434639901533,0.6433135463689036,0.0033054366,4128,-1071.9375216386009,-244.60970183552905,-469.4313427738065,105.14341125219109,-130.66257249096503,139.27523590143073,-34.715303556988665,33.35753966978752,1.102005328895842,5.421151273320797,13.215530841504348,-7.438651465290065,0.09661044996171517
UoBBG_29.08.2024_20240828_205500.WAV,517.6056,2.302585092994046,212708.43905359405,15603.899725238854,0.0024054951895303815,0.6435096950914464,0.0032997949,4136,-1074.558932181174,-245.9365471698656,-472.69468160579436,104.14119217152569,-133.18949614182492,139.45483888015107,-35.84759976340241,34.04170721467922,0.6992615510890449,6.723863955421423,13.14525764496979,-6.567108783243893,0.08970769777155697
UoBBG_29.08.2024_20240828_205400.WAV,519.20557,2.302585092994046,213074.64787831358,15604.873760130993,0.0024001566739185686,0.6434155291616251,0.003306434,4102,-1067.8080754944704,-242.33622807963718,-464.4615115990344,106.1949980212688,-127.4408736426827,139.18681676800256,-33.034899009017956,31.880039567220685,1.4837122848200597,3.972622532314621,13.30998147327428,-8.571295794482781,0.39762228222000956
UoBBG_29.08.2024_20240828_205600.WAV,514.04126,2.2461287377641064,212606.73191583264,15601.475709222736,0.0024013928916139845,0.6433491767207279,0.0032989448,4114,-1069.080676907695,-242.6907035303204,-465.61217381070094,105.9024224999304,-128.07064167479322,139.0747055017264,-33.58981690555924,32.250482869537265,1.5903634101636053,4.2482818902415325,13.28575375931164,-8.360880304001393,0.3496182314949254
UoBBG_29.08.2024_20240828_205700.WAV,516.8657,2.302585092994046,213120.07413141793,15602.90235935947,0.0024062908467972926,0.6436110416278853,0.0033079684,4113,-1073.6930302473977,-245.70800755259614,-471.90412629353983,104.48946530651513,-132.27986691739758,139.43326210402697,-35.60811579137732,33.90890086945887,0.7772794234130916,6.285295329587022,13.060260221654664,-6.826482083736642,0.1891066321620141
UoBBG_29.08.2024_20240828_205800.WAV,517.6854,2.302585092994046,212943.39817482335,15599.14578958027,0.002397002624113481,0.6428728934463421,0.003304615,4126,-1072.0288802129369,-244.60323924418503,-469.6390432256108,105.03155931841765,-130.63054175046906,139.23270748362998,-34.83917828455341,33.259558141926135,1.0369781658184392,5.8700643854967165,13.051712648187403,-7.564021558674131,0.3200876076461775
UoBBG_29.08.2024_20240828_205900.WAV,514.3756,2.293992039217037,212675.34619797906,15602.412778585212,0.0023999836195826006,0.6430865846635332,0.0033000696,4143,-1066.2062025924995,-241.13708902176825,-462.1273561521819,106.8671739055068,-125.71093939789036,138.73757608482103,-32.33539957490879,31.323824377890364,1.8762925673500839,3.12799864235037,13.253556311049415,-9.240004712314224,0.5626706881270598
UoBBG_29.08.2024_20240828_210100.WAV,513.7992,2.233778822999334,212691.0344387656,15598.61062370952,0.002409016775420486,0.643050408949181,0.0032975057,4100,-1069.0981867500461,-242.93097737901306,-465.91465853108195,105.82635766612547,-128.07206485993748,139.10719694113791,-33.35422457002693,32.34838005293023,1.2075264270483659,4.433128285146803,13.195368238389536,-8.385435560378848,0.328304906158733
UoBBG_29.08.2024_20240828_210000.WAV,518.64075,2.302585092994046,212766.93644896612,15603.62499164816,0.0024009314035221504,0.6434602488889147,0.0033015395,4124,-1067.8881238939787,-242.26236048404533,-464.30605870645314,106.2543691100355,-127.30403347425461,138.95312792850717,-32.942568155785565,31.947728959789387,1.591246338907441,4.012165948919856,13.152990609456305,-8.775399659088217,0.3266054187903483
UoBBG_29.08.2024_20240828_210200.WAV,514.35736,2.130704860800468,212948.95221829446,15600.714368929044,0.0024011539576960996,0.6430132334035276,0.0033032107,4119,-1059.7681644416282,-237.97484518076007,-454.44256994703613,108.46955408310245,-120.51261790950113,138.43042329124486,-30.048999642296582,29.150958684753327,2.313103249779731,0.8868402187140596,13.23913754153825,-10.938030170473224,0.7397139485203843
UoBBG_29.08.2024_20240828_210300.WAV,516.05676,2.302585092994046,213054.8154602634,15600.667842892108,0.002400820354119906,0.6433119102813198,0.003305494,4115,-1066.7913384163087,-241.838562541698,-463.32388524443525,106.54219344424591,-126.34931417923625,138.89031329085594,-32.67212326970846,31.673545512844658,1.6748398455819842,3.6149139247818827,13.027856706580259,-8.86896728606924,0.4294982465477661
UoBBG_29.08.2024_20240828_210400.WAV,513.6293,0.8044694834731345,212864.68269229875,15601.013045923815,0.002406790447175607,0.6429411546560871,0.0033012512,4149,-1071.8903418548011,-244.55355941365755,-469.55737083341904,105.09084346164015,-130.66618762611805,139.19085213099365,-34.70889793101955,33.274270062798635,1.049635318712232,5.614495947034387,12.990552940403683,-7.490566454212119,0.4414242001061541
UoBBG_29.08.2024_20240828_210500.WAV,517.85046,2.302585092994046,212691.60382119994,15601.297277444215,0.002405383759870983,0.6432690993228779,0.003298733,4098,-1064.7905283592715,-240.65684730668866,-460.46004049485674,107.09717526191567,-124.51846618799527,138.91239773185245,-31.883905959365944,31.02570589789878,1.905837152807666,2.735955553004468,13.016589230442664,-9.683377461418466,0.5841651216617928
UoBBG_29.08.2024_20240828_210700.WAV,518.27576,2.302585092994046,212617.1267009395,15602.563681191914,0.002401094506016597,0.6431003096204858,0.0032984868,4110,-1063.1759987398432,-239.58894333052936,-458.2488281999061,107.68997549835358,-123.05996641845846,138.60503099484967,-31.133359087924322,30.26120785140422,2.0746244308965593,1.9350131374358503,13.438998535114209,-10.088253816953504,0.5344420162884546
UoBBG_29.08.2024_20240828_210600.WAV,513.39404,2.2931325393538904,212272.18270081622,15597.94207496822,0.0024054215404273166,0.6429686954637472,0.003291722,4122,-1073.1250559410703,-244.82764951946982,-470.5482245898087,104.71124721449551,-131.29000005283172,139.1662028899895,-35.18364441839633,33.50053756815746,0.9551624950441926,5.969222181944167,13.30935870786088,-7.242603199831087,0.1545748624363216
UoBBG_29.08.2024_20240828_210800.WAV,514.42926,2.2914048549622468,212528.34316832296,15599.01511685682,0.0024102497693511125,0.6430495000116344,0.0032970868,4108,-1072.1546882944988,-244.4743645191796,-469.5738124543056,104.82379940250436,-130.67007560333414,139.25012340330636,-34.8261135769857,33.33342483024584,0.9776895842196304,5.604973655755224,13.117019098553554,-7.220012769284636,0.34666629151732364
UoBBG_29.08.2024_20240828_210900.WAV,516.91406,2.302585092994046,212911.46511458376,15599.69969252884,0.0023998456366217855,0.6431200335652457,0.0033030151,4148,-1068.2827612387043,-242.5708928979028,-465.0302337926331,106.10226457360079,-127.61239971892371,139.07940329421058,-33.11494576652517,32.12483176566159,1.2944230978766562,4.227704052147761,13.20378810755387,-8.643795392869094,0.5693289588414064
UoBBG_29.08.2024_20240828_211100.WAV,519.1731,2.302585092994046,212652.7625933415,15599.692721191375,0.002404858864798132,0.6429083420106572,0.0032986074,4107,-1068.465212385679,-242.62074767326334,-465.0578659124323,105.95490430803864,-127.66200604005763,138.99649803515985,-33.25869994005133,32.11470412508508,1.3668471309634933,4.399298374612506,13.18173493670619,-8.53955933089738,0.5010440953938972
UoBBG_29.08.2024_20240828_211000.WAV,513.6256,2.2855245565939057,213076.97523743162,15602.480732537602,0.0024043470445000844,0.6431456656040581,0.003305628,4128,-1071.6012632994673,-244.55257901255374,-469.2667820038034,105.14170508397656,-130.49786568303193,139.19948806391503,-34.77282734716801,33.37133036184282,1.055496611672143,5.454037622077751,13.26364164633963,-7.505023336972432,0.2207364054929307
UoBBG_29.08.2024_20240828_211300.WAV,519.2193,2.302585092994046,212434.41588162378,15599.325752745219,0.002407273645170924,0.6429258845053053,0.0032949299,4095,-1070.0244266508782,-243.3243702256764,-466.8124536751321,105.58581005909932,-128.83957901645684,139.07063125914013,-33.882964196769336,32.7095591038724,1.216360730159109,4.7393651448829415,13.26095679469959,-8.156158118830612,0.3182052313729034
UoBBG_29.08.2024_20240828_211200.WAV,513.69104,2.2899648650320987,212962.22191724906,15600.6567342721,0.0024044761341710636,0.6429478807939315,0.0033031867,4112,-1070.3348545347628,-243.68962459629265,-467.6668939446916,105.481295512737,-129.3461118808863,139.0626727733019,-34.18176078009186,32.830641499951355,1.3319716429350215,5.092287164276202,13.235881375105533,-8.057531748243791,0.2510228208738878
UoBBG_29.08.2024_20240828_211400.WAV,513.6001,2.285961215369596,212484.58030443464,15599.512578069885,0.002411400114835415,0.6431122167023455,0.003295801,4155,-1068.2983535595324,-242.33480351516374,-464.6487694359318,106.09595451516654,-127.32752000422944,138.940141208006,-33.077645110958805,32.034800840171776,1.417261589278552,4.1495015947231115,13.23378204390077,-8.767633164709686,0.4978061313240365
UoBBG_29.08.2024_20240828_211500.WAV,518.28827,2.302585092994046,212831.13798096153,15601.855059472355,0.0024036962121166666,0.6433590841399851,0.0033020184,4131,-1072.0095101857655,-244.564211419619,-469.4860191704843,105.0978388213654,-130.6908552314499,139.2456401581837,-34.804969336598354,33.318960457090235,1.0851546928473237,5.658864502417666,13.148093225971339,-7.574897117868134,0.3691209159101641
UoBBG_29.08.2024_20240828_211700.WAV,515.6733,2.302585092994046,212271.09918847342,15600.897892285135,0.002415659611992677,0.6429921460524479,0.0032918565,4127,-1070.6224549072829,-243.56456723999014,-467.3203063326928,105.5613833481595,-129.21825099975868,138.97331619053426,-34.19550530474718,32.83795929188558,1.322564239545128,5.005566711648553,13.266668140719112,-8.069646553001132,0.28717497048041596
UoBBG_29.08.2024_20240828_211600.WAV,513.99725,2.173438766464296,212435.04433965767,15602.205398037806,0.002409391545050871,0.6433978957732223,0.0032965336,4097,-1067.1163663049301,-241.65947293212704,-462.93249507123863,106.53198160613958,-126.23904615218606,138.94599261463787,-32.642137641207725,31.531648264930116,1.7094093601559281,3.5116441335966786,13.177066211766126,-9.082822152418885,0.5671510866536194
UoBBG_29.08.2024_20240828_211800.WAV,513.82117,2.2864805604936302,212125.28562596242,15602.04857225699,0.0024104289916362823,0.6431239419966959,0.003290288,4145,-1065.970366503559,-240.90803611839485,-461.2570355333217,106.83888179801775,-125.21768645917071,138.78038960783658,-32.05854251424576,31.173396511007173,1.8746024116721098,2.9765033569722763,13.152977191455058,-9.397223209355257,0.5011333436320373
UoBBG_29.08.2024_20240828_211900.WAV,515.66785,2.302585092994046,212210.62535985702,15601.884927605164,0.002409972608428473,0.6434620667640079,0.0032916402,4114,-1061.827252448847,-238.75353184451464,-456.2721490402878,107.81707764218154,-121.91862792794228,138.69981626058618,-30.267006530955463,29.725601922076535,2.059463736576105,1.3614194256271652,13.133207406028829,-10.471265987379443,0.667032397365043
UoBBG_29.08.2024_20240828_212000.WAV,514.5422,2.286574553125339,212059.4289413635,15600.936140901054,0.002405946484836573,0.6431546640857688,0.003290925,4139,-1040.2710109518275,-226.68319619675484,-429.5125642786824,113.58778638122037,-104.782265217106,135.70042999944454,-23.40278916813386,21.5895265266426,3.5988042756841,-6.984609675124412,13.592138483066208,-15.524102208464896,2.0946927628756633
UoBBG_29.08.2024_20240828_212100.WAV,515.60034,2.302585092994046,213036.3707496822,15602.237734317589,0.002402017535679438,0.6428885271721426,0.003306249,4147,-1068.7462749008102,-242.90927557520286,-465.5341691712695,106.07033707650753,-127.8755878991055,139.15620221857915,-33.54288847721219,32.23033788047858,1.4892194054424455,4.273316422314815,13.178984163789124,-8.392578552860492,0.3402949354572517
UoBBG_29.08.2024_20240828_212200.WAV,514.8343,1.9245090216450293,212213.17022648617,15602.974182869431,0.0024101254512309857,0.643101582133051,0.0032931326,4120,-1060.5776158322867,-237.83281742627827,-454.4753253684458,108.42940901997416,-120.74802723536312,138.39621187267005,-29.93420188354014,29.206612659833155,2.51149711951288,0.630878293496912,13.25726099926303,-10.88787926822268,0.9191914400597202
UoBBG_29.08.2024_20240828_212300.WAV,518.81354,2.302585092994046,212535.7259360214,15601.09017879884,0.0024075075489327687,0.6431423025351359,0.0032958984,4128,-1050.161417722804,-232.32892260505295,-442.25881953262194,111.13583332529764,-112.64476244370088,137.20035937888068,-26.42740554140207,25.537412319719973,3.0338162802314974,-3.1549054783703094,13.532616009599202,-13.446813578893721,1.4357621682750363
UoBBG_29.08.2024_20240828_212400.WAV,514.0139,2.280086380668111,212387.73088632076,15600.928676833119,0.0024105574048993296,0.643195293594099,0.0032940714,4111,-1073.14143506416,-245.1354623343766,-470.57675539752137,104.55905565891366,-131.45402090521665,139.46391490197982,-35.27278403456048,33.6803103309277,0.841194590293708,5.991013129071509,13.110519056865071,-7.171246318311159,0.2661286595536663
UoBBG_29.08.2024_20240828_212500.WAV,516.73663,2.302585092994046,212435.5365091714,15600.530791771731,0.0024093528520732076,0.643111035083535,0.0032947913,4149,-1058.5011200033528,-236.98784424009594,-452.41157379583746,108.90421766826829,-119.20837383947662,138.1432940186098,-29.236992147763484,28.644996329269834,2.4074120819916014,0.2028098813190049,13.120214403224711,-11.391893442146982,0.9840764441698826
UoBBG_29.08.2024_20240828_212600.WAV,514.5964,2.2843281977974206,212406.33979982632,15601.519081234936,0.002405112548058452,0.6431379396349125,0.0032949788,4138,-1046.240752971813,-230.2158417909306,-437.1490169977796,112.1754412325057,-109.29614369108438,136.807872083602,-25.24154527009427,23.985313484882305,3.296813863838358,-4.888275492809814,13.409595761412119,-14.202619185499282,1.7898768069849174
UoBBG_29.08.2024_20240828_212700.WAV,513.87146,2.29123071020915,212382.06887789862,15601.05239286643,0.0024076675733845044,0.643136758016102,0.0032938917,4120,-1071.1678949743082,-244.00464223285124,-468.0752719938416,105.16339440910966,-129.7216824154499,139.31027601088059,-34.35344609574495,33.10151855158093,1.1615755696278784,5.22528820587596,13.23481899264937,-7.876744511388071,0.2598605662053464
UoBBG_29.08.2024_20240828_212800.WAV,518.3882,2.302585092994046,212241.18483300344,15597.370080031713,0.0024091868662756578,0.6429026157041139,0.0032920782,4118,-1072.7997721886425,-244.69217753969932,-470.109055964315,104.5676000147623,-131.03312532920344,139.35720654230508,-35.075298284442994,33.64159656541741,1.0240271580468794,5.766222983289093,13.093272082538844,-7.430396090809529,0.2288137133779491
UoBBG_29.08.2024_20240828_212900.WAV,514.0739,2.287086014513818,212290.93996225347,15603.985362360118,0.002411172848060476,0.6434683384330789,0.0032932735,4131,-1062.9792890953486,-239.53302386672823,-457.7166415555842,107.50347665534426,-122.9754222625289,138.88682678174536,-31.054257257474916,30.161382510880646,1.9935527230078616,1.9999936659813695,13.368336904722344,-10.23949659657146,0.5862370630477582
UoBBG_29.08.2024_20240828_213100.WAV,513.2894,2.2880248319704224,211964.48438995267,15599.517959748518,0.002414275527321054,0.6431324860096332,0.0032869987,4117,-1068.5169790985221,-242.218287058017,-464.4607449793233,105.99821640507983,-127.27476466056837,139.0420440961337,-33.002904563118484,32.074816425763636,1.567670811069007,4.052839737994925,13.207631981309405,-8.769999767587873,0.16071923159719526
UoBBG_29.08.2024_20240828_213000.WAV,517.8707,2.302585092994046,212480.95062696325,15599.822041922105,0.0024056526251897575,0.6430591347496277,0.003294768,4124,-1064.5528290726297,-240.34851070850905,-460.0285318115521,107.13555595456522,-124.14440338849842,138.83624880951496,-31.679519221299493,30.86446776336939,1.9100269824200988,2.4827881593791465,13.13763152901498,-9.760225224528304,0.7068676788884682
UoBBG_29.08.2024_20240828_213200.WAV,516.6782,1.4145307232497404,212576.59067721112,15601.73005386132,0.0024079429122631866,0.6431832047247301,0.0033008365,4115,-1000.2560610468562,-204.97242961960825,-382.6153804244872,121.24910186050589,-78.37211693709783,126.57473508202463,-15.134109844877813,5.1068878505490645,4.426971144636806,-19.399259186943254,15.399319784368172,-19.001208594283593,6.0781697139920565
UoBBG_29.08.2024_20240828_213300.WAV,518.9415,0.6928767397383337,212300.82047602755,15600.077143148234,0.0024107666164034907,0.6432080187197505,0.0032959485,4132,-1008.564048796144,-209.4423055199052,-391.9607528204919,119.83222684233775,-83.20598723767354,129.0607767897806,-16.53053125036043,8.493425690085859,4.3326167554366295,-17.28599061478447,14.787193152955432,-18.773197205555427,5.285817760857607
UoBBG_29.08.2024_20240828_213400.WAV,513.8407,2.26542820597669,212439.6811405843,15602.331818920446,0.002406362772592487,0.643202383306962,0.0032962635,4131,-1070.6920357748031,-243.7443589513789,-467.38859704138065,105.33170491892179,-129.39681920027948,139.26686846805973,-34.189355803868644,32.8749127907712,1.3943159321030716,5.080297788467164,13.052634517418294,-8.031331618128721,0.24384738359689903
UoBBG_29.08.2024_20240828_213500.WAV,513.7058,2.2878605303670687,211921.32651353267,15600.725092926466,0.0024091674281921495,0.642846170682474,0.0032854555,4126,-1067.877823526435,-242.03695464893946,-463.46240436702266,106.25831650209479,-126.60335680404991,139.10556856100172,-32.83747642190028,31.988538108189896,1.591676710801538,3.7285423944427047,13.191326868761385,-9.082940587516157,0.31119221069941805
UoBBG_29.08.2024_20240828_213700.WAV,513.5157,2.0470614282024147,212272.86364919643,15603.118645693658,0.002409625172459838,0.6433552666022897,0.003292605,4122,-1066.25593746792,-241.15611772747266,-461.8757583553513,106.58206133252075,-125.77140120802947,138.93169655643456,-32.23596327060558,31.28990425054459,1.8215642280199997,3.1821334873849807,13.178327724421901,-9.131095499578315,0.4217505906096413
UoBBG_29.08.2024_20240828_213600.WAV,518.4559,2.302585092994046,212018.90308022284,15602.390982218112,0.002408401624142926,0.6431886583500093,0.0032885396,4120,-1068.0958207844162,-242.13313794674903,-463.74190279000175,106.16195902565677,-126.90054151563113,138.972542145986,-33.09825429206177,32.092180726683,1.5855530901654653,3.718247604232306,13.387670100717727,-8.830938916282127,0.24029168423911865
UoBBG_29.08.2024_20240828_213900.WAV,514.6628,2.258312532278757,212332.81189064917,15600.368631674082,0.00240787524290856,0.6429546069317759,0.003294677,4138,-1038.5830348325392,-226.0103532884427,-427.74165532434256,113.95065530053319,-103.47374222814874,135.52392939454515,-23.184170671521734,21.14876413294845,3.800805692792818,-7.787596337123848,13.582366513049811,-15.604124653653113,2.101322086892459
UoBBG_29.08.2024_20240828_213800.WAV,516.10443,2.302585092994046,211904.8925604423,15601.157368190981,0.0024147794658377,0.6431750242868113,0.0032862718,4134,-1062.1126906987172,-238.75357962842938,-456.3511396882525,107.71448421603816,-121.9825140358415,138.66432487679222,-30.715905579396708,29.927467379760152,2.398967419590674,1.4080378930867965,13.110887105353443,-10.582733357467022,0.6266117588922415
UoBBG_29.08.2024_20240828_214000.WAV,514.49286,2.2607488312725845,212254.43008804132,15598.7211853261,0.002413296288970553,0.6431126711711188,0.0032924544,4124,-1057.5386956678776,-236.3331309445097,-451.0649970936143,108.93788814525459,-118.29766004670327,138.32878813152223,-29.011560771429412,28.294141639201136,2.5683659833034085,-0.4264616843181411,13.239382370115468,-11.585737012176471,0.9390968692727445
UoBBG_29.08.2024_20240828_214100.WAV,518.4319,1.4186109171026404e-304,212457.26336608166,15600.416232632351,0.0024098295558827414,0.6430127789347543,0.003294638,4123,-1036.2834660273109,-224.65898553697818,-425.3035960545584,114.41234735303487,-102.08334272358226,135.1936317920467,-22.452403589364962,20.17850684680424,3.8568082005298683,-8.632274742308406,13.728897639069846,-15.982958905101622,2.4127323271704744
UoBBG_29.08.2024_20240828_214200.WAV,514.14136,2.283705028967705,212165.46264351162,15600.220679415756,0.0024157133328665307,0.6432650999976731,0.003288934,4114,-1052.0951280230704,-233.33162291457515,-444.2891868473713,110.50788268166492,-113.89691011983399,137.6277140742413,-27.129233526438814,26.35028978330914,2.976822305838909,-2.666139980661657,13.355364361633523,-13.014662779541522,1.3181743983084084
UoBBG_29.08.2024_20240828_214300.WAV,517.4523,2.302585092994046,211169.2822560922,15598.401735372152,0.0024263789865958912,0.643029139810592,0.003273699,4151,-1069.4245056555367,-242.40893607748066,-464.8241535911963,105.67754563457054,-127.53869060192544,139.16715245743157,-33.41707389630773,32.25900141110107,1.580799177570809,4.087550082345015,13.200854975781592,-8.48645239085123,0.2130517324713171
UoBBG_29.08.2024_20240828_214500.WAV,514.82117,2.2902317276762467,212283.97044140493,15601.811168703514,0.0024111151718676127,0.6431573000046538,0.0032926425,4114,-1068.2530603488997,-242.36604493417565,-464.1969130148458,106.06702942958849,-127.12227624491682,139.27315749186695,-33.2620119577442,31.990070139838906,1.5712535903301676,3.8713470735318767,13.25766514596693,-8.719371604800275,0.40055894508036516
UoBBG_29.08.2024_20240828_214400.WAV,514.0425,2.290390043252952,212306.91488683337,15602.361304437338,0.0024181203404973453,0.6430541355931217,0.0032932984,4109,-1049.4376222125431,-231.98463650871298,-440.98919579165414,111.19444652999145,-111.99032983615454,137.2270445917563,-26.36879783005485,25.410502494238983,3.139227375549225,-3.5586272106578516,13.418705408481976,-13.530152309455818,1.4230346825684959
UoBBG_29.08.2024_20240828_214700.WAV,513.8599,2.0806583327102106,212147.47989756952,15597.888601772154,0.002414072104754192,0.6427506413463329,0.0032890104,4116,-1045.4332985226667,-229.65365938579245,-436.17000081485105,112.18297192329665,-108.72096426334265,136.5454653142686,-24.926465318161206,23.815661658736143,3.2615914745987586,-5.0893636351012175,13.499751012043435,-14.329967716610954,1.615888671812693
UoBBG_29.08.2024_20240828_214600.WAV,517.13806,0.6928767397383337,211818.64726986375,15601.168964107294,0.0024137054622448734,0.6428913448785368,0.0032858206,4104,-1042.5939047135728,-227.86302384003977,-432.1572924230613,112.98151514318714,-106.47653609598218,136.197829307063,-24.024364572053074,22.555752203422678,3.527075521620326,-6.291302121313174,13.590795430661274,-15.08667694757057,1.9837385238536471
UoBBG_29.08.2024_20240828_214800.WAV,513.3554,2.293686536100302,211791.45032071983,15599.145473392631,0.0024303254489445193,0.6433753541220681,0.0032831402,4123,-1069.5325247904896,-242.7890463430062,-465.58753788115484,105.68171902779807,-128.05626732052627,139.16613622530377,-33.61357079870696,32.36189204283598,1.4159306426175167,4.36340673947171,13.266321691640695,-8.35525438673222,0.42787873001631166
UoBBG_29.08.2024_20240828_214900.WAV,513.4975,2.2406864227913683,211841.32571959193,15603.380530299193,0.0024189394010622122,0.643265645360201,0.0032850422,4153,-1051.8712315232563,-233.1016724255497,-443.5696826487795,110.51963013152887,-113.77394371413384,137.55223025998583,-26.979915854002797,26.129069036044324,3.068887518546761,-2.665261778526523,13.37165204560687,-13.054774175059041,1.1322637776053635
UoBBG_29.08.2024_20240828_215000.WAV,514.47205,2.2892355159692004,212100.64775753662,15600.025225541018,0.0024162268485673276,0.6428203568561522,0.0032885794,4122,-1072.1375137093196,-244.36985681401174,-469.03495419682963,104.83582495207318,-130.45191717198736,139.39596067191536,-34.757476112280756,33.22552286117831,1.0787779851525452,5.462506699313654,13.239446312607175,-7.508463660430182,0.19220263599272921
UoBBG_29.08.2024_20240828_215100.WAV,518.5228,1.4186109171026404e-304,212209.29729135675,15600.028352927415,0.002412252544868314,0.643073223281599,0.0032921243,4121,-1062.3546803110771,-239.02665193186505,-456.8607395120476,107.66872165869167,-122.19257369597922,138.6373154299263,-30.8638628718532,30.057661680751846,2.1792556486451606,1.4842425092511529,13.253313871226707,-10.109153442724825,0.47507327246204195
UoBBG_29.08.2024_20240828_215200.WAV,513.3751,2.2878021117969984,211899.20463593042,15598.414338204966,0.002413781254944041,0.6425315873976173,0.0032855263,4121,-1062.2160065355376,-238.73473532155626,-456.5462705467649,107.74810191223614,-121.92910323126208,138.64256685380448,-30.70653784204954,29.795319189338276,2.1924555936208496,1.3994627897839147,13.34066922880716,-10.406721219932756,0.7243234062454459
UoBBG_29.08.2024_20240828_215300.WAV,514.3108,2.2900795209697855,211938.12987638323,15600.222641463346,0.0024127936457700827,0.6432053828008656,0.0032864965,4120,-1060.4302449050524,-237.7614423341915,-454.26284851690275,108.39930928795918,-120.48313103246136,138.29965912434298,-29.88490435723619,29.26746946745217,2.3779361512300956,0.698441088455707,13.295795357210544,-10.949652095293679,0.6541478032073362
UoBBG_29.08.2024_20240828_215400.WAV,518.107,2.302585092994046,212006.98056957862,15599.918857991257,0.0024160754332806945,0.6429394276747487,0.0032880818,4128,-1069.606841614387,-242.92110633951162,-465.7066030477043,105.70007952816478,-128.09024966183918,139.17172142321758,-33.83293807600167,32.4412453429676,1.3447699244737785,4.387747299636844,13.31926972989665,-8.347467045221618,0.47095721094971016
UoBBG_29.08.2024_20240828_215500.WAV,513.5394,2.2877628267737493,211851.92437332612,15604.939441114642,0.002413934707254381,0.6435219657483247,0.0032856155,4122,-1071.283030916702,-243.83656462870215,-467.58194738967575,105.28990814677016,-129.6452639244701,139.2478689095368,-34.30225831139367,32.9458715540156,1.301325733640293,5.000155792353507,13.20510956584527,-7.827114876311894,0.2664804824565065
UoBBG_29.08.2024_20240828_215700.WAV,517.3994,2.302585092994046,212056.3228024829,15600.598827247157,0.002413389513656145,0.6433206360817666,0.0032890036,4114,-1068.5954978407165,-242.3444020160559,-464.6465127702943,105.90040630282579,-127.52981708802693,138.90975109534338,-33.34303512828842,32.2964948716796,1.6032629404377565,4.018725134336445,13.239390054571167,-8.558538330693846,0.36240112612206865
UoBBG_29.08.2024_20240828_215600.WAV,514.3585,2.293190526141564,211600.68642989706,15600.869945581695,0.0024156086277760357,0.6429716040638961,0.0032809922,4138,-1070.2524964156946,-243.05623108436927,-466.0821272759848,105.5440487246033,-128.48129523254772,139.198337995109,-33.880881341630385,32.673312913863555,1.374764291809719,4.398430986381526,13.296415287259023,-8.257132294205013,0.33950886533300173
UoBBG_29.08.2024_20240828_215800.WAV,530.8822,1.7019206848717552,214120.75834067806,15607.070794218791,0.002406180500321807,0.6432471030342517,0.003344734,4130,-988.2564016136674,-199.1869938574653,-369.15289337092315,122.9729234178534,-71.91124522927304,123.32940658059967,-13.782911995591796,0.35673008196107003,4.418720746581028,-21.855794021362392,16.09023622085805,-18.92643761924257,7.329124149613398
UoBBG_29.08.2024_20240828_215900.WAV,515.7715,2.2850860538488624,212221.13418822043,15601.577395388373,0.0024171661768991153,0.6431950209128351,0.0032960507,4111,-1040.126016701004,-226.5057303517472,-429.4847950056937,113.58935287739214,-104.80615893290567,135.72156031663192,-23.153043448415428,21.413546951845387,3.605333893772575,-7.121277083465381,13.586995479904578,-15.333010118517903,2.180702431258488
UoBBG_29.08.2024_20240828_220000.WAV,517.40356,2.132813331124696,212429.3413857791,15604.991463288403,0.0024151445474674725,0.6431873858374442,0.0033008826,4123,-1014.4387140080057,-212.7367526455581,-398.8270813177603,119.0111449447472,-87.11275297354389,130.38564830285088,-17.379117075215603,11.009264853552427,4.1325585694485865,-15.525891066899828,14.450825213369246,-18.401598662702074,4.5819588326373895
UoBBG_29.08.2024_20240828_220100.WAV,516.881,2.302585092994046,212311.0217674547,15604.084389928821,0.002416148477410318,0.6434283451810313,0.0032972426,4121,-1037.7878628378414,-225.3606778898064,-426.64613750404334,114.0567579922802,-103.18153852214846,135.52525872309087,-22.58829576006902,20.541782266696664,3.824345997334355,-8.083733301688953,13.533322103058564,-15.780714544702517,2.352492622138895
UoBBG_29.08.2024_20240828_220300.WAV,517.2389,2.302585092994046,212072.67827299944,15601.067141714053,0.0024084832834237323,0.6430282308730454,0.0032906402,4092,-1064.4835242359218,-240.03973471829002,-459.2777629413949,107.28090398604327,-123.74524370989816,138.84440820381224,-31.458885211759554,30.715464355272747,2.0621163034447787,2.0958460224909636,13.250363547916805,-9.933070610856065,0.5426105787852045
UoBBG_29.08.2024_20240828_220200.WAV,514.16095,2.2219849116292036,212363.77002173505,15603.439250159952,0.0024091171769908505,0.6430828580195923,0.0032975043,4108,-1046.7026227945785,-230.38823390216854,-437.55737873799404,111.97151308633495,-109.90765589941375,136.75990736401366,-25.244672599316218,24.274456554269733,3.344170373228858,-4.595290186184971,13.291823177750876,-14.10230151381546,1.5633476360570993
UoBBG_29.08.2024_20240828_220400.WAV,514.33655,2.302585092994046,211866.1655208107,15599.687433817326,0.002409132833533666,0.6429767850079114,0.0032875177,4135,-1071.193734183553,-243.6086348814266,-467.41361255861506,105.33940711882376,-129.16869557842048,139.19955462867577,-34.21824235941487,32.826183425399776,1.3401915009234715,4.824331017307716,13.166555616818838,-7.847828983722412,0.21729562212118994
UoBBG_29.08.2024_20240828_220500.WAV,514.8778,1.4186109171026404e-304,211727.10880760144,15602.30413168735,0.0024145613127673454,0.6433186364191642,0.0032848304,4139,-1067.403660965936,-241.51452290106843,-462.63124350847426,106.4140497333342,-126.20973074345305,138.9718614785632,-32.50611560906631,31.484833152295526,1.8020125072347115,3.454011315350014,13.126008386178395,-9.010903280542294,0.30908755258072007
UoBBG_29.08.2024_20240828_220600.WAV,513.66284,2.291742950228062,211764.01775952152,15600.051849985157,0.002423200963319889,0.6430345934358712,0.0032841715,4107,-1073.1319317786404,-244.72319801207405,-469.9478627795266,104.50159248950096,-131.12867256500587,139.4269924799305,-35.0625203329187,33.52731858350628,1.0703099985131106,5.854351259940217,13.17127731888204,-7.306449381374983,0.011736156136839333
UoBBG_29.08.2024_20240828_220700.WAV,513.63226,2.2164021043290765,211775.47166152278,15603.514533724492,0.0024103789330565378,0.6432650999976731,0.0032859594,4130,-1052.249254946693,-233.27563869589045,-443.88194164674195,110.55447159399046,-113.8875777899198,137.39804189154742,-27.03953641306668,26.375225640213753,3.0212673759935957,-2.677017418391214,13.293530227070736,-12.9007132015765,1.1374290184188365
UoBBG_29.08.2024_20240828_220900.WAV,517.54285,2.302585092994046,212220.6961885573,15603.8402124194,0.0024063983712903345,0.6434992423096612,0.0032947538,4118,-1068.3369058431492,-242.32954362176864,-464.17737987615203,106.11895684529638,-127.21466562810129,139.0163896196363,-33.06480071516726,31.861500843017637,1.6447486095911232,3.9739903394684424,13.101716520224098,-8.47068582371263,0.15121751335058894
UoBBG_29.08.2024_20240828_220800.WAV,514.6863,0.7788673865796523,212118.57030071598,15601.41448498774,0.002407521471192592,0.6431542096169955,0.003292232,4117,-1068.3557864741504,-242.20725030087235,-464.1307962528677,106.11059312488227,-127.16681890963184,139.02240136222582,-33.15783151774793,31.880306887917676,1.653620858499485,3.946531626232814,13.196373100501402,-8.486234080751558,0.2636031420650033
UoBBG_29.08.2024_20240828_221000.WAV,513.7424,2.278811589998211,212158.13591599674,15598.627272057947,0.0024146658385723213,0.6429446995125186,0.0032910286,4128,-1068.1888624634933,-242.16821392463518,-464.19159117952506,105.96122745825824,-127.05235051044522,139.06593272401733,-33.15379556995497,32.02424442606839,1.6331861145562552,3.8005430139153566,13.067371655834625,-8.437177401637015,0.20693973752534955
UoBBG_29.08.2024_20240828_221100.WAV,516.0222,2.302585092994046,211644.86217673594,15601.674778821523,0.00241386843124734,0.6430658608874721,0.0032830157,4150,-1069.561147182334,-242.58179594594296,-465.33886861523126,105.7078929040044,-128.01217033858293,139.04417210738004,-33.46302444039183,32.42899532915883,1.7200288020332741,4.165265591683284,13.16149933324987,-8.489203786605684,0.27781312817000536
UoBBG_29.08.2024_20240828_221200.WAV,513.8717,2.1748250609776356,211985.35863203683,15602.018131825555,0.0024087148972278933,0.6432400133213887,0.0032890232,4120,-1065.5964659705219,-240.6357600308063,-460.70625960446387,106.86519548959821,-124.85020978502544,138.9167731645447,-31.799754470684917,31.00614000206654,1.877591670964332,2.7124091082819417,13.21249036456108,-9.442913028167514,0.5616436467254875
UoBBG_29.08.2024_20240828_221300.WAV,515.12555,2.302585092994046,211924.3949028828,15601.387464536881,0.002413716262236464,0.6434224370869788,0.003287843,4120,-1074.2139451766477,-245.45143088334046,-471.53407813902584,104.23149037035492,-132.22824157813886,139.34179653156139,-35.6218620466436,34.044397767204444,0.9124317178391644,6.231055200611061,12.963102202153367,-6.879764976124308,0.2125415104026959
UoBBG_29.08.2024_20240828_221400.WAV,514.5221,2.276022515460377,212192.13700905643,15604.149248534748,0.0024055997465214957,0.6432788249546258,0.0032932926,4130,-1061.225778744492,-238.22335749349534,-455.3105198054442,108.18512218990996,-121.25883639657805,138.4951368446218,-30.21237448045063,29.47732770136084,2.5110046267017814,0.6833707329163898,13.31748570680787,-10.56302870490802,0.6158182363616956
UoBBG_29.08.2024_20240828_221500.WAV,514.4529,2.049843883772139,211832.764694907,15602.193948252881,0.002411237715413705,0.6432346505898641,0.0032876239,4109,-1069.7534227112646,-242.8959306174126,-465.6419444628038,105.65679325315453,-128.13084240255253,139.1464186801072,-33.62234970444846,32.38988160633592,1.5756540218431494,4.34945512169071,13.104403390036785,-8.279610973397366,0.24524185963767942
UoBBG_29.08.2024_20240828_221600.WAV,513.7339,2.294227948105813,211767.50370366662,15603.352599400348,0.002417515737721662,0.6433886246102476,0.0032858069,4113,-1065.4401612070692,-240.5271920196658,-460.2417973235819,106.82964349823247,-124.68432656561713,138.9159977366265,-31.809492304132906,30.881916252558327,1.9245723796974121,2.628611552300993,13.22731210394555,-9.48049420285807,0.3596585429970655
UoBBG_29.08.2024_20240828_221700.WAV,513.2881,2.2920390308319742,211675.83899771265,15602.16372669347,0.002416921008653855,0.6433552666022897,0.00328303,4140,-1065.851091786941,-240.6480345510644,-460.6827161094675,106.81803921150767,-124.93924380383183,138.82506520154834,-32.077225373730506,30.877283167357138,1.9054218236426674,2.911798599561511,13.33306243763174,-9.229774334063894,0.2708153036580128
UoBBG_29.08.2024_20240828_221800.WAV,514.05835,2.291325882728871,212130.85879796802,15606.19059257683,0.0024067348522588757,0.6434804273024479,0.0032928777,4135,-1066.6060474663773,-241.36653827603206,-461.8956943430663,106.51058850223224,-125.82994697095575,139.01302001134954,-32.319956641803905,31.370902844802306,1.8318909620368535,3.1016429620775594,13.199823901492408,-8.980776243401262,0.24772614382057204
UoBBG_29.08.2024_20240828_221900.WAV,516.19214,2.302585092994046,211833.9394007447,15602.75962181247,0.002414550196091097,0.6434468875069806,0.003285663,4136,-1074.210156560044,-245.4052845272112,-471.1992255468909,104.34196732911056,-132.10494211025198,139.48296493123812,-35.58238504056839,33.78565734807897,0.9231417545094887,6.299142761502627,13.066008531857944,-6.952208864794189,0.07657949893966146
UoBBG_29.08.2024_20240828_222100.WAV,514.4436,2.28647231025149,212173.88801248258,15603.985850034802,0.0024117343522467288,0.6432336507585629,0.0032921291,4126,-1068.115953748177,-242.13828362446077,-463.88967953491283,106.20428635534167,-127.11864893108645,139.00405671387102,-33.069712997112305,31.903460522882593,1.691220086842774,3.7960785924188234,13.28541760502849,-8.624098336159722,0.2602881492730235
UoBBG_29.08.2024_20240828_222000.WAV,513.88416,2.295596630660875,211948.2893782195,15601.511948050658,0.0024102397774763,0.6431030364331255,0.0032879012,4118,-1070.4810140445074,-243.40099568324595,-466.6777252147098,105.38980228577876,-128.87791918190067,139.19548385525874,-33.95744658317542,32.73432734486301,1.4187808784180689,4.632521708314782,13.135399936379178,-7.99486329656222,0.1733849293296538
UoBBG_29.08.2024_20240828_222300.WAV,513.3608,2.290834378801953,211999.0869592243,15603.941321307602,0.0024087941355244785,0.6434105300051192,0.0032899417,4115,-1066.3431894746075,-241.13661691428393,-461.4919470120934,106.77417190016583,-125.37619098217446,138.96454705273126,-32.24123851364312,31.258415427373926,1.9686628743146486,3.01568416515077,13.064161245838285,-9.31436736303268,0.3662180581553313
UoBBG_29.08.2024_20240828_222200.WAV,513.79254,2.2941058433906543,212264.46598889664,15603.129344990095,0.002408488581732086,0.6433851706475707,0.003293013,4115,-1070.7472088217978,-243.63204812575734,-467.3327928799413,105.33735690684969,-129.38643152071998,139.23766011346694,-34.125323144519704,32.8377140304279,1.2968246777601553,4.777123257320991,13.30158212517125,-7.865278465367404,0.19324325201511144
UoBBG_29.08.2024_20240828_222400.WAV,513.852,2.296069562852214,211852.8421689236,15601.626410292245,0.0024119851229019457,0.6432900048864483,0.0032857226,4109,-1066.253663766569,-241.00906204427798,-461.2970076077485,106.7598893653777,-125.27720801891842,138.85084130799345,-32.268513989285786,31.240469184742995,1.8281794555841686,2.9762021684991646,13.381671163182267,-9.236274456031758,0.43337284671686954
UoBBG_29.08.2024_20240828_222500.WAV,515.27374,2.302585092994046,211967.90662456516,15600.241716742774,0.002408166611323063,0.6430274128292536,0.0032893575,4117,-1062.8216091643205,-238.95699820549692,-457.2115760942245,107.68300915332595,-122.29118216348888,138.57536045232075,-30.928449505616257,29.91767631687912,2.3694313182311,1.4525928350697697,13.399426607116588,-10.135506038905033,0.466594823372576
UoBBG_29.08.2024_20240828_222600.WAV,514.344,1.7074579274140986,212026.85497789612,15598.880591967505,0.0024080718089015962,0.6430511360992182,0.0032898071,4103,-1066.3224563383385,-240.97727273510185,-461.5444416433059,106.78125726020333,-125.11286067367173,138.85425732111017,-32.22550979933306,31.28503482323723,1.911766684983475,2.865327515363226,13.228736814498452,-9.23625827907022,0.34445437762192765
UoBBG_29.08.2024_20240828_222700.WAV,514.35156,2.2930799122579146,212031.39571202904,15603.610241485621,0.002406326136480592,0.6433476315268988,0.0032922172,4123,-1065.114498646211,-240.31306123903352,-459.89775626570184,107.05727165268605,-124.2950685671667,138.85982843331493,-31.644002864949343,30.728370895093406,2.091049157932695,2.420402264422446,13.27452951928816,-9.610576106601213,0.41017830783565595
UoBBG_29.08.2024_20240828_222900.WAV,514.7088,0.8995630387447914,212386.20740081882,15604.295101898599,0.0024056102802295825,0.6435817738388868,0.0033064752,4133,-940.631649124609,-173.7116791527263,-316.2561696608207,125.71142586960319,-49.25301874162176,106.17721695570945,-10.632635526836358,-17.627059460161462,5.584272268165897,-27.754288038834655,20.90001428183864,-15.042936178103357,10.175251426489513
UoBBG_29.08.2024_20240828_222800.WAV,514.1813,2.292592512088344,211687.1275632745,15600.653317508588,0.0024135580727339236,0.642993418565013,0.003284911,4141,-1071.6677195008483,-243.7887157287501,-467.86142504426516,105.206210124764,-129.60752111486127,139.22896623902454,-34.45769062330157,32.95712979992092,1.4240441405813302,5.038237237994494,13.071602600902697,-7.730684776360659,0.3024459874405272
UoBBG_29.08.2024_20240828_223000.WAV,517.3223,2.302585092994046,211758.47334116328,15602.49062160029,0.0024174401715026323,0.6432571922410183,0.0032839545,4143,-1063.5869179695333,-239.5348516247729,-457.79506020691923,107.60218217063473,-122.85996624236472,138.73608571469302,-31.22942027874342,30.200863089282034,2.1500515951861043,1.819293990745991,13.21902988386005,-10.114454270715918,0.5384799351355797
UoBBG_29.08.2024_20240828_223100.WAV,514.0389,2.2875608212932836,212211.63619780543,15603.896202960721,0.0024170968982076537,0.6433414507515823,0.003293715,4145,-1050.4459900954535,-232.35008000268746,-442.0430664140264,110.98271477981723,-112.73952734235036,137.33190208198312,-26.65671735712703,25.560897873240595,3.37414550700268,-3.1790550576833514,13.425250718002523,-13.27290219781652,1.1422804089766858
UoBBG_29.08.2024_20240828_223200.WAV,514.3495,2.2845863549107333,211806.22027869764,15603.435309070894,0.00241042699754713,0.643192657675214,0.0032876206,4109,-1063.6761078470058,-239.43480593517236,-457.9086315505403,107.48382911966704,-123.11581100959164,138.7373570780586,-31.074627661178027,30.206161947934405,2.281932232909859,1.8658759883616916,13.254892936055318,-10.126692176102736,0.43571034570336786
UoBBG_29.08.2024_20240828_223300.WAV,514.5314,2.295135784337766,212283.91302619458,15606.547218561813,0.0024096298912286694,0.6434173470367182,0.0032961485,4151,-1065.045338634862,-240.5739499119794,-459.9870317611059,107.1126817717847,-124.53217016397913,138.89858497752462,-31.98592134988649,30.85755381081925,2.1499742861636877,2.571055809027146,13.163266144956033,-9.57735850856501,0.39776602939036304
UoBBG_29.08.2024_20240828_223500.WAV,513.61475,1.9514406179181454,212028.54336960122,15605.327310688577,0.0024080315606261546,0.643568594244462,0.003291172,4116,-1066.8731843179057,-241.33902932270408,-462.09978916102347,106.62874008390115,-125.79233594891166,139.00379417097363,-32.46001741499931,31.328997326244316,1.9065679520331156,3.099712864554247,13.233694965430207,-9.022256543352933,0.38181402350628313
UoBBG_29.08.2024_20240828_223400.WAV,514.4162,2.28586659605381,212209.24983395403,15604.964570191412,0.002407755044260177,0.6433390875139613,0.0032942875,4114,-1063.5345678637382,-239.56481051190795,-458.0237927298572,107.6136261056727,-123.09297166593625,138.79769530550527,-31.16617200278064,30.11759277403022,2.2056644915164854,1.7635122662217708,13.276566581609123,-9.925012958130914,0.5927422751136505
UoBBG_29.08.2024_20240828_223600.WAV,514.9591,2.302585092994046,211536.17713636401,15604.660708321862,0.0024173939790364126,0.6433427232641474,0.0032815223,4132,-1071.123092052941,-243.46953973286563,-467.02603462058346,105.37112497243965,-129.29214908297854,139.29828809295924,-34.00847503996893,32.596472670957375,1.4250071899915249,4.739413143078702,13.158215417057615,-7.880220027763961,0.2465433619578036
UoBBG_29.08.2024_20240828_223700.WAV,513.952,2.2921821818325827,211801.3286841338,15604.185357702092,0.0024075369881952197,0.6433890790790209,0.003287454,4141,-1053.9036253117738,-233.98459493608894,-445.80928084479194,110.2344268029443,-115.07796406567091,137.73576259120446,-27.493979164742047,26.628817508583424,3.0977899686808903,-2.1759907524144495,13.247865084202024,-12.632250368255635,1.2224776837225744
UoBBG_29.08.2024_20240828_223800.WAV,514.04065,2.293869454309781,212173.56853997012,15602.327042319455,0.0024079671182160966,0.6431082173771407,0.0032941792,4128,-1041.1300538360274,-227.19264592438256,-430.4647165167743,113.48378828292304,-105.30814304963755,135.92793019336784,-23.56660157398831,21.833801741864175,3.6341949246836314,-6.918184017262184,13.545484239648681,-15.192285793183478,1.9902742295452003
UoBBG_29.08.2024_20240828_223900.WAV,515.37317,1.438590827648982,212314.35831844513,15605.57869622265,0.002407889153494711,0.6430990371079207,0.0032995706,4111,-972.65422262659,-190.27555530490736,-350.91880264727,124.3093836502294,-63.378827430516814,118.05375986153302,-12.287593369579694,-6.029091696702614,4.73362989106102,-25.177019572581056,17.74091650372695,-17.952482152296334,8.562250760231354
UoBBG_29.08.2024_20240828_224000.WAV,513.5325,2.29396335122501,211803.42547246345,15604.916120065978,0.0024055677159843824,0.643533691042675,0.0032880667,4125,-1063.5236365760052,-239.35014940561564,-457.62330312314685,107.5327449025394,-122.90926914444117,138.78936279235367,-31.08853517540142,29.974874350075446,2.4204572105907514,1.7746609561899322,13.247994337486519,-9.976534590184064,0.42237875924111346
UoBBG_29.08.2024_20240828_224100.WAV,517.7463,2.302585092994046,212090.39208927692,15602.256754935543,0.002409449893824191,0.6433779900409531,0.0032929664,4131,-1055.591504803125,-235.18708975664424,-448.1311456859214,109.74549964515174,-116.35730638831107,137.96744183299646,-28.268457598558207,27.38486563810754,2.809697022809324,-1.3501376993634875,13.275122585301911,-12.005702342927714,0.9069532217374302
UoBBG_29.08.2024_20240828_224200.WAV,514.23303,2.292776409637285,212083.07164862016,15604.860223572197,0.002409942949407229,0.643502968953602,0.003291843,4120,-1062.5673454938928,-238.98485708051174,-456.7554778347275,107.81473884918381,-122.19706261112438,138.70403331619272,-30.754782421866736,29.879647225984836,2.397915388804253,1.2804961682684175,13.351711820675094,-10.268655916457137,0.44082513768852066
UoBBG_29.08.2024_20240828_224300.WAV,513.89984,2.292004159768178,212263.34783315897,15605.31552383842,0.0024049057266864503,0.6434635210640823,0.0032932505,4106,-1067.7824251161653,-242.10354512789763,-463.5505086538724,106.24798446652805,-126.78092871276301,139.1524851451813,-32.972895374082775,31.8636879469571,1.867094515386705,3.5122508313168876,13.147085102815273,-8.668185349706995,0.24792678766692738
UoBBG_29.08.2024_20240828_224500.WAV,513.9618,2.293903234799138,212247.2247837913,15604.63200919806,0.00240595398504932,0.643418710443038,0.0032953175,4124,-1072.0561183845819,-244.42836612655313,-468.86418044480996,104.93305365279116,-130.4737707821453,139.41757499432262,-34.65418840931388,33.227814372657356,1.2042111620065779,5.303635034417972,13.027132772840332,-7.357560675685186,0.08671267582562672
UoBBG_29.08.2024_20240828_224400.WAV,513.8235,2.2939177105223005,212274.18102334582,15600.792396613255,0.0024073737567074384,0.6432781886983433,0.0032944977,4118,-1071.5762890710603,-244.05141213773732,-468.40015799317547,105.00366765511984,-129.95657408248917,139.37849740238164,-34.57715317638483,33.13413752168983,1.1888403970266923,5.096296848658224,13.287331006798563,-7.538705858855341,0.11650183903877143
UoBBG_29.08.2024_20240828_224600.WAV,514.0129,2.2918412846074947,212534.8537038594,15607.22160828077,0.002406837196632265,0.6438823594855269,0.0033002906,4138,-1065.9348566211486,-241.03947828407857,-461.4738576979274,106.69373631630381,-125.63015243243271,139.02422258575263,-32.1315548451861,31.15113733441705,1.9857318547109353,2.9050646651651384,13.159397276234916,-9.119868905699343,0.30609687443757044
UoBBG_29.08.2024_20240828_224700.WAV,513.3763,2.2682582189028153,211766.4363575283,15604.892936294566,0.0024159546651469125,0.6434119843051936,0.003286871,4118,-1070.5857336886702,-243.29793226814294,-466.5031365363272,105.44264617343785,-128.97802829470476,139.2348916705855,-33.96876071072593,32.6110163883754,1.421822329567812,4.697362890675589,13.334849351640475,-8.080155017174322,0.12409757643478701
UoBBG_29.08.2024_20240828_224900.WAV,514.56793,2.2904973312896173,211899.34377185916,15600.431394408064,0.0024078656119840103,0.6432663725102383,0.0032882853,4136,-1069.7359037445917,-242.78713571084788,-465.63483096680335,105.58871033431629,-128.06592108673598,139.3048197455601,-33.480458183026315,32.37378156885282,1.467098376587466,4.057797096842317,13.264471005814361,-8.239479199156998,0.13245305532523288
UoBBG_29.08.2024_20240828_224800.WAV,516.23505,2.302585092994046,211541.7500367733,15605.723218035728,0.0024093235051862055,0.6433566300086094,0.0032837812,4145,-1072.1241541591044,-243.99040043604282,-468.1498818348458,105.13927787245639,-130.10289253262482,139.23638278997342,-34.533164252321406,33.12913690829076,1.4276342889245912,5.139805494513988,13.11770889043967,-7.69255961837995,0.09099615260771692
UoBBG_29.08.2024_20240828_225000.WAV,514.45984,2.292652164725844,212460.6146921013,15604.439355421535,0.002399701391819038,0.643481699815013,0.0032994866,4119,-1068.3062555416982,-242.36356296418063,-464.1588724800003,106.2840074598648,-127.10003083996739,139.1718422554804,-33.09917252397047,31.797357749091894,1.6431628039584227,3.8942472884489696,13.17252225581161,-8.673467601778839,0.327868004645084
UoBBG_29.08.2024_20240828_225100.WAV,514.42377,2.256624697844465,212107.04182827234,15607.312457176182,0.002406134633859946,0.6437399289719844,0.0032939669,4132,-1066.8153124830596,-241.39517709414986,-462.08370097704176,106.62214863129546,-125.87359368211189,139.03857871079447,-32.42033544294815,31.450728053666186,1.849889724203376,2.9799295135654007,13.292100642206048,-8.988388076860337,0.3491874731439659
UoBBG_29.08.2024_20240828_225200.WAV,513.8038,2.061366149791249,212193.6155540171,15605.845803492664,0.002402891133218655,0.6433259079195365,0.0032948893,4089,-1064.466284161783,-240.20488454487028,-459.13170300947576,107.30683334455762,-123.88296560227006,138.7343316351872,-31.63432170348448,30.520188734203465,2.2063972344138687,2.3437879267426087,13.197049122295244,-9.639937374949023,0.36825077200011974
UoBBG_29.08.2024_20240828_225300.WAV,513.59174,2.2868404009163688,212535.31584552978,15608.157571092393,0.002401466186051064,0.6437558353790488,0.0032996514,4115,-1067.2852958606138,-241.98071149444,-463.09109979753174,106.29703920232325,-126.57990820021097,139.29855300692984,-32.7424457788936,31.786555001148315,1.817751365518856,3.3261915721651643,13.189384139274859,-8.91626051735141,0.05119566248766111
UoBBG_29.08.2024_20240828_225400.WAV,513.44507,2.277313913880977,211979.51880608275,15602.73930236055,0.0024132008472583437,0.6430567715120067,0.0032882786,4151,-1062.3859495361019,-238.93870517288596,-456.73401719593244,107.6489788596446,-122.23336552965868,138.75329554607183,-30.804543716997816,29.9790571476638,2.2859784623305015,1.4381442029453761,13.103835912731581,-10.341045865657755,0.7799996464652184
UoBBG_29.08.2024_20240828_225500.WAV,513.91724,2.2866216907566783,211900.1070075837,15603.992697295182,0.002408395646618282,0.6432814608735108,0.003289097,4125,-1070.3261486869749,-243.130633824422,-466.3712713722933,105.52865612519922,-128.73689000870002,139.20686644297624,-33.8447237047863,32.540469753966086,1.5537027343453387,4.422782715319897,13.166820424864262,-8.008524277664216,0.35143109332339645
UoBBG_29.08.2024_20240828_225600.WAV,515.7666,2.302585092994046,212252.94560820877,15606.08112752737,0.002405936031416868,0.6434268908809568,0.0032948737,4127,-1070.5108375308937,-243.52770323757704,-466.8535726758605,105.43706861761406,-129.19273216487542,139.41987185918487,-34.12349139241445,32.616107470286096,1.532398437048901,4.698914141801223,13.209724806671701,-7.933608932708012,0.23248001053920156
UoBBG_29.08.2024_20240828_225700.WAV,514.80743,2.2636342347080167,212164.58980584895,15604.332608095554,0.002411941815315424,0.6433392693014706,0.0032939243,4122,-1043.1167658022491,-228.33316955177807,-432.99264819595004,112.75847517986423,-107.0409596977151,136.43850593360156,-24.300210451496106,22.6503828645525,3.6926882965194334,-5.9936127142779005,13.476162732392973,-14.820140025335412,1.6072563792378405
UoBBG_29.08.2024_20240828_225900.WAV,513.3538,2.17094109348105,212314.55237435809,15609.114674625487,0.0024035429423969654,0.6438483652212863,0.003296901,4132,-1060.5809043088925,-238.013334758666,-454.4893243981585,108.37423665761926,-120.87438119321699,138.48809180059905,-30.044829141139296,29.358019326479585,2.650298800362302,0.46097612966601537,13.236013057933143,-10.742534274977693,0.4994171493556665
UoBBG_29.08.2024_20240828_225800.WAV,514.70087,2.11974230010901,212415.0151363618,15603.904666929475,0.0024079460589380396,0.6433983502419955,0.0032966512,4112,-1065.9387530317774,-241.0396611826688,-461.38983439757135,106.7986893246491,-125.28667597733302,139.02056117516622,-32.17734259442794,31.053998163229544,1.8449114777768354,2.919491814869984,13.237374965535,-9.117822335384894,0.4338265022982228
UoBBG_29.08.2024_20240828_230100.WAV,513.6217,1.4106455988890358,211817.4831892923,15606.516585241894,0.0024094910976923917,0.643639218691828,0.0032872432,4161,-1074.2365651103685,-245.31627618726685,-471.10054539348005,104.52177491255651,-132.14722579110062,139.3926828832539,-35.44812379473932,33.67726506827857,1.0109050962834658,6.111286116017582,13.270557654359404,-6.947276647701251,0.021415689923193287
UoBBG_29.08.2024_20240828_230000.WAV,513.9174,2.22987739810683,212226.87557888104,15605.309622371176,0.002409459282741459,0.6432511932532111,0.003293864,4115,-1070.864312083639,-243.80613946387044,-467.3872289813017,105.22189561805313,-129.50100076207008,139.2639541925369,-34.30753328598984,32.94920825822525,1.5040340385445048,4.981550569974256,13.034573033912029,-7.759619041976838,0.09900943799572136
UoBBG_29.08.2024_20240828_230300.WAV,513.7055,2.302585092994046,212232.31994882334,15605.779668464049,0.00241069626885032,0.643291368292768,0.0032951396,4117,-1069.5627414775072,-242.96290787362523,-465.730834961218,105.62805183299099,-128.43737417204935,139.2001316574102,-33.63467435639966,32.44625297580844,1.5901912015910018,4.249711732156383,13.170936484914371,-8.097482892265448,0.12412229149581253
UoBBG_29.08.2024_20240828_230200.WAV,513.2356,1.741487330451447,212324.96549627383,15603.542495114523,0.0024062682964768505,0.643312910112621,0.0032957082,4161,-1068.1318198023107,-242.26276330118102,-464.02801697751005,106.13000244029382,-127.0651469734586,139.11322661393393,-33.11127905978438,31.916352661182056,1.6205127672070416,3.6418778058133228,13.224241634522532,-8.434702992317057,0.3023330679013216
UoBBG_29.08.2024_20240828_230500.WAV,513.5392,2.175671287550617,211858.52132006895,15606.597778995183,0.002407959052512303,0.6436618512367368,0.0032896686,4127,-1071.6513026709085,-243.99423605570982,-467.90947398571046,104.97610503447001,-130.06150516495288,139.2779049153367,-34.42333380975755,33.021031426850165,1.5155591845772076,5.2445679251043735,12.963940390322543,-7.729398684686017,0.00119919608891883
UoBBG_29.08.2024_20240828_230400.WAV,545.7316,2.2260892292276124,215244.57274427795,15601.062328533762,0.0024124060761981387,0.6432529202345495,0.0033804886,4115,-892.7837457781255,-150.04172637933956,-267.33333874655324,123.63472760586127,-33.53271220094026,86.89636675895723,-10.547972136881187,-30.53944063753331,8.917768017889255,-26.654111235327527,25.17325403973487,-9.892488594755495,8.379468212147927
UoBBG_29.08.2024_20240828_230600.WAV,513.51685,1.8421923516991041,211688.81395036567,15605.917364515668,0.0024141953235239984,0.6436311291476638,0.0032858294,4127,-1067.271775809235,-241.4667299257501,-462.3121141802461,106.42048231344191,-126.2201479832138,138.98366211890422,-32.609994560653845,31.564466784732293,1.8216314482460667,3.3731928196804493,13.205496895014106,-8.957189722993641,0.2473700014126908
UoBBG_29.08.2024_20240828_230700.WAV,513.4465,0.7647522758285983,212204.898048554,15603.540666814983,0.0024096715762097908,0.6432830969610945,0.003292756,4121,-1067.4972720377898,-241.8501255240076,-463.14886923399325,106.231432616572,-126.48426300444042,139.16332903282262,-32.83303025843083,31.761400179197672,1.7767301907588036,3.4417469672577106,13.108512320967838,-8.875638683431768,0.363806549331412
UoBBG_29.08.2024_20240828_230900.WAV,514.02704,2.289606719659421,212365.43924892656,15603.372328982621,0.002404381052603302,0.6432599190536579,0.0032963287,4136,-1066.2057813171473,-241.1614189008875,-461.66678340774047,106.68225183607524,-125.46295387720855,138.9802331781453,-32.29185310455483,31.263251597390187,1.9533273433093172,2.938600881296052,13.302173557135445,-9.220221786488798,0.23174000806814388
UoBBG_29.08.2024_20240828_230800.WAV,514.02405,2.2945223397135037,212321.6713018097,15602.847024221513,0.0024152039353858906,0.6434077122987248,0.0032948325,4140,-1066.0085537787972,-241.14921606369737,-461.46708947665576,106.61265699252363,-125.35353045689183,139.1121782213538,-32.26915289040284,31.213139102602785,1.8578992937269645,2.925131550429375,13.226294918441711,-9.13703823167627,0.3344202218851158
UoBBG_29.08.2024_20240828_231000.WAV,513.9144,2.294655261936573,211730.15358607954,15604.77879324858,0.0024095663995152114,0.6433607202275688,0.0032863691,4139,-1070.4166261403273,-243.21648818189843,-466.32331270089446,105.39972090368265,-128.90080921159844,139.2146352256126,-33.96378483381016,32.539350142712465,1.535392665029585,4.6903258039562665,13.17552227556526,-7.91555706809972,0.10931757246316916
UoBBG_29.08.2024_20240828_231100.WAV,514.7098,2.0673088058803106,211940.3984155971,15604.612248216601,0.0024094031124224894,0.6435510517498139,0.0032892842,4128,-1067.4528277957013,-241.65820942967764,-462.7113101364035,106.53193582808863,-126.11939282110711,139.04116513483552,-32.6781139629903,31.506982034192045,1.878399608124755,3.2245576036748047,13.205339084240897,-8.854907585279905,0.3171952711646949
UoBBG_29.08.2024_20240828_231200.WAV,513.85205,2.2930818525646055,212020.3017470055,15605.845070192376,0.0024057926704930364,0.6434747918896594,0.0032912337,4119,-1068.8294158552415,-242.5804402289394,-464.4874926385343,105.87417894681704,-127.54935568760892,139.36067260975963,-33.46301569083974,32.110331964243336,1.594147608532884,4.005757730417229,13.16226887294179,-8.49526402908061,0.2830947396544032
UoBBG_29.08.2024_20240828_231300.WAV,514.13257,2.291284432654276,212499.23776974084,15603.919944237852,0.0024081676274865537,0.6433917149979058,0.0032985036,4134,-1064.29691553126,-240.14079163882877,-459.36173113503054,107.2371145254167,-123.94104606539382,138.9803226693682,-31.629801606571693,30.641773761487894,2.0845411119713035,2.186746827132684,13.308622388556088,-9.763147456299967,0.5022395965540551
UoBBG_29.08.2024_20240828_231500.WAV,513.9176,2.2937989606072047,212079.28363717828,15607.23527416449,0.002407764850523343,0.6435187844669118,0.003293413,4133,-1067.3541673843306,-241.6971916850694,-462.73347483622626,106.34692509094852,-126.50520578941864,139.02432748201392,-32.714606816730665,31.60407451274024,1.964864831713862,3.3484109799059163,13.114545748770812,-8.825416035978549,0.23271005469392383
UoBBG_29.08.2024_20240828_231400.WAV,516.47864,2.302585092994046,212752.71021399784,15609.092810339955,0.0023946327023606708,0.6434567040324832,0.0033047942,4116,-1066.0516401800596,-241.28565863147725,-461.62701671999497,106.86509384506707,-125.60913460964677,139.0418869670706,-32.29802509148806,31.35841255892536,1.984688980526082,2.8070096726191958,13.107415826980695,-9.179661665039438,0.4477820887282168
UoBBG_29.08.2024_20240828_231700.WAV,513.1399,2.2951660680383865,211989.7928344303,15607.026694043418,0.002404642507417167,0.6434617031889892,0.003292608,4118,-1060.9503935318764,-238.11626805569063,-454.56550647126005,108.3275977959898,-120.93647056439754,138.56825670363935,-30.064081467438744,29.098007219237058,2.573751004578174,0.9368297479792401,13.173429297446424,-10.666024203022234,0.49571404451426837
UoBBG_29.08.2024_20240828_231600.WAV,514.38745,2.2932923630375788,212289.1726685835,15608.224457448656,0.0024038050401615466,0.6437293852964445,0.0032970977,4120,-1064.743116863744,-240.40082696381668,-459.53626675320106,107.17545255011093,-124.24797228019584,138.877724278357,-31.603257636575343,30.774892228528174,2.118872597740756,2.3422003233449176,13.023257448407989,-9.512732031071138,0.3368005599846664
UoBBG_29.08.2024_20240828_231900.WAV,514.3698,2.2943355243532206,211722.51947004322,15603.110102484705,0.002406926263044047,0.6434949703031925,0.0032861955,4124,-1072.2119346259751,-244.2157365365379,-468.53126382580837,104.92771405216396,-130.11040072386135,139.35335404346515,-34.6511200389872,33.18400531701335,1.2893883060164855,5.22939210149736,13.120913608997958,-7.595476969305771,0.03687798984207
UoBBG_29.08.2024_20240828_231800.WAV,515.6339,2.288130236632602,212379.32959456576,15608.415503006532,0.0024029493151015873,0.6436660323494509,0.0033005446,4113,-1047.008426175337,-230.48940357061173,-437.59297094649054,112.05511730155608,-109.8547354916368,137.00042859438778,-25.470713771131063,24.12550467175896,3.5843711376681773,-4.910763693896207,13.370924614101481,-13.891473243896995,1.525821214566977
UoBBG_29.08.2024_20240828_232100.WAV,514.29175,2.280556355037648,212187.7607782047,15605.346610405333,0.0024044260103915746,0.6434637937453462,0.0032946444,4138,-1070.285324272323,-243.326150451224,-466.35472299597154,105.62830508810475,-128.7188757186586,139.29785221030616,-33.929265471677404,32.50076905651131,1.4756675683387204,4.550578351473057,13.173147264150517,-8.080739460209712,0.2396963854528355
UoBBG_29.08.2024_20240828_232000.WAV,513.8048,2.290129387609699,211904.52303854664,15606.9459470873,0.002414931456816393,0.6437764682613552,0.003290158,4118,-1065.4405280572569,-240.67266034297145,-460.1222754453223,106.85725471466496,-124.6134927077739,139.0165527614045,-31.940937040392164,30.938817899976794,2.028717993411154,2.5482927915112965,13.22779886523916,-9.420623723342105,0.1513529257727627
UoBBG_29.08.2024_20240828_232200.WAV,514.3219,2.2966151316298586,212447.2662556377,15607.624730335954,0.002408213371555343,0.6436425817607502,0.003297558,4118,-1065.4096688158775,-240.90154726389085,-460.66509117203583,106.98234242513341,-124.87889627541095,139.02141869813437,-32.10011364120373,31.05534078665054,1.979204091578213,2.607729376942693,13.301080113147814,-9.412352337675681,0.3511758885866555
UoBBG_29.08.2024_20240828_232300.WAV,514.06934,2.2938620440712727,211660.34589370602,15605.362371913498,0.0024092580787388315,0.6436923006445457,0.0032861566,4130,-1066.7181608683509,-241.07039541600554,-461.42042078326,106.68676867887692,-125.41493144265667,139.04763677956464,-32.24176207205285,31.14107627527082,2.0034714127872815,2.8999855029008863,13.12654482031679,-9.04000567348766,0.2177089035828891
UoBBG_29.08.2024_20240828_232500.WAV,515.31226,2.302585092994046,212002.3362356915,15604.495887351039,0.00240913935820233,0.6433543576647431,0.0032884437,4143,-1071.049933776424,-243.81435239395384,-467.4329176499497,105.20323468205228,-129.49638544099892,139.32186204582285,-34.33862862897193,32.89932676761442,1.366822802131284,4.923256290736923,13.165160400513804,-7.775596883412407,0.1698434084916626
UoBBG_29.08.2024_20240828_232400.WAV,513.3044,2.295042655213405,211840.56637415438,15605.333007681096,0.002407565668644017,0.6433215450193132,0.003287444,4116,-1060.4269012462648,-237.7397578175767,-453.9042979079771,108.37001853974259,-120.41866689565434,138.655897343171,-29.8439506916909,28.994161103467977,2.5437604399750384,0.47967360872387543,13.196417462209041,-10.912111624838202,0.6664446561636014
UoBBG_29.08.2024_20240828_232600.WAV,513.6111,2.294620290478054,211886.88294583285,15603.40788966896,0.002407727287113231,0.643331543332325,0.0032891396,4122,-1047.8032364797411,-230.76230657706068,-438.3646815078796,111.7655065618985,-110.28858232839299,136.99892239135886,-25.635593339344883,24.371912069535327,3.465516828968515,-4.45370215337984,13.388622138087399,-13.82897615349193,1.3305999744882637
UoBBG_29.08.2024_20240828_232700.WAV,514.51587,2.224499197713393,212036.87256734466,15603.65667847322,0.002404106365731262,0.6432319237772245,0.0032919438,4118,-1066.2034983961105,-241.0838085763935,-461.0411474277087,106.9827268449942,-124.899730452897,139.01953342280288,-32.20184602673927,31.093674032929705,1.983147234843055,2.757487189979905,13.088918908449756,-9.25626708854832,0.44790441131592357
UoBBG_29.08.2024_20240828_232800.WAV,514.51544,2.292337008713665,212128.79183089125,15607.657493192244,0.0024025455989924623,0.6436099509028295,0.0032947538,4108,-1067.869646511723,-241.97185994379257,-463.2610350994813,106.31743485626498,-126.67557762269965,139.06035903978264,-32.95985871420658,31.728439893664223,1.9206483822501332,3.456874390300837,13.17480699849203,-8.709279044862605,0.26688780143802526
UoBBG_29.08.2024_20240828_232900.WAV,513.17224,2.287402236545917,211550.66440290064,15603.109699115528,0.00241648257692067,0.6434520684509959,0.0032828655,4121,-1072.1525650862654,-244.13246676248113,-468.2773256465422,104.84094226180405,-130.2036701074771,139.3945392610723,-34.73001646962876,33.18087013711087,1.2880806579935402,5.257618214831731,13.21462063744475,-7.550504136402375,0.12868541050619503
UoBBG_29.08.2024_20240828_233000.WAV,513.5129,2.2938980533261955,211582.00694011466,15605.187065830965,0.0024111610775116206,0.6436279478662509,0.0032846357,4122,-1071.538239018142,-243.7938025142837,-467.4521457243379,105.1656613877482,-129.53193541319965,139.332080690658,-34.28461671297365,32.83976440434918,1.432433318565614,4.909516449221629,13.033790244720269,-7.736650926479433,0.07986610389170343
UoBBG_29.08.2024_20240828_233100.WAV,514.0979,2.2903120374541377,211636.40094727356,15605.19849582991,0.0024103640959679284,0.6431625718424236,0.0032844315,4129,-1067.2781798721364,-241.5869446328933,-462.1410046046579,106.47600106969973,-125.90670750647905,139.10263485732,-32.48126099302861,31.479964865872432,1.741635911940975,3.209205023019868,13.144633252271282,-8.978066288793318,0.2680792923150707
UoBBG_29.08.2024_20240828_233300.WAV,513.97986,2.2932060763776807,212219.20109404,15605.378786688858,0.0024073697713518118,0.6435142397791791,0.0032951443,4137,-1065.4901042139763,-240.86084897281432,-460.371822650319,107.01103037421457,-124.60907451885666,139.020091260192,-32.0478844924067,31.146831354787572,2.0690161408674013,2.4964643651559046,13.121246788259329,-9.523515681181033,0.2891149052393485
UoBBG_29.08.2024_20240828_233200.WAV,514.2489,2.285925196486037,211919.7013914745,15605.766587492963,0.002409128261477618,0.6431714794303798,0.0032902332,4128,-1068.5294268864359,-242.31062879050157,-463.8122616981384,106.16654788732464,-127.04787813041759,139.1831617807682,-33.221183688052,31.86885078575201,1.8311736498735527,3.759641073391142,13.234777856888751,-8.617431505292846,0.18735980238310074
UoBBG_29.08.2024_20240828_233500.WAV,513.7063,2.2952353374553667,211681.4156338808,15604.512459126543,0.002409897641091091,0.6437063891765171,0.0032864145,4153,-1064.9987663674483,-240.1627948295677,-459.3797842461748,107.09061447011426,-124.08917550068915,138.94838583272343,-31.55057286291442,30.60915534513008,2.090048703311737,2.2184372346719643,13.196061673894468,-9.517143695607864,0.39985854117253394
UoBBG_29.08.2024_20240828_233400.WAV,514.4649,2.295877670251244,211768.16547765327,15608.53690992649,0.0024088050901673115,0.6433712639031087,0.003288198,4087,-1069.5129364342026,-242.75397701901198,-464.8570202341582,106.0311524842692,-127.82788149667478,139.19625010921425,-33.38440716855372,32.04144657180587,1.6967072557234002,4.035039340188397,13.164885936621593,-8.343321733769447,0.2660814744083901
UoBBG_29.08.2024_20240828_233600.WAV,513.09717,2.2931860187576243,212022.31064185797,15605.303242882479,0.00240862224104226,0.6436127686092238,0.0032910563,4126,-1059.964606696846,-237.68317641887188,-453.46130818309206,108.46001976772999,-120.08959565763826,138.49277685211803,-29.9082786090673,29.038204235807505,2.5617913427532546,0.4080159790549732,13.262535701670721,-10.939310610900634,0.608528097056143
UoBBG_29.08.2024_20240828_233700.WAV,514.38806,2.2938146989946793,212145.15547637004,15608.728633495695,0.002406662120032376,0.6436968453322784,0.0032951727,4120,-1070.4076533631724,-243.45376844683236,-466.50837968730764,105.51818537342267,-129.0099766341206,139.29978170260455,-34.03679890376766,32.57830675784098,1.5240381342755045,4.640213399642864,13.147235777318313,-7.977522609158283,0.21556008698323262
UoBBG_29.08.2024_20240828_233800.WAV,517.76764,2.302585092994046,211985.76968055268,15605.63311457195,0.002404793224415741,0.6434229824495067,0.0032921736,4116,-1057.5205530041499,-236.1486766229648,-450.29616256120823,109.24305378702225,-118.12082973782931,138.15873835577673,-29.018300878043267,28.161880184463822,2.954128691265852,-0.7619211801495053,13.323888195106411,-11.549574970641595,0.6937376442012821
UoBBG_29.08.2024_20240828_233900.WAV,514.49615,2.291158342976955,212323.99545161726,15605.695960649984,0.0024026946291624374,0.6432287424958116,0.003298614,4118,-1064.6572215737847,-240.32267495069686,-459.38652348777146,107.27603987256323,-123.83295466112362,138.92998053301258,-31.735850067984785,30.60421207791551,2.2335618072943513,2.238606372650817,13.101265565770746,-9.617139044244604,0.3459879644048386
UoBBG_29.08.2024_20240828_234100.WAV,513.907,2.2925766593673758,212320.7392399911,15608.006999942801,0.0024073656896435413,0.6434128932427401,0.0032956088,4122,-1069.96624953681,-243.4609436719026,-466.1951800234273,105.62911923576591,-128.74100150879573,139.28662027311242,-34.0255765829059,32.63802304599754,1.450328382010257,4.5474908449537255,13.189052324229523,-8.089237828854927,0.18554634747216514
UoBBG_29.08.2024_20240828_234000.WAV,513.9063,2.2901473904744574,211909.760536614,15608.578811531266,0.0024061273506172922,0.6436240394348008,0.0032915263,4142,-1068.820300615389,-242.42993527855398,-464.10634846794943,106.13084091678915,-127.3276201547304,139.1826967732032,-33.26911834195681,32.052404347057426,1.7026369400979637,3.7828711914437547,13.151386584976686,-8.65237204383751,0.3279746634938814
UoBBG_29.08.2024_20240828_234300.WAV,514.71606,2.236480366970172,211641.84191676436,15606.017585055732,0.002407348092126352,0.6435869547829021,0.0032854183,4134,-1070.77626504174,-243.52715249489427,-466.4918359468084,105.41220135648884,-128.93590524598233,139.28205837161903,-33.99321684448126,32.705657206864714,1.3485412177580702,4.589519457213255,13.045682990087627,-7.774795128115492,0.162197246026548
UoBBG_29.08.2024_20240828_234200.WAV,513.50696,2.293687552892315,211784.02077985133,15606.24336736794,0.00240826449282183,0.6434830632213329,0.0032875908,4113,-1069.3141962579507,-242.55475010937903,-464.8066181299897,105.87497791229644,-127.80675257733714,139.28055151318128,-33.301727869347765,31.98151446005845,1.702808419697847,3.9442749287596737,13.218262343691396,-8.357470965709116,0.344085514959618
UoBBG_29.08.2024_20240828_234500.WAV,517.42676,2.1355316472406245,212737.36148137422,15604.348025406622,0.0024113104508625316,0.643216562732688,0.0033059234,4125,-1014.2513844887931,-212.52649251357187,-398.64848371409687,118.85021670956625,-86.96614730913365,130.55682476576845,-17.54039598978765,10.917928303402768,4.49845122850013,-15.926346662095108,14.470678318314231,-18.270952928903903,4.4032673029756975
UoBBG_29.08.2024_20240828_234400.WAV,513.823,2.295241641538472,212233.58726957726,15605.616889261239,0.002404411536018656,0.6433306343947784,0.0032948973,4128,-1067.3064303410383,-241.74953202820228,-462.67959976926846,106.4140584987612,-126.17835655728338,139.2706232003855,-32.828474852040934,31.523609898301665,1.9827662127285055,3.122828214184418,13.145092535492283,-8.812883505161198,0.3461762169028441
UoBBG_29.08.2024_20240828_234700.WAV,513.1922,2.295714081417695,212052.333435497,15609.020797489102,0.0024055605846139347,0.6436315836164371,0.0032916889,4104,-1068.316607718218,-242.4065654603435,-463.7228720953235,106.12088120389102,-127.2139869281154,139.34019927356331,-33.227949217150645,31.873907780285997,1.708373616823318,3.8027699450520824,13.250238949469704,-8.630237383079638,0.16628050588464027
UoBBG_29.08.2024_20240828_234600.WAV,513.90906,2.2928039154542024,212147.82825667036,15607.710210700807,0.002412509880150675,0.6433758994845961,0.003293312,4149,-1070.2318471477129,-243.5902726448533,-466.2397997867759,105.5902638827897,-128.7593509037467,139.304044219209,-34.0615290647683,32.725757771805156,1.506140411339615,4.6382454867689376,13.041277078688056,-8.074208512556822,0.11581812395950859
UoBBG_29.08.2024_20240828_234800.WAV,514.01904,2.293697820389819,211781.39368286837,15607.457163145169,0.0024100846027076935,0.6432391043838421,0.003287951,4146,-1060.6874253730307,-237.91614682022288,-453.969069119917,108.48911567073854,-120.45152167259396,138.50840502396258,-29.92256076824632,29.166446733461697,2.417978291500336,0.4640717517251635,13.252645834889641,-10.85619055303538,0.6919337835569128
UoBBG_29.08.2024_20240828_234900.WAV,513.41016,2.2897565814903422,211930.07766352934,15604.001479881777,0.0024156392148635968,0.6433482677831813,0.0032878462,4137,-1070.2012156743072,-243.26204731507556,-466.2817870920667,105.51109009624682,-128.71239412723097,139.41409354204694,-33.68446860579024,32.42750303956273,1.423424054019454,4.4581441629532685,13.177952541409597,-8.012812859106193,0.08798287507524272
UoBBG_29.08.2024_20240828_235000.WAV,514.0637,2.2911355529557236,212133.12824943577,15606.338939973806,0.00240422682869624,0.6432652817851824,0.0032936737,4115,-1062.7348680495325,-239.2260230990582,-456.938991373092,107.82880664778497,-122.3937181071581,138.63927892719752,-30.910921222849918,30.044516052073746,2.2860910049997014,1.494251605783641,13.17672095277598,-10.118618657001958,0.48622465468807907
UoBBG_29.08.2024_20240828_235100.WAV,513.96936,2.2948885516114994,211829.28450180765,15602.42202971288,0.0024212655057769157,0.643408712130026,0.0032881626,4129,-1073.608880715144,-245.11715643307676,-470.4264109686444,104.42405675791694,-131.51797056516278,139.43454078869087,-35.422680939082554,33.7539534529367,1.1483410195420207,5.891256223121189,12.859082218559536,-6.842998173122049,0.1548042702063034
UoBBG_29.08.2024_20240828_235200.WAV,514.2371,2.2918465377889574,211882.59938941308,15605.708965977732,0.0024062314319981183,0.6437122972705697,0.0032900684,4122,-1070.104711490555,-243.1715614258561,-465.920336544152,105.58964180879998,-128.56912955060048,139.24161887346736,-33.7389330172548,32.47927368823204,1.5100472332056178,4.415619008704385,13.098045021348259,-7.911873556327921,0.054449437750427654
UoBBG_29.08.2024_20240828_235300.WAV,513.9723,2.293463654869076,211876.019728649,15605.845897109319,0.002408255761225371,0.6438663621847077,0.0032888732,4121,-1068.6967366213871,-242.43992059415214,-464.1415588079818,106.02223643687873,-127.24580344363474,139.19771084896658,-33.25849125435266,31.986600581194928,1.8201808555099344,3.755506517394907,13.069844527118107,-8.35349824393205,0.20105573743124033
UoBBG_29.08.2024_20240828_235400.WAV,513.1693,2.2883921954767272,211561.9380234464,15602.622824150214,0.002412529857888184,0.6432882779051098,0.003284355,4121,-1060.9116177900537,-237.90298423084425,-454.17068744123117,108.1710673114972,-120.4283709285046,138.64361125694273,-30.059870096075144,29.10393767497843,2.4728371105572924,0.6381130238484212,13.085377485156144,-10.59869503557367,0.6460897106684022
UoBBG_29.08.2024_20240828_235500.WAV,513.8978,2.2951247200159774,211672.27033846625,15608.487765885513,0.0024125645857057546,0.6438016458313943,0.003285746,4139,-1068.4879959357852,-242.23794793078906,-463.63080150265023,106.13820714910949,-127.16096395457305,139.07012355675386,-33.107053729533064,32.00449345362931,1.7255819383549575,3.737085470077972,13.212952030893947,-8.602292548749828,0.18012023447403794
UoBBG_29.08.2024_20240828_235600.WAV,513.97437,2.277457374778499,212019.04208961726,15603.080613842641,0.0024082761728571322,0.6430100521221147,0.003291549,4146,-1071.7102983691354,-244.23255414779283,-468.1435558097587,105.0522555868347,-129.89285382768347,139.3487998737708,-34.60095733617488,33.35576711252007,1.173652626673198,5.019534205325886,13.15984350294975,-7.579186814473412,0.059521851683128686
UoBBG_29.08.2024_20240828_235700.WAV,514.5313,2.2947549769070754,211549.74537279896,15606.142144660898,0.0024068224036968215,0.6434683384330789,0.0032852306,4142,-1072.163420636419,-244.1711963046453,-468.0919870760812,105.06215161202965,-129.96877451363048,139.3773895805832,-34.60216203670561,33.09867126695057,1.3967864348802639,5.14058898988382,13.14268938768136,-7.562216609824392,-0.029389884008930188
UoBBG_29.08.2024_20240828_235800.WAV,514.308,2.2900192053297896,212480.06002893383,15608.377654872531,0.002403627285321112,0.6435576869939036,0.003300896,4122,-1067.0546803829586,-241.76955667231636,-462.56988449134263,106.4901382689458,-126.28288422475025,139.193915711719,-32.591740186935745,31.63963462445183,1.8011199536845617,3.1759255714036434,13.190591147048526,-8.92705237569406,0.3008107607558673
UoBBG_29.08.2024_20240828_235900.WAV,516.0907,2.302585092994046,211704.66706682145,15606.22040669449,0.002410576905324091,0.6431691161927587,0.0032865503,4127,-1058.5133003050682,-236.71735770913884,-451.2914348811017,108.89265964734385,-118.7258533112156,138.36660936540088,-29.339683927505597,28.484476619931375,2.73199144437701,-0.32926527266528405,13.282907603225075,-11.373858689697908,0.5799012576539057
UoBBG_29.08.2024_20240829_000100.WAV,513.6796,2.185397890968697,211659.31901532988,15608.323572844707,0.00240812431930946,0.6433085472123976,0.0032864667,4153,-1048.8039778402801,-231.25973139209486,-439.241216401156,111.55274357669582,-111.11846026943162,137.17019865628734,-25.873397701876396,24.648882488009523,3.4362285220540385,-4.189057647821481,13.307372687624138,-13.621200278067688,1.410879437759248
UoBBG_29.08.2024_20240829_000000.WAV,513.6026,2.2914732556361117,211992.47578825877,15605.299074192246,0.0024123284057971503,0.6435408716492926,0.0032903224,4135,-1069.8773522229324,-243.17764517856284,-465.8749844149382,105.56743462232569,-128.51620978183516,139.3121611962768,-33.87448679636235,32.46282204530385,1.444944359571999,4.503095408569311,13.204034054591027,-8.00856670864233,0.1466245231545715
UoBBG_29.08.2024_20240829_000200.WAV,514.5429,2.302585092994046,211849.97891705675,15608.136586875129,0.002411461872599328,0.6435904087455789,0.0032879412,4139,-1074.0292698262308,-245.49851672661904,-470.6859250161967,104.4888973236562,-131.7854030377424,139.67209098747546,-35.4834764488813,33.63825356710541,1.0702066388940374,5.989506772148697,12.95982318971322,-6.946591590159659,0.169182393516233
UoBBG_29.08.2024_20240829_000300.WAV,514.22205,2.2892558947914354,211780.37387156705,15601.187124236909,0.002411154863520771,0.6430662244624907,0.0032872735,4127,-1072.537233335179,-244.38464756840293,-469.08960831376737,104.7237994462538,-130.50580218688347,139.42109173755352,-34.87885741759038,33.37418047338347,1.2928822205514081,5.351104259166608,13.031059248925574,-7.323789040199097,0.009297937679844055
UoBBG_29.08.2024_20240829_000500.WAV,725.0292,2.1222416107535444,777594.8722341744,15660.49748778826,0.0029087661205592537,0.64610898379328,0.014045431,4116,-735.207000182585,-129.39315596456402,-229.42026768769523,121.68037102606432,-32.04966379630611,60.01979595958482,-5.696306940873286,-33.011772690954665,15.430558869018112,-20.294470237486525,24.137088386579794,-7.935435167392066,2.9462845276931966
UoBBG_29.08.2024_20240829_000400.WAV,514.8843,2.302585092994046,211414.5199466556,15607.759037126609,0.0024072863985905267,0.6433834436662323,0.0032840152,4166,-1071.1398190980888,-243.552688653698,-466.51585937303037,105.4509831786005,-128.9875151460813,139.35629481530017,-34.04507643716567,32.68143795777364,1.4558497510946664,4.5506315290481245,13.00844332165963,-7.77966409415031,0.1614689839219518
