filename,ACI,ADI,Bio_Energy,Spectral_Centroid_Mean,Spectral_Flatness_Mean,ZCR_Mean,RMS_Mean,Event_Count,MFCC_1,MFCC_2,MFCC_3,MFCC_4,MFCC_5,MFCC_6,MFCC_7,MFCC_8,MFCC_9,MFCC_10,MFCC_11,MFCC_12,MFCC_13
UoBBG_29.08.2024_20240828_202931.WAV,679.80023,1.3266706294260409,264567.88828240917,4832.3736019207245,0.06343093831677048,0.3593633345776451,0.019840071,1808,-641.9669475409808,86.78614642721644,-76.24582398011432,24.68204103726592,-61.35571809220099,-24.051793633181827,-28.234883940164288,-38.63441866917052,-11.924343303018679,-29.919477422574676,-10.907670062323078,-15.675746316668585,-12.618717495120611
UoBBG_29.08.2024_20240828_203000.WAV,677.77466,1.5962201283509632,304482.96180188266,5027.141164064482,0.06435749987556828,0.381751406308172,0.010041869,4106,-654.9043255865206,64.95396029422014,-64.64699695249467,16.02407672583866,-50.13843535072848,-24.99988773283715,-22.769434212738386,-34.49987119697489,-8.677753782945242,-22.58915554964464,-6.8188401951701865,-9.117601777137988,-8.651625218358925
UoBBG_29.08.2024_20240828_203100.WAV,714.2092,1.3372300286671954,419075.6730511889,4920.718693040631,0.06131666395636595,0.3650538600032576,0.01373997,4114,-637.2615538672825,80.86661434265035,-77.30599825050633,23.195624382976362,-62.39937626849732,-26.004344625860043,-26.191378225010475,-37.113602815170935,-10.799998128495432,-28.088450110625416,-9.921308123497479,-15.321838702580228,-10.86316348298785
UoBBG_29.08.2024_20240828_203200.WAV,711.06384,1.2219592892809497,765501.3712288406,4628.876972661267,0.05133514244703544,0.3325824297282204,0.027106542,4138,-578.2871559714079,98.22782574702951,-74.78763507192599,24.23626474702711,-66.37726094488158,-29.196496924090933,-30.912165941755887,-39.787533920733715,-14.230841296527858,-28.72748932708064,-10.680786370031091,-17.660202203422436,-11.405487003388087
UoBBG_29.08.2024_20240828_203300.WAV,671.02234,1.0554503609617705,179921.6668142885,5281.900183129466,0.07257578225262769,0.4142421060591958,0.005307802,4110,-733.6503850187357,77.83258965347713,-118.9928421545014,30.810864652711015,-80.65952804527802,-18.71414097633512,-36.316486307557824,-43.04211397075041,-12.5542040539349,-40.17693542983103,-8.964213167515283,-23.482961788360946,-11.511968970477385
UoBBG_29.08.2024_20240828_203400.WAV,511.6305,2.1922510808187954,94301.81870556447,5360.303501182758,0.07476586262926274,0.4242322386331906,0.0022361313,4096,-857.4002944793423,147.66605778778177,-266.8897479571038,91.0324877590597,-206.35117562188626,21.78256970139122,-134.60553436150173,-28.3439420090442,-83.27595177199395,-48.57295265436034,-55.51630766646745,-47.31052449106642,-40.84727434514395
UoBBG_29.08.2024_20240828_203500.WAV,511.26074,2.1972245773362196,94137.38854884788,5362.511871987575,0.07468645848759782,0.42431077083721147,0.002232422,4121,-860.2735014115093,149.3579662431222,-270.3459726396058,92.83149687106459,-209.68201096996034,23.303988488299094,-137.71433546682854,-26.977104968977184,-85.92467308714374,-47.67556619513432,-57.75079027766088,-47.01889657881233,-42.65705859141424
UoBBG_29.08.2024_20240828_203600.WAV,513.1787,2.025394698601142,93953.27701710827,5362.982149242872,0.07477311811669478,0.4242953188989203,0.0022284777,4098,-859.7095891375286,148.55906869357662,-269.19854007748614,92.04201217599106,-208.2117607526998,22.80796409033852,-136.6540632535308,-27.466483468010424,-84.93275267605168,-47.85221329488744,-57.15611916116028,-47.054099594847514,-42.131912290804465
UoBBG_29.08.2024_20240828_203700.WAV,532.3563,1.098352593630124,94856.28712356125,5357.793054302169,0.0748205241831885,0.42329257899758005,0.0022764194,4118,-796.9693511226717,105.69729543637534,-184.42049552292247,53.9188959852563,-131.08886870887594,-7.025617277975093,-70.85654174047275,-46.006956557277626,-32.12537158150539,-54.58579147619877,-17.062007633856474,-42.900136857254225,-14.259118322793741
UoBBG_29.08.2024_20240828_203800.WAV,559.68445,0.6931471805599454,96568.95904430197,5356.754332421656,0.07428175952678785,0.4224523571295607,0.0024007636,4110,-762.4920454121561,83.0573080187431,-140.05209250471304,37.13655286556889,-95.11412956169957,-15.803393438565136,-45.037416699850255,-46.07003713612885,-16.72630005793469,-45.92155966703909,-9.835251511878331,-29.824380657633235,-11.744837652270666
UoBBG_29.08.2024_20240828_203900.WAV,571.8109,1.4165788354927673,95904.08816326153,5355.731440751657,0.07436308446508035,0.42293536654179076,0.002330139,4123,-794.5327891150846,104.03013195469516,-181.52057399684128,52.21567283502228,-129.12811109256967,-8.090452356058718,-68.78141263262137,-46.61147160920335,-30.39308845335477,-53.99037243359823,-16.374322429788847,-42.08229859767649,-13.99100662852155
UoBBG_29.08.2024_20240828_204000.WAV,522.89575,1.2609874818690137e-304,94028.39532659983,5362.009830594487,0.07484224633569844,0.42465434922980266,0.0022316677,4091,-838.9864848763516,133.61648831994924,-240.48946306405088,78.23225954481026,-181.55070464667162,10.668065633365398,-112.22833827647982,-36.94304399834081,-63.953307562815894,-54.040120253327125,-39.45338386460101,-49.71587380875021,-28.0686263913536
UoBBG_29.08.2024_20240828_204100.WAV,520.77386,0.6108643020548935,93924.03313839283,5363.691327665189,0.07480430028455333,0.4244271148431683,0.0022292396,4109,-842.6356699751863,135.9508764140231,-245.28346186968832,80.44677453928782,-185.80568500086247,12.815522792496477,-116.09064733525605,-35.404418574414,-67.12436478700072,-53.39738030646443,-42.44183021765232,-49.70133781863229,-30.232653556939617
UoBBG_29.08.2024_20240828_204200.WAV,516.7992,2.1972245773362196,93976.91110508867,5363.3980166026995,0.07464746858626337,0.4247801461862435,0.002231487,4133,-838.8982480923186,133.41013800231025,-239.98172646902174,78.10224372387958,-181.00953806986692,10.569494347476658,-111.82947744680406,-37.01350465478103,-63.19303639894731,-54.06566201951048,-39.145099199114235,-50.01275538714067,-28.124909495208097
UoBBG_29.08.2024_20240828_204300.WAV,517.8962,2.1972245773362196,93909.60463520524,5362.747001987311,0.07483740215864207,0.42539040685498886,0.0022283716,4069,-841.8598917975642,135.52958747509675,-244.2213897095029,79.82690200655145,-184.63595779748047,12.425984229572945,-115.18915410676804,-35.68582549486426,-66.27161874796768,-53.52068253199815,-41.43578839200264,-49.896161002672926,-29.85685605913273
UoBBG_29.08.2024_20240828_204400.WAV,511.33002,2.15808054389818,93843.64473128614,5365.078500018505,0.07483748615861927,0.42458581533879375,0.002225446,4075,-858.6952446441295,147.47405158097706,-267.51740897976225,90.98064977392997,-206.81855693625846,22.29853466351986,-135.28446575142868,-28.133504949475803,-83.64677185815195,-48.27667863328042,-56.047193592878905,-47.19436885345513,-41.149936735123845
UoBBG_29.08.2024_20240828_204500.WAV,512.4745,1.2609874818690137e-304,93844.01856029336,5365.021245462868,0.0748520297993487,0.42459744973938945,0.0022248153,4106,-862.858186198013,150.72113654161737,-273.4904127086023,94.15513534563947,-212.22174358748293,24.716454268250573,-140.2408009779207,-25.70756147606914,-88.42864770923434,-46.44158917665976,-59.98729761843718,-46.342480032422266,-44.39823547850726
UoBBG_29.08.2024_20240828_204600.WAV,512.1842,2.1744835179525936,93814.79616020664,5366.564751321439,0.07491090614747646,0.42465089526712585,0.002223816,4105,-862.4731622894933,150.29314125269315,-272.83134205359465,94.08787791324961,-211.65241039468097,24.517566887922797,-139.94223342719425,-26.071752151265756,-87.76829648588516,-47.04775023559517,-59.57379049821973,-46.52168307238804,-44.18806525666038
UoBBG_29.08.2024_20240828_204700.WAV,511.46484,0.5302113376885884,93920.37892030682,5367.660725777231,0.07485525500186906,0.4254284004444341,0.0022263515,4084,-860.8505029478467,149.18708114138218,-270.970266693286,92.95314952810108,-209.7858123006171,23.59611393402728,-137.97443503884446,-26.810689303914696,-86.1462066602196,-47.503997504054624,-58.195584063345784,-46.81452158749688,-43.01621641905838
UoBBG_29.08.2024_20240828_204800.WAV,524.7463,0.6869615765973233,94014.86858764387,5366.308327060049,0.07469914106349321,0.4249492085698995,0.002231664,4116,-836.9866054850218,131.90240713740405,-237.79622875923485,76.89474300716407,-178.64550567159617,9.51244664179693,-109.77206747751964,-37.70242487117479,-61.453749073777345,-54.683771872124616,-37.894378462133226,-49.93593712086002,-27.214149830654005
UoBBG_29.08.2024_20240828_204900.WAV,521.03015,0.667431707658747,93910.97852976555,5365.199783579678,0.07482245445088957,0.42485104331487344,0.002229579,4100,-835.6264674791967,131.01522227547335,-235.68088661315073,75.93854617860728,-176.60919631069564,9.028280492637096,-107.92414154016522,-38.20389979038155,-60.320984366653875,-54.86114940759763,-37.024523057954234,-49.84965072983981,-26.44679184121675
UoBBG_29.08.2024_20240828_205000.WAV,524.5763,1.2609874818690137e-304,93974.46290180678,5368.679545482734,0.0748835746922853,0.42523661462211465,0.0022305255,4099,-835.3582496997778,130.66552334278762,-235.75388262252687,75.89941837069799,-176.48107492616603,8.914606323169263,-107.80184822576764,-37.932165801878526,-60.272545223779886,-54.75667794635794,-36.932815435459624,-49.97425278164776,-26.227902420209276
UoBBG_29.08.2024_20240828_205100.WAV,525.64124,0.6108643020548934,93906.47846900242,5364.551069452828,0.07469622298192587,0.4252207991088049,0.0022299378,4063,-836.5115673184025,131.408955775739,-236.63769645346463,76.34649805354042,-177.76252575496233,9.512649256626597,-108.96396262579836,-38.027632557402136,-61.00881443408122,-55.0868389381948,-37.73059888430025,-49.744509385035464,-26.725013132324964
UoBBG_29.08.2024_20240828_205200.WAV,513.3227,2.1915381750212286,93949.61970697122,5366.155904418058,0.07468719224380982,0.42438203154086,0.002228179,4118,-861.0366890395235,149.3553217678096,-271.2358484081118,92.86677170285162,-209.84056794204022,23.650258705059002,-138.20006639363916,-26.911956377925918,-86.43086314207156,-47.49693637268593,-58.39647145573169,-46.73274802547228,-42.881507863465536
UoBBG_29.08.2024_20240828_205300.WAV,512.83813,2.010031140142435,93619.24785625166,5365.524387774754,0.07478780550737213,0.4249802942339911,0.0022199368,4091,-863.0415396291762,150.43910783374267,-272.81826097300217,94.03405193624941,-211.77714683388854,24.493909189583018,-139.82522617139878,-26.027197596393304,-87.95004832375689,-46.9785010592239,-59.47465975519898,-46.59850166367236,-44.20084527119914
UoBBG_29.08.2024_20240828_205400.WAV,518.29956,2.1972245773362196,93828.75339751557,5369.762112717701,0.07493123476634952,0.4257512550609643,0.0022264062,4106,-842.1084060835391,135.3389196188516,-244.52684146314084,80.09200668719804,-185.14830977579805,12.657335710509303,-115.21393430079999,-35.752730603636245,-66.31487594601354,-53.26280994366434,-41.83514997407931,-49.59525281364518,-29.82202698307597
UoBBG_29.08.2024_20240828_205500.WAV,524.938,0.6615632381579821,93822.76217078415,5368.779507847744,0.07474569598168042,0.42558401055240136,0.0022274074,4122,-840.2735901879317,133.86286035935373,-241.7733990755278,78.66103681792237,-182.3903042134298,11.483150253863464,-112.99872439081463,-36.475845607823146,-64.25540839759273,-54.0895110305236,-40.09804714966085,-50.10789807497927,-28.374190850254184
UoBBG_29.08.2024_20240828_205600.WAV,512.81274,2.192357234736636,93731.03739732073,5366.133414104234,0.07487541476764298,0.4252515211978779,0.0022223522,4103,-862.2092823843327,150.16541331033957,-272.1540140455721,93.5907302747283,-211.08446667964301,24.404651816243874,-139.04710048954712,-26.25983394813732,-87.01076024433227,-47.18141495435544,-59.212503758405646,-46.73857104020321,-43.588685527842486
UoBBG_29.08.2024_20240828_205700.WAV,515.88116,1.2609874818690137e-304,93746.81245471249,5364.925678508329,0.07489849251081278,0.42493357484409905,0.0022251678,4101,-841.924853369453,135.16385104436128,-243.73884073767238,79.80005804934655,-184.56322954753742,12.159621599905908,-114.95075081038158,-35.62347144227126,-65.95258612386756,-53.586015001456,-41.576733025044355,-49.78118568688717,-29.484660478571165
UoBBG_29.08.2024_20240828_205800.WAV,522.90216,1.2609874818690137e-304,93758.63434812735,5363.007186473404,0.07486490914822426,0.42418860963095684,0.0022277269,4097,-837.0411687365425,131.69139767904917,-237.07322843231404,76.50757560067751,-178.24154086482548,9.628334312791514,-109.42949345995407,-37.74624442711317,-61.62632633833749,-54.46096763687368,-37.90995327220739,-49.87889327768943,-26.878714823935297
UoBBG_29.08.2024_20240828_205900.WAV,512.04956,2.192107281891448,93696.3230436234,5365.031687686388,0.07480488238144112,0.4251817147943038,0.0022216584,4113,-862.7330879359635,150.48602977164447,-272.8886970988011,93.7785155187013,-211.58295336361704,24.564814399303017,-139.44094006783217,-26.03284534992635,-87.735065535947,-46.952261268478885,-59.61818188869627,-46.70058166773865,-43.86117517347836
UoBBG_29.08.2024_20240828_210000.WAV,517.31775,2.1972245773362196,93746.05688254342,5368.024445053571,0.07486154520686132,0.42480377856245344,0.002224853,4087,-839.267947840263,133.13711651465445,-240.40638315051436,78.01577915072413,-180.825170144546,10.793494740748729,-111.70682388902316,-36.67983105168234,-63.345656636366705,-54.16379870734605,-39.330106245882895,-50.07059082179726,-28.15431587663545
UoBBG_29.08.2024_20240828_210100.WAV,512.3983,2.1928402353553076,93621.61113226741,5371.3765186227865,0.0748712159673188,0.42565854343121745,0.0022196742,4093,-861.4367721585818,148.94685015155767,-270.8372826390044,93.06171655195206,-209.8784933232085,23.666898917823755,-137.77066767125837,-26.70740101631815,-86.11238748821947,-47.5738209859705,-58.26255501294071,-46.824357186783274,-42.97619492077064
UoBBG_29.08.2024_20240828_210200.WAV,512.44434,2.111219561328667,93814.91805684737,5363.480512538857,0.07479620951435217,0.4248435900269918,0.0022245909,4091,-862.2504718204898,150.07298185317057,-272.3581622789735,93.51490909138526,-211.4009052818774,24.314735459727252,-139.50997973364952,-26.170939877304647,-87.7081522134347,-47.076652661170726,-59.44303022897313,-46.67772057882067,-43.847427334430286
UoBBG_29.08.2024_20240828_210300.WAV,516.84875,0.6730116670092565,93738.09507866162,5367.174359461204,0.07482444962037432,0.4248554062150968,0.0022246332,4103,-840.8260423180429,134.16888612904373,-242.45776519320273,78.88705904445523,-182.874023715535,11.47275059459464,-113.45047850782215,-36.341327902659025,-65.01691743285565,-53.90640267113995,-40.61316715127448,-49.66259733226475,-28.885923669823647
UoBBG_29.08.2024_20240828_210400.WAV,512.2351,2.1972245773362196,93714.854712782,5366.8078075084495,0.07490232638771235,0.4250150156482688,0.0022216823,4103,-862.1906234685986,149.94799508970974,-272.1961522110649,93.68221303066363,-211.01007336337832,24.15386005182159,-138.88697859175574,-26.17199241561283,-87.20741836027709,-47.20521891530547,-59.35046622957964,-46.79501591489348,-43.76040328553893
UoBBG_29.08.2024_20240828_210500.WAV,523.41754,0.6914160776171183,93659.34559746756,5366.633657145354,0.07481595878947593,0.4252755171491065,0.002223058,4123,-842.586119132429,135.32420816100796,-244.53340625183375,80.24037574788143,-184.795693805139,12.264514022294023,-115.28133509367815,-35.629773396023005,-66.7276711375404,-53.40352900105636,-41.90546111173064,-49.791308951819396,-29.922492669609117
UoBBG_29.08.2024_20240828_210600.WAV,511.4461,2.1860799102882247,93563.34623759167,5366.649249604949,0.07494154381165329,0.42459526828927774,0.0022180122,4118,-862.3214083266619,149.8500002660072,-271.9182566831887,93.36573053842822,-210.79557734648208,24.3473164666687,-138.9084569021014,-26.378084610800226,-87.1276529006712,-47.23506928272023,-58.981270306898345,-46.482637103059176,-43.53259212810596
UoBBG_29.08.2024_20240828_210700.WAV,521.50635,0.6287993940937804,93711.58611591924,5363.839576928176,0.07474190795534731,0.42479450739947877,0.0022246505,4109,-844.667461244232,137.0828774962093,-247.3805169681215,81.44587848486476,-187.5846448256597,13.803116030729853,-117.88930079588519,-35.08600170941859,-68.61518819062341,-53.08836508464692,-43.64381972912962,-49.74374073556606,-31.277769231298592
UoBBG_29.08.2024_20240828_210800.WAV,512.8955,2.194130604324285,93683.15311096389,5370.068810302188,0.074758562704149,0.42531223822598657,0.0022212723,4117,-862.0013309756565,149.40978394922342,-271.80309211635165,93.25323534733002,-210.80061717546053,24.003424900711636,-138.56031248535544,-26.769772094181963,-86.90096165060945,-47.44391168979266,-58.54099243422528,-46.55611581215071,-43.46988242559177
UoBBG_29.08.2024_20240828_210900.WAV,524.0479,1.2609874818690137e-304,93767.58920974888,5370.076869671866,0.07485485315228879,0.4253549582906739,0.0022256747,4128,-842.1760018182027,135.0081931734479,-244.41099715486715,79.9927984730592,-184.84677057186468,12.478213981214658,-115.05568832581267,-35.82172218873595,-66.28544750926281,-53.44689589768756,-41.86672843004342,-49.8399124436304,-29.78497799005624
UoBBG_29.08.2024_20240828_211000.WAV,511.52133,2.189854025741039,93620.04834897078,5368.112198933314,0.07486957308490956,0.4253035124255398,0.002219572,4109,-862.32382841205,149.80336587283938,-272.04353184250704,93.42748563581864,-210.94501828727593,24.347677116506727,-138.92938390033518,-26.604013845902312,-87.04678331391109,-47.100914406674605,-59.257901446127406,-46.404154615105746,-43.603175102741005
UoBBG_29.08.2024_20240828_211100.WAV,519.3358,0.6554817739013927,93792.59765290219,5365.914619049253,0.07491953632082662,0.4247686935731571,0.0022253743,4108,-841.5001270915394,134.96444550343477,-243.54982939708205,79.41018909507414,-184.13420448169333,12.197815093803493,-114.36688625226829,-35.98334782113594,-65.60769288902385,-53.7443932191959,-41.4162387841356,-49.90554362592438,-29.64611153269663
UoBBG_29.08.2024_20240828_211200.WAV,512.9001,2.1927839580436275,93656.98942996825,5367.207113014681,0.0748829937686215,0.42465798497998886,0.0022207662,4096,-863.2535596094696,150.57448281430808,-273.54336226866513,94.2328945952262,-211.98497753541767,25.14073228564935,-140.39059588094585,-25.892118387805038,-88.07716973578374,-46.83290558659914,-60.30188040282059,-46.36948675927058,-44.388809149198615
UoBBG_29.08.2024_20240828_211300.WAV,517.2717,2.1972245773362196,93698.16617134528,5365.940074447884,0.07484666011382078,0.42485486085256885,0.0022236102,4099,-842.169139448752,135.24263801606335,-244.1221604044005,79.8109150669475,-184.41645123130814,12.363821553028227,-114.94511680285098,-35.776322216127426,-66.19878491376109,-53.76681625643619,-41.71882192542676,-49.99905916144142,-29.555143992788203
UoBBG_29.08.2024_20240828_211400.WAV,512.48126,2.1915165893235633,93564.48809344938,5368.434574476398,0.07484262431089875,0.4253702284414557,0.0022182667,4103,-862.3705836386102,149.73086064813035,-272.1490163123411,93.32338019802435,-210.80336750069287,24.207912688208776,-138.718420310331,-26.40629322975579,-87.05743436692151,-47.18286065345668,-59.12542026040504,-46.94874666807841,-43.46361984337518
UoBBG_29.08.2024_20240828_211500.WAV,521.7224,0.666278442414676,93647.48596720201,5367.093722211416,0.07481394282637424,0.4255469259005026,0.0022226325,4126,-844.1477497919424,136.47121164375113,-246.71676320175382,80.84104356480145,-186.94320619785768,13.2031503618449,-117.09171369430648,-35.09980301392814,-68.09875498400973,-52.91680845780432,-42.78863402838321,-49.64884500484233,-30.940987497426658
UoBBG_29.08.2024_20240828_211600.WAV,511.56366,2.0476753765483946,93465.76803002428,5368.301715974208,0.07486966769154521,0.42517607938151525,0.0022157559,4131,-862.2557384271649,149.4799227956746,-271.49177437186836,93.22260050344701,-210.35714611015888,23.95042310755298,-138.35051743796083,-26.59419756046637,-86.6953552468942,-47.54732061235388,-58.59921922208024,-46.890167195513044,-43.16417014310019
UoBBG_29.08.2024_20240828_211700.WAV,514.07983,2.1972245773362196,93587.39606647415,5362.465887453587,0.07481494430814319,0.4243438561639054,0.002221421,4109,-842.2750789953241,135.26887313720206,-243.88693576854627,79.52287040306976,-184.1047708619959,12.264070656304634,-114.94843262552129,-35.89694691339018,-66.07746593749538,-53.78610596955572,-41.313254356166844,-49.90176210200345,-29.624761373027287
UoBBG_29.08.2024_20240828_211800.WAV,511.65158,2.193724572254919,93473.28677363489,5370.222863657995,0.07484709817559904,0.4255425630002792,0.0022159705,4086,-863.1314499009483,150.05123818944313,-273.0622171637301,93.7949462042565,-211.477161387947,24.338302247358055,-139.53194096184836,-25.94283157841074,-87.62921225202223,-46.89655890282813,-59.477396515691304,-46.37372311651397,-43.86116207739708
UoBBG_29.08.2024_20240828_211900.WAV,523.9686,1.2609874818690137e-304,93651.00501459211,5370.136831084538,0.07476851298592088,0.425443125232688,0.0022229103,4103,-842.4006524202755,134.98756809143043,-244.2499618492649,80.13249007922968,-184.7762398866413,12.258722829185439,-115.00564916800077,-35.70445270188595,-66.25656604367389,-53.60900405442672,-41.55889307704211,-49.88944750605021,-29.731659642442395
UoBBG_29.08.2024_20240828_212000.WAV,512.7616,2.1937131992389634,93356.09194334081,5369.598764356563,0.07488561058041532,0.42573180379746833,0.0022132904,4108,-863.3593420184654,150.00964143245346,-272.8505672575603,93.76128744793843,-211.41285673503305,24.563904568647526,-139.5393351101977,-26.13040986616715,-87.84754181896626,-47.185241359379845,-59.47142642001152,-46.343135532644936,-43.996993754747805
UoBBG_29.08.2024_20240828_212100.WAV,521.88904,1.2609874818690137e-304,93686.93053906286,5363.144791351516,0.0747561374923126,0.42432495026293743,0.0022236134,4093,-842.6490902612038,135.41918840592294,-244.57837586045852,79.83489060439446,-185.1667156235235,12.371807433493483,-115.59301522545763,-35.862538091269656,-66.84211800865413,-53.40137926997222,-42.11897384418709,-49.86994907246113,-29.742191897392292
UoBBG_29.08.2024_20240828_212200.WAV,512.4829,1.0990160935178632,93445.56297225642,5370.583748218827,0.07479502019219682,0.4252253437965376,0.002215629,4090,-863.9580363230631,150.56939255400462,-274.01286551313444,94.32445165123812,-212.39187589277643,24.867041303046225,-140.30034714637017,-25.97860291026985,-88.53472706083862,-46.70039718856059,-59.99509458692153,-46.34298296414455,-44.44656770423062
UoBBG_29.08.2024_20240828_212300.WAV,516.4452,2.1972245773362196,93750.93601579248,5366.760786322134,0.07473776813596603,0.42424805414650035,0.002225286,4099,-843.8505418020598,136.36431483534804,-246.5504224543084,80.92886797833003,-186.8467273678889,13.340131554056311,-117.06962147886573,-35.163525631088376,-68.11355564660104,-53.309870964838694,-42.91816710216476,-49.76394599068755,-30.558775549841865
UoBBG_29.08.2024_20240828_212400.WAV,512.8371,2.191711598708314,93623.5490239682,5366.514611935999,0.07479900036599695,0.4251464480174981,0.0022200705,4118,-863.2292249393996,150.61544746248944,-273.1278365122986,94.24030797351068,-212.29597778622275,24.71272883901807,-140.04176751533402,-25.844952477494424,-87.91627089691838,-46.694249754564694,-59.85952283681283,-46.70785750591389,-44.368258770505264
UoBBG_29.08.2024_20240828_212500.WAV,521.0026,2.1972245773362196,93643.91125461645,5367.21855250251,0.07479303347662519,0.4258928675307148,0.0022223825,4136,-845.4084967792559,137.38520495158485,-248.58029895180294,81.83418226319151,-188.53950948100007,13.716268081952519,-118.37274999280707,-34.54126487510678,-69.30984796833738,-52.7964425693867,-44.12102235782519,-49.52270744035061,-31.431019408763408
UoBBG_29.08.2024_20240828_212600.WAV,512.4436,2.1876645823781726,93435.55312563587,5367.942158640721,0.07499984431842284,0.4255911002652643,0.0022147775,4132,-863.0732443638697,150.13351771933682,-272.56098605951127,93.81632307814955,-211.6642344685282,24.3436205257053,-139.47125755989,-26.158883287836332,-87.59666898194746,-46.93398215970129,-59.41155614241075,-46.21565757706675,-44.09322911000929
UoBBG_29.08.2024_20240828_212700.WAV,513.37836,2.193535360555383,93434.51016327986,5372.117391499905,0.07490081806019298,0.42558437412741995,0.0022150653,4107,-862.8851032714073,149.65822018367555,-272.434067351304,93.5718626735966,-211.22440814846829,24.35915658445891,-139.22629595488743,-26.551009852701917,-87.04544116767359,-46.77301832989153,-59.3370765215599,-46.675050590405014,-43.77650621480948
UoBBG_29.08.2024_20240828_212800.WAV,519.7781,0.6434915530192903,93580.19467523394,5369.171186382796,0.07483641313159463,0.4257976108758377,0.0022210006,4128,-845.0073016123642,136.85297329442255,-247.8215583699936,81.59954892537377,-187.7847433834244,13.528818042821374,-117.93186134214882,-34.57835175373229,-68.84778310210056,-53.05262973236819,-43.48266923433017,-49.45887642663176,-31.22775053154136
UoBBG_29.08.2024_20240828_212900.WAV,512.14746,2.191765964361287,93560.78364526764,5368.347526538727,0.07484863590931293,0.4254114942060685,0.0022185764,4105,-861.9877244576452,149.4044532352814,-271.33630077116936,93.22222877013463,-210.27148661181837,24.08555989901174,-138.51893975300058,-26.73812149805186,-86.63951341522399,-47.27755416507389,-58.54154696406135,-46.94145978521556,-43.33295714159211
UoBBG_29.08.2024_20240828_213000.WAV,515.921,2.1972245773362196,93669.4387823455,5368.325847940893,0.07473528165808552,0.4251360861294676,0.002223585,4118,-842.8916376995513,135.47891556298242,-245.05790968285268,80.2262070125209,-185.44365325827832,12.538009275463043,-115.61195349602454,-35.667066999687634,-66.79245993252663,-53.39130217863297,-41.856934611554394,-49.91315678631348,-29.986026280421946
UoBBG_29.08.2024_20240828_213100.WAV,512.3061,2.1925020244319446,93393.84388207788,5371.820423982864,0.07505305221347157,0.42586014577903947,0.0022133105,4108,-862.3694751307067,149.46220662651928,-271.6986144129445,93.55905794861197,-210.17392767588063,24.211230991536286,-138.75375175930736,-26.4206949231439,-86.589905122786,-47.47003962048627,-58.782416885188745,-46.65337140622703,-43.479975496119444
UoBBG_29.08.2024_20240828_213200.WAV,512.6427,2.192769035438863,93539.38007165836,5367.707430065477,0.07485147944621315,0.4247261552959791,0.0022176434,4088,-859.5123751344357,147.52323962128713,-268.0332369988365,91.13967450172862,-207.00081235983188,22.338689920982567,-135.19537137711396,-27.953460346142855,-83.88232487774856,-48.477764914757074,-56.37574546060305,-47.449042985270715,-41.11890620726776
UoBBG_29.08.2024_20240828_213300.WAV,522.48944,0.5623351446188082,93479.72644208705,5367.577459423747,0.07486740116365233,0.42528515188709975,0.0022181526,4107,-844.3539241124995,136.25776220132238,-246.49158287932298,80.93324539711534,-186.91801943790912,13.141748557692518,-117.00550055754906,-35.108325065954226,-67.83238675814796,-53.10536046835252,-42.79272466285166,-50.08546728756335,-30.66698362283626
UoBBG_29.08.2024_20240828_213400.WAV,512.24634,2.1934662978688664,93453.06427223401,5369.896992676604,0.07491202821458533,0.42590341120625463,0.0022157333,4101,-863.8490047498698,150.60051198234603,-273.8420299350438,94.47922776553968,-212.23447689958635,25.063593793189614,-140.5795045132347,-25.733483106500252,-88.3081746224999,-46.853765136137696,-60.44191285502364,-46.28552421587802,-44.75130193788667
UoBBG_29.08.2024_20240828_213500.WAV,512.1292,2.193197500360948,93290.02402712274,5368.660900076224,0.07491657135331738,0.42521407297096053,0.0022117707,4098,-863.1137852290873,149.69676790075178,-272.1208319042307,93.84624971305054,-210.96019014059146,24.203315348756654,-139.40907165685343,-26.362448452197427,-87.32287222858567,-47.1682664016208,-59.3156740361913,-46.717365443694824,-44.00282884014736
UoBBG_29.08.2024_20240828_213600.WAV,516.5841,2.1972245773362196,93505.94823552569,5365.570640929773,0.07469957801228828,0.424565273350242,0.0022195044,4121,-844.4205285483487,136.37580478630804,-246.68324771830086,80.78282139692514,-186.6957397001091,13.25826241031374,-117.07218758798244,-35.215942795990856,-67.96302189896154,-53.198991990383135,-42.939212104821614,-49.83167711116559,-30.57224237813989
UoBBG_29.08.2024_20240828_213700.WAV,511.9284,1.588696559394188,93606.44480241995,5370.866407789589,0.07475338456923439,0.4254116759935778,0.0022194227,4093,-863.2684388274066,150.3350502461366,-273.4951822635471,94.1151879076394,-212.04115537742,24.763180141246913,-139.86391362413565,-26.124124213006304,-88.11248704424534,-46.87030739219687,-59.87917388260269,-46.45420757581388,-44.188794244627374
UoBBG_29.08.2024_20240828_213800.WAV,513.8088,2.1972245773362196,93617.79320010943,5366.052311550077,0.07487458011140317,0.4252389778597357,0.00222132,4122,-844.6294490640746,136.82584224052218,-247.44132774398136,81.34018923453091,-187.36953920647434,13.279154343403816,-117.69231389579107,-34.762293484709524,-68.49643024464943,-53.097113000344514,-43.480927381149144,-49.78943587892157,-30.94096469807523
UoBBG_29.08.2024_20240828_213900.WAV,512.4667,2.192043378095781,93317.72088553105,5369.362813294716,0.07482931795720794,0.4256787218447506,0.0022124785,4107,-863.0294960179809,149.62501925696702,-272.15242710361724,93.53429791884169,-211.11049509605556,24.072925956627774,-139.30595514539436,-26.392576233710063,-87.15258349310248,-47.0162817584385,-58.86261465648742,-46.70098639389667,-43.62932625024705
UoBBG_29.08.2024_20240828_214000.WAV,511.39688,2.192597512085503,93505.83428565551,5373.306184042715,0.07497068425986561,0.42575889013635515,0.0022162742,4122,-862.3329730949788,149.44845701065552,-271.9146952417702,93.68307752553022,-210.81298429117246,24.11833341965458,-138.68487503968007,-26.42220773373527,-87.02412353554745,-47.091698122483244,-59.083239527698034,-46.65338614416013,-43.5815075321864
UoBBG_29.08.2024_20240828_214100.WAV,519.4133,0.6759010305740114,93666.93084881762,5368.4407156758425,0.07487715171555344,0.4252744264240506,0.002222231,4098,-844.3466513847219,136.62201266713956,-247.18248505376724,81.31970158091954,-187.3504381827912,13.326827998765713,-117.31956584259498,-34.98233449841038,-68.3844956024248,-53.034210318897244,-43.20485133625201,-49.71856545270761,-30.8744383385491
UoBBG_29.08.2024_20240828_214200.WAV,511.30917,2.191910152660754,93501.76151894948,5369.69378453208,0.07490676992230001,0.42533332557706627,0.0022166637,4095,-862.5137390205927,149.57902127423603,-272.0519975156542,93.62430492594314,-210.98335499611903,24.093776855982547,-138.85011711724746,-26.42591766669112,-87.11869436575918,-47.23875657055239,-59.02024349982607,-46.6973271943804,-43.69396691741135
UoBBG_29.08.2024_20240828_214300.WAV,515.35315,2.1972245773362196,93383.33805625171,5366.308795716651,0.07484850886304252,0.4246839805938198,0.0022158555,4105,-843.563085097052,135.6825189792674,-245.04499623674423,80.42143934271088,-185.3232849581904,12.631443333394154,-115.84903239088442,-35.63191975244009,-66.8576231878079,-53.59772701476911,-42.14005240926164,-49.92137759617315,-30.23272020422842
UoBBG_29.08.2024_20240828_214500.WAV,513.4358,2.1934578799624393,93406.00236892878,5368.922050583651,0.07475771180147103,0.42523625104709606,0.0022154076,4114,-862.9305780179575,149.67058526194805,-272.15396259044275,93.52338794542894,-211.15753040382654,24.23456104789958,-138.96789924592773,-26.47973396976447,-87.26740711120843,-47.20987297224697,-59.15824383062974,-46.531505378960595,-43.759147034347656
UoBBG_29.08.2024_20240828_214400.WAV,512.78156,2.1896935090274896,93586.37624620445,5366.7721395632125,0.07472222917765299,0.42531678291371927,0.002219469,4139,-856.3386706276701,145.283138444322,-263.5010977465113,89.21879281317065,-202.66084334676853,20.309460564666647,-131.36140184542467,-29.71224366980262,-80.3527972411437,-49.708368485026654,-53.53807297820976,-48.09784837693137,-39.13831802428086
UoBBG_29.08.2024_20240828_214600.WAV,519.3738,2.1972245773362196,93384.07028551494,5370.232335471582,0.07489401854946959,0.425302421700484,0.0022151966,4105,-845.0073090204803,136.51084033760034,-247.39919896660922,81.27006729079876,-187.3044548026411,13.362778156969297,-117.71216550717888,-35.14487617830213,-68.15363646764487,-53.00901287735001,-43.187049083509145,-49.683430645688,-30.903402804861095
UoBBG_29.08.2024_20240828_214700.WAV,512.2492,2.0760426081316035,93465.99808242432,5372.262452613727,0.07486017428299044,0.42631025165208486,0.002216104,4094,-860.4634271846784,147.9069657482753,-269.23824205593684,92.0158154812874,-207.93014379873094,22.93766664738603,-136.14155832104032,-27.514892112461204,-84.6518859970921,-48.14907534440089,-57.17680072785384,-47.37627447749901,-41.821360294989645
UoBBG_29.08.2024_20240828_214800.WAV,511.59644,2.1889222393833094,93426.82406042612,5369.10212130893,0.07494667356569185,0.42548130060964257,0.0022148432,4124,-863.4737962067338,150.35955789495407,-273.27085853922694,94.0807257827122,-211.97182060206387,24.834220867742776,-139.88020259862563,-26.11174950155283,-87.95671068657354,-46.67432879492441,-59.71241948172561,-46.56438991705568,-44.11545261082617
UoBBG_29.08.2024_20240828_214900.WAV,511.65985,2.192431865685416,93524.30063178712,5367.584896927073,0.07478608055109502,0.42468997958162696,0.002217626,4125,-863.2013997599977,150.2010716104606,-273.04322418836995,93.8383023295253,-211.81302676718013,24.43758772605922,-139.76897451819642,-26.001401787624122,-87.82794487885506,-47.098906188728684,-59.53910671120306,-46.40613692490505,-44.13919428240023
UoBBG_29.08.2024_20240828_215000.WAV,512.5146,2.193265688939341,93528.77764709739,5368.3399429484325,0.07489537481046711,0.4254882085349963,0.0022173931,4088,-862.5466087166858,149.70322485269324,-272.01140909104146,93.605736230188,-211.0674713084584,24.210700143141697,-138.90353646241576,-26.42261031701831,-87.28569169746024,-47.37295982208516,-59.27643222062037,-46.571682550050205,-43.66765761102444
UoBBG_29.08.2024_20240828_215100.WAV,516.24243,2.1972245773362196,93567.94440653712,5371.43908759289,0.07487250663615297,0.4247470608595495,0.002219421,4122,-846.1804324200555,137.58755721151104,-249.6159351858667,82.12016859985478,-189.544097119171,14.356958427176346,-119.35976242090204,-34.26612457149718,-69.65166905213235,-52.82863238092224,-44.24828727070493,-49.44529592517872,-32.02032269579892
UoBBG_29.08.2024_20240828_215200.WAV,511.9417,2.1938505941531177,93503.65788314877,5368.705266742461,0.0748529514455161,0.4251858959070179,0.002216885,4115,-863.0448771387626,150.10957610157493,-272.6610672592856,93.93262867052293,-211.58053419816724,24.66664349420397,-139.3540707565057,-26.31102450869459,-87.74567091034405,-47.101924699763096,-59.55408547409865,-46.517562702040394,-44.00069716966082
UoBBG_29.08.2024_20240828_215300.WAV,512.31244,2.1899821085092617,93402.0190659901,5368.575755055272,0.07490514945841559,0.42523861428471704,0.002214069,4096,-863.0660710774957,149.9015597988906,-272.5949785025721,93.67907760583394,-211.2235668948854,24.337701882515535,-139.47274811291814,-26.15170509778308,-87.39114187000335,-47.16825239399405,-59.37657599612383,-46.80829543997697,-43.75712162092029
UoBBG_29.08.2024_20240828_215400.WAV,515.79803,2.1972245773362196,93518.38156608264,5365.614302309336,0.0748935204169069,0.4251133626908042,0.0022185997,4077,-844.1521378808566,136.42692487632127,-246.36135554663286,80.64376983077763,-186.7789088992547,13.315108490311367,-116.80995893614873,-35.21089017482217,-67.68617749890987,-53.430563880244854,-42.7650355349842,-49.81889253633069,-30.65876700999004
UoBBG_29.08.2024_20240828_215500.WAV,512.48376,2.189285165033029,93410.6141730988,5365.822025287013,0.07480262021274794,0.4249304844564408,0.002214536,4089,-862.5113910095301,149.74609916706862,-271.6746721114888,93.21949236836636,-210.41844990427958,24.02640844650248,-138.57072869500607,-26.75403105617013,-86.51039873148264,-47.50105467690433,-58.69254406742481,-46.82241368897461,-43.421418481727095
UoBBG_29.08.2024_20240828_215600.WAV,511.74927,2.1929330623723002,93370.12260675895,5365.891353465362,0.07479983285241816,0.4251720800563105,0.0022141654,4112,-863.5570084095349,150.4152102884299,-273.02204640554186,94.04142131707512,-211.71916207016812,24.506729851065796,-139.66017147169472,-25.885087258368053,-87.76761892571373,-46.86698176808474,-59.79313755517228,-46.777484176860774,-44.0499357405877
UoBBG_29.08.2024_20240828_215700.WAV,516.06006,2.1972245773362196,93549.47831467034,5369.685178825918,0.0748658517324781,0.42580906348892406,0.0022193312,4131,-845.0429833860507,136.94246840216007,-248.0433416330216,81.37526438687188,-187.6901671721095,13.679770274574647,-117.76190252026215,-34.82948203124577,-68.50584559211482,-52.921132936315495,-43.47698682431218,-49.584837605588696,-31.120665334496866
UoBBG_29.08.2024_20240828_215800.WAV,512.5095,0.3864775565554688,93375.13807717015,5371.957238705443,0.07487371890622282,0.42618827223333955,0.0022138923,4110,-863.4985699811912,150.063649081029,-272.99578028090224,94.11591261493386,-211.73433857222003,24.80660090159132,-139.80623278938376,-25.884115717651824,-87.8065291589015,-47.234650871655326,-59.737760931325944,-46.514247094759504,-44.1092662940708
UoBBG_29.08.2024_20240828_215900.WAV,511.37982,2.190516476168699,93506.47558940988,5370.434273981096,0.07483825067508566,0.425140449029691,0.002216305,4128,-861.3972242874588,148.8171884248134,-270.5646550448623,92.61049837561043,-209.38587845425585,23.4873112805381,-137.25918018865886,-27.25702206461003,-85.6954046820481,-47.8375191854271,-57.79511920316251,-47.17412787560827,-42.59749150354926
UoBBG_29.08.2024_20240828_220000.WAV,512.129,2.1920932319997446,93397.85779630566,5366.857318628454,0.07485502951654413,0.4247221559707744,0.002214074,4093,-862.960855255922,149.94646694285473,-272.4022674129671,93.6389393610277,-211.05226576963872,24.420118457417022,-139.0311549910256,-26.419197349922058,-87.25936386423876,-47.21389763749655,-59.22359754854492,-47.008863813581264,-43.868312901535745
UoBBG_29.08.2024_20240828_220100.WAV,515.4757,0.6791932659915259,93499.3455118181,5372.277267064634,0.07490959425095492,0.42563545641753536,0.002217947,4090,-845.6383251258532,137.02535644525747,-248.62691703888228,81.90843150279919,-188.66356236560688,13.87164813053411,-118.41081531079669,-34.36382626671977,-69.07498487796558,-52.93643751953065,-44.02208483272322,-49.77317274875911,-31.661918377285506
UoBBG_29.08.2024_20240828_220200.WAV,511.87375,2.1920095763696996,93434.6355522351,5373.197904941226,0.07486368138494516,0.42531587397617276,0.002214897,4115,-862.4396313407382,149.35362753800734,-271.9723338262976,93.53663900657975,-210.31626007486037,23.951093670188396,-138.52173648328747,-26.51634568474534,-86.67952808566585,-47.34216128614824,-58.50492117687034,-46.615924925592644,-43.431288133225024
UoBBG_29.08.2024_20240828_220300.WAV,514.3595,2.1972245773362196,93412.43443450939,5367.469811358216,0.07483531776840374,0.42564036468028665,0.0022160753,4113,-846.4790480342671,137.68248894538957,-249.25995204138977,82.33245622326191,-189.34777084292472,14.187000399705129,-119.21601029190208,-34.36739219321879,-69.75123380717262,-52.76211159503851,-44.83426122032184,-49.505862373952894,-32.119866708766025
UoBBG_29.08.2024_20240828_220400.WAV,514.4204,2.1972245773362196,93283.31409545965,5368.77196396206,0.07489715182197454,0.4253894979174423,0.0022115277,4117,-863.3544331201147,149.92361255047564,-272.5464462510766,93.64223628271881,-211.31409346171932,24.36915390384743,-139.23803742762453,-26.245781134114416,-87.50737831704079,-47.18541843957008,-59.17564077541777,-46.51861202610119,-43.96497922843838
UoBBG_29.08.2024_20240828_220500.WAV,513.103,2.1972245773362196,93364.47909412652,5368.577473774635,0.0748744043245154,0.42527478999906926,0.002213847,4104,-863.917186587109,150.5146870118461,-273.59934431276724,94.26310168386524,-212.25708627255835,24.889678267565532,-140.17074998221744,-25.765840604538766,-88.24999725830496,-46.69792515944353,-60.12857150358407,-46.50197437695241,-44.32746845585277
UoBBG_29.08.2024_20240828_220600.WAV,511.7155,2.1934553585775465,93459.12977157593,5369.121622591357,0.07479997307874377,0.42483395528899853,0.0022157894,4108,-862.5712321858266,149.47307168835104,-271.87093589465803,93.37194212828683,-210.75617037538376,24.008068150258737,-138.9928814295505,-26.586053582315518,-87.0071381044651,-47.34057653587844,-58.82839738378867,-47.015042078523,-43.35694738014007
UoBBG_29.08.2024_20240828_220700.WAV,512.5623,2.0562808705321736,93426.10708839836,5368.8202590931105,0.07475990025702066,0.4257101710838608,0.0022153123,4094,-861.8494654311091,149.14269217545555,-270.9879464404692,92.83328187943354,-209.46950065459285,23.36366449146571,-137.6808330577144,-26.826626329624283,-85.96100464737074,-47.615712303918116,-57.88356505765921,-47.064608884468946,-42.65216700121264
UoBBG_29.08.2024_20240828_220800.WAV,512.9819,2.1972245773362196,93433.42257224441,5370.519466885415,0.07489533239714598,0.4252978770127513,0.002214868,4104,-863.126859605995,149.98193940497853,-272.8482338799888,93.53863351314398,-211.40557683580045,24.6030009876686,-139.31892570539122,-26.288581148699564,-87.40369395174723,-47.027653731901424,-59.68535570890423,-46.59792489040835,-43.984492815749846
UoBBG_29.08.2024_20240828_220900.WAV,515.6647,2.1972245773362196,93517.96274931921,5367.298853569375,0.07483560896594417,0.42480832325018614,0.0022184798,4122,-848.277282099327,139.32570076658783,-252.28283435642896,83.4600508706253,-191.95005164484184,15.620796723027675,-121.61588713783442,-33.34784376724938,-71.74084669077465,-52.05642804896987,-46.22570932277653,-49.5427767945927,-33.32625935102032
UoBBG_29.08.2024_20240828_221000.WAV,512.5849,2.1910753898750586,93499.03107113497,5371.635135762691,0.07492867614214115,0.42551783989901343,0.002215765,4106,-862.3358119306472,149.40388853742675,-272.00179129471735,93.1918665378582,-210.88876604689185,23.928445953814865,-138.55423793704693,-26.510940584833214,-86.97364112450968,-47.260590562455974,-58.82125616771886,-46.67234745346006,-43.50038409700185
UoBBG_29.08.2024_20240828_221100.WAV,520.1839,1.2609874818690137e-304,93416.49125441466,5369.311010377717,0.07484540703048512,0.42568126686988084,0.0022163056,4107,-846.9618252418552,138.0131451635744,-250.25099357817095,82.6246170845053,-189.65162984192037,14.429075390355019,-119.78303242504427,-34.20566099039676,-70.2497825731016,-52.33264584540931,-44.672418376050395,-49.6691981122256,-32.34646044436913
UoBBG_29.08.2024_20240828_221200.WAV,513.37054,2.15396902594051,93511.74855476864,5369.819851356597,0.07486397665312551,0.4252173451461281,0.0022170658,4092,-862.7917757269335,149.83464168917098,-272.4348792698254,93.72513770618502,-211.23742360896009,24.32531123201552,-139.19560529481728,-26.610223861638595,-87.33938535752112,-47.301148417924786,-59.180120132193224,-46.59648774636947,-43.95182543176161
UoBBG_29.08.2024_20240828_221300.WAV,513.9773,2.1972245773362196,93489.27374511414,5367.913795903846,0.07475654285592513,0.425328417314315,0.0022183165,4090,-844.5068977236923,136.42450059590536,-246.90828019060675,81.08488545908273,-186.8346967209191,13.027622468309415,-116.87982182189671,-35.099159469550585,-68.07472860392818,-53.22633257109042,-42.97104509243326,-49.65279304175747,-30.631267797100346
UoBBG_29.08.2024_20240828_221400.WAV,512.3229,2.1923474070952897,93421.67381515054,5371.94748032684,0.0748552278758099,0.4261806371579486,0.0022145812,4120,-861.8174245670114,148.93507342139114,-270.99227022227154,92.81549138486285,-209.68267216463053,23.657607908260378,-137.58487727566032,-26.798862909373693,-85.97047120881322,-47.91427368678344,-58.248602878812314,-46.85718495829792,-42.716228910076005
UoBBG_29.08.2024_20240828_221500.WAV,512.65027,1.7557018389637549,93436.9143284277,5366.413536642312,0.07472965547636028,0.42535477650316456,0.0022154292,4104,-863.2311148328891,150.16059116773846,-272.6975732579526,93.8175981823151,-211.48096478419825,24.19880527560281,-139.542598447583,-26.36120339613285,-87.41691529047243,-47.153107234463874,-59.365698722272754,-46.762306711841056,-43.895663110642055
UoBBG_29.08.2024_20240828_221700.WAV,511.9389,2.1932462242502915,93464.89540787428,5366.368927937201,0.07480936696080934,0.42468488953136635,0.0022158562,4130,-862.5930091545409,149.8231322015981,-271.9556279256039,92.99436229731393,-210.819798368553,24.358969500110266,-138.7781239597973,-26.41213040866648,-86.95113729611913,-47.42721261129172,-58.79551596112453,-46.63394655198493,-43.42781833936571
UoBBG_29.08.2024_20240828_221600.WAV,511.57974,2.1942599803279164,93382.84091141015,5371.644029405174,0.07489515240585842,0.4255907366902457,0.0022136227,4120,-862.9850492724703,149.73941902509878,-272.5852101714038,93.59022259796663,-211.2752694856396,24.37646920538746,-138.87253845676304,-26.12204598475332,-87.27333850383816,-47.03803772652386,-59.117241121973194,-46.86215003683272,-43.6196458648421
UoBBG_29.08.2024_20240828_221900.WAV,516.35583,0.741256205285056,93464.32946400454,5367.933226338411,0.0748038716270472,0.4253760456417535,0.0022183764,4112,-839.6054006606265,132.89867555089265,-240.00968377190165,77.65965785863015,-180.5864448451399,10.677595196528168,-111.41162460605912,-36.7155725394547,-63.02649050080215,-54.3118314027503,-39.39099471353943,-49.92634140288249,-28.23054752597805
UoBBG_29.08.2024_20240828_221800.WAV,512.3184,2.1925860912135784,93481.86823384315,5368.291762303118,0.0747580756288888,0.42483395528899853,0.0022162728,4084,-863.5742475730183,150.462191200503,-273.3352853399384,94.23560281126186,-212.03437496178728,24.691574601410267,-139.9920864208527,-25.9783384707272,-88.26722457790544,-47.08243251935441,-59.47838008273273,-46.536104166997454,-44.0852332479865
UoBBG_29.08.2024_20240828_222100.WAV,512.89246,2.191075182990068,93494.17379957165,5366.062241966798,0.07485875395383473,0.42440929966725616,0.002216636,4107,-861.1709645823618,148.85546788659704,-270.1114753030531,92.35942565493242,-208.90548669097316,23.376257352681808,-137.1876211949072,-27.34055694118509,-85.55208276255962,-47.85415677359491,-57.73605131001002,-46.96391012660422,-42.50514428004187
UoBBG_29.08.2024_20240828_222000.WAV,512.4265,2.1925431041564227,93423.22889115763,5370.058830969458,0.07477936872262057,0.4255091140985666,0.0022148727,4118,-862.9583980073703,149.81990616980715,-272.44685950154917,93.69818843258858,-211.08893911830384,24.219293739681003,-138.94041382228224,-26.32814176536727,-87.15228402272706,-47.23356552100769,-59.35149425463229,-46.791503091856605,-43.75574102356983
UoBBG_29.08.2024_20240828_222200.WAV,512.3397,2.1941253128164813,93558.55742684775,5369.082255797777,0.07473337198195246,0.425436035519825,0.0022181245,4119,-863.4102975727452,150.35055410650602,-273.441694069348,93.9692184676505,-212.30687640136418,24.62947295439455,-139.94695010984765,-25.937587309045988,-87.98969943934726,-46.81179398464316,-59.810597617438695,-46.587858477183055,-44.18835851651002
UoBBG_29.08.2024_20240828_222300.WAV,510.90778,2.1934071178910846,93254.9282489644,5369.16327413702,0.0749032879484021,0.42522879775921446,0.0022104501,4122,-863.3888518311351,149.90929336491536,-272.7931144684081,93.58150114311753,-211.23105962378452,24.252335659044416,-139.40282162339395,-25.8654857134542,-87.36632662705215,-47.1821225568909,-59.34980976989815,-46.90134598310149,-43.95813169351706
UoBBG_29.08.2024_20240828_222400.WAV,512.01636,2.1921708573860488,93358.72688628122,5369.1682653267435,0.0749049208279771,0.42534423282762474,0.0022130592,4111,-863.0645655212841,149.8366149772625,-272.4757791668827,93.45000298208934,-211.2087814056473,24.551253771407946,-139.23709451797976,-26.536370879128768,-87.36571407869512,-47.20757631197292,-59.00683899925618,-46.81669884819055,-43.79537294113601
UoBBG_29.08.2024_20240828_222500.WAV,521.6013,1.2609874818690137e-304,93488.51729212014,5367.650331156659,0.07477385493684481,0.42515808241809383,0.002218866,4134,-838.602559080121,132.15050726332035,-238.54106676929996,77.0311820344448,-179.42903290635815,10.242954905106906,-110.33082320149106,-37.5170688663476,-62.139505734713275,-54.49834911750084,-38.61665809854865,-49.88960957067044,-27.559602821153565
UoBBG_29.08.2024_20240828_222600.WAV,512.4056,1.4778426066686263,93239.60999957223,5370.481238710018,0.07490110012230347,0.42586941694201413,0.0022103365,4113,-863.1882618107466,149.7936338360689,-272.1864267356941,93.67529413667863,-210.9654447817342,24.37066550868531,-139.0936331692196,-26.300003655968073,-87.17609486759468,-47.2540579604026,-58.96181959603722,-46.74450676967977,-43.60580379915183
UoBBG_29.08.2024_20240828_222700.WAV,512.30347,2.1914888563608947,93372.9517232627,5369.060806475242,0.07473340722566661,0.4250904574646314,0.0022146928,4115,-863.1360636534655,149.69613178999472,-272.45993332901344,93.72087001554658,-211.12323077658442,24.369070215011277,-139.22816660392144,-26.54831256218781,-87.61846333571827,-47.279323129283064,-59.414269166512796,-46.5264308869521,-43.78469841764517
UoBBG_29.08.2024_20240828_222800.WAV,512.51855,2.1890705106234045,93267.03726710587,5368.578532573942,0.07481484438912356,0.42521261867088606,0.0022114036,4126,-862.7127721062402,149.33151897034034,-271.6435580305771,93.28028255453334,-210.3469753099054,23.89528219401161,-138.37063732026238,-26.768883932478293,-86.78676077472076,-47.62288689868601,-58.67058389851099,-46.704452968205054,-43.384813036010044
UoBBG_29.08.2024_20240828_222900.WAV,512.6395,2.0710093441925683,93395.87062980025,5370.722963447564,0.07517044852590088,0.4254865724474125,0.0022146183,4113,-860.3156710461993,148.2131494802387,-268.5655029412684,92.38511824565317,-207.57948615669105,23.084584179540407,-135.85715753699563,-27.466597700785943,-84.23099365989435,-47.65597214781054,-56.78658323178373,-47.040023593143616,-41.75490095772608
UoBBG_29.08.2024_20240828_223000.WAV,518.648,0.8905212694645385,93342.75927776755,5363.217586105776,0.07491931876478672,0.42417461199274015,0.0022152234,4100,-841.1312651499296,133.95032928905465,-241.52915641944605,78.40599528818588,-182.30148813828418,11.22000612985384,-112.98441695839263,-36.1663013869306,-64.68390111995173,-54.22871585301006,-40.29431556336262,-49.83731778925287,-28.620847767631375
UoBBG_29.08.2024_20240828_223100.WAV,512.00183,2.187970089699462,93423.36051225175,5371.214273987646,0.07495099598409231,0.42555746957604246,0.0022141736,4115,-862.8318447148758,149.64163959946004,-272.5999115003237,93.52875102490282,-210.81637250177667,24.424635074197514,-139.26185823742478,-26.46747057709444,-87.37015814411636,-47.11215683900997,-59.12114191425441,-46.73357939138913,-43.853561088663945
UoBBG_29.08.2024_20240828_223200.WAV,511.8897,2.1869325559711497,93361.38716683676,5368.725913507837,0.07485262876377322,0.4252235259214445,0.002213618,4124,-863.9736532708637,150.50784688820602,-273.80021039748476,94.27782222282774,-212.39544485143367,24.890825734690008,-140.44840307167118,-25.600168647164086,-88.50249060170084,-46.691168377633346,-60.03114481763179,-46.65252358926698,-44.37784015887498
UoBBG_29.08.2024_20240828_223300.WAV,511.8808,2.192952459616462,93425.86987631593,5365.624667506543,0.07481588752542372,0.42519753030761354,0.0022150795,4102,-862.9329257658937,149.93839452757211,-272.41379681198777,93.33182071179822,-211.04274494465702,24.102148812174732,-139.13173043255904,-26.095364006362775,-87.47198969722709,-47.19180085154591,-59.22497731055796,-46.72110395794998,-43.89477864935901
UoBBG_29.08.2024_20240828_223400.WAV,512.3398,2.1946776534830295,93374.78968627994,5367.993704929856,0.07488368992827427,0.42565236265590095,0.0022136953,4097,-863.2806924434916,150.17169570414998,-272.7544285571477,93.76075687988374,-211.63065118148646,24.588489652387135,-139.1545114942358,-26.143826963000844,-87.72007965788463,-46.97354549060503,-59.57018931881578,-46.59121982792707,-44.08837859073039
UoBBG_29.08.2024_20240828_223500.WAV,512.0215,1.4616182043044788,93324.94102225745,5369.390253693296,0.07481966650988929,0.42547875558451226,0.0022127568,4112,-862.5399131015996,149.44602843863834,-271.56269455135924,93.00285360616654,-210.34880353156868,24.050036658789427,-138.21444525398857,-26.731302692841556,-86.28266595711689,-47.51904031028108,-58.78216033788703,-46.79583274001024,-43.030551464535655
UoBBG_29.08.2024_20240828_223600.WAV,515.6095,2.1972245773362196,93346.6625818139,5368.132834586375,0.07471595403617133,0.42563836501768426,0.0022158928,4084,-840.4756782789318,133.17948463633473,-240.72474964023772,77.87832997058253,-181.3128513173782,10.840206987347534,-111.9154483312755,-36.912540922001476,-63.8020281636066,-54.168849318944936,-39.42234842626638,-49.89165037979555,-28.056447152165077
UoBBG_29.08.2024_20240828_223700.WAV,511.6774,2.1921963671990436,93274.42046879178,5368.578679181107,0.0748505336437678,0.42558128373976173,0.0022115172,4125,-862.7507255815926,149.5433672492501,-271.6612822608907,93.29659458576617,-210.40520163051707,23.845790703142054,-138.3120449992911,-26.517416265698106,-87.00555823773233,-47.4135645433851,-58.757420687803254,-46.74212657257284,-43.296705302233875
UoBBG_29.08.2024_20240828_223800.WAV,512.3538,2.1934072893881704,93315.29137363931,5368.189536931755,0.07484184194119337,0.42556528643894265,0.0022124401,4104,-862.8766696264627,149.556245433566,-271.8565031320641,93.31004736086682,-210.97701309512587,23.960856752180803,-138.97447729024208,-26.56373562281294,-86.95605649221426,-47.2330094706198,-58.957086673210405,-46.782343617082184,-43.50717238896128
UoBBG_29.08.2024_20240828_223900.WAV,511.82428,2.1929952161119433,93343.08656768803,5369.375425266015,0.07479578534568275,0.42527824396174607,0.0022134383,4073,-863.5932728965664,150.04353993497506,-273.10317893242467,93.77998868581334,-211.88955363524104,24.540207121841668,-139.4624848240883,-26.078516162811376,-88.0591727265096,-47.05342030696577,-59.78354381859461,-46.42451193798201,-44.18814007758701
UoBBG_29.08.2024_20240828_224000.WAV,511.72537,2.1937387088245317,93305.01425047028,5369.832051048462,0.07484473819429481,0.4257338034600707,0.0022119975,4100,-862.9129955445677,149.58697649506928,-272.0644817091775,93.36637450263146,-210.7439688633774,24.326488293512167,-138.713996518812,-26.68598658486218,-86.84061908900381,-47.361890650657145,-59.1639652581663,-46.54281424567216,-43.84007697405408
UoBBG_29.08.2024_20240828_224100.WAV,521.9945,0.6869615765973234,93327.1896668263,5367.938777949754,0.07485097742753047,0.4250437380747394,0.0022153195,4104,-840.9267687715707,133.60595118756117,-241.32417323325615,78.30909794974183,-182.0995280924137,11.174972816321342,-112.56749673748286,-36.647917416356684,-64.13020915513304,-53.621744482387115,-40.06384151147779,-50.014209500274205,-28.409905714445507
UoBBG_29.08.2024_20240828_224200.WAV,512.5991,2.1920429435629876,93315.29820494865,5369.8451864914605,0.07483574080724324,0.4254351265822785,0.0022119954,4100,-863.489107570448,150.0153652279524,-272.81534128100265,93.77990725927081,-211.77298781809375,24.415854810846056,-139.63190694658945,-26.15899768794882,-87.48737186667515,-46.98272293215137,-59.64508459971747,-46.57396035415824,-43.84274655098703
UoBBG_29.08.2024_20240828_224300.WAV,512.4089,2.1927103832222796,93328.50814669147,5369.818624961988,0.07483988180461419,0.4257158064966493,0.0022127808,4112,-861.6502050405767,148.7465073927566,-270.35716662782534,92.68492678775988,-209.0268351439883,23.315607111989944,-137.4892693306888,-27.26404425970991,-85.60247033765391,-47.77779421789026,-57.77540272677029,-46.732473679491285,-42.60852009813301
UoBBG_29.08.2024_20240828_224400.WAV,511.2246,2.192623673518393,93472.4028385892,5370.590200053776,0.0749802581395643,0.4255247478243671,0.002215406,4104,-862.3661153274502,149.46778269625133,-271.880561954626,93.31079358793866,-210.75931364385062,24.14355568788507,-138.74887640345295,-26.66837021952327,-86.68174590802118,-47.293036316271525,-59.200728460935274,-46.75095513941369,-43.20380517226796
UoBBG_29.08.2024_20240828_224500.WAV,511.8074,2.194041259246443,93409.01756082979,5369.52577438931,0.07479595316342048,0.4248912183544304,0.0022144404,4126,-862.8807082032888,149.68517551485138,-272.31679747057257,93.4770055350243,-211.08313641075046,23.965795487460053,-138.88997711153837,-26.50827646845614,-87.18834320997016,-47.258123236279395,-59.27470380649006,-46.68745033647537,-43.565605467138425
UoBBG_29.08.2024_20240828_224600.WAV,511.84207,2.1923220371887653,93627.28414682584,5369.9088602734655,0.07476468395207132,0.42553183753723006,0.0022198127,4095,-862.9969998882156,150.08989324745363,-273.2444366729326,93.77896965552388,-211.77694773302713,24.39228390515619,-139.52569443758952,-26.168083128136434,-87.6904548648493,-47.05059262690289,-59.695999718048235,-46.45443913964461,-44.22286107695421
UoBBG_29.08.2024_20240828_224700.WAV,512.0303,2.1868584811026834,93342.69191962414,5368.198249744037,0.07490262623398021,0.4251148169908786,0.002212675,4145,-862.4197984613369,149.40166948682239,-271.5295685920234,93.11679193081021,-210.1222377003141,23.996456398752372,-138.44754884408118,-26.650789223020013,-86.61754390724647,-47.51033158484646,-58.57584154880794,-46.85930813691776,-43.23104120965142
UoBBG_29.08.2024_20240828_224800.WAV,520.6383,1.2609874818690137e-304,93301.92414204791,5365.665948381082,0.0747250808175224,0.4245630919001303,0.0022149398,4108,-839.3142867241019,132.42318747667676,-239.11444024019033,77.35323071661564,-179.27256392136601,10.013856858927939,-110.60948125072215,-37.28749491271585,-62.55973331700007,-54.565188009995644,-38.671529913772105,-49.75372956065122,-27.478734167859134
UoBBG_29.08.2024_20240828_224900.WAV,511.89444,2.19152878695418,93426.14466971824,5369.466498212508,0.07489602658364096,0.42493957383190617,0.002215016,4095,-862.0925814460884,149.21658920282647,-271.05378983784374,93.40889659875747,-210.1995302456558,23.742062140076918,-138.159640071859,-26.623905612921835,-86.5148654654268,-47.68641790967961,-58.45354624776415,-46.90690553401674,-43.127625447729415
UoBBG_29.08.2024_20240828_225000.WAV,511.8075,2.1922956926162134,93318.2280518838,5368.024053421702,0.07487016807393684,0.425182441944341,0.0022123065,4102,-861.9298731209665,148.8457295131549,-270.6627113976367,92.51824182711731,-209.72983347736087,23.522793375137255,-137.73444701005542,-26.836743742790365,-86.06612662490576,-47.55349878788838,-58.15583975651964,-47.05007481793326,-42.913569174234965
UoBBG_29.08.2024_20240828_225100.WAV,510.54144,2.1126367763128764,93392.99736146818,5367.910128640902,0.0748099547608956,0.42532769016427774,0.0022139119,4119,-863.4171996390019,150.24377922722502,-272.84486186763644,94.18945081583146,-211.5751521980325,24.57949612922652,-139.54365951156228,-26.312647491700115,-87.62075390954095,-47.255334772105165,-59.4655697689981,-46.64502189213465,-44.07793699032677
UoBBG_29.08.2024_20240828_225200.WAV,512.4214,1.9660417304180702,93328.10486265128,5367.668291943872,0.07490468088539956,0.42486885849078554,0.002212675,4135,-863.7991134041257,150.27763473764526,-273.41790799054144,93.98074550535182,-211.88446892944282,24.99502947005429,-140.06912852611126,-26.036821715071703,-88.36565398434504,-47.09739391257367,-59.93018052165293,-46.48330695672773,-44.61013163611625
UoBBG_29.08.2024_20240828_225300.WAV,511.753,2.190730061015797,93540.63766294945,5368.420449768002,0.07482960348228042,0.42524970332278483,0.0022176937,4119,-862.390269020186,149.6184734821796,-271.87342032775604,93.58219542244089,-210.76203521413362,23.91792931146058,-139.01008444811066,-26.418670938568216,-86.83943838581649,-47.46076225938798,-58.964826860369804,-46.96905066642252,-43.52687179700454
UoBBG_29.08.2024_20240828_225400.WAV,511.9839,2.18076127929082,93416.21490455393,5371.608285881444,0.07482008393466957,0.4259188631445458,0.0022148092,4099,-861.8319227939844,148.8438022402046,-270.9508486112326,92.84224162067304,-209.66714274867823,23.412504875165972,-137.47488456935076,-26.988823811147608,-86.10895542725981,-47.573141261436994,-58.19604665924153,-46.8167992339541,-42.673642298929074
UoBBG_29.08.2024_20240828_225500.WAV,512.68506,2.1788099248876183,93352.2198687167,5371.234486834908,0.07484362857975844,0.42551874883655993,0.0022128324,4112,-862.6372373983047,149.42449461021405,-271.9123065137203,93.38334278015857,-210.49350898436109,24.11135498564363,-138.37067916743572,-26.71338058878603,-86.74719033124994,-47.53794881143149,-58.94367501479388,-47.02363220386149,-43.294046373425076
UoBBG_29.08.2024_20240828_225600.WAV,513.5831,2.1972245773362196,93423.03430782228,5371.339020878959,0.07491443272845286,0.4261706388449367,0.0022165226,4131,-841.4868995231658,133.95916634786911,-242.6060664313965,78.8603941169933,-183.08105443444188,11.66499973199474,-113.45210115504983,-36.4853501877846,-64.93306160261102,-53.81343422470231,-40.69274659010653,-49.87538235398003,-29.023738447621913
UoBBG_29.08.2024_20240828_225700.WAV,512.36444,2.1911151682448717,93282.06049760255,5374.8110771874635,0.0749517863089262,0.42593158827019734,0.0022108685,4116,-862.5550823154612,148.98862772483452,-271.68163728935014,93.31395100123076,-210.21463597175773,24.0744416007174,-138.52605216079237,-26.600454133422467,-86.76252995235498,-47.55651755089049,-58.47719647383572,-46.765700271986326,-43.28629665057031
UoBBG_29.08.2024_20240828_225800.WAV,513.20013,2.1577984409779254,93475.76699834118,5372.42451808558,0.074864708258281,0.4256761768196203,0.0022162667,4097,-862.1804269992575,149.17468483159007,-271.4957800483516,93.22673068540254,-210.2961949851164,24.13143885386642,-138.13270638300207,-26.77750631411785,-86.55814795518523,-47.41952496510012,-58.68213699464297,-46.87032715364744,-43.351259117278225
UoBBG_29.08.2024_20240828_225900.WAV,512.8285,2.099042696969349,93331.2069009315,5371.472123983761,0.07484535547559118,0.4249188500558451,0.0022127382,4085,-862.6296648654802,149.4835383382738,-271.9668015609927,93.44104948958571,-210.1552983459788,23.934338428746177,-138.21935896601832,-26.40842447599687,-86.62461724562084,-47.440040713764496,-58.78057119537522,-46.918750489324026,-43.44357346236739
UoBBG_29.08.2024_20240828_230000.WAV,512.7798,2.159663682642178,93407.44950636002,5370.072963206421,0.07482692739580231,0.42520498359549513,0.0022143775,4118,-860.6445949693583,148.01660154599662,-269.3897341029195,91.9325318821139,-207.6306750892821,22.894032820743185,-136.32706472462692,-27.808828489025277,-84.4956296802803,-48.110124938674176,-56.775929308176124,-47.395686342634555,-42.14556452962205
UoBBG_29.08.2024_20240828_230100.WAV,511.816,1.4208589032419483,93292.01595072038,5368.832073260199,0.07482172529693705,0.4254971161229523,0.002211651,4132,-863.3232752067727,149.96193375904565,-272.60539304531176,93.48108233193098,-211.24395155000488,24.536198849996623,-139.21216645099088,-26.313669280640948,-87.20842938113867,-47.19979738163942,-59.44343546102759,-46.61140217236153,-43.683951497695745
UoBBG_29.08.2024_20240828_230200.WAV,511.59723,2.019226076585423,93403.65443811711,5370.942143919703,0.07489929759084926,0.42547748307194716,0.0022142923,4098,-862.8682241420812,149.59880829837044,-272.3152435475128,93.38257359748556,-211.17910387346797,24.21639064019966,-138.6967507313484,-26.444990551856478,-87.33658236035461,-47.15391725547533,-59.41123909669066,-46.642102139834776,-43.66964629358509
UoBBG_29.08.2024_20240828_230300.WAV,513.8823,2.1972245773362196,93454.68908094557,5372.952361799612,0.07472592971083962,0.4257636166115972,0.0022158339,4125,-864.0102181546622,150.41700531718325,-274.1475859644678,94.28258868263784,-212.4834518445874,24.836916984894412,-140.27230220861486,-25.85530548819638,-88.29005725462603,-46.9253234059491,-60.01714441963698,-46.2437816283392,-44.388279949346966
UoBBG_29.08.2024_20240828_230400.WAV,605.9814,1.790159830001432,95256.61993006831,5367.873991005334,0.07482726686319444,0.42479541633702533,0.0022980636,4110,-799.2858537872289,105.48938563562938,-185.9866279515763,53.79210874467976,-132.3750142793574,-6.592512186835443,-71.15715148192237,-46.13234445941393,-32.41372962354852,-55.071088855916635,-17.933835195771703,-43.20450373482175,-14.860247546129774
UoBBG_29.08.2024_20240828_230500.WAV,512.171,1.9867977514211135,93362.33085172676,5369.508436641959,0.07487559153811445,0.4253549582906739,0.002213822,4099,-862.3170387941964,149.22730077269708,-271.6197747943404,93.01863211617996,-209.90278651354987,23.70532990664987,-138.0964644974824,-26.52250145352166,-86.39651605678955,-47.15440729706067,-58.72218577086938,-46.89253120307328,-43.361942770168916
UoBBG_29.08.2024_20240828_230600.WAV,512.7517,1.8429914673627812,93264.92203548162,5371.657468011974,0.07481023222981943,0.4257739784996277,0.0022110094,4106,-862.571824052283,149.21171536278334,-271.63870097953105,92.98365269948522,-209.93895112872983,23.943143005973862,-138.13363316550323,-26.65347834117279,-86.33400064992186,-47.61152826350522,-58.3883071837793,-47.05035760024134,-42.95779455390723
UoBBG_29.08.2024_20240828_230700.WAV,512.2301,2.1972245773362196,93421.44109249354,5370.53923559754,0.07486807041463296,0.4257492553983619,0.0022148609,4093,-862.0109465596715,149.02962479538357,-271.09341198620734,92.99738239119667,-210.05751196624695,23.606931002868492,-137.90331602045947,-26.771172014364193,-86.33554672987584,-47.377407892190256,-58.57730001917864,-46.89183042906989,-43.01538957030519
UoBBG_29.08.2024_20240828_230800.WAV,513.0891,2.194459471574484,93427.43180403813,5374.25014316181,0.0747680158927095,0.42638423916837304,0.002215013,4117,-863.0602414256222,149.51110216646254,-272.5905946646929,93.56878698643666,-211.4249524138057,24.516267807055605,-139.17956811744446,-26.311913094628125,-87.22220527738256,-47.156358910560094,-59.38266475845932,-46.68051501362903,-44.05389251348914
UoBBG_29.08.2024_20240828_230900.WAV,512.30115,2.1913957904164274,93300.57945150897,5374.758135363676,0.07492633043362033,0.4259654007469285,0.0022111847,4113,-863.8848087357102,150.06324614027153,-273.70522207771035,93.98807320327091,-212.1145845043595,24.919420490254996,-140.06028413953763,-25.788875855195275,-87.97905171688684,-46.99428509998535,-59.93593008737003,-46.684777450901436,-44.342079356712276
UoBBG_29.08.2024_20240828_231000.WAV,511.67865,2.1907734820927582,93416.48566650713,5369.631785065244,0.07477520770935622,0.42530660281319804,0.0022148814,4089,-862.0696689026126,149.15359645163946,-271.27301743013277,92.93778258643964,-209.79841398569897,23.900502638748062,-138.0295366526737,-27.055484155914424,-86.28058533451981,-47.65505301164066,-58.06314211240487,-46.89774303656662,-42.91016695015968
UoBBG_29.08.2024_20240828_231100.WAV,513.0604,2.131894722986105,93210.93525640859,5369.758870014307,0.0749594905713223,0.4256672692316642,0.0022104257,4142,-856.3906991194182,144.696631831643,-262.578691113616,88.78394810833106,-201.88072870840938,20.102974815939984,-130.41874617982825,-29.922004913191376,-79.65152863613082,-49.73883735817673,-52.99550733007807,-48.348745648415836,-38.286134996215395
UoBBG_29.08.2024_20240828_231200.WAV,511.72247,2.19361586569441,93314.63995739537,5369.741902720477,0.07484332698916789,0.42502519574879,0.0022125859,4106,-862.8394238937475,149.5734496008064,-271.90065740414974,93.34456910056039,-210.86637682994706,24.284194357949833,-138.7918555018735,-26.329165906368523,-87.03005126488246,-47.38179343176616,-58.92214199852785,-46.81768761913822,-43.39583999093138
UoBBG_29.08.2024_20240828_231300.WAV,511.33466,2.1938599096323306,93462.00305810917,5371.308321666118,0.07485494637390268,0.4257056263961281,0.0022156301,4131,-863.1353519218651,149.89798439078575,-272.7480860086997,93.90439867900668,-211.60604214855874,24.45156285737965,-139.58813034134542,-26.314759870790915,-87.5320164252153,-47.09774100262607,-59.37849078983286,-46.67157933671751,-43.978656343328666
UoBBG_29.08.2024_20240828_231400.WAV,511.41147,0.9438656403001404,93518.59601030366,5367.502841300784,0.0747964823347182,0.42518371445690617,0.0022197533,4124,-838.0534444951201,131.90542308422206,-238.01754237913886,76.92853889273165,-178.66589870034278,9.708645146372605,-109.6283293798903,-37.563418264952944,-61.85824686912011,-54.5897167627904,-38.131167348666104,-49.90905918933345,-27.227030200860874
UoBBG_29.08.2024_20240828_231500.WAV,511.68634,2.1934501374848003,93437.15677640785,5369.254891428595,0.07481078900718528,0.4253702284414557,0.0022149757,4112,-863.5513336210664,150.28327649071858,-273.51216313879934,93.90837708065435,-211.87635712196015,24.54128414015373,-139.78446445342055,-25.9670675747189,-87.99489808326166,-47.11969777549374,-59.78354558099539,-46.530080685008976,-44.191735569985894
UoBBG_29.08.2024_20240828_231600.WAV,512.8296,2.1927925185217485,93324.54688660534,5369.76484739787,0.07476394059771252,0.42567890363225985,0.0022129167,4106,-862.7688979108098,149.60947027580556,-271.9505464959203,93.41273548695483,-210.4137403940139,23.96533635156068,-138.58643983155017,-26.540694193306088,-86.63788176568596,-47.44102045037133,-58.81323943053513,-46.96694174662523,-43.36133448797913
UoBBG_29.08.2024_20240828_231700.WAV,512.8362,2.193716530565652,93247.28367292903,5371.797462414115,0.07486784965334473,0.42588395994275874,0.0022106767,4122,-863.3356955169554,149.7490588713984,-272.5819585347677,93.60657308320683,-211.2119599950943,24.402995753460406,-139.3661231299249,-26.58679518683103,-87.11909607527787,-47.04077694821714,-59.17856383900157,-46.43400615486512,-43.85931300522283
UoBBG_29.08.2024_20240828_231800.WAV,511.57703,2.1912991913409603,93272.12660693117,5370.423141196002,0.07491799589820242,0.4251862594820365,0.0022109402,4082,-853.8520077289431,142.800111356328,-259.3992975936937,87.03596760848258,-198.92427103233143,18.41134462345634,-127.58415501833818,-31.092547384080856,-77.07977296694636,-50.37633871064731,-50.57579303503923,-48.839656253267044,-36.50758671330178
UoBBG_29.08.2024_20240828_231900.WAV,511.44754,2.193966417364264,93282.31440715601,5368.83226454109,0.07480453414440719,0.42477905546118766,0.0022117053,4109,-862.6733227397573,149.30000447931553,-271.50755060648623,93.20301316398776,-210.32784828319322,23.79080233719526,-138.5374747118073,-26.581598383209663,-86.56393341790357,-47.625229381027914,-58.95818465148573,-46.68568372862369,-43.50482000819286
UoBBG_29.08.2024_20240828_232000.WAV,511.7198,2.191019335021021,93308.14016993354,5368.098833796007,0.07490937805013974,0.42493502914417347,0.0022118965,4097,-863.5899623733077,150.23272345481027,-272.97944286922007,93.8904407248957,-211.6289498353334,24.577931731589068,-139.705799933895,-25.94848218789907,-87.7750571909115,-46.957338965235486,-59.569169065173085,-46.49576222801029,-44.29508453778301
UoBBG_29.08.2024_20240828_232100.WAV,511.6557,2.1879459000612793,93276.3739262454,5369.430626782963,0.07492792910322205,0.42554528981291884,0.0022112832,4114,-863.8301945397393,150.26035857703985,-273.27829572191484,94.01679451138611,-211.99637845462857,24.901475596728194,-139.86390499772094,-25.866672367784638,-88.11265448716021,-46.98459336046064,-59.7530858124498,-46.47682194702357,-44.60043183503932
UoBBG_29.08.2024_20240828_232200.WAV,512.311,2.1936544784690977,93393.24547022753,5368.082637835623,0.07481270260272999,0.42546275828369323,0.002214304,4131,-863.3402326656072,150.02543500379937,-272.8777986551278,93.64812453111122,-211.6764219795519,24.372059768197172,-139.46323756724786,-26.22371951501115,-87.46301852793371,-47.14606590442885,-59.70002816132662,-46.737100887010854,-44.09022918712777
UoBBG_29.08.2024_20240828_232300.WAV,511.90326,2.1945924551389804,93304.87241867694,5365.562427704584,0.07481821510663392,0.42482141195085626,0.002212511,4083,-863.2238874905369,150.03511364652206,-272.19930759660355,93.57998955917343,-211.2396329243701,24.24124806519838,-139.18279359628943,-26.38883612250125,-87.26731213514671,-47.3156940481919,-59.380968494129554,-46.55121897555742,-43.7590677269658
UoBBG_29.08.2024_20240828_232400.WAV,512.6451,2.1941858360468802,93287.48540772621,5372.551584819923,0.07484781485556438,0.42532805373929633,0.0022115265,4117,-862.9223092671265,149.46205524745412,-272.03979399789483,93.49044166944273,-210.71004087355274,24.24784012424548,-138.69569213149902,-26.477982879188648,-86.75530563353509,-47.5645097736152,-58.90612256382285,-47.148869956662516,-43.64062819430103
UoBBG_29.08.2024_20240828_232500.WAV,524.3285,1.2609874818690137e-304,93444.48533913084,5370.28828345998,0.07479069735056705,0.4261268280551936,0.0022177713,4133,-837.3542846888238,131.16996550668043,-236.95825634698616,76.24710817668449,-177.63682298223827,9.411165591670764,-108.70757153717187,-37.89428125624141,-61.02752346263713,-54.73491182964793,-37.30072601667478,-49.85896880988821,-26.841371357884512
UoBBG_29.08.2024_20240828_232600.WAV,512.2693,2.1937797172326485,93261.17202150963,5370.798837580113,0.0749537289893257,0.4249192136308637,0.0022107684,4103,-862.6707697822656,149.39647147312922,-271.6616043368289,93.31445490159399,-210.38374827345396,24.124950393472844,-138.4238190080631,-26.603498973383008,-86.70429299836734,-47.34374666412659,-58.86727593172212,-46.8995074916306,-43.3242147537825
UoBBG_29.08.2024_20240828_232700.WAV,511.12634,2.1490324128166125,93076.52119929393,5368.38683129571,0.07490513679089074,0.4251362679169769,0.0022069358,4124,-862.1898578660232,148.6987818309052,-270.1861829349345,92.53889853608186,-209.33127655570442,23.260511153879538,-137.39542010745055,-27.25401662706365,-85.70978894112307,-47.500130478236706,-57.998628293737724,-46.944188876176334,-42.490913004986986
UoBBG_29.08.2024_20240828_232800.WAV,512.35,2.189677945887869,93242.80955889566,5370.210785529379,0.07483081695074216,0.4252535208604803,0.0022108615,4076,-863.4727268480472,149.86282176562605,-272.7919953949526,93.58324859680864,-211.26034500284348,24.384735242089096,-139.05473873189484,-26.15390722262884,-87.53108273558773,-47.1258959113856,-59.27823861212522,-46.56006547835191,-43.92419543128925
UoBBG_29.08.2024_20240828_232900.WAV,511.9112,2.192729962190361,93302.65547104354,5370.74709903925,0.07485392187870427,0.42575834477382724,0.0022119617,4116,-862.7621087278704,149.3974250596068,-271.9479185423015,93.17478875729238,-210.41977520365657,24.03361515854999,-138.49081136477383,-26.634018885296335,-86.70323237824066,-47.247389653380225,-58.787485090614084,-46.89056549790965,-43.666426165952636
UoBBG_29.08.2024_20240828_233000.WAV,511.8189,2.1918730183466684,93213.06927985293,5370.514811521775,0.07483423797463533,0.4253175100637565,0.0022100199,4110,-863.8923520113276,150.11775647748257,-273.1557320397782,93.94240232748376,-211.82680456715468,24.41121496746486,-139.5017694767693,-26.00999776455107,-87.87555276548196,-47.00690171026616,-59.51125576553295,-46.57332126310865,-43.98980643307333
UoBBG_29.08.2024_20240828_233100.WAV,511.79443,2.1918354479580566,93146.40945246813,5370.335518746387,0.07488610687239136,0.4253802267544676,0.0022083474,4118,-862.6414118654709,149.09768493376188,-271.1688585412627,93.08832745328161,-210.03212133402596,23.633647365292298,-138.05893568051872,-26.927101199632315,-86.5622257521369,-47.70794619008274,-58.25555219439984,-46.64431166345755,-42.873284031306284
UoBBG_29.08.2024_20240828_233200.WAV,511.2968,2.1856118255172796,93129.25602623454,5368.586761205017,0.07491913622702631,0.4253291444643522,0.0022076492,4087,-863.7919122988665,149.95639613578783,-272.78510934957364,93.69500134172478,-211.379135988833,24.56638087961496,-139.6027049588834,-26.320469580828238,-87.70356051850159,-46.93933166469114,-59.705091324014994,-46.35962033703218,-43.93166140850457
UoBBG_29.08.2024_20240828_233300.WAV,513.2983,2.1935660708798337,93204.4440120397,5370.03875691166,0.07481601327958104,0.4251864412695458,0.0022100848,4108,-862.7090725673412,149.10340590991032,-271.471168564164,93.11408121106643,-210.02396521498406,23.620475407560825,-138.29639471678445,-26.54717973208408,-86.42801304867973,-47.34482033894658,-58.68787600216222,-47.00468004007839,-43.073094316153274
UoBBG_29.08.2024_20240828_233400.WAV,513.08215,2.1931067072886847,93161.55566042068,5367.443607260118,0.07477070561526242,0.42534568712769916,0.0022094818,4105,-863.6257528825062,150.08774234565678,-272.35548360654724,93.59412826535582,-211.2411191877519,24.42216060900407,-139.04954169803585,-26.359262873028843,-87.26576158071762,-47.26424015998586,-59.25952079845627,-46.43496048564338,-43.95545863748577
UoBBG_29.08.2024_20240828_233500.WAV,511.701,2.191028434717523,93255.68761358793,5372.187755215295,0.0748911543170179,0.4253651383911951,0.0022101984,4095,-863.152083704934,149.62030005015967,-272.36699564021313,93.57709197696893,-211.09948128569783,24.2622683588425,-138.98600929518642,-26.585846362852276,-87.08896110553306,-47.39727606985429,-58.99975845132808,-46.81839418130208,-43.42005047619269
UoBBG_29.08.2024_20240828_233600.WAV,512.2527,2.1937081227130233,93279.47347853478,5369.397028477069,0.07477478806392153,0.42509845611504093,0.002211643,4108,-863.2970226172773,149.7178402837819,-272.555907935566,93.5099838509751,-211.0569296202363,24.368201021296372,-139.26756222532308,-26.43140585608259,-87.43259414445043,-47.28649083353772,-59.25744017928891,-46.6410979269836,-43.75687221607413
UoBBG_29.08.2024_20240828_233700.WAV,511.80853,2.191045291946779,93354.47253464139,5368.88569526845,0.07485875219730367,0.4256761768196203,0.00221272,4119,-863.5270492732063,150.2346459145302,-273.21018062766495,93.74572973987007,-211.5872357113954,24.570399334673994,-139.57643475963786,-26.32075841978335,-87.89710462634436,-46.852660034867725,-59.677039376515886,-46.652922767459266,-43.92092620950105
UoBBG_29.08.2024_20240828_233800.WAV,522.5474,1.037814604446326,93301.04632442685,5369.603576342956,0.07488144707536346,0.42515717348054727,0.002213958,4108,-838.2169479426407,131.63676929256258,-237.8454786900246,76.53516290564787,-178.1988257888797,9.650999500857514,-109.56753021996866,-37.59528457081117,-61.45043370070015,-54.636777041298465,-37.6457336715691,-49.98234847309035,-27.017213586490765
UoBBG_29.08.2024_20240828_233900.WAV,512.2251,2.1916017361526317,93158.01000084063,5371.167006055366,0.0749422776520532,0.4257957930007446,0.0022082473,4085,-863.7547026490163,149.8720191849474,-272.939953677799,93.6666424747602,-211.7154232344852,24.513112322935445,-139.48071913591255,-26.001623001249445,-87.55342612742676,-46.90842689495269,-59.653695123952524,-46.839042595952975,-44.00553366534451
UoBBG_29.08.2024_20240828_234000.WAV,512.7075,2.193452783409123,93194.4865500824,5368.456217925911,0.07478405831163197,0.42533332557706627,0.002210079,4108,-863.4461792789796,149.9468701986541,-272.53953264323854,93.48015521731125,-211.06142709934912,24.13988978532417,-138.8917655944126,-26.225263743643367,-87.24765360812401,-47.16851871595904,-59.3177161194568,-46.69145648103207,-43.53645805066325
UoBBG_29.08.2024_20240828_234100.WAV,512.1923,2.1932590335695448,93263.61034318016,5370.793369966865,0.0748950080825498,0.4258172439268429,0.0022107544,4126,-863.7650963740539,150.10743916603573,-273.29008811430367,93.79648968519953,-211.81658082343623,24.769211911881122,-139.74822039258146,-25.93200315476967,-88.14222918335884,-47.02068840288626,-59.63377456757083,-46.60283184306841,-44.31826654881866
UoBBG_29.08.2024_20240828_234200.WAV,512.6216,2.1943830226663605,93285.74884808718,5371.876055404864,0.07486189052386047,0.4256629063314408,0.0022115593,4101,-862.501086566038,149.3387843360926,-271.53938057112936,93.15887554226055,-210.26449538253533,23.88136710906132,-137.9564910523104,-26.828017304001587,-86.54438189153514,-47.327926143421436,-58.22288095890831,-46.89064926486942,-43.278717116379156
UoBBG_29.08.2024_20240828_234300.WAV,513.4106,2.159795520568991,93272.95537079647,5368.457862782399,0.0748009263507872,0.42552147564919957,0.0022140106,4124,-837.9229370573288,131.343225143723,-237.13109057806275,76.42771230370906,-178.00052842229,9.439391668615439,-108.79766305492669,-37.844073512649636,-61.34734294248994,-54.630994797733315,-37.776571890359214,-50.003541986086894,-26.738329235143727
UoBBG_29.08.2024_20240828_234400.WAV,511.7646,2.1937052811467357,93314.71783561203,5370.322277154478,0.07488337299857548,0.4258321505026061,0.002211867,4114,-863.2517996834895,149.8429933417057,-272.63793035697273,93.55798165673262,-211.44762907411115,24.283513027837458,-139.06245135236355,-26.03462552764922,-87.40161583961736,-47.07960430846333,-59.27153400277466,-46.8162568047108,-43.82857696367415
UoBBG_29.08.2024_20240828_234500.WAV,515.9828,2.1933913276599113,93504.24782812399,5373.107563236352,0.07481023900855786,0.4260268449250745,0.0022191862,4100,-851.2257039174812,140.9009445786377,-256.28353020774404,85.49342945762162,-195.69079233930043,17.185375745526887,-124.89235710028963,-32.00649961619525,-74.68788240960636,-51.51258606843559,-48.451335639070244,-48.877630468815376,-35.166988321754225
UoBBG_29.08.2024_20240828_234600.WAV,512.4433,2.1933501503970074,93232.43224440639,5369.907275056964,0.07478083448097184,0.4253046031505957,0.0022107153,4112,-862.8078341943635,149.36476780945773,-271.67804446584427,93.23292594945192,-210.14399262161982,23.732640220970858,-138.41678376435848,-26.72767833051558,-86.43257841128933,-47.46213806959826,-58.8334028736912,-46.57917334885679,-43.222266208904784
UoBBG_29.08.2024_20240828_234700.WAV,512.7363,2.1940183817146726,93257.16281572531,5369.584674873797,0.07488008778660987,0.42513408646686524,0.0022110727,4131,-863.528630496052,150.04020949610725,-272.6749747841955,93.78447953742034,-211.43380697818083,24.59726222481703,-139.48139180462604,-26.13754991561974,-87.45187437208057,-47.30575161761177,-59.68526170054234,-46.49440344773246,-44.001141877424885
UoBBG_29.08.2024_20240828_234800.WAV,512.68726,2.193237497926268,93137.67579035935,5369.928025364922,0.07483551960163168,0.42562000447924425,0.002208034,4109,-863.7442640031873,149.84145221746607,-272.74357965354903,93.59394058737844,-211.4405272173253,24.15080083619811,-139.12792243547216,-26.15736393413717,-87.53523940697254,-47.230019679422384,-59.30985453306582,-46.77448330040103,-44.132494330786834
UoBBG_29.08.2024_20240828_234900.WAV,511.51434,2.1917592903306433,93339.0353970625,5371.030892649705,0.07486867198083826,0.4255781933521035,0.0022124122,4111,-862.9054369848405,149.48866468833128,-272.09877538180393,93.59979801391316,-211.07838918010756,24.07488571580468,-138.86272706049735,-26.60828742349894,-87.07221843300202,-47.49908844778755,-59.027475706601706,-46.662421690985795,-43.53611618139108
UoBBG_29.08.2024_20240828_235000.WAV,512.38,2.19442419076466,93237.61980609447,5371.175682986589,0.07492537274654011,0.42558437412741995,0.0022098317,4085,-863.944985868501,150.3797157468461,-273.4689360423737,94.0331338070669,-211.91734668936328,24.926869421004508,-139.75397805071538,-25.90751937207863,-87.72067619052885,-47.018739969093986,-59.942834300846904,-46.32510793318527,-44.14026561862849
UoBBG_29.08.2024_20240828_235100.WAV,512.80334,2.1948873470306838,93258.0467551563,5370.20611463726,0.07476373930332676,0.4252324335094006,0.0022112303,4106,-863.5382038298733,149.9377485774986,-272.82512866009495,93.64621887132338,-211.3226154800709,24.18379633460304,-139.31672321677843,-26.247535564591757,-87.38956094321937,-47.19064340215604,-59.10749901158515,-46.46730790013469,-43.87235839156472
UoBBG_29.08.2024_20240828_235200.WAV,512.44995,2.1946382384078045,93312.3931751024,5369.484628482574,0.07490519507213782,0.42517771546909905,0.0022118227,4113,-861.5650111396988,148.7082567916514,-270.31931842326765,92.52798319982931,-208.9642639476565,23.3594298098851,-137.22328508446128,-27.04792863829627,-85.4591902833072,-47.7596988760158,-57.63094385984293,-47.20455475992294,-42.493227376037126
UoBBG_29.08.2024_20240828_235300.WAV,512.4503,2.193688893867118,93222.36192401536,5372.183226287503,0.07486883231400243,0.4256939919955324,0.0022103046,4142,-863.5900727924641,149.9963314635791,-272.80755414234096,93.84131619619781,-211.426647762508,24.45430598359694,-139.2547145624201,-26.27433914788654,-87.46377061925524,-46.96358485949149,-59.459375887328626,-46.73274034038947,-43.89573967613012
UoBBG_29.08.2024_20240828_235400.WAV,512.52783,2.193321921070095,93196.41832635352,5369.021607190952,0.07488695592685098,0.42525552052308263,0.0022096233,4135,-864.1334509533592,150.37642792326915,-273.32531747372377,94.2018222850003,-212.24018883730125,24.85978085898616,-139.96682498261882,-25.89471760236236,-88.2020429851801,-46.861965427267414,-60.001532421449795,-46.53634020413906,-44.303809003172596
UoBBG_29.08.2024_20240828_235500.WAV,512.56323,2.1932438302291493,93204.54285185391,5370.598967038118,0.0746873830236974,0.42537222810405806,0.0022105244,4098,-863.256854556735,149.45589938665142,-272.44271677919545,93.19236909185,-210.55228199448283,24.013208479054768,-138.66775759042525,-26.584999243157192,-86.99703202655633,-47.18780434069602,-58.90860588193809,-46.865206630161765,-43.641164706136905
UoBBG_29.08.2024_20240828_235600.WAV,511.98883,2.174632216559042,93189.38135174634,5372.401810179242,0.07488986504996219,0.42581942537695455,0.0022089994,4098,-864.0494013579345,150.06774878903192,-273.5016418249655,94.13496124609155,-211.9817962484146,24.525401989814544,-139.93968672741624,-25.995815596909694,-88.09269959871371,-46.86362423603962,-59.981650687621965,-46.41564896580185,-44.415683428966766
UoBBG_29.08.2024_20240828_235700.WAV,511.9027,2.1929947119574407,93045.1785567262,5370.3603553296,0.074921074187816,0.42576834308683914,0.0022057407,4114,-863.9541749816884,149.9981448055054,-272.80483045716477,93.83299208804387,-211.28776056725485,24.5484166512874,-139.51930246810826,-26.124707605222028,-87.78599525851473,-47.15559054381237,-59.326962799963844,-46.63659358507298,-44.17528587845084
UoBBG_29.08.2024_20240828_235800.WAV,512.02344,2.194018870595674,93325.40283548401,5371.172245117819,0.07493437049128919,0.42569490093307893,0.0022123018,4094,-863.2414517169013,149.86193496865596,-272.71759045043405,93.83550598629112,-211.33521569057035,24.45398963831964,-139.24261196195195,-26.23252497562108,-87.6015274777603,-47.03180607933977,-59.56170359529005,-46.49986858236859,-43.661968194980986
UoBBG_29.08.2024_20240828_235900.WAV,513.3411,2.1972245773362196,93236.35837885296,5368.170738877507,0.07480079467495973,0.4257892486504095,0.0022131025,4085,-841.9539501504072,133.98747064277953,-242.58483977513825,78.96140076541651,-182.83999682519178,11.586041099086188,-113.56563850504013,-36.349752735380804,-65.08529034652754,-54.02211234633885,-40.65697178923543,-49.969757004503016,-29.122088738961786
UoBBG_29.08.2024_20240829_000000.WAV,512.95996,2.1934568016213545,93281.37746094956,5372.680873306333,0.0749692618645156,0.42533477987714075,0.002211275,4113,-849.3547730359173,139.4914089029549,-253.31362837497375,83.938315224563,-192.9796097586419,16.17020062160306,-122.3316889930533,-33.14597500520614,-72.27480597335486,-51.981227050192246,-46.47684455393987,-49.30976953790128,-33.65457808457701
UoBBG_29.08.2024_20240829_000100.WAV,511.99036,2.077690743870113,93217.05114242237,5370.045316539878,0.07481283001309545,0.4254214925190804,0.002209764,4090,-863.0690085129058,149.4407437054685,-272.14965814002244,93.20179152734656,-210.78726071404495,23.867865624759347,-138.61865997814255,-26.53888725157521,-87.02487182689056,-47.56298279815439,-58.82255623127115,-46.615501766450144,-43.49484712336068
UoBBG_29.08.2024_20240829_000200.WAV,512.85754,2.1972245773362196,93034.60968142832,5371.516911311202,0.07495540882483213,0.4256483633306962,0.0022058967,4106,-859.4723610935303,146.42453800027033,-266.494622999506,90.66865432232295,-205.50372405578892,21.59630059930372,-133.92625129756206,-28.4099365913326,-83.02704140102921,-48.88108802229894,-55.17683065636505,-47.54860298611008,-40.73513064635877
UoBBG_29.08.2024_20240829_000300.WAV,512.90686,2.1874146969002957,93255.68349722795,5372.042480030872,0.07482486683922188,0.42611373935452346,0.0022113826,4092,-863.269961117736,149.5800235812853,-272.5214698374583,93.51352187744757,-210.99775105030798,24.13140876509127,-139.06811463114897,-26.231636966280842,-87.24308213010873,-47.372687479036934,-59.22068749168425,-46.49317149904645,-43.74413984363462
UoBBG_29.08.2024_20240829_000400.WAV,513.7523,2.1972245773362196,93045.99001711533,5369.850218228394,0.074812697819755,0.4256996274083209,0.0022059185,4106,-862.0723532097038,148.55922645540713,-270.1666060521105,92.30669377195733,-209.0157078149527,23.045702566031515,-136.73776305675514,-27.15687680492593,-85.17540678045576,-48.07251605308001,-57.609317186713426,-47.237839645075084,-42.59460085928915
UoBBG_29.08.2024_20240829_000500.WAV,727.6379,1.1022311840347032,799030.8736146812,4592.560974322985,0.04805529390884679,0.32696101457790394,0.030149106,4149,-560.7869350116488,93.33488231246005,-68.31266710799406,14.299571052866792,-60.59024387351403,-29.725458321093782,-26.503061883236512,-37.53112271657758,-11.943928057876263,-24.26641720907487,-12.012047674657861,-13.637140115917598,-11.100696858624243
