filename,ACI,ADI,Bio_Energy,Spectral_Centroid_Mean,Spectral_Flatness_Mean,ZCR_Mean,RMS_Mean,Event_Count,MFCC_1,MFCC_2,MFCC_3,MFCC_4,MFCC_5,MFCC_6,MFCC_7,MFCC_8,MFCC_9,MFCC_10,MFCC_11,MFCC_12,MFCC_13
UoBBG_29.08.2024_20240828_202931.WAV,662.19855,1.9459101490553132,91594.7955490724,42456.97272521974,9.572172367265289e-05,0.7270301259247912,0.002687901,1774,-1159.5671664060983,-97.63692649946535,-34.44052500098145,128.9412242221477,-119.08877659385053,28.995986490160018,61.13960628730874,-88.8782651835216,53.00200863496384,2.1660142846041817,-34.163473145190224,33.577294853177015,-17.804098800200297
UoBBG_29.08.2024_20240828_203000.WAV,674.5801,1.9459101490553132,160967.42402672354,42463.5643870988,0.00013997967192383302,0.7266809052052801,0.002021766,4106,-1201.7858795310078,-105.13097270189418,-37.51738823269476,139.35189733568126,-127.71825550276894,29.540555226386715,66.73282989291124,-94.04412816091266,54.184633429909965,3.1531535837556524,-34.412285224806034,33.145857023708544,-18.635862891504388
UoBBG_29.08.2024_20240828_203100.WAV,715.3463,1.9459101490553132,175634.43252819355,42454.35222311405,2.1980281311807968e-05,0.7268236026251683,0.002258235,4117,-1184.760300915308,-103.17506165432205,-36.78318846870473,136.67712501341578,-125.45539706571053,29.34760701117105,65.35279983462512,-92.74115244487685,53.847668352963844,2.953845907638221,-34.41363622330529,33.32444843578392,-18.41009026390763
UoBBG_29.08.2024_20240828_203200.WAV,679.3337,1.9459101490553132,217413.9387948824,42436.625130608554,6.0056069213103675e-05,0.7266477161604808,0.0028148121,4111,-1167.1638617831961,-102.1086087568287,-37.1331915528356,135.50944458106548,-123.52314556465912,28.464652866749432,64.50452345121295,-91.29623809463958,53.24108631785715,2.6154705316051396,-34.09112519662477,33.44537726631348,-18.401222829514136
UoBBG_29.08.2024_20240828_203300.WAV,652.20557,1.9459101490553132,147363.64725851637,42474.74438683701,1.448883215452379e-05,0.7268818962038541,0.0018290235,4119,-1170.3435295445233,-98.97010108178019,-33.710415565421165,130.38222421860328,-121.88178719400739,30.246637281929175,62.55628263824918,-91.0153926312291,53.68951239541538,2.8441444525839352,-34.7418202890563,33.45251850254722,-17.705550851759124
UoBBG_29.08.2024_20240828_203400.WAV,517.13416,1.7838648760237292,132768.49786845673,42475.12857794633,9.256720170003213e-06,0.7268174135259051,0.001628721,4114,-1669.6022972291496,-222.01012040345992,-152.0515524766665,313.8069002571434,-191.73254471106773,-3.26730128720811,106.97465410001989,-116.22064618954326,78.32928531624248,-23.48962295707133,-23.426701797010054,45.37567229446399,-44.39203716554422
UoBBG_29.08.2024_20240828_203500.WAV,517.53674,1.9459101490553132,132273.12552111302,42472.85618428345,7.846278874136051e-06,0.7267700669165412,0.0016226224,4091,-1676.4382824717322,-223.7923150619491,-155.10492838719128,316.3324051725733,-191.65674388014318,-3.4720142877315388,106.72534553724786,-116.80997305616978,79.26712847750964,-23.72997030812207,-23.5337840218064,45.44562786994152,-44.65205556444469
UoBBG_29.08.2024_20240828_203600.WAV,518.36914,1.708403411753093,132725.61788347448,42472.716780237686,8.884684524195319e-06,0.7267531242573081,0.0016287392,4135,-1668.8740039795043,-221.74012239583521,-151.6835206268854,313.47206228994884,-191.68691923349692,-3.3105351300695824,107.04681671337109,-116.15194507466427,78.18812650852307,-23.395637912913955,-23.492214764398128,45.39472307100827,-44.333844803484354
UoBBG_29.08.2024_20240828_203700.WAV,548.3734,0.6517565611726531,132811.24249703853,42475.39573525344,7.746784768165618e-06,0.7268283218133565,0.001630161,4117,-1522.292400168104,-180.51068613836827,-96.96924528956633,252.03267148833322,-182.84204678441898,9.092387762897754,104.87860422307612,-110.91997738317953,61.688407417522086,-11.713274487221655,-22.617665072968578,40.05714821190661,-39.056192870954575
UoBBG_29.08.2024_20240828_203800.WAV,554.5304,1.9459101490553132,132175.99972687068,42472.82477595141,7.831586913312577e-06,0.7266617963613048,0.0016232033,4101,-1618.2198917794803,-206.90913741059575,-129.4875087237823,291.81008091179467,-190.35329203437723,-0.0012188815492480557,107.78995695250025,-112.94640197669713,71.24732294028605,-20.39262164113321,-22.858042119587136,44.62561309770732,-42.451582262107685
UoBBG_29.08.2024_20240828_203900.WAV,570.1189,1.9459101490553132,133075.48224251755,42473.15892215784,7.935427796120335e-06,0.7267662760932425,0.0016365187,4088,-1368.9904064425536,-141.07290009817928,-60.94535052875833,192.18813959312158,-159.61501531760797,23.03372746475971,89.30793562042433,-107.10915050652659,56.150355885313665,0.49571116943476173,-28.788952874644995,33.22823328714878,-28.138747470810834
UoBBG_29.08.2024_20240828_204000.WAV,519.7407,1.9459101490553132,132525.54037002192,42474.3245421429,8.27694670426445e-06,0.726839616919512,0.0016264012,4099,-1670.318367475212,-222.11031940680195,-152.27800835470353,313.9494892385854,-191.6985948350717,-3.2707202728108036,106.96464737122676,-116.29584362864279,78.3824878367686,-23.450877049930398,-23.45456520541048,45.35747702523649,-44.39759432846454
UoBBG_29.08.2024_20240828_204100.WAV,519.1769,1.9459101490553132,132376.1661473185,42472.33312176232,7.792478933422268e-06,0.7267405526494296,0.0016244642,4105,-1674.2621688367028,-223.1698036308128,-154.071976347576,315.47704109263856,-191.66066484905448,-3.477291050825914,106.87802658647767,-116.59796261003486,78.87535751845697,-23.589850250934024,-23.507260865273636,45.40881497863607,-44.55478459529846
UoBBG_29.08.2024_20240828_204200.WAV,519.02155,1.9459101490553132,132387.405500567,42474.36925846858,7.842008125634587e-06,0.7267990396374673,0.0016237105,4122,-1677.9290734605602,-224.25641901332347,-155.80560527782703,317.00223226619653,-191.72540155255945,-3.5505521708390897,106.75664219168718,-116.9456561720578,79.41280751212835,-23.78735840574719,-23.47441671552433,45.421554555922896,-44.75772859960799
UoBBG_29.08.2024_20240828_204300.WAV,519.60315,1.9459101490553132,132555.11414816228,42472.50862768214,8.144081343201508e-06,0.7267265111304761,0.0016267063,4101,-1634.189625884491,-211.67289352395005,-136.03183818807645,298.8689641566118,-191.0761761782154,-1.3347628767095967,107.66743830993097,-113.69345746332645,73.51614430313377,-21.57572551527192,-23.219913764135452,45.06830124998698,-42.94790226054843
UoBBG_29.08.2024_20240828_204400.WAV,517.01245,1.6952834475736036,132481.86901051085,42474.3676511105,8.881355869355899e-06,0.726813390611384,0.0016258457,4126,-1673.1111249631533,-222.8613517954458,-153.5461330957232,315.0081845111375,-191.68456640652656,-3.339292429209544,106.85344453408393,-116.54221799013888,78.79393397524218,-23.595703524389357,-23.480184183230698,45.437574652632776,-44.56879761318541
UoBBG_29.08.2024_20240828_204500.WAV,517.08777,1.4586479850720946,132518.50019038605,42471.57808167061,8.705632964295166e-06,0.726605746331102,0.001625951,4148,-1659.9346992343121,-219.11021562367287,-147.42116585118987,309.66466858490816,-191.63151650550577,-2.8331959069142822,107.25669484010227,-115.44863147541194,76.93685548163248,-22.93805784264437,-23.4399500173659,45.2914693077214,-43.88001289757721
UoBBG_29.08.2024_20240828_204600.WAV,516.90063,1.7806373373524236,132450.53649363253,42472.8584075805,7.754453804110857e-06,0.7267117733378555,0.001624834,4110,-1676.5302608314967,-223.8903277692248,-155.19622588428695,316.4652366707779,-191.7009610329097,-3.5026324463887706,106.7579530143332,-116.81999122369722,79.26675400428401,-23.735591755905798,-23.514865736688957,45.428667042466756,-44.65598528690799
UoBBG_29.08.2024_20240828_204700.WAV,516.4313,1.6846836477492733,132284.213419661,42474.684115109696,8.101552455714089e-06,0.7267666242300761,0.0016235659,4143,-1635.098670807718,-211.9037954025955,-136.44242870618208,299.210511670378,-191.00816807659103,-1.442012274486797,107.58658553817835,-113.6250846119177,73.5919139299309,-21.692932947699322,-23.152572441961663,45.04832122243694,-42.959021738770595
UoBBG_29.08.2024_20240828_204800.WAV,518.9418,1.9459101490553132,132886.07196169655,42475.90249932089,7.732300565326964e-06,0.7268357100506021,0.00162965,4105,-1675.3465214785338,-223.7541138281889,-154.94253103561036,316.2738410485503,-191.72554423599317,-3.4710503439580527,106.7586263608143,-116.74877999614124,79.19132925616303,-23.761870187295973,-23.4390022681614,45.39160875978371,-44.67579429663052
UoBBG_29.08.2024_20240828_204900.WAV,518.1211,1.9459101490553132,132801.8740922614,42474.27596673595,7.99784729770709e-06,0.7267630654979997,0.0016300692,4113,-1644.9404039526387,-214.87522767167712,-140.76300750894404,303.522305697351,-191.41548701748252,-2.0173020505490027,107.51794236402735,-114.35518689179325,74.96471165461786,-22.247382562743258,-23.279794513738157,45.17078331020341,-43.32183292845372
UoBBG_29.08.2024_20240828_205000.WAV,519.0217,1.9459101490553132,132756.4823400329,42473.72601137915,8.060877937300322e-06,0.7266724338756635,0.0016290816,4128,-1632.038111527902,-211.20161451094629,-135.26218787603744,298.1565900403064,-191.0733190325758,-1.208649723275634,107.70225516672834,-113.56388755883094,73.23260406435264,-21.47428438799471,-23.12364140056826,44.95653305865892,-42.84294482063512
UoBBG_29.08.2024_20240828_205100.WAV,518.76843,1.9459101490553132,133020.98629189795,42474.8345087407,7.923567565113993e-06,0.7267904522622396,0.001631984,4121,-1604.884133595617,-203.5813134245058,-124.59103812819293,286.87853503090406,-189.90410365284086,0.8860108016158075,107.73390406458564,-112.36606625597635,69.82821588488443,-19.554025836743296,-22.706734192973393,44.22191014305967,-42.07484432354449
UoBBG_29.08.2024_20240828_205200.WAV,518.19727,1.7988235193775304,133063.27607327557,42473.14422539838,8.471766851653266e-06,0.7267523893017706,0.0016321178,4093,-1676.949592825427,-224.24323668585282,-155.788420426961,316.97361646265506,-191.73247634796564,-3.515758104126781,106.74656267551448,-116.96276775375279,79.42085960278658,-23.776210247303045,-23.497174178675923,45.4321725708533,-44.71537632130308
UoBBG_29.08.2024_20240828_205300.WAV,518.24036,1.7628224572923588,132593.2676749278,42476.51664064237,7.875538832504692e-06,0.7267813233408262,0.001627049,4107,-1665.372884368564,-220.66683308301612,-149.8584387456432,311.86653818731816,-191.7030294304518,-3.0298791314405658,107.04699785294773,-115.83572228003543,77.75697045939535,-23.33886930067309,-23.425104242148283,45.41377880810214,-44.206817762108706
UoBBG_29.08.2024_20240828_205400.WAV,517.2033,1.9459101490553132,132563.36210448793,42475.24839515627,7.71444463939219e-06,0.7268332730927671,0.001626608,4113,-1620.2190675972397,-207.7106384866231,-130.32661555610053,293.02930566584456,-190.56058176257395,-0.32958714236799797,107.74059625953605,-112.93606905893121,71.67756503287936,-20.68799189299232,-22.941465067545895,44.721649483333174,-42.52879873068856
UoBBG_29.08.2024_20240828_205500.WAV,519.364,1.9459101490553132,132526.46996939692,42473.78287791866,7.887079321119743e-06,0.7266775398825557,0.0016261555,4117,-1660.2187530743952,-219.19361365921966,-147.53565926236894,309.77739715222384,-191.63637509722267,-2.8352340689683917,107.20155029105985,-115.42052523454232,77.01053796239938,-23.056133588414912,-23.39722176494034,45.35980747717735,-43.968562901867934
UoBBG_29.08.2024_20240828_205600.WAV,516.7217,1.7505888815318598,132536.26668414226,42471.38464922687,7.794350861469766e-06,0.7266730527855898,0.0016259728,4107,-1660.4685521269566,-219.27381614203142,-147.71096528125068,309.9123275599836,-191.6056430501078,-2.9002968459161607,107.24336822918646,-115.45962861149567,76.98888662213467,-22.97021349830336,-23.420176511132045,45.286086147695116,-43.919487458530725
UoBBG_29.08.2024_20240828_205700.WAV,518.9404,1.9459101490553132,132840.5200199125,42476.20900823133,8.151468196514289e-06,0.7267904135803692,0.0016303192,4118,-1660.17199577526,-219.2484025879798,-147.57266148859972,309.8252404122167,-191.67401028768072,-2.7809141460032922,107.1801904191093,-115.49277220150103,77.11509777218401,-23.086073135562472,-23.447621619584282,45.42365051576066,-44.00859491146331
UoBBG_29.08.2024_20240828_205800.WAV,518.3843,1.9459101490553132,132258.22804071248,42471.57058304231,8.119362642841034e-06,0.7267666629119465,0.0016227094,4098,-1673.1525613851952,-222.84130017099437,-153.57256698139938,314.98632819213213,-191.62287847829566,-3.363484279511888,106.82578365953276,-116.52906818328891,78.79674696593558,-23.547833084122814,-23.546441569333314,45.408878248049334,-44.45196070921462
UoBBG_29.08.2024_20240828_205900.WAV,517.3744,1.7742400552964996,132493.7424096614,42473.799144285425,8.246418179130521e-06,0.7266643493647509,0.0016259404,4127,-1667.6823738239277,-221.30724360736068,-150.9720955134776,312.8037227073986,-191.673335434156,-3.157234837380507,107.01762908533853,-116.05677422429353,78.03121090904612,-23.334982582663795,-23.487814326020796,45.36941541281505,-44.226160267147065
UoBBG_29.08.2024_20240828_210000.WAV,518.2432,1.9459101490553132,133098.0234649712,42475.74087358005,8.678813691210933e-06,0.7267716528732274,0.0016338986,4122,-1546.5602974463682,-187.21826152389093,-104.28438133246856,262.2401175845887,-185.51147505309552,6.538917229142862,106.26914287532094,-111.18780370755518,63.628874075180406,-14.147265841568407,-22.361539411875846,41.482694327284044,-40.18819544233227
UoBBG_29.08.2024_20240828_210100.WAV,518.1008,1.7800960782464004,132867.78548690132,42473.27163639183,8.284773381128807e-06,0.7267639164991484,0.0016305477,4101,-1677.1388104600567,-224.1854237941732,-155.73876592856905,316.9132283671205,-191.67863275030774,-3.5555405000005944,106.71156009569061,-116.90331032120956,79.44637341117038,-23.826763200628452,-23.541962858029155,45.52274048377776,-44.73721076077393
UoBBG_29.08.2024_20240828_210200.WAV,518.7527,1.7612020032738398,132956.25829264062,42471.958831024625,7.98604298055734e-06,0.7266026130996,0.0016311136,4102,-1651.9207922025346,-216.97072296958513,-144.0039030786313,306.5730813889846,-191.54265998148563,-2.4629418735190796,107.39778615913093,-114.85750723697906,75.96906167530616,-22.636938247115967,-23.427640163035257,45.32939604060744,-43.568037473343495
UoBBG_29.08.2024_20240828_210300.WAV,520.19495,1.9459101490553132,132878.82694673366,42471.77666789569,8.031834425803477e-06,0.7266666702769746,0.0016303287,4126,-1658.4352213393925,-218.78707392093452,-146.93711397345444,309.2311652169961,-191.5893739199036,-2.833830515214983,107.27210208393662,-115.33243789999842,76.83499986470268,-22.93497886208513,-23.50634801467676,45.389715378920606,-43.82437541497912
UoBBG_29.08.2024_20240828_210400.WAV,517.80896,1.9459101490553132,132984.05766589232,42474.58127274272,8.426658949603769e-06,0.7267007490047929,0.0016320851,4093,-1663.3490678220523,-220.3017464489273,-149.27755490493317,311.36138619372434,-191.68162409379306,-3.030487331862454,107.12862830853703,-115.7164641172081,77.50089258257341,-23.19957485570742,-23.407889445980324,45.3066368484937,-44.09001057870208
UoBBG_29.08.2024_20240828_210500.WAV,517.77014,1.9459101490553132,132831.90670437706,42472.259867237655,7.864528163837143e-06,0.7267617503144063,0.0016301151,4124,-1657.8783596464289,-218.61464640556758,-146.57676705079186,308.94661626963875,-191.64957030759433,-2.7480638431650783,107.3154856589215,-115.32190178221163,76.7185437434097,-22.868470022069324,-23.45896478150673,45.32073556540877,-43.80831530136698
UoBBG_29.08.2024_20240828_210600.WAV,517.8414,1.7805684577881677,131938.92959537666,42473.96788466221,8.265296792272729e-06,0.7267434537897093,0.0016187255,4119,-1625.2678609862528,-208.89730766497584,-132.04104037081748,294.7697143203186,-190.69385676025746,-0.6261738599239391,107.67556369083897,-113.1334937028304,72.24499072473363,-20.968834859824632,-23.04132871146774,44.81428256314728,-42.57912165289148
UoBBG_29.08.2024_20240828_210700.WAV,519.5158,1.9459101490553132,132826.27751549368,42474.14969331046,8.552769400288236e-06,0.7267341701408144,0.0016297932,4124,-1672.1941251315181,-222.72634963546219,-153.25499700060425,314.814501644515,-191.72791230025777,-3.3236905973258573,106.88450592121771,-116.50045058111557,78.74612079406529,-23.582652865911758,-23.527406027405622,45.46790460012465,-44.49628481014738
UoBBG_29.08.2024_20240828_210800.WAV,519.5867,1.7923919787918234,132495.81559081803,42474.257917057876,8.078841651354989e-06,0.7267775325175275,0.0016259105,4111,-1592.0247885750061,-199.66906756082747,-119.50046013665208,281.04666419620725,-189.03480658637775,2.1013130113590606,107.55634123216744,-111.96296827013087,68.26380027876525,-18.392798904996837,-22.656494060537405,43.786216972754474,-41.597044166738925
UoBBG_29.08.2024_20240828_210900.WAV,518.50116,1.9459101490553132,133077.40846356563,42478.4846975571,7.750019341092078e-06,0.7268293662238573,0.0016333527,4100,-1677.036875241803,-224.23482880533751,-155.73312114918173,316.93309025910247,-191.73760600796328,-3.4796204404501085,106.69600147877263,-116.95594996053106,79.49398688995845,-23.859761734410707,-23.48310185086262,45.496927301555175,-44.83482899399107
UoBBG_29.08.2024_20240828_211000.WAV,518.4601,1.770460463140603,132767.04398951685,42472.60360560168,8.103744986459021e-06,0.7267517703918442,0.0016293589,4117,-1656.1639108895415,-218.12590625194832,-145.85353542074398,308.25477258518487,-191.58332729158712,-2.6911060862642877,107.31484736341451,-115.12313849455678,76.47463304878762,-22.859598411893447,-23.384627488956205,45.3380892938794,-43.78167433879464
UoBBG_29.08.2024_20240828_211100.WAV,519.1802,1.9459101490553132,133035.60847629266,42473.059896314226,8.385948775378771e-06,0.7265953022260953,0.0016326403,4082,-1628.6908441431929,-210.29044622007063,-134.0157928113965,296.87092447926557,-190.95257505999217,-1.0229163002024662,107.78002949351622,-113.43685707942839,72.80737701396042,-21.221536738377516,-23.111537965792458,44.91698901905346,-42.78497611784613
UoBBG_29.08.2024_20240828_211200.WAV,517.40894,1.7889072477758368,132782.04966753788,42472.43676003215,8.320334102905523e-06,0.7267133979764121,0.0016294696,4125,-1659.646959673716,-219.0937811456227,-147.3858362346484,309.61811947396717,-191.62333422162547,-2.78331781845519,107.18563241976939,-115.4403308430488,77.02021622654642,-23.01551291806667,-23.469928231284342,45.38131398265791,-43.909516259624795
UoBBG_29.08.2024_20240828_211300.WAV,518.1956,1.9459101490553132,132385.5355418598,42475.031406455535,7.832166197283817e-06,0.7267737030123584,0.0016246787,4104,-1649.9497939237945,-216.13531547232577,-142.77397720619246,305.34092563217104,-191.43143371510206,-2.2614109369317124,107.37939611394525,-114.66610986874231,75.62674370048047,-22.503850186719866,-23.376723205866085,45.27201092432127,-43.49215757065758
UoBBG_29.08.2024_20240828_211400.WAV,518.01843,1.7954383362474715,132396.78165914572,42471.20744523928,7.972913069115312e-06,0.7267035727813317,0.0016246602,4103,-1670.3206790828865,-222.05595898529342,-152.28402372371517,313.9150029821282,-191.62650120567497,-3.345379098161549,106.9808371950341,-116.25609909647402,78.3419208258684,-23.415464088263462,-23.506268157183484,45.38361496369072,-44.3473608744263
UoBBG_29.08.2024_20240828_211500.WAV,519.1986,1.9459101490553132,132374.2352663791,42472.5434699178,9.826846413293502e-06,0.7266703837365325,0.0016246146,4106,-1576.9559465480322,-195.3834034602605,-114.10633535555698,274.6333779066212,-187.9597744616947,3.500653666807213,107.28635835661463,-111.58684369676142,66.51117890608477,-17.00268086706388,-22.466002015932855,43.08005072749069,-41.185599130062826
UoBBG_29.08.2024_20240828_211600.WAV,516.50037,1.779010275155081,132361.58403829075,42474.03978374803,8.025970560626663e-06,0.7268360581874357,0.0016250939,4083,-1660.823320771599,-219.28115298982308,-147.83569209670102,309.9500833789879,-191.50211007575336,-2.9601229439363386,107.17130464697648,-115.39401423059805,77.05192036747113,-23.077960972845275,-23.426451414192105,45.40356838630184,-44.00092559060517
UoBBG_29.08.2024_20240828_211700.WAV,517.34106,1.9459101490553132,132438.68549644714,42473.31252697953,7.78731097501152e-06,0.7267281357690327,0.0016252983,4090,-1664.119618409396,-220.2437456818533,-149.21926820336037,311.26930503749236,-191.67801999858744,-2.9900174993615796,107.16228662379442,-115.79516764440692,77.51386378903862,-23.139284432541583,-23.498043505542505,45.4009677008645,-44.09827629842791
UoBBG_29.08.2024_20240828_211800.WAV,519.5631,1.775396419694695,132319.68160428735,42472.491826327736,7.749969744439114e-06,0.726642648835459,0.001624493,4143,-1603.5533585163994,-202.82572210590087,-123.60429523518923,285.78549013486395,-189.7623571213662,1.0628489671324353,107.80110121893665,-112.32049328459667,69.48162238483276,-19.278600966724323,-22.75201666921845,44.20900481790649,-41.99384917985822
UoBBG_29.08.2024_20240828_211900.WAV,520.61664,1.9459101490553132,132777.8420535979,42470.45326847866,7.90720888901454e-06,0.7266464009768874,0.0016292463,4107,-1571.3208492058475,-194.00504003716583,-112.371524374472,272.54023096735074,-187.61794175767483,4.018944781348778,107.1732612370309,-111.52555877898828,65.97204393690946,-16.489453016890213,-22.444263789887927,42.79246382181649,-40.969928115992516
UoBBG_29.08.2024_20240828_212000.WAV,518.81934,1.753515386444285,132175.33749331563,42474.36969082928,8.242410739321093e-06,0.7268539678934287,0.001621732,4105,-1666.7927023184236,-220.9137092381063,-150.37468013066137,312.25349695717335,-191.65326801653828,-3.09946009716091,107.05524876827353,-115.95302778437367,77.85524966312894,-23.297237227975018,-23.472126340665174,45.409819986020196,-44.23274474310522
UoBBG_29.08.2024_20240828_212100.WAV,520.1039,1.9459101490553132,132928.82997156933,42477.877055345496,7.839604192218308e-06,0.7268842171160778,0.0016321057,4100,-1605.3854873911139,-203.6039693430988,-124.62048892118123,286.9157293689475,-189.931604425075,0.9155423920617265,107.71685082970208,-112.3824073578008,69.86910034234502,-19.595313681921866,-22.688845036967653,44.24105829381739,-42.117966770824005
UoBBG_29.08.2024_20240828_212200.WAV,518.53296,1.7455710864058556,132350.0057869782,42473.06209061471,7.886220807263336e-06,0.7266576960830429,0.0016238737,4128,-1631.8949295976163,-210.93682238272123,-134.89988767776103,297.7694157150029,-191.05271269871594,-1.1122543736396966,107.73038857156982,-113.58132174910767,73.12572102558816,-21.36702668970542,-23.142524415775508,44.944262616497866,-42.82573773664543
UoBBG_29.08.2024_20240828_212300.WAV,520.33215,1.9459101490553132,133102.6110772396,42476.09872007965,7.767381868747742e-06,0.7267296056801077,0.0016338173,4121,-1583.2064566944448,-197.4429655833373,-116.57117206241426,277.6774597326329,-188.57896243132092,2.9097249762793154,107.41597748777275,-111.76926442292469,67.35030630459447,-17.720491560224108,-22.484208985538103,43.39839522989543,-41.417088240404695
UoBBG_29.08.2024_20240828_212400.WAV,518.6381,1.7555581725316198,133030.52829958664,42475.34196202737,8.257602529496515e-06,0.7267076730595936,0.0016329841,4108,-1649.228975717174,-216.17281315691702,-142.6899736913659,305.3646162391292,-191.5666979519539,-2.181396099967366,107.41893513839942,-114.71241362435785,75.60522125375847,-22.477586227840735,-23.339115323819545,45.19042405364424,-43.430604845596896
UoBBG_29.08.2024_20240828_212500.WAV,519.2372,1.9459101490553132,133144.1484680771,42475.47217526789,7.922281573559343e-06,0.7267404366038184,0.0016339929,4115,-1628.7587432607008,-210.34214513740034,-133.9477084250208,296.8735112082318,-191.05755585473315,-0.9036892436458067,107.74503098766681,-113.48405983124012,72.87243964717129,-21.266045532264037,-23.088581036088982,44.905662071465294,-42.775320847179046
UoBBG_29.08.2024_20240828_212600.WAV,519.18396,1.7585447220748036,132578.8698141265,42474.808321271885,7.924336616336414e-06,0.7267755984240077,0.0016274089,4105,-1662.6661363060834,-219.88429486147317,-148.6134686664079,310.70042125100287,-191.6606829738718,-2.848032977048544,107.08921299431076,-115.68016047854431,77.40794384161106,-23.140062636045194,-23.45525906897164,45.35288600241945,-44.047325137809274
UoBBG_29.08.2024_20240828_212700.WAV,518.55334,1.7836149522487785,132430.3554716914,42473.78090865631,9.226502223107458e-06,0.7267462388843777,0.0016253035,4110,-1670.3359743542371,-222.0327120951026,-152.22016709490507,313.8352979711596,-191.6539304959405,-3.223411842226644,106.91705082244813,-116.3162903347379,78.4324601718426,-23.453456541237873,-23.51842887556071,45.434150975409835,-44.41282142419625
UoBBG_29.08.2024_20240828_212800.WAV,518.72437,1.9459101490553132,132848.0105456204,42476.41871652414,7.879486127581827e-06,0.7267058936935554,0.0016312152,4130,-1546.9928404053746,-187.2612577331671,-104.3042592176835,262.2707373470949,-185.5364509335266,6.588315934658571,106.21729989992818,-111.19769416905905,63.68919324076118,-14.176234021946016,-22.37708402837103,41.46480276089535,-40.117032617334644
UoBBG_29.08.2024_20240828_212900.WAV,519.4132,1.7788576401459404,133167.5794306513,42474.534595118974,8.514494486198797e-06,0.7267759852427117,0.0016344532,4097,-1573.0262932262262,-194.61748250510513,-113.02268261447249,273.42830481080364,-187.86458244130682,3.854245918856136,107.2682147676503,-111.59715511429043,66.18720742064531,-16.69936854394424,-22.414928215090985,42.882225089532774,-41.08436987251858
UoBBG_29.08.2024_20240828_213000.WAV,519.369,1.9459101490553132,133135.27345876873,42473.92457640165,7.861365221335894e-06,0.7267004782317,0.0016342311,4129,-1525.1128157394742,-181.42278148298053,-97.85268984801823,253.42764436839926,-183.28379547177974,8.741143717569935,105.09822720747661,-110.93566195274397,61.926293046149965,-12.05066591661742,-22.5700610041622,40.262340423717404,-39.21487535656071
UoBBG_29.08.2024_20240828_213100.WAV,519.12683,1.7801530303051905,132601.23886687873,42477.26192640215,7.91157745657141e-06,0.726935122457518,0.001627355,4109,-1642.931692035463,-214.21050481714016,-139.74280033838505,302.5284245700514,-191.37178263172905,-1.8048744902655691,107.48980262138757,-114.22407211598872,74.73293054208403,-22.16910996851101,-23.269365705316762,45.18072436591951,-43.25443353393914
UoBBG_29.08.2024_20240828_213200.WAV,521.3161,1.634415571465524,133137.24977632848,42474.467501144696,7.804978887439975e-06,0.7267542460315496,0.0016337315,4115,-1625.8802392472692,-209.58200655802605,-132.85303096288658,295.74031344706106,-190.9463559350178,-0.7143191890187235,107.74794666465847,-113.30175045252547,72.48370063238356,-21.10407484752837,-22.990388755387762,44.79269020427915,-42.66904405712869
UoBBG_29.08.2024_20240828_213300.WAV,522.2224,1.9459101490553132,132791.83820873807,42474.64718084253,7.872988689766725e-06,0.7267289094064406,0.00163027,4128,-1640.0690294613275,-213.44335951689607,-138.61581999902404,301.4345670309168,-191.28646426504605,-1.7028368039444453,107.58325183518933,-114.04940264111065,74.33741881032498,-21.986470715567485,-23.275490024483968,45.183987803053625,-43.14510872245704
UoBBG_29.08.2024_20240828_213400.WAV,520.45874,1.7597516346445468,132609.2686428514,42473.14377788357,8.943818076806705e-06,0.7267135527038937,0.001627985,4095,-1647.4515629036252,-215.49363901728336,-141.77550799256534,304.41420173263526,-191.41666293637581,-2.1186963017360156,107.44327587631062,-114.5277739683543,75.29421685890863,-22.3503433105433,-23.350024711670006,45.221425560595435,-43.3691344896503
UoBBG_29.08.2024_20240828_213500.WAV,516.9376,1.7916535222195626,132496.31680691455,42474.935112718595,7.745292332560763e-06,0.7267357560975006,0.0016262259,4112,-1635.5286712769953,-212.01157193801325,-136.4350773219478,299.3206630482755,-191.18932867275058,-1.3334935551894513,107.6594358378199,-113.78093560769906,73.65303683842309,-21.654087996767018,-23.17490111871424,45.03037977796677,-42.96387167038001
UoBBG_29.08.2024_20240828_213600.WAV,519.1251,1.9459101490553132,132639.09282469636,42475.813272694184,7.73823858740623e-06,0.7268570624430603,0.0016281876,4142,-1554.1410653525554,-189.12744008320684,-106.5189267031251,265.1351203407887,-186.134758353908,5.832615903458456,106.54210105295893,-111.28270814903014,64.28132610128662,-14.80837188433556,-22.388533961806584,41.84511444247448,-40.37481062794813
UoBBG_29.08.2024_20240828_213700.WAV,518.4164,1.7650599541108258,133077.75175291637,42475.61010136093,8.353146849575124e-06,0.7268153247049037,0.0016336855,4108,-1639.2618996062008,-213.34603097427888,-138.44799531935882,301.28879891247084,-191.30128190682368,-1.6602556461881508,107.58597466781441,-114.02119895716389,74.26687353373826,-21.979562187459344,-23.189208603426213,45.12979831238804,-43.198896653817
UoBBG_29.08.2024_20240828_213800.WAV,519.4132,1.9459101490553132,132706.6076370936,42475.06118680935,8.523563428645161e-06,0.7267203607130832,0.0016289401,4086,-1634.661933491111,-211.8568357097819,-136.24943295856002,299.1095045355696,-191.1484298373592,-1.3182624396370954,107.66975478712199,-113.74368106430713,73.56439922714326,-21.613146258884473,-23.15599322135733,45.02489126484324,-42.96693051296393
UoBBG_29.08.2024_20240828_213900.WAV,519.57776,1.7185497596564563,132627.9149688329,42473.99553625809,7.97479394281934e-06,0.7266716602382556,0.0016283279,4101,-1647.5587936564702,-215.51495942073873,-141.80013597518592,304.42315392082673,-191.41340396818967,-2.1114496167747596,107.43473785428353,-114.5204600246022,75.30086924233214,-22.394684568320383,-23.317257071294865,45.268840797854125,-43.43852381079218
UoBBG_29.08.2024_20240828_214100.WAV,520.45746,9.457406114017602e-305,133115.21543898873,42476.160982302536,8.209110290642315e-06,0.7268078204220471,0.0016348464,4088,-1491.2222750040446,-172.27485383398545,-88.32352592254101,239.48076725460044,-179.16090528907625,12.270999231936855,102.67864180846253,-110.6026972345887,59.76896456712831,-8.69812144063853,-23.32557345388486,38.262622411849385,-37.343821044432204
UoBBG_29.08.2024_20240828_214000.WAV,519.2291,1.7618733448753614,133022.38434379216,42476.70752463736,7.773718819185508e-06,0.7266665542313634,0.0016330471,4137,-1546.638232349665,-187.26724160187098,-104.31830326014797,262.27160709144715,-185.51839457211906,6.575445120013948,106.2122961559709,-111.1798671440312,63.671382372763865,-14.179743557659268,-22.34618768411438,41.44539877694199,-40.14904490273011
UoBBG_29.08.2024_20240828_214200.WAV,520.44934,1.7696690210271029,132956.83263397767,42474.181161972185,8.001168301313058e-06,0.7266785456111859,0.0016320432,4101,-1597.7693000288775,-201.4812867407264,-121.79204697879068,283.73765301029897,-189.50019463504364,1.568740272717108,107.67159108426762,-112.17214392031546,68.9701843582934,-18.915712536573064,-22.667781691212774,43.969605931164494,-41.81389636964669
UoBBG_29.08.2024_20240828_214300.WAV,521.5,9.457406114017602e-305,132529.03781074198,42475.92208185992,7.799069694044614e-06,0.7268506412525747,0.0016279495,4132,-1501.454339653657,-174.75883283782844,-90.84317029727157,243.2681629030024,-180.3448582009895,11.309711987411694,103.39677064290329,-110.68969831644115,60.30787196221051,-9.638677283981764,-23.053468086165047,38.846899856957705,-37.96672909258322
UoBBG_29.08.2024_20240828_214400.WAV,520.54297,1.7588939141153643,132991.70822728827,42476.59723151339,7.782000940901963e-06,0.7267897946704428,0.0016325484,4105,-1582.9422642701547,-197.32113468187242,-116.43218069777232,277.50694585526713,-188.53972696839162,2.9179369897165532,107.43509755632755,-111.74094522240281,67.25593817738078,-17.683368505955183,-22.422442903102542,43.36541376896031,-41.48070634376461
UoBBG_29.08.2024_20240828_214500.WAV,519.7196,1.7790675408274514,133000.6892354294,42478.53663492557,7.764273945400785e-06,0.7268828632506139,0.0016320706,4100,-1626.6072905693923,-209.68912125780818,-132.98562507870477,295.86936908709527,-190.9600647124959,-0.6948771630707987,107.70003658711067,-113.34596262784285,72.60720500819696,-21.169244253577187,-23.01749770237196,44.8474204150398,-42.716344814803776
UoBBG_29.08.2024_20240828_214600.WAV,520.75146,1.9459101490553132,132426.90698519791,42473.10758119521,7.851552826439843e-06,0.7266094211087896,0.0016252493,4096,-1615.4751931947462,-206.2642232657726,-128.27870560949503,290.8815651023295,-190.39737496448322,0.11923264278732704,107.8123634741432,-112.82376878071013,71.03287541552696,-20.209455566259212,-22.951922537061435,44.56822781215498,-42.296939964678394
UoBBG_29.08.2024_20240828_214700.WAV,518.78046,1.7666894270129216,133181.8578462673,42476.55851131827,8.288329360016627e-06,0.7267497202527133,0.0016352428,4113,-1579.8826955686075,-196.5097750534478,-115.4056474495952,276.2830040242579,-188.34242285406378,3.2123200958994333,107.37302120989213,-111.71603002973909,66.98250780515518,-17.406077510379827,-22.465416348956865,43.274964439803306,-41.36632707152973
UoBBG_29.08.2024_20240828_214800.WAV,518.31464,1.7904914016080238,132639.25205690775,42476.93723757833,8.039979600464826e-06,0.7268345495944902,0.0016279162,4097,-1590.9751476162273,-199.4463159466916,-119.10586586396266,280.66712233992286,-189.067827646949,2.2523779720922654,107.55942704789695,-111.96097611069249,68.13523612335543,-18.327724937500484,-22.54108739353166,43.67214630573609,-41.64282080768331
UoBBG_29.08.2024_20240828_214900.WAV,521.18286,1.6974254502589021,132769.38744715072,42477.005699465335,9.761266820692607e-06,0.7267879766225342,0.00163003,4109,-1505.0385340204568,-175.83493403623768,-91.89780655341711,244.8741155661883,-180.87663837500298,10.953239098267685,103.67583234056764,-110.74284886586162,60.54262379553906,-10.008691316765312,-22.92657456083515,38.982211896560074,-38.11904362475139
UoBBG_29.08.2024_20240828_215100.WAV,521.77185,1.9459101490553132,133225.63761525386,42478.7015401241,8.40741363837685e-06,0.7267893304879981,0.0016365156,4132,-1586.8872085400571,-198.4709547492313,-117.83665836587357,279.20777290691046,-188.86847515036038,2.5890710857937993,107.5186741905891,-111.89370873396928,67.75533711216585,-18.042724941173525,-22.498457664284008,43.569265986573846,-41.60557962140427
UoBBG_29.08.2024_20240828_215000.WAV,520.6462,1.7435218974405162,133416.5328860386,42479.13602695906,7.797294731667181e-06,0.7268663074100847,0.001640615,4114,-1447.7806245765207,-160.99302512099538,-77.46198462858374,222.23587790672985,-173.09952450342104,16.600566509138517,98.64345264898373,-109.92215882493564,57.94805240785802,-4.887776334278017,-24.85841608830029,35.98075312299311,-34.44856262599448
UoBBG_29.08.2024_20240828_215200.WAV,518.41516,1.7930314942361611,132454.8513595581,42476.28563976865,7.814685592140891e-06,0.7267911485359067,0.0016255605,4118,-1610.575610851151,-204.92076501461602,-126.41155315104888,288.85389105828153,-190.16146828445352,0.5553357192053431,107.72946480164018,-112.5989901129864,70.45764425896789,-19.90144873801221,-22.803562521837033,44.3580397472959,-42.17540749538447
UoBBG_29.08.2024_20240828_215300.WAV,518.41797,1.7896087609352087,132835.95052010284,42474.95088470955,7.892560196894142e-06,0.7267197031212865,0.0016311001,4111,-1544.3517527512581,-186.5249157392504,-103.50538481519123,261.1735698578553,-185.2352367792795,6.80589777151571,106.10273973643173,-111.13383742372729,63.44352174336835,-13.93916969046246,-22.38250704999414,41.37889723439393,-40.09442585811124
UoBBG_29.08.2024_20240828_215400.WAV,521.1863,1.9459101490553132,132686.5958035968,42478.827274788186,8.559826627671755e-06,0.7268289020414125,0.0016295267,4121,-1491.9571465362199,-172.30199749401305,-88.28018197078553,239.46877748432956,-179.21026992787213,12.343552332231713,102.6460849033665,-110.61930848495683,59.79446970803863,-8.720414903980101,-23.277767982506145,38.2004034433217,-37.339037923807346
UoBBG_29.08.2024_20240828_215500.WAV,518.1848,1.7961504829377162,132902.75540032797,42475.86900867001,7.814301075786088e-06,0.7267746313772478,0.001631053,4101,-1586.8564886913719,-198.39744611107002,-117.7915662350294,279.1159319380164,-188.80999487871628,2.5839910926038123,107.49088131991152,-111.8590616853781,67.72302302993214,-18.008865575081114,-22.518260672239197,43.54134492444125,-41.53344827977939
UoBBG_29.08.2024_20240828_215600.WAV,518.65,1.792333097698105,132262.08253653013,42472.66707767537,7.962945702278892e-06,0.7267620984512398,0.0016233823,4091,-1643.436838247065,-214.20196001312613,-139.84536161673927,302.5629908382432,-191.29764343087245,-1.908724278972075,107.57253023674511,-114.23598072035463,74.6454011785057,-22.073481101614558,-23.290684230019348,45.188834797115746,-43.27355059291126
UoBBG_29.08.2024_20240828_215700.WAV,518.6312,1.9459101490553132,132515.93466445993,42472.30708790196,8.119695377760026e-06,0.7266325141854155,0.0016258227,4120,-1650.351464974696,-216.3105547183825,-143.10896467795203,305.6106816309426,-191.41000679737763,-2.2969613025605478,107.36391101760833,-114.74907956668208,75.72598622558357,-22.46600750072145,-23.460723685868018,45.25931055177684,-43.417951628330975
UoBBG_29.08.2024_20240828_215800.WAV,528.876,1.3394515210877267,132607.96749224077,42476.45173029661,8.504008177174416e-06,0.7268158662510893,0.0016281181,4094,-1597.8880591922648,-201.33589900561392,-121.67713921085593,283.516989924789,-189.43735889781775,1.64709989212646,107.64637664361123,-112.1961580715753,68.94599047371098,-18.89315702484836,-22.651116836118106,43.99518879024203,-41.886133180061385
UoBBG_29.08.2024_20240828_215900.WAV,518.3358,1.7445084472927213,132212.45805777682,42476.47015434607,7.784273334064896e-06,0.7267760626064526,0.0016226434,4126,-1611.3586453071714,-204.9987836806356,-126.5478312925081,288.97255466212766,-190.14008206335143,0.5014927795016235,107.73637169314108,-112.61037572538318,70.50202289254341,-19.928607436353936,-22.829157782757107,44.41753859033689,-42.23087636561239
UoBBG_29.08.2024_20240828_220100.WAV,519.3739,1.9459101490553132,132185.554901738,42473.43430122288,8.089075310456034e-06,0.7267839537080132,0.0016223594,4088,-1631.9466398456077,-210.90040176763486,-134.96902442027286,297.6997158448414,-190.94393749876488,-1.0725171069861361,107.63041150535746,-113.57177670970101,73.15350804269814,-21.368065373213927,-23.119518280935758,44.90196483827444,-42.82246795374401
UoBBG_29.08.2024_20240828_220000.WAV,519.8716,1.6323973561141027,132655.33693085206,42473.21494714598,8.527300470789364e-06,0.7267605898582944,0.0016281866,4118,-1661.5715586891008,-219.59976693905415,-148.28326087110284,310.36311775894546,-191.6057445730003,-2.868231510479626,107.15243390998437,-115.60485453296882,77.2429008541634,-23.071260720206755,-23.46514692657464,45.39025863036643,-44.01799315194862
UoBBG_29.08.2024_20240828_220200.WAV,518.6655,1.7513634730341003,132461.03319138216,42473.45190089094,8.543959938613993e-06,0.7266838837093005,0.0016255204,4104,-1653.95584560351,-217.350806246682,-144.72170354395345,307.10956466218016,-191.47185593700834,-2.4924331782935143,107.2848324809293,-114.97179979821601,76.19002775829267,-22.710350796053792,-23.395126839144044,45.299033463166616,-43.68459846939371
UoBBG_29.08.2024_20240828_220300.WAV,519.5017,1.9459101490553132,132306.88333021014,42475.96811454196,8.576059522311476e-06,0.7268053834642122,0.0016235514,4121,-1665.3994765804664,-220.55648832909847,-149.80038015291672,311.692373791766,-191.62701940487563,-2.9535807245167063,107.01102165101155,-115.89444703124651,77.73572132723396,-23.22750784330236,-23.436899622600517,45.32826799827358,-44.19884489954147
UoBBG_29.08.2024_20240828_220400.WAV,518.99524,1.9459101490553132,132426.55005467188,42474.97760653151,7.742563597621e-06,0.7267463936118593,0.001625763,4095,-1510.0575437345105,-177.04202452593609,-93.21677715080051,246.75133867012437,-181.37948188373934,10.424019186055913,104.0209047998439,-110.79063260689198,60.830164983919815,-10.422089144062788,-22.89842632226895,39.29727264424546,-38.34047948110966
UoBBG_29.08.2024_20240828_220500.WAV,518.92444,1.9459101490553132,132397.28353978007,42474.961550907945,7.882918049146454e-06,0.7268774091068883,0.0016250239,4114,-1677.762568373123,-224.18489984818615,-155.7937850212838,316.8726463340259,-191.65979728223098,-3.454550616250234,106.68154956698918,-116.99681038512878,79.45074596775022,-23.74897125424459,-23.492333644586573,45.40545992571002,-44.76332868471308
UoBBG_29.08.2024_20240828_220700.WAV,516.1512,1.7679090964448876,132755.18091112195,42475.67839354698,7.726414038718218e-06,0.7268061184197496,0.0016292003,4114,-1584.4703823094378,-197.6545146522395,-116.84256441506292,277.99322945430896,-188.6252590403707,2.8205899399849987,107.47311737042787,-111.82608037222624,67.41909078914942,-17.72179758273974,-22.54320825659139,43.42556359778971,-41.39882142106738
UoBBG_29.08.2024_20240828_220600.WAV,517.5396,1.7928550292027365,132366.62429592077,42473.43158806359,7.914867529393033e-06,0.7267286386333479,0.0016243752,4087,-1667.815901384237,-221.2848737036233,-151.01031020679295,312.7492993260971,-191.6266862123984,-3.0968420076508796,106.98240868497473,-116.12581856795508,78.0718908266784,-23.29045747913051,-23.524487172599795,45.379199588778135,-44.24610456942869
UoBBG_29.08.2024_20240828_220800.WAV,518.48,1.9459101490553132,132871.10231969669,42474.21316520213,9.181645761443187e-06,0.7267294509526262,0.0016305613,4109,-1665.0888677390378,-220.69855512130633,-150.05389307925122,311.9516785108368,-191.6194032553246,-3.0790180784046393,107.05872624973239,-115.897084416463,77.77546581437096,-23.259253318225902,-23.486640054326458,45.418156178984226,-44.220873771845675
UoBBG_29.08.2024_20240828_220900.WAV,519.7545,1.9459101490553132,132610.63915474314,42474.882404813405,8.210298538679835e-06,0.7268341627757863,0.0016273393,4101,-1660.7324464934477,-219.34059909808823,-147.8596240829058,309.9866710898535,-191.57325157268752,-2.849031227647094,107.14810418363044,-115.50229889442096,77.14100283806766,-23.05534294876197,-23.46704556600546,45.37889240984598,-43.96031882652739
UoBBG_29.08.2024_20240828_221100.WAV,518.0569,0.6365141682948128,132473.5641894317,42474.106833759666,7.764109432616347e-06,0.7268390366914561,0.0016258472,4098,-1529.6663585789147,-182.3641586615275,-98.84594973503133,254.84396550228757,-183.6913703982225,8.407086576008929,105.3310741905446,-111.02368640026069,62.19742200702974,-12.361015695330025,-22.5470757232429,40.46079502870374,-39.38621884751759
UoBBG_29.08.2024_20240828_221000.WAV,517.4807,1.7980906515438566,132673.90829427494,42473.25651257334,7.941221819485573e-06,0.7267990396374673,0.001628177,4115,-1666.4688177131036,-221.05674402858273,-150.61833454695173,312.4477793013343,-191.62824525497388,-3.1122932648624517,106.99358263236515,-115.97163138662576,77.94245874626769,-23.33127182643638,-23.4756725891907,45.397243695437965,-44.22554244738189
UoBBG_29.08.2024_20240828_221200.WAV,518.19824,1.7542274394681547,132635.52235683656,42474.78277328711,7.88434332445046e-06,0.726624545720114,0.0016274381,4144,-1650.1590362031682,-216.26121227344834,-142.90980696280783,305.53356372094385,-191.5309842405914,-2.249622124837571,107.44504322715696,-114.76872854576692,75.67072615038974,-22.484584534731255,-23.384300977655162,45.280963416843065,-43.54535659522747
UoBBG_29.08.2024_20240828_221300.WAV,518.86383,1.9459101490553132,132485.900570264,42475.91551024199,7.799789287225572e-06,0.7268197344381289,0.001626376,4125,-1671.1504453437565,-222.2850045285052,-152.69987420287032,314.1617490201631,-191.58284474123028,-3.225462476279391,106.81885944637897,-116.40041107960288,78.59209353327853,-23.493546587807675,-23.507556450882525,45.404945417692424,-44.463739473459796
UoBBG_29.08.2024_20240828_221400.WAV,518.38763,1.7669594414853487,132355.6908605894,42473.98012818681,7.877303483613883e-06,0.72675037784451,0.0016240752,4122,-1678.2578889260144,-224.28780118728662,-155.97492315121463,317.04103044172734,-191.66673719262252,-3.500799371281641,106.70649670343592,-117.01422770662305,79.46983689913449,-23.775858143443678,-23.479688384668037,45.44541958917275,-44.8103556116033
UoBBG_29.08.2024_20240828_221500.WAV,518.81445,1.7286131424920164,132328.7835611679,42474.253901208904,8.511675611017476e-06,0.7267761786520637,0.0016238313,4096,-1669.170794293919,-221.7019450832619,-151.71783177939326,313.36195443026804,-191.61436777495177,-3.194296389516735,106.9239158845343,-116.14013310515782,78.21150854878896,-23.46227705918724,-23.40275554371523,45.41979001605222,-44.40010230064749
UoBBG_29.08.2024_20240828_221600.WAV,517.6947,1.7897650365654416,132240.22762124037,42471.613936352434,7.775953068234262e-06,0.7267287159970887,0.0016223924,4112,-1667.115137959767,-221.09156678548874,-150.72483368521435,312.4972581630073,-191.59101265780768,-3.1569311701965113,107.04247322072347,-116.00202148201652,77.89290369796645,-23.261335380871873,-23.477816602822987,45.37593549932931,-44.22715871850947
UoBBG_29.08.2024_20240828_221700.WAV,517.78314,1.7911546418932305,132704.54888930143,42474.41265569908,7.890021780362035e-06,0.726863986497861,0.0016287414,4112,-1642.3013922035063,-214.0766052578123,-139.6489685248492,302.3697259519429,-191.28030463670973,-1.8819919513236527,107.56801747496637,-114.20324792933556,74.58709279394273,-22.028972649131234,-23.29209166713288,45.12194519171319,-43.199564392828854
UoBBG_29.08.2024_20240828_221900.WAV,519.40796,1.9459101490553132,132531.79772322875,42472.53331731819,8.21437130232699e-06,0.726660945360156,0.0016263584,4101,-1667.1385138214573,-221.18213848830362,-150.82700939545506,312.62019986656725,-191.62627529387785,-3.128664166925676,107.00233499148838,-116.03729517996577,77.9833767858791,-23.298648307054616,-23.482271913718986,45.35809687415912,-44.23957995128253
UoBBG_29.08.2024_20240828_221800.WAV,519.1327,1.7950725612777587,132798.2186855797,42476.01437856233,8.132112134045233e-06,0.7267904135803692,0.0016298199,4104,-1649.4072070009486,-216.17463709546138,-142.8194672546838,305.3888297219101,-191.45430645975574,-2.234253715968418,107.35754035193834,-114.66327464385805,75.63865211977384,-22.552340363550645,-23.305291003013025,45.26864692694763,-43.5727769442207
UoBBG_29.08.2024_20240828_222000.WAV,518.77783,1.7972146833902503,132733.25361933853,42472.94264982255,8.073093715541805e-06,0.7267639551810188,0.0016289741,4091,-1651.6557420343045,-216.75714616452703,-143.78970423604756,306.26404934416433,-191.46469538224,-2.3881746906389196,107.38064915230663,-114.8690449011664,75.89781291408514,-22.55596648990159,-23.4182661458769,45.29820066994269,-43.5837618020727
UoBBG_29.08.2024_20240828_222100.WAV,518.4317,1.7982855513477436,132844.92485004716,42475.447803880576,7.882698696686237e-06,0.7268020181414878,0.0016307175,4118,-1676.0492154202134,-223.84659729978972,-155.17990608971525,316.40956597552815,-191.69605002413618,-3.454542350104052,106.76741781804853,-116.87873046662787,79.26651317395395,-23.700547613368574,-23.50237269879503,45.42329949142433,-44.716187414800615
UoBBG_29.08.2024_20240828_222200.WAV,517.49164,1.792856181624134,133284.7904309366,42473.42654189278,7.960693863832894e-06,0.7267480956141567,0.0016359506,4109,-1670.6916371261404,-222.4520399778164,-152.85498551470752,314.4430333916591,-191.70682243420356,-3.294436465850866,106.92149215336016,-116.44594538541826,78.62051692440924,-23.520543371527125,-23.535046787897244,45.480655606030574,-44.49044467995994
UoBBG_29.08.2024_20240828_222300.WAV,517.8479,1.7931044110427086,132494.2970491617,42476.107109778175,7.88805512065854e-06,0.7267529695298265,0.0016263812,4104,-1680.2996430344583,-224.96887671922474,-157.14235637909596,317.94678160906454,-191.62128965771404,-3.50487711608572,106.5792216973188,-117.27715970099806,79.80557785671623,-23.81930599646151,-23.440078456456835,45.34034167892342,-44.93139595713063
UoBBG_29.08.2024_20240828_222500.WAV,518.2238,1.9459101490553132,132378.8945411421,42475.359232788294,7.878939881939294e-06,0.7266806344321872,0.0016248598,4090,-1654.0094891344734,-217.33122485716575,-144.68502297589907,307.081741464032,-191.4679412107809,-2.4890403510833803,107.26568849243566,-114.94783608540185,76.18726710296639,-22.716856208315523,-23.387347452226116,45.26737770173711,-43.650670105747885
UoBBG_29.08.2024_20240828_222400.WAV,517.1108,1.7914829134259291,132633.66103315976,42476.38916791971,8.033268220446942e-06,0.7268139708394399,0.001627711,4115,-1627.9005860836244,-209.9361680382827,-133.5235001774154,296.27157155787233,-190.83352393642613,-0.8569722064443425,107.6461931906604,-113.35360367445949,72.74226273129757,-21.215869160083965,-23.079462245532948,44.9017705505242,-42.77262895643678
UoBBG_29.08.2024_20240828_222600.WAV,519.68805,1.7222657156216468,132605.15091386257,42473.27039470268,7.812971531605505e-06,0.7267144810687832,0.0016277932,4109,-1642.8201991397689,-214.1704194610421,-139.81620049295984,302.5099861125096,-191.26139823423725,-1.900134370840027,107.51802851763344,-114.20512430982551,74.68025806229322,-22.10577501752554,-23.30697714868579,45.19866152320575,-43.25902746436974
UoBBG_29.08.2024_20240828_222700.WAV,517.2473,1.7940423526745763,132695.2988609364,42473.90379118442,8.356539142486199e-06,0.7267256988111979,0.0016287864,4120,-1659.2067519939383,-218.88227144602027,-147.11414492645673,309.31539633394016,-191.59157938738906,-2.714978762554994,107.19874943291828,-115.45663952356902,76.95186088808218,-22.932165996044183,-23.492346474022664,45.37048052480184,-43.902535735680374
UoBBG_29.08.2024_20240828_222800.WAV,517.8613,1.7951137172588678,131957.07840227886,42472.934168910586,7.96874724529039e-06,0.72676113140448,0.0016190611,4111,-1674.1513040232635,-222.97739291758745,-153.86859175930442,315.1834575369041,-191.57525311855102,-3.3831130986,106.79829751414943,-116.58754113828796,78.85946411295023,-23.550812443916648,-23.51228380555003,45.37888432538189,-44.546748257738315
UoBBG_29.08.2024_20240828_222900.WAV,517.7267,0.6917614988524178,132592.6081809774,42474.0072728512,8.072662340819454e-06,0.7267904522622396,0.0016284775,4129,-1553.249949127383,-188.8801135708245,-106.30019435121035,264.78741084868034,-185.99316277761852,5.866366153936416,106.48592604837538,-111.22143588389882,64.19955406243204,-14.762594418479129,-22.38021072722325,41.84559736556551,-40.39354411560182
UoBBG_29.08.2024_20240828_223100.WAV,518.49207,1.7901653587248287,132652.77452806837,42476.06171928875,8.558078613973914e-06,0.7267579981729779,0.0016271408,4105,-1654.5732113415465,-217.60016338121017,-145.03004921746833,307.45228294084404,-191.5581243643137,-2.4977392029760797,107.30022440835711,-115.06303672908616,76.3017502916042,-22.76688935746403,-23.367291353150677,45.310915559000506,-43.77276526839436
UoBBG_29.08.2024_20240828_223000.WAV,517.84705,1.9459101490553132,132438.83634929045,42472.75599357425,7.933705264901049e-06,0.726648219024796,0.0016255805,4126,-1664.9566615128283,-220.51477632530543,-149.7723540889674,311.67392773324946,-191.58490400122093,-3.049483731665814,107.05230716902715,-115.8315483045485,77.66808534184054,-23.19387432589105,-23.481623546095587,45.33759500205901,-44.11246315870475
UoBBG_29.08.2024_20240828_223200.WAV,518.5588,1.7944155966055746,132393.29473731457,42472.41277836982,8.772255830580228e-06,0.7267203220312128,0.0016247253,4111,-1668.7924186722194,-221.56991380803038,-151.50073596693437,313.1817788033727,-191.6182667570851,-3.173014814261149,106.94470355729648,-116.14581729534726,78.18504861966223,-23.397438884177284,-23.471210432441765,45.41770773448891,-44.35924139271256
UoBBG_29.08.2024_20240828_223300.WAV,518.60815,1.7926350521085521,132703.3861774261,42475.50158560486,8.749710685651357e-06,0.7267941657217976,0.0016283455,4132,-1663.666081405578,-220.24084582157704,-149.31600639378053,311.24309835893035,-191.5936048094713,-2.9225549809454066,107.03609388707929,-115.79846260027561,77.58836423976798,-23.18104743409742,-23.4524700068399,45.35936900131692,-44.144047499172906
UoBBG_29.08.2024_20240828_223500.WAV,517.35925,1.755074174617961,132446.99444486585,42472.60079093328,7.761846787504871e-06,0.7266619510887864,0.0016252665,4122,-1656.330641317879,-218.00962261240915,-145.7230826581846,308.0471306620841,-191.54405171199784,-2.595026412212566,107.30258657232484,-115.20091816683268,76.45035351709276,-22.73223970152021,-23.418327548028405,45.25250597516856,-43.7468186392837
UoBBG_29.08.2024_20240828_223400.WAV,517.46063,1.7922260174293696,132321.88591943154,42473.24627218004,8.882632046519708e-06,0.72672786499594,0.0016238593,4126,-1665.6827975194292,-220.68240074697044,-150.12903938500773,311.93162788594765,-191.52672699957793,-3.098666560198746,107.00845565344106,-115.87137111892956,77.77278055941841,-23.24661101730246,-23.478775464289853,45.3855759302287,-44.22113450407176
UoBBG_29.08.2024_20240828_223600.WAV,518.6377,1.9459101490553132,132143.19984350246,42474.68808043796,7.890030589540189e-06,0.7268142029306622,0.0016211871,4122,-1666.4486671777597,-220.81864138444828,-150.2563218512814,312.076686378612,-191.61461150894908,-3.0250845893186473,107.03638437120227,-116.00513098108802,77.82933102030468,-23.1956159617139,-23.477049117212193,45.32003086985103,-44.21639743032734
UoBBG_29.08.2024_20240828_223700.WAV,519.09503,1.78369755285542,132210.9288001442,42474.33665300709,8.656754115237032e-06,0.7268049192817674,0.0016225561,4119,-1667.060595598932,-221.00507172033093,-150.61218786987203,312.39128168160477,-191.58594448754826,-3.1283417515824854,107.02453829103888,-115.98736138809481,77.89477994150593,-23.282800534156806,-23.460465776275047,45.37923205459755,-44.264406461879936
UoBBG_29.08.2024_20240828_223800.WAV,518.4223,1.7812756948036765,132506.31677003508,42476.00199151274,7.99316199191816e-06,0.7267664308207241,0.0016265991,4126,-1654.6798085700718,-217.52686371317932,-144.9296802061049,307.3322122730959,-191.5363020316222,-2.4624395619975634,107.27465946352906,-115.05735708696461,76.3084379667251,-22.76460120975581,-23.40124980068767,45.339727678623184,-43.74593053497302
UoBBG_29.08.2024_20240828_223900.WAV,518.4613,1.472896606509011,132174.89505490693,42475.60252069015,7.815285837158178e-06,0.7268283604952269,0.0016221917,4122,-1567.0990001096736,-192.56816907458565,-110.65693248473224,270.34512348400295,-187.16170280283924,4.578878783660286,106.92689443270318,-111.43342553087118,65.52762493613716,-16.069135326646574,-22.396632687382947,42.53578507736904,-40.85172673096485
UoBBG_29.08.2024_20240828_224000.WAV,516.6441,1.7772202147315144,132129.45438104295,42474.56395148248,9.222843792772166e-06,0.7268102186980115,0.0016215842,4123,-1661.9165510710616,-219.42935502122793,-148.03949584297413,310.1097691688456,-191.56857505211437,-2.8286554418546475,107.14943665731768,-115.60488698946057,77.20285614786043,-22.993957302346054,-23.514711583790067,45.35063737515982,-43.955249192621096
UoBBG_29.08.2024_20240828_224100.WAV,518.4143,1.9459101490553132,132609.5253869271,42474.896488997765,7.748380605225385e-06,0.7267182332102116,0.001627289,4115,-1676.128569525946,-223.78811102280054,-155.16629084612546,316.30089868528387,-191.63268302956976,-3.388096465767713,106.70633197451609,-116.92048890374099,79.2967562374358,-23.637927008755423,-23.549472752199325,45.36828454053894,-44.6392423909571
UoBBG_29.08.2024_20240828_224200.WAV,518.6078,1.7843887170074622,132494.28655022767,42473.95683447853,8.170506151614809e-06,0.7266758378802582,0.0016258736,4129,-1661.683580664456,-219.58772202608165,-148.3287956050649,310.3512478910023,-191.52699558952358,-2.9066652168344036,107.10833511057795,-115.55994765081344,77.24388529940296,-23.08162773984095,-23.454593097348383,45.36406994324014,-44.0087968674855
UoBBG_29.08.2024_20240828_224300.WAV,517.25977,1.7858385160873715,133054.9991689817,42477.00744202062,7.706075947428597e-06,0.7267608219495167,0.0016326596,4093,-1657.3732285892293,-218.52760232067374,-146.49961251388328,308.8130219733658,-191.62248449547099,-2.663309329367997,107.25454864626248,-115.34647410738472,76.76953023090685,-22.897816328870118,-23.45737811524197,45.35997129135525,-43.87672635371263
UoBBG_29.08.2024_20240828_224400.WAV,517.89514,1.793755126979709,132721.27220659118,42476.7495073126,7.893924965435241e-06,0.7268366384154915,0.0016291861,4121,-1666.8368965072304,-221.1331543112179,-150.7046899259873,312.53130923766656,-191.64318622925293,-3.104565822818166,106.98281605497516,-115.99368396837583,77.99676655848016,-23.395114098652442,-23.44642186230352,45.45074466827737,-44.326335886870275
UoBBG_29.08.2024_20240828_224500.WAV,517.3951,1.7900406533124902,132563.34246262666,42476.335976756694,8.052863263075227e-06,0.7267954809053909,0.0016268395,4130,-1628.9278542915074,-210.1624630122567,-133.80934361357825,296.60172996358205,-190.91376479421032,-0.8688818838402281,107.66232652343021,-113.45201842742108,72.87022964803623,-21.236874833311322,-23.1437551131998,44.92654856600109,-42.72738919072299
UoBBG_29.08.2024_20240828_224600.WAV,519.172,1.803773954763827,133162.26441532426,42475.69679041262,7.797871203150415e-06,0.7268403131931791,0.0016342174,4123,-1672.527316136629,-222.93990513821385,-153.64734893083593,315.10953504895207,-191.72235282298678,-3.2941376154439284,106.83356409040091,-116.61706562280425,78.88611555466969,-23.605013130757765,-23.519081140607028,45.463158319870395,-44.58665044507043
UoBBG_29.08.2024_20240828_224700.WAV,517.56995,1.783396172811152,132583.95166818422,42474.027176133226,8.202966268730059e-06,0.726710651563614,0.0016269668,4126,-1642.5795055243093,-214.1428065361181,-139.7615159619327,302.4582229554926,-191.27601109190766,-1.8662021551375005,107.52999539033596,-114.21581699708939,74.62965627687306,-22.06271976483527,-23.254309333145596,45.108639795799455,-43.25016339041826
UoBBG_29.08.2024_20240828_224800.WAV,518.6116,1.9459101490553132,132049.40397988114,42472.734656531116,8.344731437686157e-06,0.7267844178904579,0.0016203772,4116,-1672.8430779041798,-222.57911704184735,-153.12455748616426,314.5941970469344,-191.67004036730006,-3.253773235903917,106.88395559153804,-116.54440864456434,78.6759739923009,-23.461273698647446,-23.5290333423021,45.39283054587156,-44.48027106122369
UoBBG_29.08.2024_20240828_224900.WAV,517.8504,1.798113898037076,132738.80127015262,42475.1375887131,7.706621382707254e-06,0.7267759465608413,0.0016288606,4114,-1636.5099053403512,-212.4135503423347,-137.1372722356564,299.9518103126867,-191.1637812666725,-1.4951428029804632,107.67092972607925,-113.87312318876826,73.8228690204147,-21.712096893353284,-23.199642192510105,45.08887693971255,-43.104722877444225
UoBBG_29.08.2024_20240828_225000.WAV,518.53204,1.8003618691060543,132843.38310583125,42475.103922824324,7.882681357972906e-06,0.72675722453557,0.00163042,4102,-1662.3418758084354,-219.8955916012585,-148.69166387195904,310.7723753024116,-191.6415522576581,-2.908651408434163,107.12166639610645,-115.67964973555871,77.39361505918563,-23.11728793057739,-23.46923030304971,45.33927149233152,-44.024792849356075
UoBBG_29.08.2024_20240828_225100.WAV,517.43604,1.7706268893175972,132593.86626425115,42473.85924037434,8.212314244499473e-06,0.7266693006441615,0.0016271782,4089,-1651.0414442870567,-216.5480658811066,-143.43610985075446,305.947122592685,-191.46760098203123,-2.328698906118263,107.38142177540482,-114.80395387141752,75.79884833904958,-22.546013125816277,-23.374251017288053,45.28010349863117,-43.583584196099935
UoBBG_29.08.2024_20240828_225200.WAV,518.4096,1.7277030666897206,132639.83229424682,42473.90661092598,8.624534422941047e-06,0.7267350985057038,0.0016283228,4109,-1659.0853679780134,-218.92270198878774,-147.23252487654477,309.3529942564748,-191.52031356302777,-2.7109858659715256,107.10059873775965,-115.40382409477479,76.97911996737781,-22.976893312254063,-23.44303874782149,45.304056584269,-43.86496918742335
UoBBG_29.08.2024_20240828_225300.WAV,517.4964,1.7850918855994637,132935.3774600143,42474.51516259055,8.125870165330132e-06,0.726822983715242,0.0016315256,4115,-1653.430705232699,-217.40726705299767,-144.79525021047945,307.19492812711917,-191.49978249615845,-2.517043045927835,107.34893970237457,-115.00486816964445,76.12208522573944,-22.63681642793493,-23.337737633400323,45.18722355389488,-43.677401174521826
UoBBG_29.08.2024_20240828_225400.WAV,517.17957,1.7936429171861152,132942.03280038486,42472.85357995768,8.261280472222508e-06,0.7266374654648261,0.0016308788,4108,-1672.7847257034148,-222.9370339985129,-153.6784820676794,315.10198798041654,-191.69526600527396,-3.3047267501331654,106.86620012195857,-116.66643780835186,78.86256250674555,-23.513543343999604,-23.55987172385264,45.422432829351756,-44.54155164915464
UoBBG_29.08.2024_20240828_225500.WAV,518.8047,1.7894607740612372,132381.7759420122,42475.03050968282,8.104987494493444e-06,0.7267687130510774,0.0016245584,4105,-1620.9899379674066,-207.8802274097481,-130.59230164055754,293.2540643845934,-190.5588066172497,-0.33245516198504255,107.69877722379805,-112.99225143687934,71.77809228448982,-20.703639290112008,-22.954701510400895,44.69380400101016,-42.52891882988748
UoBBG_29.08.2024_20240828_225700.WAV,518.6559,1.7599386196343307,132697.1977578523,42474.42805026852,7.81695221798804e-06,0.7267762560158045,0.00162944,4115,-1637.2448491743821,-212.56577300577342,-137.3944557437053,300.164860362892,-191.14971811044623,-1.5151254612589469,107.62664968709964,-113.9012941268053,73.91826356967785,-21.745961683681927,-23.23901874612222,45.099894856169854,-43.04674753077117
UoBBG_29.08.2024_20240828_225600.WAV,519.409,1.9459101490553132,132886.5650530057,42475.441667946696,8.437277024532924e-06,0.7267968734527251,0.0016306812,4103,-1657.5234809309102,-218.53373867938623,-146.56744802963416,308.8123695618195,-191.56021169395052,-2.666011714552894,107.2037726849334,-115.3239261244914,76.7740532597618,-22.903009925858736,-23.438909612179195,45.33714612619983,-43.872469192197435
UoBBG_29.08.2024_20240828_225800.WAV,518.07434,1.7422169476260838,133142.7888717606,42473.84611474417,7.68037014914504e-06,0.7267414036505783,0.0016336315,4117,-1668.935076408947,-221.93919341430407,-152.0273704595594,313.67688971195645,-191.68047817419813,-3.168490172833251,106.9310893042039,-116.32520218934201,78.38393765100845,-23.39497281520267,-23.519093035580166,45.373454574918036,-44.358050834751204
UoBBG_29.08.2024_20240828_225900.WAV,517.9749,1.761299790448649,132794.0429104911,42471.56205394935,8.009724795438195e-06,0.7266927805394914,0.0016297159,4116,-1667.816940203965,-221.48168520928687,-151.28801816854752,313.06614970197495,-191.66059930735938,-3.220209451835671,107.04459734236846,-116.09890468756899,78.046497601766,-23.330689896874887,-23.450330154361655,45.35448656505335,-44.28892998211633
UoBBG_29.08.2024_20240828_230100.WAV,517.8621,1.597272188898846,132529.19599468927,42475.65254351971,8.234022702146272e-06,0.726816137024182,0.0016265204,4106,-1647.75915961116,-215.55776308228525,-141.98109416626357,304.5323362373797,-191.34476273864698,-2.155283274365351,107.40017020080629,-114.56002060675017,75.39174349146933,-22.38271438672998,-23.390767176111666,45.283858359401066,-43.44709019862607
UoBBG_29.08.2024_20240828_230000.WAV,517.0277,1.7576019904893885,133168.61303820377,42475.67870634793,7.813371058495141e-06,0.7267007103229225,0.0016334236,4096,-1668.8395527647792,-221.98653106658867,-152.12267077624577,313.7500387913149,-191.64327622662458,-3.2112426001864787,106.88823704724754,-116.26344050210852,78.39800407403615,-23.465140686803675,-23.47083468896214,45.369536502228875,-44.370266066150734
UoBBG_29.08.2024_20240828_230200.WAV,517.77734,1.7252721138883655,133065.4050770504,42474.32682358112,8.080013729248175e-06,0.72673080481809,0.0016334206,4121,-1675.2723516505735,-223.66950032029862,-154.93667260838043,316.14582815564773,-191.66404934969182,-3.381766709599056,106.7325498994891,-116.88331392689709,79.2754344190351,-23.672791749314314,-23.57675680273143,45.474008919618946,-44.68632778292458
UoBBG_29.08.2024_20240828_230300.WAV,517.64923,1.9459101490553132,132878.85523069455,42472.78553865598,8.898176484495056e-06,0.7266555298983007,0.0016309798,4109,-1663.8733184348175,-220.30842944140042,-149.48252214897374,311.3932237335318,-191.58173838116923,-3.0035909196111903,107.09621774588433,-115.83864906054984,77.5976885712521,-23.131470423436486,-23.528422004398855,45.38265408152413,-44.099512138743236
UoBBG_29.08.2024_20240828_230400.WAV,589.5945,1.9459101490553132,132871.17566109876,42472.694865648744,9.397082579203968e-06,0.726715254706191,0.001631249,4105,-1497.5405545068259,-173.9089596610619,-90.02634847272172,241.9959919192944,-179.91048096995672,11.584081234953535,103.17717656918677,-110.6225610541748,60.05182848506303,-9.276215512181029,-23.120079471707268,38.57258273435197,-37.69669765071106
UoBBG_29.08.2024_20240828_230500.WAV,518.3032,1.7471930313416106,132602.84239741554,42474.02407417709,7.799296958605656e-06,0.7267589652197378,0.001627641,4102,-1576.5650513921019,-195.41917371625973,-114.13329685884025,274.6714987257402,-187.97841035728055,3.507039269168418,107.28634251361697,-111.58591464384037,66.50760311867671,-17.026210506194072,-22.4077214303611,43.05501864322429,-41.24169507342917
UoBBG_29.08.2024_20240828_230600.WAV,517.78375,1.7106326497795656,132457.53028139903,42472.751702647016,8.16517376307626e-06,0.7267923089920185,0.0016249849,4121,-1662.579899285954,-219.85483198725956,-148.6755086971791,310.72901186963264,-191.60405103690238,-2.9479230894452115,107.15183373024212,-115.64950711828068,77.31953507446816,-23.090715462280297,-23.44237027120506,45.34152211338334,-44.046736277562054
UoBBG_29.08.2024_20240828_230700.WAV,518.25665,1.9459101490553132,133172.08686031512,42475.56183842584,8.109876630687081e-06,0.7267696414159669,0.0016343787,4118,-1629.9409528751382,-210.69943187617673,-134.58255232671948,297.3958452738109,-190.9981955060011,-1.003198494124715,107.68612119789795,-113.58313675499258,73.0971339504793,-21.326421733701324,-23.167065379310742,44.959097950016044,-42.8223538414613
UoBBG_29.08.2024_20240828_230900.WAV,517.6339,1.7838034046244235,132894.34556194601,42475.11665737441,8.187378759546245e-06,0.7268182258451834,0.0016307086,4130,-1667.38137530231,-221.3874992148568,-151.20882971988652,312.900202504047,-191.59273642744873,-3.130299049754948,106.93673657416048,-116.10277042264481,78.11945987061554,-23.37319001691039,-23.45937628546946,45.397547999536414,-44.34497701383313
UoBBG_29.08.2024_20240828_230800.WAV,518.26483,1.795607228296476,133026.15750393772,42474.4056560956,7.710323221113154e-06,0.7267299924988116,0.001632953,4113,-1667.0459311790094,-221.31431232463515,-150.98268262748405,312.789363169848,-191.66498671675572,-3.130215815217192,106.99819707356598,-116.0768487411845,78.08382121104518,-23.401213682561703,-23.489230991197847,45.50558419482142,-44.364704419266324
UoBBG_29.08.2024_20240828_231100.WAV,518.1294,1.7234637120330234,132711.83142970948,42474.28893829766,8.172109479095927e-06,0.7267381930553355,0.0016292109,4112,-1677.3846743749082,-224.16626501229428,-155.82641965333084,316.84521750907504,-191.63042086763807,-3.4193071939095865,106.67115414468942,-117.06447976539935,79.47482550070212,-23.675746904056624,-23.53464458389519,45.366138141574304,-44.75231530604712
UoBBG_29.08.2024_20240828_231000.WAV,519.2552,1.799563251847628,132612.48126216524,42475.406742126455,8.336504489341508e-06,0.7268014765953023,0.0016278989,4105,-1648.0642868085479,-215.70307582934112,-142.18309488755105,304.74207621026255,-191.35342312599352,-2.203889432749626,107.37475731961729,-114.53013985585751,75.43019113414478,-22.450090914221448,-23.348368023832236,45.27232542810142,-43.45727106674971
UoBBG_29.08.2024_20240828_231200.WAV,517.70593,1.770599081745347,133332.02475319235,42474.799618752615,7.996658648946614e-06,0.7268571784886715,0.0016353852,4118,-1665.0493940194451,-220.93154512964563,-150.24831087962102,312.1962423148621,-191.740703681081,-2.9975091263360736,107.04370576391426,-115.99740565988498,77.86523948183329,-23.268140097251294,-23.455785288572137,45.32903028818197,-44.17534361138036
UoBBG_29.08.2024_20240828_231300.WAV,518.7212,1.7964279473269038,132835.759907889,42474.43226973315,8.3187604406595e-06,0.7267724651925057,0.0016295359,4122,-1663.193111450238,-220.2032889836159,-149.22293067767467,311.20265046074286,-191.60680233781656,-2.9592044002761844,107.06241689804527,-115.7408410835824,77.5243773385246,-23.167075186588008,-23.446290174471034,45.316044455466034,-44.05577208669161
UoBBG_29.08.2024_20240828_231500.WAV,518.4746,1.791506097283643,132803.60067666584,42473.400731855116,7.717083237257494e-06,0.7266994725030698,0.0016297039,4143,-1664.2357798143462,-220.39745682010346,-149.48231811453377,311.46354072503254,-191.68616417688173,-2.926831001098213,107.09749673269383,-115.89185375333972,77.65242429364882,-23.183070743324503,-23.4993970735692,45.42309493546062,-44.160731973589186
UoBBG_29.08.2024_20240828_231400.WAV,518.5815,1.9459101490553132,133221.55089397292,42473.13799767009,9.664962072030194e-06,0.7267453105194882,0.0016348686,4099,-1656.2098802012308,-218.25121550787767,-146.05006125233945,308.41621984308114,-191.61016402260736,-2.636831392129562,107.29924184921255,-115.28027032696512,76.63197432976284,-22.82358448475045,-23.499019867757067,45.380735565718936,-43.80220553793949
UoBBG_29.08.2024_20240828_231600.WAV,516.52734,1.795420791329695,133187.40971594618,42476.060409577694,8.355502499385462e-06,0.7268945451754734,0.0016349399,4104,-1634.4987451999648,-212.00614763617926,-136.55558061772658,299.3267102215557,-191.0873522467714,-1.3408226634843063,107.5825669530424,-113.78144492298594,73.71736199545205,-21.66985054209114,-23.200562625455362,45.05395551826068,-43.00201562975886
UoBBG_29.08.2024_20240828_231700.WAV,518.67725,1.779856803173033,132867.64013476996,42473.99651801109,7.690480779343142e-06,0.7267932760387784,0.001630501,4108,-1639.6608774314552,-213.3678050315226,-138.46879501801013,301.3026730024583,-191.31647015776534,-1.636571621382749,107.60954879891298,-114.08686143637246,74.2808795420007,-21.917354079288923,-23.248401383920864,45.12710301461265,-43.1428094725334
UoBBG_29.08.2024_20240828_231900.WAV,518.1925,1.7960250933850743,132795.88626664848,42474.23902709948,8.327563847328133e-06,0.7267937402212231,0.001628906,4096,-1664.6550654360353,-220.57370314945933,-149.81266251165334,311.7016718311832,-191.63641350409497,-2.9407456942947947,107.01965555370225,-115.92335722906296,77.75511478944772,-23.21578778448934,-23.4931258126661,45.38396063377899,-44.1450504809768
UoBBG_29.08.2024_20240828_231800.WAV,516.8456,1.7613074793534071,132818.14261818002,42476.7906759172,7.978578599691409e-06,0.7268894004867108,0.0016302436,4118,-1661.9029679375953,-219.77155395887908,-148.55921738030594,310.57424211372495,-191.57233901034158,-2.8746917176192457,107.08194354120592,-115.64951936618469,77.37235918571434,-23.11969033077244,-23.47320600465088,45.374265345209125,-44.047289878869584
UoBBG_29.08.2024_20240828_232000.WAV,517.8274,1.7856072531382465,133049.7026333013,42475.976890820966,8.579884025375332e-06,0.7266799381585202,0.0016333638,4131,-1664.781107288823,-220.65349284249402,-149.98169009138385,311.84116167672454,-191.61805258945932,-2.973740341458498,106.99446009486975,-115.92982075461585,77.82606135462058,-23.271457311440813,-23.502182918242713,45.43217706704507,-44.20674640550863
UoBBG_29.08.2024_20240828_232100.WAV,519.55457,1.7905556181956879,132973.0743536439,42476.31942924836,8.823283769589573e-06,0.7268215524860374,0.0016325475,4116,-1669.6987262163016,-222.05375503328182,-152.2295993146734,313.8335716339677,-191.66444239623817,-3.1722962959479637,106.88338883200554,-116.34988043586982,78.4884372374846,-23.48467115281312,-23.50997022314748,45.459581910968204,-44.467115173219575
UoBBG_29.08.2024_20240828_232300.WAV,518.3705,1.7900018357652683,132952.31045518737,42474.99161590086,8.098708758115295e-06,0.7267972215895587,0.0016321898,4113,-1645.0419387290465,-214.99957603070422,-141.01732365154558,303.68699189150095,-191.3583615056938,-2.0373298145973786,107.45786110699225,-114.36430015057854,75.03083134080116,-22.293994167079667,-23.24784038158172,45.179532977246964,-43.39416148549629
UoBBG_29.08.2024_20240828_232200.WAV,517.2374,1.7983014959344963,133173.9037989179,42476.42276654324,8.012050233972275e-06,0.7268060023741385,0.0016348137,4104,-1665.9666624221081,-221.08167748751765,-150.64070147745946,312.4409782992263,-191.64006579572703,-3.035474539823514,106.96091186096719,-116.04766058013631,78.01288753837393,-23.31873634828859,-23.500290537290237,45.387555647240234,-44.2318182487561
UoBBG_29.08.2024_20240828_232500.WAV,518.97687,1.9459101490553132,132909.23304680974,42474.773120623846,7.801655152619845e-06,0.7267446529276915,0.0016312354,4135,-1666.8136184180953,-221.18077904030775,-150.80324484673054,312.61066035263235,-191.66061391164112,-3.095305788807517,107.0247957846311,-116.08454125307243,78.00125142272428,-23.297485924347832,-23.49203790245232,45.40180263484693,-44.28698288504432
UoBBG_29.08.2024_20240828_232400.WAV,517.77527,1.7895527059301186,132601.07454075236,42474.3032147854,9.134887206619566e-06,0.7268165625247563,0.0016270507,4083,-1665.5381445334078,-220.75760323711498,-150.21496457330417,312.02342615239047,-191.55149652819193,-3.085092089089445,106.99449279563862,-115.89351808066321,77.81607776304125,-23.26783639744277,-23.48388483695754,45.38531995283742,-44.19517696257916
UoBBG_29.08.2024_20240828_232600.WAV,517.5204,1.7632276004748755,132521.4885200456,42473.2897663294,7.797822720858218e-06,0.7267232231714925,0.0016267032,4122,-1668.7861791438113,-221.5872421033069,-151.47437230992676,313.18086616415286,-191.67392989413676,-3.139128853039501,107.02150234435298,-116.23977854800226,78.14461296374371,-23.28301603982242,-23.48408177432837,45.324632748642856,-44.29639991150745
UoBBG_29.08.2024_20240828_232700.WAV,517.68604,1.7628132687214901,132630.75260683536,42474.11727658668,7.903287532905638e-06,0.7266824524800959,0.0016277884,4104,-1663.4168778492929,-220.10767090475298,-149.13653466084497,311.0876656738345,-191.579150148354,-2.9558175621297553,107.09381674719802,-115.76442877729329,77.49738642421381,-23.12956249485857,-23.469092456541784,45.37081046797099,-44.137769781064705
UoBBG_29.08.2024_20240828_232800.WAV,518.2018,1.785338060121097,132965.35679673197,42474.70043386504,7.707048807790582e-06,0.7267933534025192,0.0016319945,4134,-1673.6621248919387,-223.18669549884046,-154.1201745662953,315.43432340529296,-191.67017321628268,-3.292642952217246,106.7865454397684,-116.75174727858061,79.01842835078395,-23.570868476273304,-23.543920261469136,45.414195903737664,-44.60140007516521
UoBBG_29.08.2024_20240828_232900.WAV,517.5994,1.779366561026313,132621.59536878872,42474.579264661894,7.856682200493992e-06,0.7267694480066149,0.0016275375,4115,-1672.496027030242,-222.71105041779506,-153.35854315898382,314.77019478844875,-191.64846895488702,-3.247685293370928,106.82410788338233,-116.5868035689833,78.78021064378211,-23.497660663054052,-23.530364946306758,45.37581377231772,-44.497213580784994
UoBBG_29.08.2024_20240828_233000.WAV,519.3364,1.798087004125512,132273.06358701637,42472.87567245473,7.902085967006947e-06,0.7268194249831657,0.001622598,4107,-1665.0152601734367,-220.4826908418511,-149.7449851706182,311.6045210459443,-191.57568285211568,-2.993281236761563,107.0312009948881,-115.84086061995887,77.64390298069473,-23.185622439673338,-23.436013716405114,45.315331626423315,-44.125692188258
UoBBG_29.08.2024_20240828_233100.WAV,519.15784,1.7967099854767319,132741.69868338614,42475.289499062696,8.452393728140353e-06,0.7268994577730136,0.0016297338,4129,-1615.8588302757205,-206.47512439417335,-128.6512725842769,291.1983133229819,-190.34411387337835,0.04363621856573233,107.71310282783598,-112.78343343150873,71.16943324603712,-20.352455593285214,-22.916541328517784,44.60771096160496,-42.380972182396874
UoBBG_29.08.2024_20240828_233200.WAV,519.66876,1.7817003120864001,132706.2699149895,42472.56195350008,8.118827001704503e-06,0.7267352532331854,0.0016291399,4090,-1639.2616273934468,-213.19643667071347,-138.4262943299366,301.11381599900153,-191.12353421029005,-1.7223513023180743,107.55902480880683,-113.97916615715272,74.2208266353483,-21.911227642715392,-23.266836421692922,45.17208717935018,-43.16168486935306
UoBBG_29.08.2024_20240828_233300.WAV,519.19055,1.7914916782200925,132975.26249490498,42476.26552276542,8.227770075910382e-06,0.726732468138517,0.0016326325,4121,-1655.9134737910497,-218.06430984446305,-145.85118621858234,308.1142437262077,-191.49602833969146,-2.5586734104403592,107.1684434809587,-115.19308355738431,76.62169626751823,-22.8716090073075,-23.45242153918464,45.374625392445076,-43.81682722330024
UoBBG_29.08.2024_20240828_233400.WAV,518.6105,1.8030763080323922,132464.52148619923,42473.38099789238,7.81173496233719e-06,0.7267000140492553,0.0016260936,4105,-1674.628229305248,-223.32918046281424,-154.40879413009984,315.66021974526535,-191.59444071541688,-3.4121240177043237,106.75075552851328,-116.66383906474702,79.02199160883798,-23.66341061188975,-23.470713512805926,45.43570899606776,-44.66432221219267
UoBBG_29.08.2024_20240828_233500.WAV,517.9806,1.7915658872183688,132476.53539912493,42474.932194876026,7.7615491372438e-06,0.726775907878971,0.0016262671,4111,-1620.6100447616525,-207.79039692335752,-130.54293850656518,293.158084359943,-190.49502447034885,-0.36888978553021873,107.71700814340066,-112.96945659862313,71.71551375414714,-20.642737127358412,-22.97866223831074,44.6741745652316,-42.481047255808605
UoBBG_29.08.2024_20240828_233600.WAV,518.28143,1.799411315750478,132746.42863670658,42473.94836525962,7.73529733116792e-06,0.7266819882976511,0.0016291358,4136,-1669.8979978139885,-222.0771555806364,-152.24771543920053,313.8777865094799,-191.6752147340938,-3.2245552945099623,106.92390680008668,-116.29719521045713,78.40195722998641,-23.479442652750095,-23.447489724077077,45.41500532487717,-44.443915178140166
UoBBG_29.08.2024_20240828_233700.WAV,518.4604,1.7973594087686064,132844.75812492552,42474.11142373187,8.265334430745868e-06,0.7267923476738889,0.0016304612,4111,-1645.19650448308,-214.97003335795677,-141.05890028082845,303.6790503886507,-191.321708245755,-2.0452924614638857,107.45644851443481,-114.39189452620829,75.06715455812939,-22.29167526337645,-23.313398916882786,45.26749073766269,-43.409807753912595
UoBBG_29.08.2024_20240828_233800.WAV,518.9757,1.9459101490553132,132672.33972166252,42476.8541769278,8.698999911997303e-06,0.7267647288184267,0.0016285359,4140,-1642.564070889313,-214.1209081117549,-139.718215805787,302.41252125109645,-191.2791248989478,-1.8196257686776378,107.47196543658598,-114.18999785796787,74.67519996689245,-22.150273687157632,-23.221626006140777,45.16533863777517,-43.31074164545226
UoBBG_29.08.2024_20240828_233900.WAV,518.01086,1.7983024980878513,132915.32430338775,42475.0202864941,7.7800288911709e-06,0.7267865840752,0.0016314534,4089,-1670.517662412178,-222.26090605922835,-152.5966808884634,314.1404116639007,-191.6584493645411,-3.2065199973136753,106.86237986500541,-116.40052027773963,78.56425620946418,-23.49896812242068,-23.508160793426814,45.43320325180843,-44.448171266895436
UoBBG_29.08.2024_20240828_234000.WAV,518.4933,1.7962719122247288,132903.6426292938,42473.108504925054,8.261883192580113e-06,0.726697345000198,0.0016314377,4103,-1622.2989575932527,-208.40738583520147,-131.34065035687297,294.05455188528146,-190.65636512888486,-0.4875852136305814,107.73490266326692,-113.10224452717021,71.99822618037285,-20.79367887008393,-23.023162445089415,44.7548669653238,-42.536976277582426
UoBBG_29.08.2024_20240828_234100.WAV,517.7726,1.782604143282378,133036.15228407184,42474.555004779315,8.721720204188733e-06,0.7266884481700071,0.0016328488,4103,-1670.1738289169443,-222.27705379553012,-152.62108016508782,314.14637063963033,-191.63823025106788,-3.1992633663278403,106.82475017452641,-116.38971243696767,78.59301180019987,-23.52584373291506,-23.50017074381133,45.436921428755795,-44.4656491185168
UoBBG_29.08.2024_20240828_234300.WAV,518.5964,1.7178839035430156,132580.2116402107,42474.39127064487,7.761601326342297e-06,0.7267771070169532,0.0016262128,4122,-1659.6572323204912,-219.08989365803424,-147.38853109804154,309.58833831073986,-191.6128038725666,-2.752133687084029,107.17517948331422,-115.44396094595874,76.9755918679067,-22.982558915933545,-23.395975082972125,45.2744396666013,-43.90575483397209
UoBBG_29.08.2024_20240828_234200.WAV,518.3166,1.7957341196664702,132511.37154470818,42475.70524831448,8.074630969455382e-06,0.7268025210058029,0.0016258749,4098,-1666.7735839722425,-221.0877851776824,-150.6624027234777,312.4445255786381,-191.63509338878112,-3.020677877909755,106.94854972607243,-116.0412558339495,77.9829307883418,-23.305158028505033,-23.438082546994956,45.31534947688298,-44.245795987863325
UoBBG_29.08.2024_20240828_234500.WAV,520.38776,1.671049602161151,132927.84312990992,42477.7261354919,7.97270169632099e-06,0.7269278115840133,0.0016319028,4121,-1665.0770338004572,-220.74824318736066,-150.0809572569306,311.9455505801623,-191.63260964040848,-2.984235511261784,106.98251057717926,-115.90720478212499,77.80874962453498,-23.29678963057911,-23.401706037320164,45.33386571080073,-44.240420677089084
UoBBG_29.08.2024_20240828_234400.WAV,518.63403,1.7831273447702343,133107.02568178708,42475.06198517231,7.737308013291358e-06,0.7267208635773984,0.0016333604,4111,-1665.3717436130914,-220.88302651503528,-150.28959779579895,312.18238240103625,-191.6736183852513,-3.0431729129093457,107.04451672741634,-115.99280704097202,77.87627694464788,-23.267936619419242,-23.49363606848414,45.397513296177955,-44.235787251103496
UoBBG_29.08.2024_20240828_234700.WAV,517.71954,1.7953514771906762,132962.241781123,42474.92541888587,7.741475527594295e-06,0.726761440859443,0.0016318862,4124,-1676.6125469185838,-224.0709787968417,-155.59815710536267,316.69213298117813,-191.66830514071805,-3.4262637102188775,106.73116804721357,-117.02056298159117,79.38073602247547,-23.661722594080842,-23.510752654789684,45.37626448589362,-44.75288687313264
UoBBG_29.08.2024_20240828_234600.WAV,517.9313,1.7998515081745994,133214.34621010575,42474.48647426129,7.725144971368455e-06,0.7267501070714173,0.0016348273,4115,-1658.6180001889259,-218.9666026392094,-147.15065469878485,309.3829545486716,-191.63628206784102,-2.6785640248581504,107.16676117888645,-115.4547330125669,76.99239176577294,-22.991125861064276,-23.457287105776114,45.37362241720212,-43.915391711142036
UoBBG_29.08.2024_20240828_234900.WAV,517.36017,1.7896164182591168,132970.39925347714,42474.20370199173,7.71210916402131e-06,0.7267925024013705,0.0016315326,4127,-1660.2248542838208,-219.3643601178923,-147.89552172303033,310.01264585103104,-191.59209410697494,-2.8151463464540134,107.14650469430748,-115.538746530778,77.14017505471489,-23.024578804937462,-23.44407139393415,45.331336152828605,-43.973659312633785
UoBBG_29.08.2024_20240828_234800.WAV,517.6742,1.7729360202346078,132700.89100372605,42474.259910175584,7.755596300399416e-06,0.7266815627970767,0.0016279867,4091,-1685.9096451560479,-226.6419922303752,-160.00281808891947,320.3119660733718,-191.63153605806144,-3.622160326347955,106.43249716234514,-117.92015112201173,80.61310757814931,-23.996301590295808,-23.460460144135848,45.38450678186434,-45.225620460898
UoBBG_29.08.2024_20240828_235000.WAV,519.2537,1.7974982169536702,133345.9562067643,42475.804091980615,7.949416850331716e-06,0.7267544394409016,0.0016366449,4098,-1656.4663812435215,-218.40731105049335,-146.27277767675844,308.61914614817624,-191.63057977935438,-2.6251167039421466,107.25137645606267,-115.28853579514957,76.68591997780533,-22.885258809445983,-23.417399919097107,45.31984017687235,-43.823896046194186
UoBBG_29.08.2024_20240828_235100.WAV,518.6565,1.8004335122581274,133248.84065101715,42478.3646389915,7.846258620456584e-06,0.726798227318189,0.0016355305,4101,-1663.5048064655189,-220.4008809903513,-149.36275659361974,311.4188899434473,-191.74761882499214,-2.8515278117856755,107.01600805210448,-115.81987249016453,77.6782408563917,-23.301271932189223,-23.395897246773924,45.3820708954244,-44.178496979261375
UoBBG_29.08.2024_20240828_235300.WAV,518.3508,1.7994379678487262,133123.97896263536,42474.505231514195,7.735757487014048e-06,0.7267006329591816,0.0016336838,4104,-1643.896548407691,-214.68428496937167,-140.51881997660416,303.25806128207756,-191.3881935096737,-1.9977840104087465,107.57638926945124,-114.35157344169032,74.86405671716543,-22.191509030921136,-23.284295288751576,45.22905870529543,-43.37650073292621
UoBBG_29.08.2024_20240828_235200.WAV,519.2391,1.7982539290488457,132738.21776084806,42473.60690343989,8.03196005438172e-06,0.7267962158609285,0.001628686,4107,-1653.808732545202,-217.40789183595572,-144.7866219277278,307.1871829275366,-191.51298569261598,-2.4793025540492133,107.32892397238923,-115.05021371334757,76.20153964020484,-22.650654221796398,-23.421599808721393,45.269133807097184,-43.66474216244447
UoBBG_29.08.2024_20240828_235400.WAV,518.4781,1.781239686745268,132413.53603834982,42472.16357931477,8.222221113561136e-06,0.7266329396859899,0.0016253258,4109,-1629.8893065185898,-210.36382010902037,-134.24616087927123,296.9612536819864,-190.85303528130817,-1.0105899246439538,107.69007531908817,-113.5000125485919,72.93886566439511,-21.21683854276481,-23.208627623253967,44.96801839259068,-42.766505954220705
UoBBG_29.08.2024_20240828_235500.WAV,517.2555,1.7955057977863214,132422.303957248,42472.991556775276,7.947382948031284e-06,0.7267135527038937,0.0016251113,4128,-1668.118741352091,-221.41925037653047,-151.29483909925213,312.97702757562143,-191.59827271494274,-3.164535573976928,106.98616475316149,-116.12558594994319,78.07050034021847,-23.30643830568689,-23.452416408609377,45.33342723942404,-44.3058319050801
UoBBG_29.08.2024_20240828_235600.WAV,517.8163,1.7964552132391374,132766.8763368414,42475.2538390771,7.928047383468103e-06,0.7268254980368177,0.0016289628,4118,-1675.0913430787393,-223.5175394183387,-154.65093872249847,315.9265089975848,-191.699139819645,-3.3713405443688917,106.8006070964601,-116.81304409126408,79.1139625390299,-23.65832830474125,-23.477214721585998,45.45543731347899,-44.72110314467601
UoBBG_29.08.2024_20240828_235700.WAV,518.8653,1.8013976648349255,132577.55950728038,42475.24902210916,7.822902159341935e-06,0.7267641872722411,0.0016272328,4123,-1653.1890939392617,-217.14184767387368,-144.38437344289392,306.8019406455774,-191.48840827851367,-2.409782909408733,107.30032326581004,-114.96227878036692,76.10260653479865,-22.645052810214317,-23.382715875801594,45.25195381932679,-43.656980845317584
UoBBG_29.08.2024_20240828_235800.WAV,518.8729,1.7910365819889518,133252.335943348,42474.50637466908,7.711024091332219e-06,0.7267632202254812,0.0016356434,4132,-1672.6850539199086,-223.06340772017987,-153.85279934815935,315.26478368829333,-191.7027748255152,-3.3228619359589913,106.83145482588208,-116.64534167582573,78.91004773022986,-23.606224038882562,-23.49750509776941,45.445650889162316,-44.60968579482337
UoBBG_29.08.2024_20240828_235900.WAV,518.93115,1.9459101490553132,132884.54475617458,42475.95798369625,9.332348319234543e-06,0.7268355166412501,0.0016308014,4087,-1610.4875845082988,-205.04825653251092,-126.59423884351114,289.03834125946395,-190.17700118803936,0.5329979294638818,107.71643550955393,-112.64298401212977,70.56580753527456,-19.94941256804189,-22.8635520062805,44.440514962277476,-42.20246014066129
UoBBG_29.08.2024_20240829_000100.WAV,518.39374,1.777150984331312,132906.6668795628,42476.82837437616,8.473344947959607e-06,0.726838147008437,0.0016313423,4123,-1636.4026912622178,-212.44035840618957,-137.1548480007754,299.9836806425879,-191.18747701282388,-1.4756648185372374,107.64785119704239,-113.85870183888704,73.84623717904765,-21.771552176786482,-23.162121473031323,45.10908872935704,-43.134302908763246
UoBBG_29.08.2024_20240829_000000.WAV,517.04944,1.7631084169656062,133290.48656064892,42474.44994710133,8.293923705967362e-06,0.7267495268433614,0.0016361387,4125,-1665.4553957475064,-220.9774026986915,-150.42988436640462,312.34049672937743,-191.6784151301958,-3.1211177621918824,107.0754742051429,-115.97466127021116,77.87271027993755,-23.28867202186382,-23.478493831165522,45.39467663557746,-44.24086056981355
UoBBG_29.08.2024_20240829_000200.WAV,518.12396,1.9459101490553132,133180.66855396517,42472.76285286056,7.688988475868467e-06,0.7267029925532758,0.0016341712,4116,-1668.9111927568947,-221.8778020584533,-151.92177150890882,313.6172158784519,-191.7076183231291,-3.2042938250565607,107.02608470663847,-116.34048953959962,78.3216408706855,-23.3552685540682,-23.545600270217488,45.443329870949306,-44.40791594417819
UoBBG_29.08.2024_20240829_000300.WAV,518.7096,1.801556699443198,132897.89960423834,42474.22557686482,8.686233256454424e-06,0.7267240354907708,0.0016316067,4121,-1672.6311068197804,-222.8409055595036,-153.53925742270462,314.9632889428613,-191.6712115696593,-3.298336903618499,106.8471410117149,-116.60295421884065,78.82715151802384,-23.55016688413064,-23.54638073595831,45.469944781313416,-44.54954247284997
UoBBG_29.08.2024_20240829_000400.WAV,515.89905,1.9459101490553132,131903.50466672104,42472.82819794014,8.110248143145807e-06,0.7266842318461341,0.0016190575,4120,-1668.060820705777,-221.16699463598667,-150.9223656811834,312.599609608203,-191.54917717660817,-3.1145798011843855,106.9737194016502,-116.07559683674697,78.00629211999666,-23.271252504683996,-23.50659582365699,45.37648624756425,-44.25581668553559
UoBBG_29.08.2024_20240829_000500.WAV,714.3159,1.9459101490553132,181303.82683244144,42443.90925540253,0.001124679137179505,0.7265882234438129,0.0023593656,4060,-1205.9289111707308,-106.24790910413095,-39.47554712353169,141.53870667329502,-127.52485851134044,27.895092318146247,67.34240742075538,-93.11689746814078,53.33166065252886,2.795605796739337,-33.48797401385634,32.829849922378486,-19.094343642647868
