filename,ACI,ADI,Bio_Energy,Spectral_Centroid_Mean,Spectral_Flatness_Mean,ZCR_Mean,RMS_Mean,Event_Count,MFCC_1,MFCC_2,MFCC_3,MFCC_4,MFCC_5,MFCC_6,MFCC_7,MFCC_8,MFCC_9,MFCC_10,MFCC_11,MFCC_12,MFCC_13
UoBBG_29.08.2024_20240828_202931.WAV,667.2478,0.6630520889412569,93131.51001854222,3235.0325029189685,0.009320829533081786,0.49574045435153585,0.014844729,1184,-795.8841335577752,-28.62184425108123,-195.57811541636764,7.559525387220466,-27.84577448583438,44.351336183717464,29.169684869111002,-2.9306291091052774,3.1305601786436,-34.19876506563995,3.814412366667774,7.580979965944843,5.563807646741117
UoBBG_29.08.2024_20240828_203000.WAV,660.8572,0.5564458482385868,98596.1286568811,3261.365681686255,0.008647017651526838,0.5040204125558452,0.007295982,2730,-812.0666708112091,-27.470430445462277,-172.7801911364834,9.307642960583971,-18.128433157257916,42.9038976164738,29.819248017018452,-6.723339020732642,0.08683066983251661,-33.25511612303312,4.14976267709967,9.5287692495974,5.4836541545816475
UoBBG_29.08.2024_20240828_203100.WAV,677.091,0.6271550218678729,138545.9522624492,3248.802680370737,0.008452018217118008,0.49705104302401343,0.010068369,2748,-766.581152605073,-23.845956676692857,-167.17944594739967,7.6273552992223355,-15.328152890795893,37.23678934282005,27.846993918672723,-4.197258868071918,-0.8812605094945136,-31.808929878964797,4.929967791276575,11.676812185517024,4.647546881646241
UoBBG_29.08.2024_20240828_203200.WAV,693.46106,0.6663918781708152,271145.16497017693,3160.3978369021447,0.007297180919557032,0.4768155482129561,0.02042146,2757,-708.4275803733167,-21.400869721878223,-197.56294575081594,-1.5803928537169494,-27.064654148209712,41.970923085235015,30.602956662797283,2.7969475355734135,-1.645197803919258,-36.17245336404107,7.6499970170545,12.523339642028875,5.917757774999868
UoBBG_29.08.2024_20240828_203300.WAV,621.0499,0.2509548043576197,50963.20780946834,3376.5868475222815,0.010220328990029328,0.5332736585536113,0.0032124172,2752,-907.2917697914198,-45.90713152448891,-210.1845643277738,25.15514724226632,-32.219963488024824,51.37811836900079,29.899616535150344,-6.794190516295982,10.622271590808237,-32.34035137908368,4.522845889169295,-5.024701053759666,2.404827344222591
UoBBG_29.08.2024_20240828_203400.WAV,511.8895,1.0967281936708282,23675.930068970734,3407.5717793054246,0.010501473492817028,0.5392104750325764,0.0013086417,2735,-1156.1360643606038,-110.61144581676118,-490.0738736877735,7.683461201855029,-216.46592853170233,77.14468163056684,-55.56463477632648,37.119872406225326,-8.53552668457757,1.3128681233116772,11.787615437173367,3.3221108441022125,17.36245112995885
UoBBG_29.08.2024_20240828_203500.WAV,514.2774,1.0986122886681098,23621.439448610286,3406.8846580532613,0.010535833542396981,0.5393551778899851,0.0013055406,2720,-1161.6069519828764,-111.8807934524222,-497.04837206651035,6.695791755225696,-222.46091018766248,76.49752448844977,-60.47989869057663,37.2853934668396,-12.43521042359571,1.8317902354148938,9.488501837398635,4.65976790358294,15.819948400412963
UoBBG_29.08.2024_20240828_203600.WAV,511.91074,1.0884618299028437,23569.871472277475,3408.8075064908526,0.010548877315167913,0.539297733037044,0.0013023501,2737,-1163.3527681027208,-112.5105653135743,-498.8544679734882,6.43632173691113,-224.2930081760187,76.4039991770991,-62.22674946836429,37.42451900946515,-13.100585801999365,2.329076124089987,8.26971340303424,4.5930637789516355,15.320102346185013
UoBBG_29.08.2024_20240828_203700.WAV,562.4364,3.1524687046725343e-305,23895.61257848228,3404.1755465005626,0.010470191711716563,0.5381866477801563,0.0013383231,2747,-1062.5028111006307,-85.78446493738863,-367.60577732060085,22.669994265591676,-118.63772253713988,78.37780887695162,10.007861867838509,25.14245249819826,24.684325475777346,-18.99328973892759,20.96776405129316,-15.343100438060445,11.322321944949369
UoBBG_29.08.2024_20240828_203800.WAV,583.5015,3.1524687046725343e-305,24406.600485967036,3397.3529589475047,0.01047671889721884,0.5367072610294118,0.0014528465,2766,-967.9758795972273,-59.73753675722807,-254.31857718245325,28.188120306361174,-51.794874715500704,62.72366220942186,30.909153261815394,1.8951660933318157,17.99413009261423,-33.07753741175097,8.10681866762672,-13.401789105477846,2.681865645884998
UoBBG_29.08.2024_20240828_203900.WAV,578.1527,0.5908422462755826,24517.029613441216,3401.5852958246924,0.010417105170558879,0.5385095023966865,0.0014128739,2755,-1028.9942414457864,-76.79252310378381,-327.27718212345235,25.915013467570624,-90.94324492555832,74.70795242770596,21.65468573874717,16.94252553773965,24.852596044274105,-25.850076735681714,16.1370439356455,-17.935861294988097,6.801815698564209
UoBBG_29.08.2024_20240828_204000.WAV,518.8469,1.0986122886681098,23616.946016010894,3406.901532324002,0.010500360899376877,0.5384149728918466,0.0013069843,2739,-1121.1820069598443,-101.4341390831516,-442.1606805143326,14.194131843619148,-175.50142262457044,79.62980685305509,-24.37677581726076,35.00015362418159,11.485273819461172,-4.922688213991689,21.572356512219045,-4.303316793716344,18.975208684333197
UoBBG_29.08.2024_20240828_204100.WAV,524.4181,3.1524687046725343e-305,23550.73034992448,3409.0117294055244,0.010548201422547556,0.5395685964259122,0.0013023078,2765,-1128.716188148357,-103.4730732825025,-451.6683367984009,13.247743956874116,-183.58118858228227,78.93026227839233,-30.347032472780796,35.67557524193613,8.097719237779183,-3.0941082420134465,20.488360082802345,-2.674885908998203,18.845853085390548
UoBBG_29.08.2024_20240828_204200.WAV,536.32874,3.1524687046725343e-305,23583.19196972374,3406.233577890796,0.010562570609873489,0.5393918989668652,0.0013046454,2739,-1120.5427495380852,-101.2206745692365,-441.21381256162937,14.276386481510713,-174.2850590874352,79.42698100418721,-24.16097320747083,35.06568050879831,11.474372530148244,-4.647642459817721,21.669453753681495,-4.814214377987292,18.86951135835671
UoBBG_29.08.2024_20240828_204300.WAV,514.56793,1.0986122886681098,23574.856705501945,3409.3157769046343,0.01055143831990206,0.5399398065199181,0.0013038355,2758,-1129.8819819721882,-103.89217450710657,-453.5193418394807,12.964542893949666,-184.9354062022195,79.06487577573725,-31.55427666133046,35.687073381117905,7.343622398846219,-2.763474864039103,20.064482710033744,-2.697751934538228,18.95955179703368
UoBBG_29.08.2024_20240828_204400.WAV,513.4197,1.0038120068887337,23568.92424026273,3410.2099925519583,0.010496928591633946,0.5398838159670514,0.0013027008,2740,-1159.5831450997005,-111.6202443893792,-493.33464983169205,7.492131258965103,-219.09428412806722,77.03721977400605,-57.97543616000969,36.926720577595454,-10.134127319516548,1.6876594043467557,10.626658923576683,3.897976203426857,16.18872545842297
UoBBG_29.08.2024_20240828_204500.WAV,512.70215,3.1524687046725343e-305,23532.316874965214,3409.9303314548183,0.010542240662016075,0.539757655435592,0.0012998572,2743,-1162.2833451866027,-112.32640193151381,-496.78721071072033,6.738738149875347,-222.44946392990562,76.59626749559635,-60.7211530092731,37.32541415849772,-12.230553628736633,2.1430637335531864,9.44605121861656,4.301472629832541,15.788862895526547
UoBBG_29.08.2024_20240828_204600.WAV,510.82703,1.0852603791553466,23497.84381735996,3408.9911148364145,0.010586528928573655,0.5397154807334326,0.0012972143,2744,-1161.9289189496026,-111.79969635165968,-496.1798868499719,6.873736331872153,-222.09585983604185,76.66617170895452,-60.275822517565864,37.40465682341912,-11.764847922254376,1.8531389733340067,9.791568826572151,3.9191845643543726,15.856744161827251
UoBBG_29.08.2024_20240828_204700.WAV,511.50464,0.6277052571971504,23537.06694190555,3411.0401442521893,0.010533985997768135,0.5402702962118392,0.0013007522,2738,-1162.4430254681886,-112.29089859578212,-496.9576798749433,7.063563217443926,-222.6918330590551,76.55310679285479,-60.80327283289219,37.1841661060187,-12.140832134085041,2.105061117903798,9.254925600660412,4.210946280561829,15.461797126651264
UoBBG_29.08.2024_20240828_204800.WAV,525.4834,1.0986122886681098,23567.31975260755,3407.6823697184273,0.010550267758667926,0.5393213654132539,0.00130403,2748,-1115.8205877373787,-100.074492678944,-434.75958269724674,15.292785379298682,-169.3394730583702,79.53586258890114,-20.56994878855451,34.626405627618475,13.283317403875074,-5.583700031473171,22.61620786855229,-5.639157658930362,18.20724998659451
UoBBG_29.08.2024_20240828_204900.WAV,531.3343,1.0986122886681098,23551.640935556443,3409.7183300451843,0.010558473996019484,0.5400539690757632,0.0013037773,2762,-1116.2140203745032,-100.24769797585462,-434.9123707011913,15.490224829058974,-169.8942817424924,79.4240083804172,-20.5829957689564,34.42346396501833,13.565469513239535,-5.401156591265123,22.03602659869814,-5.938093755965064,18.36299719307283
UoBBG_29.08.2024_20240828_205000.WAV,519.5725,1.0986122886681098,23560.14227124872,3410.3831383021684,0.010543699816140355,0.5397721984363366,0.0013039277,2747,-1114.077324148722,-99.81215164420841,-432.3885705761907,16.035987000558432,-167.35505121248173,79.57049029817489,-19.378897664013017,33.95415154713668,14.289905224411198,-6.04060951012674,22.334111291787867,-6.0545854302487845,18.34876691640266
UoBBG_29.08.2024_20240828_205100.WAV,523.8645,1.0986122886681098,23530.825520051436,3410.101874487849,0.010563181671956351,0.5404542651712584,0.0013021034,2715,-1116.04215043801,-99.98350138315982,-434.6216474412164,15.528977305993783,-169.89758851846824,79.26049614694557,-20.522523672979617,34.22517874152684,14.121958746933842,-5.380030936649285,22.28437193240329,-5.6369505115531355,18.33449028222081
UoBBG_29.08.2024_20240828_205200.WAV,511.33453,1.097417835216716,23546.163576170595,3410.724352130316,0.010532674911661566,0.5393940804169769,0.0013005934,2750,-1160.1655033261065,-111.76897876331853,-494.12849024206986,7.265966486786619,-220.08237802268926,76.78067614674146,-58.522448569587276,37.29416077565131,-10.349001743762413,1.8904384314061604,10.441080594222715,4.00817126196127,16.074099340897444
UoBBG_29.08.2024_20240828_205300.WAV,512.07086,1.0045865818291257,23459.94296734825,3409.3817866036857,0.010597503530983899,0.5398347333395384,0.0012959935,2753,-1162.967047152801,-112.05075744685435,-497.0059604847706,6.835863782754212,-222.72627544841302,76.50725475265315,-60.93471447346489,37.144465585727986,-12.350712574831537,2.183707617303395,9.312481417798718,4.095412869176578,15.639278727511492
UoBBG_29.08.2024_20240828_205400.WAV,514.1959,1.0986122886681098,23521.677229290723,3410.4296116812857,0.010541842664326902,0.5409614523222264,0.0013011558,2733,-1132.4209052199512,-104.71705026640576,-456.1169033526007,12.642007547658686,-187.1950849089788,79.0853335407437,-33.30477771062461,35.97767705357308,6.600301997510395,-2.161136299417933,19.445381360427323,-2.0213438186244552,18.854324308359775
UoBBG_29.08.2024_20240828_205500.WAV,524.6604,1.0986122886681098,23527.77929703192,3410.2190428977697,0.010553078350992156,0.5403197424143709,0.0013011188,2769,-1123.1428625929584,-102.14645656126915,-443.8696661823389,14.451770823398734,-176.7262334182301,79.19475019314709,-25.618504042931562,35.44087445559853,11.12420446822661,-4.2612409500360195,21.08108309939608,-4.407599683977726,18.8538462443117
UoBBG_29.08.2024_20240828_205600.WAV,512.7169,1.0976018011029174,23506.67683785231,3410.525669552308,0.010542237618005202,0.5402786584372673,0.0012987754,2749,-1162.2072511599652,-112.05465291585209,-496.46291883926665,7.0259054153016836,-221.79581682209448,76.47838145198986,-60.26183241311635,37.12083686388706,-12.061919850258606,2.307270195196758,9.547137840606602,4.148863827883146,15.563852843717285
UoBBG_29.08.2024_20240828_205700.WAV,520.1671,3.1524687046725343e-305,23526.676596310277,3408.322436117636,0.010521424905490701,0.5395115151479896,0.0013015821,2775,-1127.471699425092,-102.92681591202205,-449.62737398226085,13.504288543718571,-181.35676980047646,79.00174665419199,-28.903584231835097,35.49755027684425,8.972583719075464,-3.4568305684167977,20.507565870768058,-3.2495634345171123,19.18881146885644
UoBBG_29.08.2024_20240828_205800.WAV,539.6363,3.1524687046725343e-305,23525.939165334956,3408.8801605949816,0.010556241002134086,0.5401368641800074,0.0013040411,2731,-1110.810741108888,-98.58202594347142,-427.47421444751,16.33074819282928,-163.83459987147918,79.65689981861382,-16.776268972997045,33.66899856809226,15.79882052871507,-6.861361750000661,22.57681236010425,-6.985556141577438,17.837479765557013
UoBBG_29.08.2024_20240828_205900.WAV,511.60608,1.09757161398904,23511.933374349504,3411.5815718309123,0.01055807278649651,0.5403706429169769,0.0012990021,2742,-1160.9779243970224,-112.01991671469703,-494.852981009829,7.546144314537014,-220.55817969958363,76.45438842812052,-59.200294138940514,37.32140953563574,-11.296678288683587,1.961823971938831,9.798491536611483,3.939864260445919,16.136206986995507
UoBBG_29.08.2024_20240828_210000.WAV,516.2097,1.0986122886681098,23486.85537674233,3409.8288053383126,0.010549277810649984,0.5396889397570737,0.0012995064,2745,-1127.6077151841466,-103.17590307663217,-449.3799248601587,13.64149976797961,-181.38179212609967,79.02662626817923,-29.233049870078165,35.528550966589975,8.726154551878734,-3.21047855882804,20.654362099253632,-3.3010710403987167,19.130804050929434
UoBBG_29.08.2024_20240828_210100.WAV,513.2291,1.0972283887530923,23439.59510483274,3410.516632085122,0.010548328410287956,0.5404957127233805,0.0012951953,2744,-1163.436556880384,-112.18566413625528,-497.27150364392884,7.001852075734659,-222.60283645154598,76.40477085124485,-60.913928707853664,37.344627664458294,-12.332491660482196,2.1200486303184705,9.267604901357489,4.0372930099736495,15.730681690580122
UoBBG_29.08.2024_20240828_210200.WAV,510.70566,1.072186185580978,23542.04143960494,3410.6048075649223,0.01054410436368571,0.5398609107408786,0.0013003823,2748,-1163.8835928780709,-112.43082050272298,-499.149837704862,6.754431935814353,-224.6081670969459,76.11322114042132,-62.23330379991983,37.18725611018021,-13.150726610652049,2.2076733940132978,8.554128913439701,4.477897049647996,15.448006553561754
UoBBG_29.08.2024_20240828_210300.WAV,521.38416,3.1524687046725343e-305,23499.53634958256,3410.9271928777116,0.010542970138957686,0.5400950530528668,0.0012999122,2742,-1124.6448526384515,-102.45581804076576,-445.55264675474467,14.24291589545517,-178.53263327463424,79.44575665834196,-26.65342983410233,35.1176631565569,10.36562556004659,-3.9009440398762916,21.397608076895374,-3.8810621882938565,18.65727785493009
UoBBG_29.08.2024_20240828_210400.WAV,514.2858,1.0986122886681098,23476.97742528806,3411.6341733909817,0.01054496654157765,0.5397231158088235,0.0012972509,2744,-1163.6178607117606,-112.31053067014821,-498.1214773912297,7.189760460421941,-223.4955506374862,76.02815742261376,-61.76361637593431,37.24953428434556,-12.73827138202611,2.2095264845246354,9.080499118649886,4.380783730939154,15.395968671558851
UoBBG_29.08.2024_20240828_210500.WAV,527.90283,3.1524687046725343e-305,23437.571214527547,3409.5898730852964,0.01057120590341564,0.5399997963979896,0.0012966685,2753,-1126.693426136338,-102.6776186023511,-447.61884822863226,13.762969766578811,-180.3506447355986,79.15087519716937,-28.227992984742155,35.46983317911504,9.419350846187982,-3.489822354808972,21.02174201409801,-3.558285068419984,18.972157983982388
UoBBG_29.08.2024_20240828_210600.WAV,511.69775,1.096281686023035,23464.416563426275,3412.059796007399,0.010556650844439323,0.5401761302820178,0.001296113,2737,-1162.8274807063433,-112.51200335098353,-496.7410815732156,7.158272953905017,-222.7117326690633,76.57693578655994,-60.592884527853116,37.20355471352937,-12.186578313161915,2.2114430534547673,9.297946641207806,4.464009911594232,15.571990185166937
UoBBG_29.08.2024_20240828_210700.WAV,527.32605,1.0986122886681098,23481.337022752406,3410.511079550533,0.010597074258266248,0.5402564803611318,0.0012987211,2754,-1129.5469518462812,-103.5007061921849,-451.93225085384114,13.073634746116683,-184.2254014741195,78.98791373758816,-30.988927876659965,35.74684693205919,8.180391151424134,-2.95657654938016,20.215404937443232,-2.633308982205503,19.139702306105022
UoBBG_29.08.2024_20240828_210800.WAV,511.53827,1.0974934283950075,23487.77053434813,3411.802909210239,0.010530628976786947,0.540276113412137,0.0012977846,2752,-1159.421967290793,-111.75128529416274,-492.17809447637353,7.617658354065276,-218.43391336574044,77.1983772199361,-57.127634452378025,37.28489676124597,-9.459886051689594,1.7332714317192246,10.876195901034803,3.4668776802873422,16.5030593335407
UoBBG_29.08.2024_20240828_210900.WAV,534.41486,3.1524687046725343e-305,23487.119956701787,3411.509856190269,0.010568653931498886,0.5408065693642964,0.0012994272,2731,-1132.8891484743656,-104.66900675901364,-456.43292522561535,12.775709370681517,-187.56155330082365,78.72559508077713,-33.53443137783413,36.02145166682133,6.537130419193623,-2.2271826769009313,19.480542282050443,-1.9794066716737302,18.917308900947578
UoBBG_29.08.2024_20240828_211000.WAV,511.20773,1.0968865282124185,23461.215539213386,3411.0475981782183,0.010562420285456064,0.5399525316455697,0.0012959419,2741,-1164.2352106601263,-112.69248239948817,-498.61727317788177,6.896361232074831,-224.14017784165688,76.42612455139992,-62.090520881416566,37.24471397692956,-13.178463105860498,2.246948118235225,8.452748014833434,4.291117400615388,15.005282384192192
UoBBG_29.08.2024_20240828_211100.WAV,527.09204,1.0986122886681098,23513.97259302222,3412.2050743510204,0.010567798231094421,0.540982539673306,0.001299649,2735,-1128.0357788929728,-103.44111915943796,-450.6228307569205,13.762637604951426,-182.39661403421545,79.04082853218883,-30.09547275507556,35.266980178711705,8.851817204562893,-2.5963543271599496,20.73763546143044,-3.5161941869626814,18.946924138780336
UoBBG_29.08.2024_20240828_211200.WAV,511.284,1.0971375193548831,23448.68597140947,3411.5931736345647,0.010567582808071907,0.5399179920188012,0.0012955122,2733,-1162.7946432982128,-112.29400708417009,-496.60033204638864,7.045195650095935,-222.5785843343194,76.27888215114149,-60.52308281860779,37.36665910201286,-12.042395761298254,2.1348336732625306,9.31122148078848,4.161019418290524,15.510413116089804
UoBBG_29.08.2024_20240828_211300.WAV,513.064,1.0986122886681098,23494.695584495043,3411.245204819373,0.010560983703761054,0.5404480843959419,0.0012991247,2771,-1132.9753570341898,-104.63521259345018,-456.7299332384697,12.90470578093914,-187.8332637377459,78.49472726004895,-33.38120406344465,36.01950197051462,6.395364202025558,-2.360433449485078,19.49864209156397,-1.7800196114751232,19.12073852601294
UoBBG_29.08.2024_20240828_211400.WAV,512.1483,1.0976542028097125,23444.027294622218,3413.004773743469,0.010564034727032648,0.5408974631189502,0.0012949023,2753,-1160.8616027380658,-112.07739438367825,-493.8735457910991,7.758805552015023,-219.89229978077793,76.58465794529663,-58.878287444312264,37.42960943518614,-10.549161099030949,1.9858370620866688,10.438021412416392,3.6898063225260045,15.973576077848259
UoBBG_29.08.2024_20240828_211500.WAV,526.1674,3.1524687046725343e-305,23491.12085859004,3410.992794017755,0.010553970110548587,0.5403735515171258,0.0012986565,2766,-1128.5382010992926,-103.52638955638717,-450.6445540601104,13.376771397427056,-182.54135703648137,79.56248642458057,-30.003720107054896,35.9111098548183,8.921825703662469,-3.5652682086924163,20.396410798292678,-3.2357495270266017,18.900032590246358
UoBBG_29.08.2024_20240828_211600.WAV,511.87875,1.051554428853225,23421.706926119063,3411.720516956949,0.010571111970443609,0.5403135616390543,0.0012937391,2754,-1160.0561496071575,-111.46935882660473,-492.5842851885675,7.696119595249839,-218.8339812136489,76.73293503163399,-57.3761746396018,37.08387829368566,-9.969199564745129,1.9230399454348084,10.834629247511986,3.560036369850573,16.58734866767047
UoBBG_29.08.2024_20240828_211700.WAV,516.6972,3.1524687046725343e-305,23475.687017906715,3410.914368409489,0.010544530681981464,0.5404811697226359,0.0012986179,2754,-1125.5037479494465,-102.64103759187142,-446.3845002177066,14.018091609061194,-179.3094229865087,79.31819068754761,-27.515596963861366,35.108575405289734,10.117806974861013,-3.3893675122424094,21.06251182968733,-3.826669991506731,18.985398686434188
UoBBG_29.08.2024_20240828_211800.WAV,511.8637,1.097345785845809,23440.852754106032,3411.4187910947035,0.010556556874581199,0.5400285188244601,0.0012948563,2739,-1162.1755819091666,-112.34790015341102,-495.6356888722224,7.287414875906583,-220.96710080610453,76.80013441952661,-59.66379729805785,37.44997337895216,-11.549607806676123,2.0661151606656545,10.119675918579041,3.758308557677422,15.83503024957839
UoBBG_29.08.2024_20240828_211900.WAV,531.88086,3.1524687046725343e-305,23461.90690926973,3409.5158616277727,0.010532739838914186,0.5400612405761355,0.0012978103,2738,-1132.445397750882,-104.32249777881859,-455.6809423206401,12.751905676133385,-186.73035068499124,78.8293429136063,-32.866104896664865,36.116275372309794,6.970235828947418,-2.4631372105339,19.54483427974972,-2.137738327821875,19.15345747169823
UoBBG_29.08.2024_20240828_212000.WAV,512.2454,1.096682622567196,23382.619244388163,3412.1399549397593,0.01056204644296596,0.5402877478127327,0.0012918686,2766,-1163.5792716659632,-112.42009841814985,-496.70400722022254,7.173985176301811,-222.68530157768788,76.54480827064377,-60.52554110442072,37.05352441298892,-12.3593860502811,2.1216552387861114,9.175663828551713,3.978096622571428,15.803855257846887
UoBBG_29.08.2024_20240828_212100.WAV,533.47675,3.1524687046725343e-305,23499.000632608786,3410.1039911827415,0.010585506993485563,0.5393420891893149,0.0012992516,2743,-1131.7199009598985,-104.2597393129252,-455.1869963924807,12.618888548641372,-186.76473540619736,78.94851901361555,-32.57569101283553,36.024200030641175,7.106661961901301,-2.182011826218168,19.848622471381557,-2.5257626471287575,19.061129953971715
UoBBG_29.08.2024_20240828_212200.WAV,513.13367,0.8799300076747673,23399.97646671754,3411.7789398445598,0.010556617836782007,0.5407331272105361,0.0012929508,2745,-1163.4795349997678,-112.60300446599842,-496.7236410382863,6.959714491845557,-222.67729280344915,76.74975706857657,-60.657438431479676,37.411899512794946,-12.133156549013554,2.3181973332124284,9.434573043055387,3.9895044928026597,15.403156992788515
UoBBG_29.08.2024_20240828_212300.WAV,534.38135,1.0986122886681098,23503.863997855497,3410.6014729561457,0.010548962842728878,0.5399318078695086,0.0012995848,2723,-1129.2485154025312,-103.69654734893574,-451.7794763504967,13.203692749530441,-183.84094823957105,79.15482304090811,-30.45237883376367,35.87921569828982,8.36863646112557,-2.997842087671955,20.10395547599669,-2.9291363607764755,19.03506093046432
UoBBG_29.08.2024_20240828_212400.WAV,511.66943,1.0976958153715013,23474.92857838515,3409.52735564003,0.010575040424334348,0.5395006078974312,0.0012967081,2735,-1162.9855165659244,-112.17916363937094,-497.32125064171476,6.965026269822861,-222.5907080887929,76.41340363195074,-61.245541267692,37.37837715894199,-12.21729699001317,2.119521665445593,9.15904790525759,4.218150146703461,15.795279234981832
UoBBG_29.08.2024_20240828_212500.WAV,517.1173,1.0986122886681098,23468.13702421434,3410.577570091999,0.010562232632813705,0.5402801127373418,0.0012978602,2759,-1130.6418523463205,-103.99367249006458,-453.31215860625736,13.183103689209187,-184.91402913996612,78.90691940351789,-31.3033139664844,35.67346040847012,7.72611133802897,-2.473631419797555,19.903497617936917,-2.496056134895701,18.989556179542785
UoBBG_29.08.2024_20240828_212600.WAV,510.4405,1.0965899009305051,23422.60440042319,3410.7881584205497,0.010545885788444955,0.539994706347729,0.00129331,2740,-1163.9251868948386,-112.24759663978054,-497.93143769102863,6.882548374684926,-223.20694124869812,76.73577631123966,-61.592651573707,36.97440526739453,-12.549010021109378,2.2182324472046324,9.200974095935365,3.6567972847256094,15.947198085824866
UoBBG_29.08.2024_20240828_212700.WAV,512.0565,1.0953395192869748,23381.108083442512,3410.4580655056825,0.010594485912472777,0.5393431799143709,0.0012909294,2754,-1164.0316714139317,-112.58880867551545,-497.61306064951344,6.830630943322008,-223.10927834321032,76.57921446418145,-61.62239331817469,37.480077359550556,-12.451981459304074,2.1556358795973276,9.135300839580083,4.260968725294693,15.737531370397374
UoBBG_29.08.2024_20240828_212800.WAV,527.1281,1.0986122886681098,23445.021232913135,3410.625479107215,0.010556940307773401,0.5402219407343634,0.0012962413,2754,-1133.3040734381245,-104.70414481248393,-456.6288864844041,12.570300929726482,-187.78930176077165,78.86807153343378,-33.292182618003395,36.236874500925815,6.790199368958315,-2.296342171804051,19.55746460857538,-1.8782758134049928,18.89201740906656
UoBBG_29.08.2024_20240828_212900.WAV,512.1747,1.096030388717925,23425.678988079482,3411.141756839813,0.010567036410580488,0.5405484311010796,0.0012938728,2757,-1161.5742362543,-111.958073995443,-494.79343750857043,7.254701970956148,-220.81508674888974,76.6767992664419,-59.49077622898807,37.430861152613595,-10.868906617232048,2.028153310023583,10.055624638172016,4.113806631524228,16.105454508693743
UoBBG_29.08.2024_20240828_213000.WAV,514.69324,1.0986122886681098,23468.684263437975,3410.072118208851,0.010574850716611775,0.539917264868764,0.0012977095,2759,-1131.3683309291146,-104.14953481318068,-454.31909177967543,12.705780999245253,-185.6498044193766,79.02292890118342,-32.0002487178459,35.96114703523064,7.58146724793837,-2.1965046334800116,19.751628433274163,-2.5327029066691233,18.73785199996617
UoBBG_29.08.2024_20240828_213100.WAV,511.4974,1.096189487873715,23332.000290695087,3411.549647278915,0.010610847819407637,0.5392595576600894,0.001288988,2760,-1163.796716084129,-112.21254577124294,-496.6554344689961,7.110988334140105,-222.68631033479997,76.36274371195145,-60.96970102839239,37.045707526399504,-12.141563596187096,2.1899044695688477,8.887462896443296,4.049840643943227,15.404285525536144
UoBBG_29.08.2024_20240828_213200.WAV,510.90347,1.09665619709883,23445.974627677424,3412.98884221259,0.01055223192760742,0.5404280877699181,0.0012948378,2749,-1165.442894847601,-113.16782214404019,-500.10544270323226,6.87212938401021,-225.40105278126035,76.13905237320486,-62.86326327829117,37.5083884212646,-13.777329349290548,2.3852142815255974,8.450966575475494,4.519733291662871,15.221374690699646
UoBBG_29.08.2024_20240828_213300.WAV,522.44855,1.0986122886681098,23412.11034724126,3409.231967154617,0.010553490354049448,0.5399092662183544,0.0012946037,2745,-1132.5611153792777,-104.3811250405411,-455.3277336624233,12.636586331408745,-186.37143981142728,78.84827011440113,-32.854036788703645,36.36556813508344,7.153387522257914,-2.4195647549840564,19.776582094569616,-2.279242419867432,18.935506848875917
UoBBG_29.08.2024_20240828_213400.WAV,512.5545,1.0976098524472557,23359.49561105832,3411.5446376214923,0.01062872703876687,0.5406153289045048,0.0012898932,2738,-1163.1058330340716,-112.06238490046665,-496.19804433783656,7.104149376597237,-222.10510911900593,76.30818160224432,-60.66605537636108,37.51055910333953,-11.86157800640375,2.1448212175514634,9.480991698983969,3.8329591512743897,15.641189465194438
UoBBG_29.08.2024_20240828_213500.WAV,511.53683,1.0958560386481282,23315.767444389276,3408.606091024511,0.010623694721495732,0.5396078625279226,0.0012873933,2760,-1163.4883767825252,-112.02000645151752,-496.38973536805685,6.611426702194852,-222.39975301408452,76.25817240328173,-60.64190337488031,37.67820256382812,-12.156657459532022,2.3092640051761877,9.27210164222297,4.111155617800446,15.765793278669127
UoBBG_29.08.2024_20240828_213600.WAV,533.0328,1.0986122886681098,23447.026563749216,3410.4932503689874,0.01057352441518258,0.5398801802168652,0.0012963933,2751,-1131.6574898900355,-104.41555676749856,-454.31461106362883,12.788162034543445,-185.96492073346204,78.98544678101835,-32.10819136014792,36.210490979153505,7.118243670010024,-2.5160175189489187,19.85512400359961,-2.1145467056630385,19.02044725849061
UoBBG_29.08.2024_20240828_213700.WAV,512.302,0.8472066567481483,23433.105297535618,3411.958087766309,0.010554949154216968,0.5402590253862621,0.0012942463,2750,-1162.957282337696,-112.58096948515855,-496.6372015801243,7.016530967356797,-222.27750650848583,76.42905793672345,-60.4428566969987,37.543548887765205,-11.78544196378909,2.442808852460528,9.142281963713215,3.8469083746031547,15.462956005792506
UoBBG_29.08.2024_20240828_213800.WAV,531.1941,1.0986122886681098,23446.435512071464,3409.4940728393763,0.010591514483359914,0.5399423515450484,0.001295837,2751,-1128.6511217284751,-103.5025592314836,-450.6534305369037,13.312813421641351,-182.41162611777762,78.92884070842798,-29.691386391139982,35.891065397403175,8.683870868767428,-2.9503565003245087,20.20241587105899,-2.9612097273888556,18.747196817750464
UoBBG_29.08.2024_20240828_213900.WAV,512.8979,1.0973679146250959,23376.946137021936,3409.3007313128364,0.010549868435024382,0.5401030517032762,0.0012916258,2734,-1164.2619482187479,-112.39822826785968,-497.70621755786294,6.529568459207746,-222.94019290465081,76.74420127273402,-61.25791588502743,37.41635454838197,-12.261793560748764,2.169510880462559,9.133097882744732,4.117379437723983,15.529122557531826
UoBBG_29.08.2024_20240828_214000.WAV,511.7875,1.0973850089016663,23395.552254973685,3411.70889250653,0.01056778343537445,0.5402993822133284,0.0012925452,2744,-1163.7661029534368,-112.30663363290823,-497.2173315722598,7.161093122363805,-222.88023992096223,76.3120938308298,-60.91387295362671,37.25465810156284,-12.325229351746946,2.016517611932918,8.834551031930873,4.185097952512591,15.725439557193186
UoBBG_29.08.2024_20240828_214100.WAV,523.1946,3.1524687046725343e-305,23463.8179268164,3410.5676179922452,0.010559980979835636,0.5400801464771035,0.0012971255,2726,-1128.984200521472,-103.51894195335464,-451.0360242722841,13.291307510190574,-182.9668298165982,79.07778858282634,-29.907258211291047,35.736157522492825,8.664216067429159,-2.963875323127996,20.210781732812425,-2.910221043537465,18.83641676153486
UoBBG_29.08.2024_20240828_214200.WAV,512.53015,1.0949804324144432,23413.562143415977,3410.7404116763228,0.010538887786014934,0.5403826408925912,0.0012939721,2763,-1164.0836936988,-112.45069480862271,-497.9131368437119,6.9583871815039675,-223.4021360368245,76.39626966482396,-61.512101078586674,37.26420620832494,-12.575389901890588,2.542976770599469,9.254634792600896,4.032081739560336,15.738362845582122
UoBBG_29.08.2024_20240828_214300.WAV,514.62976,1.0986122886681098,23358.613181929726,3409.857084304751,0.01059142490983179,0.5397332959093447,0.0012918059,2708,-1131.5529098327772,-103.85629180152351,-453.3636990304217,12.83345980087414,-185.33294323986178,78.83563843157494,-31.896497016879206,35.978353551373374,7.564316795792557,-2.3122084202139193,20.13642543831028,-2.785939742480013,19.234561311034046
UoBBG_29.08.2024_20240828_214400.WAV,511.77145,1.09646004686899,23426.80332272751,3412.101638829491,0.010584939663802593,0.5401132318037974,0.0012939413,2723,-1157.8058709703994,-110.93832489106639,-489.52646428691435,8.198946465174783,-216.37745662983176,76.78370053050944,-55.68870210125347,37.28558077302555,-8.065281223574711,1.439286338410406,11.896783510925113,3.1629567372496656,16.890788203810544
UoBBG_29.08.2024_20240828_214500.WAV,512.4043,1.0975219925779984,23405.49521215759,3411.4565829935937,0.010529431988932176,0.5411130631049889,0.0012935951,2756,-1162.696709928633,-112.09501564856686,-495.7387610855316,7.210212906449776,-221.65687077144386,76.58223913966013,-59.840884428977255,37.232121525182755,-11.163856070667435,2.342938651564856,9.838193612543225,3.892133305503698,16.007074329395294
UoBBG_29.08.2024_20240828_214600.WAV,531.0077,3.1524687046725343e-305,23365.644011454227,3409.0237489379097,0.010597218095690062,0.5398739994415488,0.0012914444,2729,-1128.8216779467518,-103.4090887612312,-449.8239615092698,13.235317881612966,-182.08770547420585,79.39450360550747,-29.423990230739715,35.98843027044923,8.870015355994305,-3.373030986098243,20.15587406103735,-2.8810287905644003,19.049298741521152
UoBBG_29.08.2024_20240828_214700.WAV,513.69543,1.031091508828111,23371.7675902969,3412.6452976651076,0.010574342092852624,0.5401368641800074,0.0012911668,2742,-1160.728080562885,-111.85262099321555,-492.98953001150164,7.777351287419623,-219.27755396359092,76.40013895895581,-58.016932029950524,37.26660275580027,-10.320181632067179,2.191121082330538,10.72718746323574,3.62072354816651,15.859571079187793
UoBBG_29.08.2024_20240828_214800.WAV,511.90387,1.0967100956071694,23414.435696029803,3411.2468978477523,0.01057182895132721,0.5402146692339911,0.0012934831,2746,-1163.6241660372705,-112.5576331932128,-497.26312501623386,6.940987187033402,-222.86726066360873,76.58343300576387,-60.96985124679972,37.34132024241645,-12.202130373305208,2.3516866582280183,9.013101377912399,3.840897942270023,15.594985575749718
UoBBG_29.08.2024_20240828_214900.WAV,511.91083,1.0975796623708107,23448.633653819925,3410.653585640609,0.010517512249114555,0.5399667110712956,0.0012957192,2728,-1162.9484973624571,-112.12429129226209,-496.5889116280471,7.119578965697619,-222.13786699737847,76.785718091742,-60.40062349225245,37.14161812832855,-11.441496836668009,1.876329220928316,9.705112472210812,4.098226883663026,15.642691062077903
UoBBG_29.08.2024_20240828_215000.WAV,511.9027,1.0974374548908155,23431.254768802457,3411.9951712822426,0.010554532091676273,0.5405400688756515,0.0012940408,2744,-1162.723625862706,-112.04015640417907,-496.28767523377184,7.317274915705432,-222.12139352291774,76.52123514719308,-60.40899165464961,37.24914953822467,-11.523593792786075,1.8642825012802628,9.615318311596619,3.9975276265171913,15.701767215420915
UoBBG_29.08.2024_20240828_215100.WAV,529.6195,1.0986122886681098,23453.95926853876,3411.6091258466736,0.010590559313960532,0.5410683433776992,0.0012960838,2761,-1135.8911239118804,-105.64223955557047,-460.1335067626985,12.16664205060782,-190.47848593135518,79.22052732274426,-35.79713383996912,36.1741022503469,5.3128134779280645,-1.6548162128759794,19.024493430044238,-1.6220503755912876,18.906065141008252
UoBBG_29.08.2024_20240828_215200.WAV,512.082,1.0975143880653786,23403.87061911425,3411.8528282857073,0.010599484961456242,0.5398081923631795,0.0012927476,2740,-1163.0824523357562,-112.16671561959458,-496.5502136760687,7.043431947969853,-222.7531964305329,76.49585329469281,-60.64395840684624,37.06707623812778,-12.240788726545395,2.3511357488690696,9.432913620090789,3.719764730361791,15.649476728482346
UoBBG_29.08.2024_20240828_215300.WAV,512.2241,1.0964721800649755,23393.373959155033,3411.093063327962,0.010559605805825892,0.5405727906273269,0.0012925483,2744,-1162.9973506765834,-112.19186361367325,-496.2269142937326,7.1140263821513,-222.01510306421966,76.45546433745614,-60.22927567933838,37.05329996649418,-11.834642735217642,2.153129776018668,9.374061774491386,4.215889163392562,15.6788606148627
UoBBG_29.08.2024_20240828_215400.WAV,529.9929,1.0986122886681098,23464.440030779737,3411.6075815992153,0.010544362653479635,0.5401215940292257,0.0012973935,2743,-1135.7919013723792,-105.355216229592,-460.1656773419954,12.314502584057642,-190.71078357125126,78.49930308554335,-35.54693502622205,36.27232208685919,5.248384206523236,-1.445178977896771,19.253750101495775,-1.7430318812885697,18.944522907848107
UoBBG_29.08.2024_20240828_215500.WAV,511.69937,1.0970520133736394,23405.387092251585,3410.205594026004,0.010591744556854356,0.5399019947179822,0.0012927687,2766,-1163.2357932368507,-112.10965420442476,-496.8436201260427,6.942918587284096,-222.4609127273608,76.38802468544412,-60.84866950723945,37.259768630552266,-12.196109814922528,2.3121991484209765,9.08522064341456,3.954307628969676,16.060805236069534
UoBBG_29.08.2024_20240828_215600.WAV,512.7068,1.0976904310921007,23400.26856533401,3410.7865720213754,0.010559230093763732,0.5395918652271035,0.0012935412,2749,-1162.9435417861432,-112.22506734725185,-496.25966968547226,7.0533904481022835,-221.8790536266347,76.18536930838405,-60.38331980375437,37.287685179301434,-11.810055502285186,2.3148811102022897,9.527061447609567,4.269666329776351,15.49927191702273
UoBBG_29.08.2024_20240828_215700.WAV,530.1143,1.0986122886681098,23463.793073060624,3412.359943602337,0.01054650409454749,0.5401761302820178,0.0012976914,2756,-1138.877423234518,-106.56420181469944,-463.9648674329733,11.840208327437674,-193.7692017780263,78.88483591208256,-38.07365574010598,36.36003935846091,3.380700708959856,-1.5140477205746883,18.33811478127793,-0.41929374515891726,18.804905362756724
UoBBG_29.08.2024_20240828_215800.WAV,511.70016,0.6985079865779693,23359.467749940115,3412.2419295988057,0.010582302481811749,0.540410272594006,0.0012903258,2755,-1162.771744141957,-112.22729586444487,-495.6554873427526,7.374166063286201,-221.57161548221328,76.12495539487891,-59.78901584033045,37.137248294317544,-11.567559714126576,2.419309419988225,9.493890257913872,4.280843536139208,15.743543505026027
UoBBG_29.08.2024_20240828_215900.WAV,511.05203,1.0974697618456184,23409.35872807241,3412.334063853103,0.010587717353678248,0.5408123865645942,0.0012928218,2743,-1163.2198290662423,-112.4161403728464,-496.73353372272595,7.190659395118335,-222.6865109371432,76.42872613373902,-60.63153671736677,37.49816032799906,-12.017650883428951,2.2134893512841725,9.459113698457724,4.004261370008706,15.572290798976487
UoBBG_29.08.2024_20240828_220000.WAV,512.16504,1.0972712441391386,23382.143767930214,3412.217031571803,0.010600825120566112,0.5409509086466865,0.0012917133,2759,-1163.5074964958367,-112.36705154804653,-496.9136655817926,7.137900387134299,-222.82125688052707,76.09730682247186,-61.29355847494815,37.084608375657275,-12.307310387343938,2.7129942941084404,9.052025542365842,4.455382108649213,15.719584639628195
UoBBG_29.08.2024_20240828_220100.WAV,527.21674,1.0986122886681098,23408.04672786113,3411.6113448519322,0.010573124873868035,0.5397769249115786,0.0012944252,2757,-1139.2983519295385,-106.29409103759092,-464.26528250106765,11.887380836967418,-193.7396209899827,78.43312909728628,-38.48136813806285,36.6677303396341,3.463548251909616,-1.084478793983562,18.216030166670336,-0.8108795177983104,19.247055198814405
UoBBG_29.08.2024_20240828_220200.WAV,511.77472,1.0944935346276794,23374.642203414176,3411.5388213322544,0.010556863458531,0.539989979872487,0.0012917721,2743,-1161.095683148777,-111.76558881104839,-493.1554867831227,7.629433276032522,-219.32080201079984,77.10721299836955,-58.2063409481475,37.00874651471264,-10.468655697966819,1.7702369333304824,10.748518855572808,3.5770913148517307,16.38200035323632
UoBBG_29.08.2024_20240828_220300.WAV,528.20984,1.0986122886681098,23376.528739142603,3409.804257372711,0.010582735765104389,0.5396445836048027,0.0012928199,2738,-1134.9042328435662,-104.69346499114621,-458.1099484624883,12.329775293396825,-188.91066313580552,78.5383447921017,-34.695611379911696,35.889932129669226,5.884262530386257,-1.7566843642563896,19.227973413567064,-1.638256826401899,18.922539736101523
UoBBG_29.08.2024_20240828_220400.WAV,516.6128,1.0986122886681098,23371.496172172527,3412.430402273024,0.010542885730855319,0.5403539184661206,0.0012915494,2762,-1162.6272365934112,-112.0692773363832,-495.29032500953303,7.337854333438237,-221.33365957709293,76.54054659163268,-59.57747707757744,37.279947144545616,-11.080849813494927,2.1911897525567223,9.99200390245357,3.5809915304934328,15.726260630960924
UoBBG_29.08.2024_20240828_220500.WAV,515.29144,1.0986122886681098,23388.430846804433,3411.443476422768,0.01057023268300714,0.5397634726358898,0.0012923252,2761,-1163.9561616220108,-112.40447694244654,-497.4832791307196,7.124719498288139,-223.15387429241503,76.36218689852997,-61.30698194164878,37.200510368271544,-12.615155842664265,2.4181416361520505,9.105535703204202,4.0338826968446195,15.73920391158457
UoBBG_29.08.2024_20240828_220600.WAV,512.05206,1.0971145800403257,23390.485518053883,3410.032130038967,0.010578359551040941,0.5398972682427401,0.0012919006,2738,-1163.105714604841,-112.25141800596677,-496.5692432128258,6.791982251963796,-222.13604897917514,76.52099930280743,-60.61240652304334,37.32804478542923,-11.606814208763504,2.4973748690425452,9.613523995628897,4.257591332047471,15.778453452009792
UoBBG_29.08.2024_20240828_220700.WAV,512.33765,1.0659909354181119,23418.602202241764,3410.6274669664617,0.010554539361894124,0.5396925755072599,0.0012940252,2752,-1165.0863084348425,-112.71417430957271,-499.3835282371653,6.701762741048177,-224.39601341484524,76.462109885382,-62.44442868825019,37.27708761819476,-13.404946603259361,2.451635586976506,8.463785283214614,4.380994664354715,14.968748457610308
UoBBG_29.08.2024_20240828_220800.WAV,514.6039,1.0986122886681098,23400.263184763062,3413.968469808356,0.010571458688117454,0.5404771703974312,0.0012919942,2767,-1164.7530057010024,-113.10137597901142,-498.7495590609019,7.01608846921293,-224.1846541463839,76.35557526677145,-62.36833049518784,37.40664921590452,-13.055678307541895,2.6136501661041978,8.76272939049342,4.158277822943487,15.502296203999485
UoBBG_29.08.2024_20240828_220900.WAV,527.9624,1.0986122886681098,23457.625483298747,3411.4142731873408,0.010553780376204658,0.5400259737993298,0.0012970839,2764,-1140.232227582729,-106.76228910841259,-466.11646118208927,11.583770201956916,-195.4008453610402,78.28576716130104,-39.59164213067848,36.77214020976396,1.9698077202404538,-0.8716500943897918,17.9146262927623,-0.49681362196120743,18.766315136950926
UoBBG_29.08.2024_20240828_221000.WAV,511.00555,1.0976169283445008,23431.237772404842,3412.3964606776226,0.01052541147057675,0.5400568776759122,0.0012942391,2729,-1162.6470151756598,-112.41131971961298,-496.0761876681021,7.324361344657254,-221.57579142724427,76.7296637364607,-59.92958088165065,37.29093361429688,-11.331269820363874,2.166929281090441,9.707650751547789,3.7611371509044966,15.701981876845547
UoBBG_29.08.2024_20240828_221100.WAV,524.093,3.1524687046725343e-305,23369.453639002124,3410.829081225601,0.010578673808654578,0.539635857804356,0.0012919329,2744,-1143.6135585269576,-107.50911314048592,-469.59209136767066,10.651868476869709,-198.7513616528609,78.48370999633534,-42.20075979479106,36.69487536465559,1.122645723124417,-0.3843801131477792,17.004514392072895,0.4434784679872865,18.720115985452647
UoBBG_29.08.2024_20240828_221200.WAV,511.16583,1.0926459372206516,23389.842735749648,3411.6622367548416,0.010591832939975409,0.5404629909717051,0.0012913379,2761,-1161.2692366065721,-111.79565242542402,-493.9396184555372,7.198530281092651,-220.3702511667246,76.86904721492239,-58.871238339586135,37.34444710775718,-10.282735620718887,1.899885871623245,10.485779058319942,3.916816088319481,15.89444125999157
UoBBG_29.08.2024_20240828_221300.WAV,514.3226,1.0986122886681098,23435.711467659337,3411.266851428592,0.01053152853636257,0.5402968371881981,0.0012961141,2721,-1131.25245187678,-104.23005936657476,-453.5463904397149,13.153150641688963,-185.31726268386885,79.16767372029788,-31.536119472688593,35.966584914460974,7.434557532594281,-2.7363626093818256,20.105385760731515,-2.5726797414926628,19.026946726681594
UoBBG_29.08.2024_20240828_221400.WAV,512.69653,1.0972705123608213,23383.51006037478,3413.897325514942,0.010569966383632,0.5411490570318317,0.0012914625,2767,-1163.3272803296434,-112.5290852701616,-496.5256950262447,7.527291397383422,-222.19649181892098,76.2554757619268,-60.36020636222926,37.21976094157824,-11.816115063724366,2.0759040883298736,9.578937668452074,4.0767940547901516,15.615298460642213
UoBBG_29.08.2024_20240828_221500.WAV,512.97766,1.0859320782975033,23410.426377992448,3410.440754908171,0.010583303090608794,0.5400136122486969,0.0012933529,2726,-1163.0860055173832,-112.15216435775375,-496.5795548249576,6.913214542948922,-222.1775162159633,76.47847859712937,-60.661663485299975,37.28667370064033,-11.682762502355704,1.9908178634767608,9.334885457047195,4.444417564528366,15.770980356221054
UoBBG_29.08.2024_20240828_221600.WAV,512.4631,1.0978150359139789,23401.56405690847,3412.7405066780734,0.010548955987694189,0.5403331946900596,0.0012930244,2738,-1164.4342992565885,-112.7276047070888,-498.0755706199945,7.317159339305677,-223.35709986893596,76.32227042333689,-61.587730622877274,37.3181352944459,-12.887454862291092,2.182187346013841,8.995010054641893,4.320753108940838,15.677175846674695
UoBBG_29.08.2024_20240828_221700.WAV,511.33102,1.0975301826534292,23474.217470542557,3413.641005887659,0.010556792938166864,0.5406549585815339,0.0012964231,2744,-1161.816983566315,-112.35222697974851,-495.398761405237,7.628544483960322,-221.17478259958358,76.81174148177769,-59.379169538638244,36.95033590016467,-11.217174886447346,2.162411173159479,9.786758290297934,4.180660193987244,15.807040236205472
UoBBG_29.08.2024_20240828_221800.WAV,511.01868,1.0974970700852784,23407.607909639424,3411.2822306535068,0.010572188339037357,0.5407382172607967,0.0012925671,2749,-1163.15428891884,-112.1361812563498,-496.6912110250139,6.985534811813091,-222.69304265957004,76.46714130855544,-60.345191058542156,37.099466368366926,-11.63428891619516,2.2647431669789793,9.381282109286024,4.280492164194293,15.659106999959528
UoBBG_29.08.2024_20240828_221900.WAV,518.85236,0.3576271598532216,23435.00140157471,3412.774850322865,0.010561679404208197,0.5406789545327625,0.0012964285,2735,-1120.378169518955,-101.39956430505774,-439.28926349611584,15.294729065161828,-172.90905785604224,79.35293021944828,-23.622474876432985,34.65750027966511,12.901167602013823,-4.716465970236092,21.999037201870344,-5.1059957281626245,18.514269691422832
UoBBG_29.08.2024_20240828_222000.WAV,513.0858,1.0972147205251106,23375.72732563781,3411.811459723373,0.010584711161094294,0.5409025531692108,0.001291175,2740,-1164.9849288278836,-112.59968146652113,-498.88139967830875,6.895243780684704,-224.2667798148776,76.08650436629587,-62.23700527733763,37.314359231519326,-13.173238700476997,2.3366250647518054,8.637596434728977,4.6125033614768975,15.487207214558826
UoBBG_29.08.2024_20240828_222100.WAV,512.6147,1.0976288883197147,23443.12338993348,3412.556596840613,0.010589970281505913,0.5403560999162323,0.0012944195,2760,-1163.222616839698,-112.47036554651427,-497.25273383568367,7.08199507964679,-223.00097439796096,76.58463890027976,-61.03358533781964,36.94079188942393,-12.047036540665564,2.321811760618125,9.226485787266109,4.217496830583379,15.354205672191894
UoBBG_29.08.2024_20240828_222200.WAV,512.50464,1.0977642001667478,23464.240277639685,3411.4787907360574,0.010520554963430451,0.5400935987527923,0.0012964879,2754,-1162.842271022306,-112.27338278901622,-496.73412130235755,7.250800996833829,-221.98941964456378,76.6221486947519,-60.59578502183326,37.038735534469176,-11.630128564304213,2.14967596751539,9.614681821270178,4.1961848570480145,15.659039063604327
UoBBG_29.08.2024_20240828_222300.WAV,511.464,1.0972110624870168,23360.999654931133,3412.487299764842,0.010565161961791868,0.5403411933404692,0.001290839,2736,-1163.9623441577896,-112.46646641889953,-497.0864082485512,7.333301465202362,-222.48647307296557,76.26128009484985,-61.04885187286855,37.03547978828532,-12.000094150148055,2.3395587394718453,9.10511371803323,4.395658045766803,15.393917115810927
UoBBG_29.08.2024_20240828_222400.WAV,512.2937,1.0976639136555109,23374.954999344616,3412.576902677304,0.01057143613494997,0.5403957295932613,0.0012914692,2727,-1161.2022516102707,-112.01355338060372,-493.28920929328433,7.54069955715193,-219.7249782470657,76.88922469396259,-58.55136808681249,37.321928827103406,-10.456040327687568,2.1125309785462516,10.590539231053365,3.511568816303156,16.377987438628114
UoBBG_29.08.2024_20240828_222500.WAV,528.4297,3.1524687046725343e-305,23432.28392008056,3412.500611983796,0.01055699978193311,0.5404633545467238,0.0012966325,2747,-1125.4811830638741,-102.69163006152665,-445.8823958471729,14.197847908339206,-178.7816046327539,79.30165935134292,-27.343651884401062,35.24483811917503,10.32439464550493,-3.49475350140647,21.028797248766768,-4.2116654402994556,18.929607775156427
UoBBG_29.08.2024_20240828_222600.WAV,511.97733,0.7214636866925115,23339.995103172947,3411.1782609437905,0.01056270300869852,0.5399827083721147,0.0012893842,2763,-1163.6703063875714,-112.0796179112121,-496.5228482850651,7.264471633289804,-222.29799894530439,76.59923073161676,-60.46041567524355,37.10427524504801,-12.124625935258212,2.1754135760447793,9.37562925042651,4.08536310120245,15.665099458771088
UoBBG_29.08.2024_20240828_222700.WAV,511.65735,1.0966870202452441,23347.673401735152,3412.163589335333,0.010604563515423012,0.5403971838933358,0.0012893581,2739,-1163.2382956138779,-112.20705495154736,-496.0219593566628,7.129522346857242,-222.59614513307736,76.49975807211585,-60.470875024666285,37.271939494022,-11.569196149941332,2.3341853431597053,9.673138742995134,4.059736803889693,15.63603278656333
UoBBG_29.08.2024_20240828_222800.WAV,510.74683,1.0973075967108061,23350.953894061673,3411.826379848813,0.010595412136883918,0.5400263373743485,0.0012897108,2755,-1164.2523093249708,-112.44858175547135,-497.4768847444919,7.016643627478109,-223.40908678975552,76.35484800867523,-61.038642965946934,37.19687780903515,-12.170648872734082,2.4176029464628774,8.720413334172278,4.165784814275306,15.422204821056344
UoBBG_29.08.2024_20240828_222900.WAV,512.11957,1.0182929287672065,23379.562801138756,3410.5684935885743,0.010588545102156151,0.5396307677540954,0.001291329,2733,-1162.4286387169157,-111.97474977972482,-495.43956729857723,7.146962352111437,-221.268560769341,76.63717192593735,-59.89268750055499,37.204194696371935,-11.574867423611584,2.1300906681046756,9.88340846709385,3.7841588007025804,15.87162461217924
UoBBG_29.08.2024_20240828_223000.WAV,521.9794,3.1524687046725343e-305,23443.60224648096,3411.2213103362938,0.010567496242337538,0.5404033646686522,0.0012964803,2742,-1123.3012251647485,-101.95786896593677,-443.3568322426209,14.688994184057707,-176.49270764630313,78.96658056011063,-25.104279884886697,35.13966936911711,11.069131553257478,-4.042947274391521,21.42232904471224,-4.554173411676257,18.945638137026588
UoBBG_29.08.2024_20240828_223100.WAV,512.2864,1.0968908601424872,23361.026655373098,3412.590228271016,0.010598133236737107,0.5399943427727103,0.001290174,2754,-1162.9013852190174,-112.44864902092863,-495.566367982712,7.143239563472993,-222.06137812673083,76.67429458862014,-60.18213104102587,37.38045223479811,-11.477204181881596,1.959031378781923,9.371431270149012,4.249587727044788,16.119658222728276
UoBBG_29.08.2024_20240828_223200.WAV,512.51685,1.0961275390022558,23375.27986747257,3411.513214422459,0.010559389760336487,0.5395020621975056,0.001291613,2765,-1163.2625392066884,-112.3981993270245,-496.33190064902175,6.972005855958611,-222.11654199899343,76.41701074536692,-60.36349771395633,37.12032781791149,-11.580840545947167,2.351527013359436,9.419675506395818,4.353262625113541,15.297857874245617
UoBBG_29.08.2024_20240828_223300.WAV,512.9678,1.0974482851271576,23437.685996405835,3412.751304826418,0.010546906594460784,0.5406342348054728,0.0012948974,2751,-1164.503478105404,-112.75478813603458,-498.76444247825214,7.111758261983791,-223.99606436713975,76.2794465138958,-62.218685125465676,37.17473709916519,-12.850618303162381,2.271358309033966,8.945732457518588,4.4091656539352835,15.629075001838125
UoBBG_29.08.2024_20240828_223400.WAV,512.37854,1.097720272502685,23416.4575631513,3412.9443203703677,0.010569024931021001,0.5406062395290394,0.0012941732,2757,-1165.3277830045067,-112.85754083644224,-499.4639612525729,7.02078149123565,-224.9361671105327,76.13650211708945,-62.642694410845074,37.02504321133372,-13.413773602862511,2.2627909538166135,8.155528718684032,4.687050031567316,15.255013877060318
UoBBG_29.08.2024_20240828_223500.WAV,512.15717,0.9355343212509735,23386.257036945182,3412.3905080426416,0.010573444203111376,0.540339375465376,0.0012919072,2725,-1161.1870071545109,-112.11925259460381,-493.61135707434323,7.858354152590494,-219.37518685817395,76.56479362285764,-58.30483841070903,37.37505665984575,-10.620261155408167,1.9156321159729983,10.455276474549827,3.7856301430424013,15.854390274558966
UoBBG_29.08.2024_20240828_223600.WAV,516.8723,3.1524687046725343e-305,23420.845080811832,3412.03571999345,0.01055894807575383,0.5396205876535741,0.0012956952,2726,-1123.3641106821874,-102.09947423879595,-442.88338491586205,14.625252303376891,-176.39554533152688,79.40887220060095,-25.228846110090267,35.049667975041515,11.392126513989695,-4.159763339245176,21.34148409401109,-4.4865983507395795,18.790803731599212
UoBBG_29.08.2024_20240828_223700.WAV,511.92636,1.097147896961242,23372.466901023563,3412.051642930965,0.01054756887686132,0.5405357059754281,0.0012912789,2765,-1163.0888751388813,-112.18790700778796,-496.04823822325875,7.362287743259492,-221.84621616213695,76.65270535996844,-59.9406987242867,36.85287050397945,-11.892039350820632,2.083043048300053,9.800209420052296,4.101943294041344,15.74958181260663
UoBBG_29.08.2024_20240828_223800.WAV,511.18356,1.0975593993344839,23386.703832451556,3410.152180657355,0.01054113957331334,0.5400590591260238,0.0012922651,2747,-1164.7770932869641,-112.49324121908236,-498.5695968587036,6.71939053088713,-223.63626225582144,76.36886081611101,-61.866014901089244,37.22477015134446,-12.782830412035317,2.4826309296429447,9.182007574187693,4.272135603868287,15.359193601655438
UoBBG_29.08.2024_20240828_223900.WAV,512.3349,1.097505414387641,23397.75302910493,3412.5855608729457,0.010558558474403427,0.5403586449413627,0.0012927786,2746,-1162.787506985447,-112.38421204542536,-495.71733597644374,7.565579709637806,-221.7217426808438,76.56265659783095,-59.76570917237162,37.347731102427986,-11.599833389638128,2.0313213304858833,9.86608540701934,3.92896717220286,16.241982943707228
UoBBG_29.08.2024_20240828_224000.WAV,510.83014,1.0976756763807323,23353.787618924245,3413.0018204360804,0.010589865595003231,0.5410188971751675,0.0012896514,2743,-1163.9943522788237,-112.68115033448257,-497.10982469177895,7.005245451006874,-222.97947953409624,76.51667127126308,-61.25063160347985,37.293141615399676,-12.234948774662262,2.465942679817156,9.133886269314399,4.1876239249063145,15.57504243468153
UoBBG_29.08.2024_20240828_224100.WAV,527.6107,3.1524687046725343e-305,23425.281173765117,3410.0845971977824,0.010538987168923089,0.539933262169583,0.0012964951,2750,-1124.4890325738977,-102.44273378048729,-444.463666025692,14.299240646491546,-177.01172866158547,79.51757664755904,-26.166158268944603,35.08992499818031,10.685842443269749,-3.7661329563755306,21.110903306100017,-4.126867486601242,18.642224551927022
UoBBG_29.08.2024_20240828_224200.WAV,512.55035,1.0976506951623124,23383.95527638034,3410.8427213381483,0.010540394564602729,0.5396874854569993,0.0012917812,2761,-1163.3331356284841,-112.18929298480136,-496.52381662108724,7.037626614846034,-221.93648308460826,76.58765313086231,-60.34439095832785,36.9796527320028,-11.624052659666443,1.9749076601204143,9.60074378361396,4.562028884313041,15.704102351509967
UoBBG_29.08.2024_20240828_224300.WAV,512.4085,1.0972559778282067,23355.9240752167,3411.51327250954,0.010578986541885252,0.5400139758237156,0.0012901858,2759,-1162.9288171491928,-112.00336867170941,-495.7245874738159,7.082130780789002,-221.71261574167798,76.65922039746627,-59.90425565220352,36.82470755935822,-10.91484835153062,2.2754699967157865,9.408735957756587,3.918171134708782,15.792939552785445
UoBBG_29.08.2024_20240828_224400.WAV,511.38205,1.0963832927898942,23394.615940452957,3410.6041060772945,0.010574233807760684,0.5393933532669397,0.0012916586,2760,-1164.619143239447,-112.60068839080367,-498.7398271054314,6.74626007583588,-223.9987846517695,76.13214116152989,-61.69698550556479,37.319317232120916,-13.061116611434441,2.7676472412603537,8.673134449011298,4.177478527315284,15.214068517635495
UoBBG_29.08.2024_20240828_224500.WAV,511.3072,1.0976690639713347,23396.907283462915,3411.143274591833,0.01053771743107975,0.5398252803890543,0.0012925607,2748,-1165.138896124823,-112.68674928104457,-499.17685645645116,6.799065537067369,-224.4996808909234,76.23759707363087,-62.04172478212859,37.419331618561785,-13.066955389419782,2.551342718336259,8.753128311520886,4.195378136636032,15.241489223301642
UoBBG_29.08.2024_20240828_224600.WAV,513.39343,1.0976940956958123,23460.712862703433,3412.506395626766,0.010538333150448656,0.5399914341725615,0.0012957809,2755,-1163.848011024671,-112.78412128785821,-498.1165826336013,7.087885616648086,-223.42923084537298,76.28890001172911,-61.39310578104151,37.30028868154417,-12.523219954634738,2.223259902515909,9.201105351568952,4.257029233771843,15.05407030470247
UoBBG_29.08.2024_20240828_224700.WAV,510.37482,1.0926525840004828,23367.332854952612,3413.091128005206,0.010593041221624456,0.5402644790115413,0.0012905719,2755,-1163.6247914689022,-112.39242258972554,-496.8436977224913,7.135898932697484,-222.8517657577041,76.46134616994561,-61.07359333012269,37.11638495733007,-11.875833501429879,2.2179895561520944,9.428252402766956,4.11774125620998,15.534838434772949
UoBBG_29.08.2024_20240828_224800.WAV,518.2909,1.0986122886681098,23373.871418605842,3410.932420181155,0.01056549968598301,0.540865468517312,0.0012932853,2751,-1120.2198199834686,-100.97426503055281,-438.1210316254548,15.039865811374453,-172.80957217235726,79.4790698288652,-22.495059763836554,34.57773805496917,12.699109345412749,-5.020690701280289,21.86077842910705,-5.123501591050426,18.583996687316006
UoBBG_29.08.2024_20240828_224900.WAV,511.26044,1.0970221151901194,23362.63036166126,3410.9413333368666,0.0105695566226904,0.5401034152782949,0.001290788,2744,-1165.2670475823536,-112.36509034285855,-499.0362284197543,6.764608324735516,-224.69767401195108,76.06021132769398,-62.26191690411957,37.22393956850576,-13.054537693089639,2.4059502486760653,8.689421408109206,4.239339335597436,15.120086330626716
UoBBG_29.08.2024_20240828_225000.WAV,511.8849,1.0976388340817689,23397.631193529895,3411.122775330388,0.010586086063852062,0.5399787090469099,0.0012924401,2763,-1163.5326907795043,-112.31916951904392,-497.08748897002164,7.0626559059091525,-222.50121884839098,76.41298265021491,-60.87558878083406,37.58003548112387,-11.840271860228624,2.0702905977784893,9.30902350264193,3.803047628832148,15.865370228737163
UoBBG_29.08.2024_20240828_225100.WAV,511.72278,1.0855802350532577,23361.638939632816,3410.736899207346,0.010623386314644651,0.5401365006049889,0.0012903118,2750,-1164.2255752990075,-112.18699543927723,-497.6792438522713,6.86730119858138,-223.66630227132873,76.3387510348269,-61.7022664540455,37.00925119875552,-12.929155117430655,2.5836086061472803,9.161340955252523,4.238380968093075,15.569299338684717
UoBBG_29.08.2024_20240828_225200.WAV,512.3643,1.0191701484085691,23363.241403263906,3413.75647640639,0.010616207370873234,0.5411803244834326,0.0012900245,2733,-1162.8612728568542,-112.44858785852843,-495.71912114263665,7.278727625011689,-222.09267230981612,76.4539914349998,-60.393598689504,37.60964841718967,-11.558193529357222,2.1464928165254604,9.614357875880705,3.734500462114569,16.11388319229886
UoBBG_29.08.2024_20240828_225300.WAV,511.0868,1.0957569608888331,23403.34760476172,3409.29377631788,0.010577580818072111,0.5400986888030529,0.0012927977,2745,-1162.6017012523994,-111.88076405380365,-496.0976957355548,6.9817965929564805,-221.5327883980538,76.05598622909763,-60.20075846617692,37.5186260771071,-11.558643327668221,1.9316762151118692,9.734295348826974,4.223412087835054,15.734882863623955
UoBBG_29.08.2024_20240828_225400.WAV,511.00964,1.0926580486931114,23389.012338442986,3413.059408100968,0.010561985708436545,0.5408240209651899,0.0012919547,2746,-1160.6720559820646,-111.89404779496019,-492.9413543541128,7.813915177177696,-219.1001477801375,76.85777448388376,-57.656808275873324,37.107070559527195,-9.738583741788442,2.1544787961891148,10.763062748224808,3.478187528813234,16.37135367837931
UoBBG_29.08.2024_20240828_225500.WAV,511.9552,1.0924533688437827,23337.008442894843,3414.697135634576,0.010599042878407431,0.5414770016986225,0.0012887644,2749,-1165.5161482607139,-112.92673117424053,-499.00735922567515,7.155016907564081,-224.94443108609025,75.99596670851858,-62.80376660420348,37.02172145866945,-13.210459249224662,2.6692219755841866,8.759724623160242,4.244418192800631,14.930080209881302
UoBBG_29.08.2024_20240828_225600.WAV,514.6546,1.0986122886681098,23411.102229064178,3412.0658861471647,0.010570441357412473,0.5405095285740878,0.0012950291,2752,-1123.4491038595763,-102.22153787130934,-443.0489651866987,14.601283630081538,-176.32858540357,79.27131110083495,-25.354907118299224,35.152194454422066,11.295519196549495,-3.9223281478488463,21.15343972186335,-4.288866993439548,18.650078108714364
UoBBG_29.08.2024_20240828_225700.WAV,510.94684,1.0979000114981614,23312.48448470197,3412.818646122153,0.010630702810328418,0.5398267346891288,0.0012868835,2760,-1164.690596397642,-112.74312976606367,-497.7007890195703,6.993242672716556,-223.73191134767873,76.52591606658928,-61.612808830783116,37.357868919572404,-12.696920581845553,2.1666695398139275,8.89910866213468,4.328554126119099,15.524602007729083
UoBBG_29.08.2024_20240828_225800.WAV,512.1251,1.0953326148047966,23390.463883571654,3413.994863054919,0.010595228174080913,0.5404302692200298,0.0012917364,2753,-1162.370808266289,-112.33048486237514,-495.38114770689504,7.463012126652091,-221.4966831397464,76.46892877516025,-59.97179914580067,37.3186163448914,-11.318794843742058,2.3586976654384832,9.895975742064065,3.719642358978392,15.777423781615331
UoBBG_29.08.2024_20240828_225900.WAV,512.0797,1.0851405359856567,23346.606203650877,3413.7835396208975,0.010556199031706034,0.5405858793279971,0.0012900745,2758,-1164.0069804138388,-112.49897011890839,-496.88060542378867,7.45589828152643,-222.60909909785468,76.28735221513595,-61.16879712357321,37.08417908853779,-12.049431851986714,2.2067035536395068,9.147820638523555,4.39261927542206,15.59271211054874
UoBBG_29.08.2024_20240828_230000.WAV,511.85645,1.0723999081340045,23357.734823970095,3411.776121413539,0.010587105732308493,0.5400496061755399,0.0012906678,2739,-1160.5843590179775,-111.90674319256343,-492.48564018733293,7.446921788583288,-218.8593647396745,76.91424958900878,-58.250867042568565,37.31162647274856,-10.125612282511208,2.2280070229040674,10.639143389915187,3.590855361510735,16.517439917290307
UoBBG_29.08.2024_20240828_230100.WAV,512.11664,1.057991418912141,23375.513246913164,3412.653444694423,0.010574136493561936,0.5404019103685778,0.0012915349,2768,-1162.4932450013105,-112.27362453515009,-495.2686357295074,7.38085458732306,-221.29173348988778,76.53061594227981,-59.46239902331598,37.386710023587,-11.212127815856434,2.4969919634738345,9.623788718912314,3.8596721467249724,15.825157697668157
UoBBG_29.08.2024_20240828_230200.WAV,510.92242,1.092712722491443,23399.622916473953,3413.774625075773,0.010582365437105586,0.5411908681589724,0.001292395,2747,-1163.483317753891,-112.62252246536454,-496.87954046816424,7.346901608538321,-222.56154490899416,76.3786005324319,-60.70175585078089,37.38151353613127,-12.171717332266441,2.430987859054083,9.403072454261826,4.004628982530541,15.874684854888518
UoBBG_29.08.2024_20240828_230300.WAV,518.5051,1.0986122886681098,23401.837987088093,3412.24590774865,0.01054019475712189,0.5411552378071481,0.0012927917,2752,-1163.4012365993137,-112.60333077105288,-496.79524444600975,7.076608144363085,-222.38364991561346,76.52743574572973,-60.23216051388753,37.384450058698285,-11.645966853153034,2.459340368303228,9.327855172395928,4.073288717965307,15.5440515947625
UoBBG_29.08.2024_20240828_230400.WAV,599.2562,0.9987194715929907,24232.36079047084,3411.601277496255,0.010534861063213738,0.5404724439221892,0.0013732562,2755,-1036.918179757823,-79.01458531416719,-333.79648147842397,26.445404705653957,-95.72225595097927,74.85430809324096,19.249229276328894,18.350552032583707,25.68081410638193,-24.09708772132983,16.767250943126744,-18.193625279457773,7.521043177200009
UoBBG_29.08.2024_20240828_230500.WAV,512.7598,1.0473391076163074,23384.370037248227,3412.4823855490135,0.01054965971421387,0.5399848898222264,0.0012922102,2762,-1163.7189724530574,-112.70103876911588,-497.0549105115078,7.23392251301625,-222.23093855626308,76.46996078723835,-61.139754061719984,37.22869615187032,-12.005049322055527,2.285721936951292,9.242333299011191,4.297217277487527,15.56085646034168
UoBBG_29.08.2024_20240828_230600.WAV,511.85522,0.9869443790580867,23353.94729983819,3414.0717989354266,0.010564901148447001,0.540290292837863,0.0012897616,2738,-1165.5272730930667,-113.17372311875923,-499.21798492771643,7.114119108997135,-224.87311769249894,76.25708265823111,-62.44884935608414,37.401762397321654,-13.395147469510308,2.4150612986044884,8.351074349610782,4.31728725084859,15.477842279375242
UoBBG_29.08.2024_20240828_230700.WAV,514.8795,1.0986122886681098,23388.585933375845,3411.0513080171777,0.010537731596307264,0.5403757329672375,0.0012921955,2764,-1162.3419407883032,-112.00867100874696,-495.22977747582115,7.2920669181698266,-220.8817159517673,76.5513718759068,-59.56983956318743,37.42839276204907,-10.787069925772625,2.144964894914091,9.866165538375846,3.972313675393113,16.044812039236053
UoBBG_29.08.2024_20240828_230800.WAV,512.1558,1.0978538689565993,23389.680108324657,3413.1782457592108,0.010574039551997084,0.5411043373045421,0.00129204,2743,-1163.5677009853298,-112.67836256076261,-496.9401767511339,7.254650736619594,-222.41522188103264,76.45725297000946,-61.01286302318808,37.12539944723262,-12.096366134989934,2.331316237551003,9.337338716954127,4.192792770336029,15.635871744480601
UoBBG_29.08.2024_20240828_230900.WAV,511.64874,1.0979628315362246,23349.224911017056,3413.8304332043385,0.010581655880579304,0.5410072627745719,0.001289662,2755,-1164.665953385193,-112.91185337818882,-497.98206045648203,7.287352951265355,-223.43625979663273,76.11403616217896,-61.53432932377205,37.39936870338099,-12.833588716501275,2.212099990275292,8.74079616098672,4.535018721467731,15.317301833801434
UoBBG_29.08.2024_20240828_231000.WAV,512.29706,1.0966947795630295,23381.12074075949,3413.376922465775,0.010564808616764771,0.5404768068224125,0.0012913416,2777,-1162.1208858120863,-112.26809319664753,-494.77681010440796,7.425504659544423,-221.19846699542302,76.92827728914641,-59.38277924666654,37.05387700396679,-11.215790361061924,2.3011592181448948,10.408690822830602,3.5943488703634587,15.83899163144084
UoBBG_29.08.2024_20240828_231100.WAV,512.48206,1.0938176445326278,23335.648343445988,3412.0351493683092,0.010623215698264543,0.5400786921770291,0.0012892883,2764,-1152.2885797979086,-109.5568396461364,-481.12985438289644,9.377918254772691,-208.84773000337975,77.13324601703289,-49.444129862575544,37.13997050979144,-4.207482735514775,1.0624035537350283,13.962668072926064,1.8157311511579681,17.488930928174916
UoBBG_29.08.2024_20240828_231200.WAV,511.495,1.0971669449022383,23396.656406588805,3412.33899671837,0.010576989994977233,0.5404448122207743,0.0012924601,2739,-1164.4858185837043,-112.61917348317704,-498.2512814367304,7.184308753812043,-223.7999526876602,76.29971492733488,-61.59494855020632,37.18157387289584,-12.759673271586575,2.0679515997539917,8.670062072088479,4.306622603785678,15.416310197292825
UoBBG_29.08.2024_20240828_231300.WAV,510.37247,1.097354930247305,23391.746850216237,3410.590633065651,0.01056237723969162,0.539806738063105,0.001292114,2730,-1165.8789086004415,-112.89637304265014,-500.2523749097191,6.437357726930441,-225.37925833755344,76.26046190620693,-63.22588733574836,37.23336699470999,-13.985506060003257,2.7600964891402238,8.291270933601053,4.207496365498072,15.134768429698692
UoBBG_29.08.2024_20240828_231400.WAV,510.6179,1.0974963951674481,23440.803290917724,3411.6267693135237,0.010560776302723437,0.5403691886169024,0.0012960893,2738,-1122.0249354985392,-101.63985180999454,-441.4214445811964,14.717074431447354,-175.06484546785484,79.40691479708005,-24.54005719338915,35.131145767511754,11.964427519091373,-4.614979013195894,21.712505524312338,-4.948951052307622,18.445259565627268
UoBBG_29.08.2024_20240828_231500.WAV,512.2799,1.0978714441327289,23404.961382529134,3413.6730374462286,0.010555049709926179,0.5404804425725986,0.0012925776,2750,-1163.8361170064222,-112.69504777798853,-497.38849059288333,7.3817288108719445,-223.06864066668,76.31267288805653,-61.19473571863558,37.07138227851084,-11.977607202761678,2.4119225251418825,8.882233861016049,3.9287334751928396,15.887668283193927
UoBBG_29.08.2024_20240828_231600.WAV,512.0665,1.0977602765210124,23362.096219980205,3411.3644805977588,0.010578974672450047,0.5409887204486225,0.0012904648,2752,-1164.4675371166115,-112.5766102884304,-497.98090820418213,6.922356225635085,-223.50191663771105,76.3234419671992,-61.53938017049292,37.40686116415047,-12.681855122407121,2.404930117678317,8.63149471919261,4.352489702480455,15.273868250420346
UoBBG_29.08.2024_20240828_231700.WAV,511.41693,1.09706806866353,23343.636466973516,3411.0872428811176,0.010596810610379499,0.5402019441083395,0.0012893603,2735,-1165.1625000355632,-112.93322649828724,-498.60308502815167,6.552920028875601,-224.20034028868216,76.5675960502204,-62.08400182823257,37.532516301336905,-12.984448352519767,2.372449450273167,8.41412939109603,4.142583109325082,15.008442738171729
UoBBG_29.08.2024_20240828_231800.WAV,511.68494,1.0974966219329003,23369.329765885923,3411.511185016196,0.010566734787152497,0.5402357565850707,0.0012907827,2762,-1150.269907264515,-109.14640433738839,-478.7087984460535,9.675911665187687,-206.05092979280045,77.73489960225017,-47.938166634069226,37.00359679602981,-2.855446018574899,0.617425893984805,14.773028321427098,1.588330502718679,17.940897155667383
UoBBG_29.08.2024_20240828_231900.WAV,512.58167,1.0972266269612645,23332.59469722919,3411.4768124978227,0.010565666737375268,0.5410632533274385,0.0012889196,2743,-1165.1333515291226,-112.49491070333588,-498.527513134761,6.895533310818869,-223.87226601287924,76.01163851901778,-62.028346179559655,37.48761901906099,-12.755680910154634,2.507612101202436,8.900390465090897,4.25280726788667,15.270131494112485
UoBBG_29.08.2024_20240828_232000.WAV,511.08563,1.0951426472259294,23371.068833136105,3411.5490750353265,0.010556197678397616,0.5399805269220029,0.0012912069,2751,-1163.336447867122,-112.35761302174424,-496.4534844484773,7.187634427646854,-222.18850279439263,76.48517119882386,-60.56528790691489,36.9757367452491,-11.868355930418826,2.4498467313798513,9.379581336972421,4.265779279134838,15.985229008596178
UoBBG_29.08.2024_20240828_232100.WAV,512.4424,1.0969057060995684,23354.17573538213,3413.129761943718,0.010566978678580306,0.5410974293791884,0.0012903694,2751,-1161.9564929018823,-111.99368178573901,-494.3245842785956,7.593450200421204,-220.44805166595995,76.57558935395903,-59.33868115499353,37.169762553789134,-10.748243629615015,2.288560974628707,10.252417577868318,3.738870536368755,16.227877800367278
UoBBG_29.08.2024_20240828_232200.WAV,512.5289,1.0974397340897877,23395.677822042417,3411.4740813696267,0.010528111498530909,0.539703846332837,0.0012931463,2751,-1164.8138903537433,-112.78280354862221,-498.6137984381974,6.809898567032661,-223.83798536686245,76.08435975659788,-62.13024015896656,37.284756967816385,-12.798606620546778,2.4835579452197325,8.915384006215564,4.640514560731616,15.341210941784002
UoBBG_29.08.2024_20240828_232300.WAV,510.99908,1.0976964847962423,23377.00137383371,3411.385698489388,0.010564511698668903,0.5401517707557707,0.0012912259,2745,-1163.805307590346,-112.11495244824278,-497.19536500330804,7.14433881024454,-222.97961313088376,76.24106593565172,-60.94874367689784,36.91560634564079,-12.008669521855113,2.365211166483733,9.193480423523882,4.115802442680938,15.804204150377759
UoBBG_29.08.2024_20240828_232400.WAV,512.3595,1.0978312894413467,23313.058097752528,3412.2636519188804,0.010598544531580652,0.5408527433916605,0.0012885149,2764,-1163.1293703333276,-112.34040553987337,-495.44743589479475,7.291972752888052,-221.3971948695487,76.18998584072419,-60.08719025029979,37.3667259960603,-11.758809142615705,2.380466424147787,9.482799601373724,4.11587165451036,15.767277691713153
UoBBG_29.08.2024_20240828_232500.WAV,520.1991,1.0986122886681098,23425.049128306564,3412.7421128299593,0.010583660504417522,0.5409105518196202,0.001295899,2737,-1118.4922910609766,-100.99032742269362,-436.50368467753754,15.54537550284276,-171.05688676996058,79.7985178089981,-21.983659598072844,34.427638679674374,13.2404211955549,-5.191990676816747,21.941420075934747,-5.751365093388481,18.607034754672437
UoBBG_29.08.2024_20240828_232600.WAV,512.5768,1.0978428442232204,23328.550790260546,3412.589139354649,0.010602574655092399,0.5406335076554356,0.0012881395,2744,-1161.4879877181809,-111.76547160411567,-493.58199612953604,7.589869587030732,-219.8448833848132,76.52728428188303,-58.682923840231126,37.26182186197385,-10.142375020615635,1.8759293454731174,10.584228866248964,3.676029817363726,16.079817558999864
UoBBG_29.08.2024_20240828_232700.WAV,512.1331,1.0807918055135333,23328.005453666145,3409.9273845736902,0.010549383266238312,0.5398689093912882,0.0012890752,2755,-1164.8319908422895,-112.2397476185528,-497.91509683379644,6.788737654572341,-223.35544887946153,76.5078098833773,-61.28576678989603,37.18408470965826,-12.644381656483825,2.128426129657367,9.161873787133256,4.259975272946116,15.681241368339602
UoBBG_29.08.2024_20240828_232800.WAV,513.03955,1.0948820454083792,23357.288019215095,3414.45273298502,0.010559692867456451,0.5411068823296724,0.0012907563,2746,-1163.8814500377437,-112.63485296081585,-496.8288899872366,7.422991313891931,-222.65970902192797,76.44584446704293,-60.88886846727933,37.08739390703025,-11.614319629275832,2.450311276743917,9.607952082910126,4.138785022408774,15.746237035321716
UoBBG_29.08.2024_20240828_232900.WAV,512.3822,1.0968394495854277,23358.045809811214,3412.945099411251,0.010573010799063623,0.5399579852708488,0.0012903701,2738,-1162.159149430156,-112.2683207604919,-494.63202202699614,7.475133429492246,-220.46044398802462,76.66388048696777,-59.52771734998768,37.34137074772698,-11.156215711883169,2.1500102655963658,10.245767507919725,3.8677923408723025,15.871160473067297
UoBBG_29.08.2024_20240828_233000.WAV,512.1288,1.097278116925715,23356.852785509203,3411.731506715478,0.010547991060831327,0.5402484817107223,0.0012900614,2726,-1163.2804978483753,-112.36636056132802,-496.1014320618524,7.288516476879819,-221.69630637574437,76.58178590814109,-60.03327930070515,37.52029397897955,-11.390153954716267,1.821365747450186,9.76919064835489,4.093072962335412,15.847031551227008
UoBBG_29.08.2024_20240828_233100.WAV,511.97522,1.0973366858679734,23327.23914824801,3411.410926351357,0.010576186318609503,0.5401819474823157,0.0012885228,2761,-1164.1283556600617,-112.30628468654805,-496.7749561663441,7.029217242726283,-222.9601865234576,76.75047812789327,-60.257788174459634,37.26439278123386,-12.035336216981294,1.9731174237204219,9.469178475785924,3.979147719108462,15.799717968851438
UoBBG_29.08.2024_20240828_233200.WAV,512.1083,1.0942210617483026,23321.34148955809,3411.8156439949075,0.010560450533875587,0.5401783117321296,0.0012883816,2755,-1162.02391166768,-111.83124767825687,-493.9637268239706,7.517465465195385,-220.16947519614985,76.81012811257632,-58.50783851108743,37.15780196449827,-10.615500777286128,1.6849409297164903,10.119327956872754,3.884281672510359,16.383401634299386
UoBBG_29.08.2024_20240828_233300.WAV,512.2106,1.09783779468147,23334.915146536696,3411.299358576067,0.010567464009240678,0.540449902271035,0.0012893351,2721,-1161.9905172494855,-111.76923563994023,-494.2287678844939,7.4278256465201125,-220.05895700786883,76.53370282354632,-58.93168299001161,37.252650204474364,-10.438105699615095,1.7995902712159657,10.142134376398372,3.7543286957683923,16.003889013343585
UoBBG_29.08.2024_20240828_233400.WAV,511.87442,1.0978257295197011,23350.002718532945,3412.008344886167,0.010590333195438041,0.5404033646686522,0.0012897718,2743,-1164.393716474328,-112.54941779127132,-497.67728510154046,7.126687993521729,-223.2284274981979,76.40151265350791,-61.469936611048965,37.25865070038866,-12.362397104161525,2.277341291811671,8.996225535818505,4.000981290574574,15.635097371589422
UoBBG_29.08.2024_20240828_233500.WAV,510.43344,1.0971524896890394,23330.79687607475,3412.5028125236777,0.01056966886028304,0.5406186010796724,0.0012887976,2726,-1164.9065486725046,-112.78759517087477,-498.0438849240771,6.879698100370983,-223.75731115736033,76.45630170215789,-61.35528826167805,37.195980056112674,-12.54056228992726,2.628214589740928,8.801844202804054,4.388728279332342,15.361233936597731
UoBBG_29.08.2024_20240828_233600.WAV,511.31094,1.0975999193574624,23355.00209700545,3412.866196605323,0.01056290048987612,0.5405040749488086,0.0012905884,2778,-1163.88926972375,-112.48154275422739,-496.7855331451094,7.0377101773663355,-222.8983495096577,76.45230591458956,-60.93637889655377,37.2840722802876,-12.060485006949717,2.1771234653569285,9.374048846857038,4.379582925313213,15.534424743972208
UoBBG_29.08.2024_20240828_233700.WAV,511.42047,1.0969678780881322,23391.792132048515,3413.1893648241007,0.010566260363466138,0.5406655022570737,0.0012918654,2754,-1163.8680375970855,-112.7739868047782,-497.3644556080075,7.142186853335956,-223.06364490139677,76.59794484169235,-61.05678395903226,37.162216584881065,-12.166348593109584,2.3551132390592713,9.09731629860128,4.093827916827664,15.214891226584452
UoBBG_29.08.2024_20240828_233800.WAV,522.3266,3.1524687046725343e-305,23393.161048137248,3411.8766725221863,0.01057015277172513,0.5400445161252793,0.0012945898,2746,-1117.482110082917,-100.54793753577187,-434.84617749028973,15.657318566714316,-169.61979612612262,79.76636587366451,-20.90534321242264,34.24657820347389,13.601637357051978,-5.504378999020935,22.18768075984769,-5.832618369856346,18.189593793430113
UoBBG_29.08.2024_20240828_233900.WAV,512.10126,1.097261506045299,23334.764896467466,3411.9001107884715,0.010561876553350039,0.5407251285601266,0.0012890106,2753,-1163.6413491678911,-112.32682288344462,-496.4736405859801,7.195537119991121,-221.7614654387907,76.26057415949717,-60.423538555560015,37.76557422109171,-11.487535542170443,1.9572250668812379,9.450203977717168,4.049149234943266,15.83311533785397
UoBBG_29.08.2024_20240828_234000.WAV,513.36914,1.0977628782685889,23363.874654793264,3413.3282639791123,0.010532668249980311,0.5403782779923678,0.0012913599,2742,-1165.0243490955456,-112.87241845805173,-498.44082829999763,7.194199694293303,-223.76477089989197,76.17516118468272,-61.693217214887405,37.30491108925242,-12.863207433992482,2.39697477846642,8.950302934269216,4.446609729326291,15.212030912306117
UoBBG_29.08.2024_20240828_234100.WAV,511.29526,1.0972102439717175,23364.74431619917,3414.113051427713,0.010581152843590149,0.5410574361271407,0.0012902785,2748,-1163.549654325889,-112.50506225318912,-496.56638724125617,7.453220484852651,-222.62624758494036,76.52923592388113,-60.70394249898398,37.28133342334694,-12.276124326166379,2.1522679886472984,9.634824103335147,3.8970623583923487,15.7841829656693
UoBBG_29.08.2024_20240828_234200.WAV,511.4052,1.0976348885895284,23355.93657052311,3412.3498604078127,0.010587161002012336,0.5402721140869322,0.0012901247,2716,-1161.803810969805,-112.08194131430515,-494.15294271469025,7.506832852628574,-220.27383467487135,76.88734962320407,-58.867422808365795,37.329212711195844,-10.82503999381093,1.903546500733631,10.191017026174201,3.977731942660496,16.049429482137555
UoBBG_29.08.2024_20240828_234300.WAV,515.62915,1.0973089689073656,23383.801840046464,3411.953023894333,0.010564572066537303,0.5403270139147431,0.0012938414,2744,-1121.1368168270376,-101.4495352473773,-439.5836479575007,15.074816709281354,-173.59369263274044,79.32308402454254,-23.20174242977427,35.0537691177484,12.505051337928954,-4.860222091774217,21.748881279212924,-5.203807086463819,18.6384390133126
UoBBG_29.08.2024_20240828_234400.WAV,512.4705,1.096683008412783,23392.03902559316,3412.574821500978,0.010536051392318072,0.5407218563849591,0.0012920978,2757,-1165.5788222470349,-113.09720661867325,-499.73418360567376,7.0044958056872355,-224.5700929034773,76.26982241247575,-62.85141323097763,37.27261341962013,-13.342872628265663,2.563551232532583,8.28406114598018,4.533950275347333,15.59043560734746
UoBBG_29.08.2024_20240828_234500.WAV,513.6608,1.0979305526921,23392.378460790602,3412.7122873735498,0.01054333618517749,0.5409916290487714,0.0012929711,2742,-1138.6520638161044,-106.29247487201071,-462.9679908968649,12.088171246021135,-193.03047745282643,78.57528982659979,-37.49363871180613,36.73240927441125,3.884764929381928,-1.7724628995201708,18.681664767268447,-0.9030769563045954,18.78682744974104
UoBBG_29.08.2024_20240828_234600.WAV,512.6395,1.097448182179385,23336.18196315766,3410.570641803299,0.01058713418454366,0.5402346658600149,0.0012891496,2740,-1164.8319974522744,-112.6709993506079,-498.1777984734271,6.630687661925843,-223.6531799927742,76.34842151150538,-61.60367531123307,37.51572966520884,-12.70958354706586,2.5495081602869782,8.58083281169752,4.229707143151104,15.489001101969189
UoBBG_29.08.2024_20240828_234700.WAV,512.87756,1.0978957416418078,23347.94987457632,3411.9044013802636,0.010554836894297676,0.5397456574599777,0.0012901555,2739,-1162.9919721406195,-112.1692431841323,-495.56208314690326,7.391748674993497,-221.5895846704089,76.26046214112712,-59.78686850179112,37.33254057646878,-11.617624839419289,2.0846115694107907,9.615153409849803,4.3525971250242765,16.109786724832734
UoBBG_29.08.2024_20240828_234800.WAV,512.07587,1.0972951646740448,23332.479233526665,3413.1921692854617,0.010545215783034294,0.5407004054588608,0.0012892656,2750,-1164.6312307346004,-112.46730293597892,-497.6955755726758,7.324041172744164,-223.18429784551728,76.14686135635057,-61.442277226184004,37.21918711641525,-12.291033001669572,2.211149774125541,9.383094746169967,4.287787080974293,15.834670310703219
UoBBG_29.08.2024_20240828_234900.WAV,512.0193,1.0972003817530602,23340.42415568265,3410.6874594863293,0.01055951220395138,0.5401339555798585,0.0012889314,2741,-1162.517400484811,-112.00352458206092,-495.0158854367413,7.205127997996277,-220.95126601945717,76.31440876667212,-58.961996339939006,37.26996726923856,-10.827160219654028,2.2809899596106615,9.91401558247544,4.033752024813215,15.972402133213771
UoBBG_29.08.2024_20240828_235000.WAV,511.2124,1.0977114409817645,23357.024547576904,3413.9189658350783,0.010586547108000487,0.5408109322645197,0.0012902408,2758,-1164.2774907217777,-112.69633357026594,-497.47397298003966,7.426062774344792,-223.1275408333957,76.441343129095,-61.224392220671234,36.8127492583017,-12.206512809228995,2.616213597493423,9.206959470867469,4.134622852975792,15.483556986925421
UoBBG_29.08.2024_20240828_235100.WAV,511.22577,1.0975891647019693,23371.732855326285,3411.8912372946993,0.010524924766362232,0.5401015974032017,0.0012914926,2736,-1166.6092497770924,-113.11024703364778,-500.6098215902766,6.641311094428886,-225.53030632106555,76.44995605521851,-63.31788382527327,36.93384764311188,-13.768355618902781,2.5106407226717193,7.9616011864067495,4.3666183025789005,15.1800367229356
UoBBG_29.08.2024_20240828_235200.WAV,512.3272,1.0976548293670674,23371.61811994239,3412.0564204465945,0.010558961038922014,0.5400263373743485,0.0012915438,2721,-1162.3675641536279,-112.07460166822958,-495.0576139799304,7.537228875582663,-220.86726022041188,76.5980860241846,-59.509095853522744,37.12746854274157,-11.453875780536023,2.0996511937700304,9.946650740536109,3.8769746256993574,15.895176190025607
UoBBG_29.08.2024_20240828_235300.WAV,512.0574,1.0979878755650199,23330.870019871316,3412.1080727748954,0.010559303230171494,0.5401550429309382,0.0012890274,2742,-1162.8932275965085,-112.0928397205392,-495.2069138899812,7.330140909619994,-220.92373931210238,76.60313683370656,-59.55638755753005,37.22066357118931,-10.954230627276454,1.9433702197577194,9.49126948761961,3.7698765533867196,15.835106834685194
UoBBG_29.08.2024_20240828_235400.WAV,513.1577,1.0975593862499835,23340.476914100225,3411.8015497336537,0.010570341901971215,0.5404858961978779,0.0012895546,2729,-1163.432556977283,-112.15222910741312,-496.17885597511645,7.249521509434276,-221.8357796345474,76.45766957882492,-60.313369700655045,36.99289773655261,-11.673172171728794,2.2819103667490284,9.289445886520953,3.9821645223355495,15.850728419909302
UoBBG_29.08.2024_20240828_235500.WAV,512.52014,1.0973916544150204,23330.324547408654,3414.112144020086,0.010570533814157462,0.5407022233339538,0.0012888956,2755,-1163.5744070020712,-112.76962341641324,-496.1480247102075,7.347612544664682,-222.10716637563982,76.50173590821694,-60.79720860348239,37.646792634645145,-11.633028902401628,2.336128662970377,9.749230558277068,4.204216973786849,16.007552580944566
UoBBG_29.08.2024_20240828_235600.WAV,513.7855,1.090538926299625,23309.586997529204,3412.243222854581,0.010579982440867287,0.5400732385517498,0.001287718,2765,-1165.6480589316093,-112.82211648456996,-498.80737927653166,6.819082060463407,-224.30736463239748,76.38745528890455,-62.390122493891795,37.24453977144041,-12.916118730889814,2.2655521701111883,8.577003479204706,4.284365713734384,15.313847290833918
UoBBG_29.08.2024_20240828_235700.WAV,510.70007,1.097594346792882,23273.034517277683,3412.9678860531153,0.010616605537344908,0.5407996614389426,0.0012849609,2739,-1164.618404607885,-112.70086211540485,-497.15800690330315,6.958651515596733,-223.20370735093127,76.43362360901111,-61.43111717200821,37.445294008882435,-12.062015943063352,2.077783360062536,9.164422867513293,4.40776599491965,15.641275133105966
UoBBG_29.08.2024_20240828_235800.WAV,511.95108,1.0971173756490475,23337.11304003543,3411.8097087387837,0.010604568609869969,0.5399365343447505,0.001289208,2753,-1162.2055545279393,-111.97284397857204,-494.46422617361907,7.5236033029761336,-220.79502819687167,76.57487760107915,-59.19681913198252,37.3108201055096,-10.885096516413688,1.980948973075584,10.11200143378328,4.026748504054465,16.377855885191703
UoBBG_29.08.2024_20240828_235900.WAV,514.4785,3.1524687046725343e-305,23350.795604472394,3411.0642609424285,0.010590244318815865,0.5398405505398362,0.0012918516,2756,-1125.4498495223922,-102.50238218604915,-444.9655413849426,14.205906968530048,-178.23153373191622,79.06193176204047,-26.789325010580193,35.61475485803225,10.48226600242101,-3.753870302870755,21.303987119533517,-4.024268280391122,18.55416758267354
UoBBG_29.08.2024_20240829_000000.WAV,513.3305,1.0976086503690046,23377.07972040268,3413.110477250339,0.01056939560534549,0.540841836141102,0.0012919927,2750,-1142.2402482704172,-107.43670825076661,-467.75936786701396,11.346230025096856,-197.01465502386313,78.46554095839288,-40.65911901550254,36.7646712407571,1.7436031677865786,-0.6768557758233229,17.08532315628431,-0.008122384080751052,18.944428200517788
UoBBG_29.08.2024_20240829_000100.WAV,513.0031,1.0816609259535035,23355.741826381545,3412.406201673674,0.010535856372822044,0.5406884074832464,0.0012904195,2758,-1163.1275203121338,-112.34745463878723,-495.83584368580506,7.302777068979482,-221.6558584731938,76.61963191401986,-59.614140327459495,37.36925950187365,-11.370813957114745,2.499616532342389,10.074286354382629,3.729497059861241,15.587180608803465
UoBBG_29.08.2024_20240829_000200.WAV,517.05176,1.0986122886681098,23281.102189359142,3413.019452978486,0.010584303993935838,0.5408429268661579,0.001286311,2745,-1157.9895237425712,-110.79399960006398,-487.92518177426234,8.477158869534309,-215.0248340636605,77.12835338884376,-54.27086045128921,37.09617872046262,-7.4961329338562654,1.4866047902899886,12.074897903162329,2.880082302503609,17.102997670070405
UoBBG_29.08.2024_20240829_000300.WAV,512.3815,1.0966843892444809,23332.627218091267,3411.775250009371,0.010561473998502291,0.5402979279132539,0.0012891239,2735,-1161.832315414154,-111.93265638175711,-493.8596308965625,7.5855238813877754,-219.9719675761332,76.51465341480068,-58.30437793336328,37.566164536160144,-10.287107321826378,1.9157607605538103,10.21319659363205,3.7744189692698873,16.247679833050412
UoBBG_29.08.2024_20240829_000400.WAV,517.8965,1.0986122886681098,23316.547179546254,3412.125502754912,0.010554463004854995,0.5399692560964259,0.001288388,2732,-1165.1005840928399,-112.67865840599407,-498.2173641647927,7.243125613012924,-223.23793628017597,76.07460422766655,-61.72388945885126,37.28878138357056,-12.634106174645204,2.2662826570121894,9.14935027075212,4.6350509151268176,15.501175220025951
UoBBG_29.08.2024_20240829_000500.WAV,746.7025,0.27437212941212624,289382.90312618815,3167.4941075229567,0.006526553084155922,0.4774056304681683,0.023106644,2768,-690.9350471965348,-24.04358194634343,-199.38277541893876,2.9098879916522837,-25.47520785707021,42.02536742908892,29.73473946490284,-0.7338798786122389,-5.16657895414157,-35.91271637035483,10.035633080048967,15.07337695447101,8.578098265156186
