filename,ACI,ADI,Bio_Energy,Spectral_Centroid_Mean,Spectral_Flatness_Mean,ZCR_Mean,RMS_Mean,Event_Count,MFCC_1,MFCC_2,MFCC_3,MFCC_4,MFCC_5,MFCC_6,MFCC_7,MFCC_8,MFCC_9,MFCC_10,MFCC_11,MFCC_12,MFCC_13
UoBBG_29.08.2024_20240828_202931.WAV,667.88434,2.302585092994046,159792.151958724,34294.87968415633,0.0002730854608833522,0.6902173143198059,0.003820316,1795,-1018.3146281820283,-149.7360165381571,-115.37456620578683,191.09564318609148,-86.34373886490533,-9.077034802857535,22.54945765617495,-10.774671414938236,17.323729015741808,-29.30221164818575,26.815994435326942,-12.238947985804733,-4.430484334106369
UoBBG_29.08.2024_20240828_203000.WAV,677.4905,2.302585092994046,260763.46045372894,34335.738592610396,0.0002876878370773946,0.690002674343177,0.002654661,4115,-1046.2469549161701,-158.45169235962535,-120.50777828989844,201.57831260407855,-89.79737659817224,-9.906679836161983,20.33030835184908,-9.175183275598773,19.555387265947083,-31.217705199945144,27.41673212929973,-13.868218481690828,-2.7599550808517948
UoBBG_29.08.2024_20240828_203100.WAV,713.5793,0.6922017029622767,296192.8467516678,34242.67503857939,0.00020686108436448368,0.6890020682072047,0.0030707784,4120,-1019.7142483019585,-151.82517268283902,-119.66535352146505,193.73047812434694,-85.41992163963378,-8.653897442981634,21.128382344273184,-11.524992927577998,18.552913616734823,-29.394447428985714,27.19470042985089,-12.904390442293739,-4.288397443208479
UoBBG_29.08.2024_20240828_203200.WAV,680.49493,0.6492483548708979,383754.60450209,34197.864357078375,0.00025160019966501953,0.6887684949647445,0.004059733,4101,-987.609302501926,-144.57148726917728,-116.66872916784283,184.39630512904344,-82.06122007643067,-6.8505639490297145,22.70162364856632,-13.454169271871747,16.430389366688804,-27.433408363912516,27.00499248207439,-11.824698960896244,-5.6108553174177995
UoBBG_29.08.2024_20240828_203300.WAV,669.1802,1.4186109171026404e-304,233987.39788117592,34377.61319112957,0.0001751930014055305,0.6903001518430606,0.0023604322,4125,-1043.5734452232018,-157.20617704020506,-115.77954544340066,201.43264036742113,-91.7073188211074,-11.999797003643147,22.216201819180547,-8.026608798040547,19.110100666788497,-32.136652480978256,27.23145043695578,-12.972023930533782,-2.915884238682708
UoBBG_29.08.2024_20240828_203400.WAV,515.8923,2.3004881127489343,205793.72958486486,34380.73961517716,0.00017655196000411434,0.6899409062878153,0.0020392528,4121,-1403.94621684432,-347.08238010223545,-341.60581734225707,321.4695674832002,-105.59831400999333,79.8840914538644,-40.93192133750001,-0.4932400255031471,-4.8571109378649515,-22.464558971740136,40.5420615152549,-23.535717032033748,14.264302240840149
UoBBG_29.08.2024_20240828_203500.WAV,515.3137,2.302585092994046,205231.60830524736,34374.69371414308,0.0001756324586497058,0.6896963793283999,0.0020336483,4101,-1400.9489107613258,-344.804015224251,-338.67065134810724,321.0067548648961,-105.00826058731474,78.23985622126928,-40.75651024145051,-0.972493974973002,-4.071142435281854,-22.453796602741242,40.894692443177796,-23.824287670574513,14.09454269968817
UoBBG_29.08.2024_20240828_203600.WAV,515.32916,2.284374118755229,205730.99920834208,34380.96651000099,0.000173656539618746,0.6899297253153216,0.0020384286,4111,-1402.886512125983,-346.32000837637986,-340.4813817490674,321.3775703192715,-105.45404403617361,79.33992031121257,-40.87660519319098,-0.7140093444423073,-4.584452381481072,-22.49346906973209,40.72387106897586,-23.549604624778553,14.181347247685773
UoBBG_29.08.2024_20240828_203700.WAV,552.28503,1.4186109171026404e-304,206082.15817317666,34371.36657868287,0.00017510430482170348,0.6897141052604021,0.0020420558,4094,-1292.601607114385,-279.6094074486827,-252.7641298051046,297.46590067807523,-97.91133471426747,33.98934988404747,-27.718304587160684,-8.15770531718143,18.38757161167437,-23.660185363536435,40.783140916993254,-30.36406155629623,6.66054584768021
UoBBG_29.08.2024_20240828_203800.WAV,550.83844,2.302585092994046,205213.73304602396,34368.8985522862,0.0001763293728976823,0.6898991821709485,0.00203255,4109,-1347.641462787483,-311.8214151454235,-294.8737848633018,311.02831550109124,-99.90484873733514,55.65742242039631,-35.791787321608375,-6.8152108645513385,7.8305887803151455,-22.08387931642191,42.95370660161895,-27.443996553927366,9.93768493023608
UoBBG_29.08.2024_20240828_203900.WAV,574.0604,2.302585092994046,207351.26156296572,34367.20833948276,0.00017499794768261584,0.689599568469003,0.0020597111,4133,-1178.6261120604684,-216.91705329779293,-178.548569994401,256.9630312879405,-96.427520423618,1.9726775192490598,-3.835167639700911,-6.367079070225138,27.557905767312715,-30.79319473894025,31.695072432567848,-26.497704405745164,4.220570823807942
UoBBG_29.08.2024_20240828_204000.WAV,516.74634,2.302585092994046,205441.44817771416,34378.386926036226,0.00017476779335917782,0.6898261876919854,0.0020354323,4105,-1394.7478445551005,-341.1242293803341,-333.3683605994799,320.2059918443121,-104.3292938602415,75.59615894329563,-40.39543721526107,-1.8896563328854385,-2.6282282103519283,-22.35693093698214,41.30429579324388,-24.119241462562393,13.583392634570023
UoBBG_29.08.2024_20240828_204100.WAV,516.0094,2.302585092994046,205310.1635740107,34378.930617839236,0.00017404975364961487,0.6899066816037187,0.0020340066,4120,-1396.9092896895995,-342.3413701527487,-334.9930662205963,320.5120722153114,-104.59615430231497,76.44785691504462,-40.493806243410354,-1.627786201129907,-3.094792102517883,-22.412617218934496,41.212296324095014,-23.98659796554764,13.750890489966535
UoBBG_29.08.2024_20240828_204200.WAV,515.7462,2.302585092994046,205312.94756182292,34378.99403717974,0.00017493235985745865,0.6898308237049707,0.0020346057,4122,-1403.5749437780376,-346.4921177510652,-340.7805244850698,321.3752453855693,-105.4290294694213,79.46276348191041,-40.91148748299467,-0.6625756212256387,-4.66054202333206,-22.45082063040687,40.678072810603496,-23.60223428893286,14.2109686197045
UoBBG_29.08.2024_20240828_204300.WAV,516.4109,2.302585092994046,205292.43722839313,34377.07463165435,0.00017395561951737674,0.689806234655706,0.0020334711,4128,-1399.1455676395292,-343.7703752160523,-336.8704002865345,320.85575783472154,-104.83692562302467,77.39989174126423,-40.72047047781605,-1.2368059131333051,-3.6795327856093865,-22.344048733478058,41.08070338708917,-23.897426657816624,13.884471510064524
UoBBG_29.08.2024_20240828_204400.WAV,515.4664,2.274768030771189,205321.30226066115,34375.49153177816,0.00017507989832453373,0.6897321038990506,0.0020346912,4091,-1399.6514823266314,-344.08750354440843,-337.5168461289311,320.83553362992365,-104.85104787160572,77.73829570763235,-40.76168617413542,-1.1834983924285214,-3.7718891986620555,-22.35940967796931,40.948361932386426,-23.874805240175508,14.014184468768143
UoBBG_29.08.2024_20240828_204500.WAV,515.7977,0.6931471805599453,205447.56118968048,34379.98772989753,0.00017585051609561873,0.690001901674346,0.0020353028,4091,-1393.452983480584,-340.2750611729536,-332.14126048614463,320.04081462762133,-104.1704265765854,75.00931250587702,-40.36647046517616,-2.097232707538514,-2.289463874602242,-22.381796902079156,41.53081843382871,-24.222642476212922,13.469907466712101
UoBBG_29.08.2024_20240828_204600.WAV,515.3898,2.30051769184905,205308.26544045124,34377.7514808821,0.000175226236819338,0.6898594124517128,0.0020339494,4114,-1401.0981260751616,-344.9644757760493,-338.59978758249844,321.10558072255543,-105.12856193662341,78.26669123344985,-40.767032079360604,-0.9490864541706158,-4.103428004709797,-22.437597875133363,40.92599788509684,-23.794066118131592,14.059174837661859
UoBBG_29.08.2024_20240828_204700.WAV,515.4037,2.223253852162502,205378.10919148137,34373.96465821458,0.00017358551729420045,0.6897646014410547,0.00203537,4098,-1401.57077631597,-345.2342915651487,-339.09982126083565,321.2154036430691,-105.08454066858005,78.38828185028,-40.77016988168664,-0.943116290834214,-4.197781176649174,-22.367150884300177,40.83362418732264,-23.770759696361104,14.075239968344855
UoBBG_29.08.2024_20240828_204800.WAV,516.70996,2.302585092994046,206061.9348600921,34377.81200955572,0.00017302719385869615,0.689880456314577,0.0020416803,4124,-1395.820269888457,-342.11632613905334,-334.41534251537774,320.5944324627409,-104.52920197932997,76.07973880110447,-40.502389059803875,-1.6686390068265176,-2.9835019153988425,-22.337159932947596,41.23284251326018,-23.97191247750211,13.660450928217145
UoBBG_29.08.2024_20240828_204900.WAV,516.18866,2.302585092994046,205638.24686862403,34379.45507811727,0.00017412610125170044,0.6900076285139161,0.0020373492,4092,-1400.9723031344927,-345.1085896488738,-338.7190285268157,321.1700480190223,-105.08802736113348,78.35734674090389,-40.90503179987461,-0.9684663082207586,-4.043135454700442,-22.383982284359732,40.82236982811371,-23.76491386064764,14.083782086626778
UoBBG_29.08.2024_20240828_205000.WAV,517.56085,2.302585092994046,205786.62530187736,34379.52921296843,0.00017412529721721646,0.6899173626140277,0.002039646,4122,-1401.652061756927,-345.54792934314054,-339.3654450748812,321.22678894388764,-105.2759929344508,78.75266849842568,-40.835623718647916,-0.8981637400835764,-4.287014612719339,-22.43452298059923,40.88150012627003,-23.715021801738697,14.02585411584223
UoBBG_29.08.2024_20240828_205100.WAV,518.2441,2.302585092994046,206174.0072590732,34378.62852634529,0.0001747375330793529,0.6899090905124267,0.0020429895,4140,-1396.4329886927806,-342.5754294822873,-335.1990359660952,320.6301667263197,-104.60830779823392,76.52261614365301,-40.55505316004906,-1.5970148953460588,-3.1761563753847573,-22.33387327666284,41.20927436675551,-23.962002154962384,13.711411727520028
UoBBG_29.08.2024_20240828_205200.WAV,515.86224,2.3018591362517373,206349.5594991895,34379.249949939636,0.00017283013172474053,0.6898701389131294,0.0020455844,4106,-1400.1782796747857,-344.9614880532652,-338.439460634702,321.1874392956012,-105.05970819073649,78.19623377145724,-40.90052928297864,-1.0222659536745649,-3.960699495008132,-22.358904431195924,40.91920266033014,-23.91416213273982,14.015469462773563
UoBBG_29.08.2024_20240828_205300.WAV,515.06256,2.299496650116066,205311.5793647539,34377.31746939549,0.00017464133500594693,0.6898314145693708,0.002034558,4126,-1395.0102079097296,-341.19308839370404,-333.2189433846497,320.29770108702496,-104.30282636227848,75.4784984000352,-40.44254565952084,-1.8565449411087218,-2.66752976945883,-22.250963789716646,41.30860689593835,-24.149854592568193,13.59065973071341
UoBBG_29.08.2024_20240828_205400.WAV,516.6781,2.302585092994046,205540.44554126787,34376.77686622447,0.0001734462204556943,0.6898547309876198,0.002036663,4088,-1406.0085383556896,-348.1433419947127,-343.0036243842683,321.813245290665,-105.74005218452622,80.46607510791902,-41.110361212085635,-0.18065751692867205,-5.209566243094549,-22.431420111007107,40.38647044250532,-23.497136196225398,14.410132398269269
UoBBG_29.08.2024_20240828_205500.WAV,517.2449,2.302585092994046,205414.58146713662,34377.37147507435,0.00017365373523086484,0.689751011559853,0.0020360122,4092,-1401.319371895753,-345.15728207857,-338.79461118032947,321.22560128683,-105.05048558868975,78.33915313676974,-40.950794571070894,-0.9552918903628473,-4.01400497118615,-22.349287942377593,40.7476173367263,-23.796570545283316,14.16760358502002
UoBBG_29.08.2024_20240828_205600.WAV,515.4058,2.3015903821782486,205586.4909673418,34380.48169394734,0.00017395425511204651,0.6898941370979941,0.002037101,4119,-1395.9826670367718,-341.88838755977406,-334.0530794457926,320.6367892344023,-104.45809826927855,75.88271552157072,-40.63658503409508,-1.7524633351583858,-2.665067049715543,-22.36514600694975,41.23042365856797,-24.08542377365524,13.690319541470213
UoBBG_29.08.2024_20240828_205700.WAV,516.91614,2.302585092994046,205524.64839838477,34375.830844092976,0.00017445585928396867,0.6897283769082193,0.0020363107,4115,-1400.2469487172252,-344.6742887423148,-338.02759213750625,321.08343646804286,-104.94302041681402,77.93622122593955,-40.92401529173981,-0.9543111975935761,-3.9143957029007113,-22.314342522396498,40.83519845656275,-23.89096858649054,14.130643906732683
UoBBG_29.08.2024_20240828_205800.WAV,517.80237,2.302585092994046,205270.95324566777,34374.92918551965,0.00017418464279598793,0.6897025152279391,0.0020339182,4107,-1397.118839694355,-342.4053885535776,-335.0984250357988,320.6450662532769,-104.48820833871147,76.32852307785964,-40.651314428940545,-1.5134191348898354,-3.0147088276992196,-22.399883919897,41.20677680342922,-24.155194125252113,13.816020726356552
UoBBG_29.08.2024_20240828_205900.WAV,515.3279,2.30182230473138,205300.96662969518,34377.80689696307,0.00017425784348812191,0.6897865543260728,0.0020342986,4112,-1404.9110472305242,-347.366531868804,-341.86642843350296,321.6984371393814,-105.56162365388424,79.86807339904756,-41.15351252593943,-0.3107547964874084,-4.774639340787576,-22.51206921137411,40.472978166056556,-23.60304057239815,14.342952146788079
UoBBG_29.08.2024_20240828_210000.WAV,517.12103,2.302585092994046,205770.09854257666,34380.577933131106,0.00017413614271566118,0.6899259528733827,0.002038492,4090,-1403.1655733605437,-346.6402124304775,-340.54024388522436,321.55744236372726,-105.44134695130889,79.30715026969014,-41.11116414067425,-0.5327256776167484,-4.537115037002992,-22.351054929000835,40.51268696198019,-23.65383236704802,14.293918514433654
UoBBG_29.08.2024_20240828_210100.WAV,514.9253,2.3006938978543725,205945.50901537202,34376.04144350736,0.0001730839202163627,0.6897609653524388,0.0020409245,4112,-1399.6202835523634,-344.351472378175,-337.4344791430788,321.19002859284967,-104.96423089903776,77.54626543917152,-40.8085028325087,-1.0730311388741876,-3.746235997041008,-22.29255839084799,40.93581223989171,-24.042472277864512,14.025756469074604
UoBBG_29.08.2024_20240828_210200.WAV,515.0245,2.297858199264087,206053.2069576147,34378.877425261846,0.00017441363028424225,0.6897329220189891,0.0020419797,4125,-1394.6517662632666,-341.3860699773065,-333.3197719781427,320.4912913365295,-104.32736205966772,75.53570606445464,-40.61912575803105,-1.8399673169273838,-2.609876471934794,-22.19936296381645,41.381507983038276,-24.347854358233732,13.6133138225182
UoBBG_29.08.2024_20240828_210300.WAV,517.3653,2.302585092994046,205986.38408767094,34379.25090352906,0.0001729414935244277,0.6898605487294052,0.002041161,4121,-1391.2887511862914,-339.2171193026951,-330.26929466768223,319.9848633400627,-103.97841365948027,73.9316693237266,-40.28610089060864,-2.2741154005653947,-1.813842966693334,-22.265683305861522,41.61371143892816,-24.451985863632146,13.334830441109625
UoBBG_29.08.2024_20240828_210400.WAV,515.8108,2.302585092994046,206152.94217578752,34380.33526009495,0.0001732132411685363,0.6898597306094666,0.0020428956,4131,-1397.1585432354527,-342.9883576526836,-335.46460699579194,320.88940803856167,-104.6944657831678,76.59607531851853,-40.71752362130489,-1.4640981845222805,-3.087257626097874,-22.35881575326329,41.02405994071051,-23.94456088441269,13.763516624629316
UoBBG_29.08.2024_20240828_210500.WAV,517.0697,2.302585092994046,205707.6137537177,34380.61071242389,0.00017359089618519333,0.6898674572977753,0.0020379748,4151,-1403.64309725756,-346.84834260644357,-341.0054033675019,321.6129014835914,-105.41902272985146,79.54871667202617,-41.22955843157034,-0.555433222582115,-4.513285286154661,-22.40153397450006,40.59143618900986,-23.735136331905206,14.267856772312726
UoBBG_29.08.2024_20240828_210600.WAV,515.8712,2.301598053369097,204595.5675726472,34374.11879034492,0.00017521019958789704,0.689670472197012,0.0020273698,4110,-1399.1104603228348,-343.24082159217136,-336.2223475931849,320.8280547725938,-104.64653489673135,76.8704401657679,-40.69624403482583,-1.3310568913854628,-3.339786739492654,-22.343036410258144,41.05474348442193,-24.079714153256575,13.899399187247004
UoBBG_29.08.2024_20240828_210700.WAV,516.4886,2.302585092994046,205673.81542167935,34378.46527854477,0.00017396580960142504,0.6897586018948385,0.00203818,4096,-1393.60093242748,-340.5270642494457,-332.0962257943851,320.2535037385037,-104.15562800006245,74.88935199152606,-40.5017206768663,-1.9664184088051078,-2.3171110916784876,-22.244641451977106,41.44008082180119,-24.32191345019107,13.505740159535712
UoBBG_29.08.2024_20240828_210800.WAV,515.3342,2.301700876165867,205355.1084957899,34374.08499493057,0.00017375206372275816,0.6898061437534907,0.0020344805,4091,-1397.0413552958594,-342.44721274087215,-334.9680616535479,320.7083959012273,-104.42586555743682,76.230005746477,-40.71977129924148,-1.5246275192448566,-3.043948967855387,-22.225390649794118,41.216243912540264,-24.238079627468114,13.748383821593235
UoBBG_29.08.2024_20240828_210900.WAV,517.3744,2.302585092994046,205927.24002184646,34375.35612757009,0.00017314788606659408,0.6895818879881085,0.0020406027,4106,-1392.8420169207775,-340.2819870456768,-331.6471303528337,320.20480657255257,-104.13104422261992,74.60426147750107,-40.39336936839494,-1.98415454189087,-2.2816358207553646,-22.1572172610964,41.33928353881531,-24.275645157890608,13.471697817751245
UoBBG_29.08.2024_20240828_211000.WAV,514.9401,2.3012181813215014,205829.30367648212,34379.61092506164,0.0001744494033715165,0.6898828652232849,0.0020392055,4113,-1399.4944798261463,-344.30315883787824,-337.5471324435,321.0809031040161,-104.93385128160969,77.71035912643389,-40.87328878169412,-1.1847711134377688,-3.631435034031358,-22.305074860602474,40.91322326691631,-24.037276149037066,14.027684800708684
UoBBG_29.08.2024_20240828_211100.WAV,517.03864,2.302585092994046,206047.02302077072,34381.71067197734,0.00017313697125088975,0.6899469967362468,0.002041821,4112,-1398.113222292737,-343.60393459781307,-336.2236847490816,320.9932043954005,-104.7917739306832,77.05798986825369,-40.86948168424754,-1.2970703675214343,-3.337192094002809,-22.317769468200357,41.00717176973385,-24.00581737824037,13.878236831761088
UoBBG_29.08.2024_20240828_211200.WAV,515.6882,2.3015467135810717,205734.26481941045,34377.06385657055,0.00017334016206872773,0.6898470952015265,0.0020388202,4133,-1403.3209841805626,-346.5940063847918,-340.7678556768758,321.58130958045433,-105.36089946757772,79.26706224973726,-41.12284769167552,-0.4927926336036057,-4.5023168343369555,-22.415034936413075,40.57358289463056,-23.774857955505478,14.349292820045495
UoBBG_29.08.2024_20240828_211300.WAV,516.4769,2.302585092994046,205128.7605686928,34374.36948179805,0.00017506951617988432,0.689613431056851,0.0020321545,4123,-1389.0049556450313,-337.3458192129435,-327.877477268596,319.471843810548,-103.5110141644397,72.61795377082335,-40.11391031747757,-2.6641680753893873,-1.1337156796351493,-22.153494829712237,41.72682490862581,-24.636725887467954,13.066493362008217
UoBBG_29.08.2024_20240828_211400.WAV,515.16406,2.301899168454282,205571.78626283802,34378.89528880284,0.0001743097242365093,0.6898556400097738,0.002037256,4111,-1391.786955351529,-339.20797818158854,-330.4321035511794,320.0181569972043,-103.95223205423055,73.95176053195577,-40.29101221292814,-2.3310405845944095,-1.7107925426763728,-22.272058361201513,41.51989602506735,-24.45265500630159,13.345935014292957
UoBBG_29.08.2024_20240828_211500.WAV,517.0268,2.302585092994046,205228.5429997685,34375.90847003909,0.00017409184949872592,0.6897760551201946,0.0020330928,4111,-1373.4754860257046,-327.7573756868437,-314.7361467328771,316.90403108030745,-102.06160267339519,65.8113294799467,-38.72926429458722,-4.444581269797361,2.387107576241246,-22.076358023751656,42.53216493710518,-25.68397319484367,11.925104834034437
UoBBG_29.08.2024_20240828_211600.WAV,515.5967,2.298649434046412,205494.66015427173,34375.100409108905,0.00017363961947384156,0.6896161126722051,0.0020357806,4115,-1405.9344752711029,-348.0120079103551,-342.86692971172204,321.9599743641986,-105.66030641635031,80.25469280102959,-41.16124610059623,-0.29550763255412127,-4.970475247367662,-22.37874828270983,40.30820985386647,-23.569513392986657,14.441148784824943
UoBBG_29.08.2024_20240828_211700.WAV,516.04694,2.302585092994046,205093.1213229533,34377.976775473544,0.00017381815543070407,0.6899241348290748,0.002031976,4116,-1401.7838629373093,-345.356333280695,-338.9519829610223,321.2878636872361,-105.09070872583608,78.41011565739907,-41.06302353326606,-0.8259292569564626,-3.9911701052695547,-22.38737036545678,40.71685442643675,-23.877488638091254,14.20653105639836
UoBBG_29.08.2024_20240828_211800.WAV,516.0497,2.301132148998397,204889.77006234595,34379.81987570273,0.00017434103307987405,0.6900549431170296,0.0020300685,4133,-1403.3194092449937,-346.13379715464424,-340.0941545484929,321.4585010862579,-105.29643000457412,79.05261809286547,-41.11086087899089,-0.7093923472467766,-4.29560487437281,-22.36042265644458,40.62437668765325,-23.847007463929778,14.35441310615703
UoBBG_29.08.2024_20240828_211900.WAV,517.4044,2.302585092994046,205827.82992716468,34378.35208709013,0.00017353790938423616,0.6898238242343852,0.0020387014,4098,-1397.2251596855367,-342.86524009186354,-335.41279480582006,320.9412192781579,-104.52238742447749,76.47081228165996,-40.864229631106134,-1.4554405804802502,-3.015821575655016,-22.364478980122968,41.163090337172,-24.122556524821295,13.886812658291637
UoBBG_29.08.2024_20240828_212000.WAV,516.583,2.299834750307103,204905.20535682963,34376.54525671126,0.00017421487082050434,0.6898713660930373,0.0020303577,4116,-1400.960373482069,-344.66388564271256,-338.08626588463204,321.15567389789834,-104.87107627916585,77.9089120824497,-40.98785280445444,-1.0793752800251821,-3.760210019790546,-22.260856916685412,40.83080604752454,-23.969615190113853,14.00975533919889
UoBBG_29.08.2024_20240828_212100.WAV,517.7456,2.302585092994046,205710.01001309804,34376.82039317918,0.0001751696221537055,0.6898164611549381,0.0020386712,4118,-1397.1527693965245,-342.7946093758087,-335.3982055581462,320.7044911188493,-104.54054622552049,76.5617692794854,-40.731166355659205,-1.5023708880327087,-3.1277151703040675,-22.227440301470477,41.01437062546625,-23.991886006294163,13.769916911757232
UoBBG_29.08.2024_20240828_212200.WAV,516.63464,2.290649047912935,204961.1462593024,34379.80242363733,0.0001751693728190844,0.6898082799555525,0.0020308627,4092,-1391.3122994908588,-338.6873799243615,-329.6205631898868,319.7980676331717,-103.81919432026146,73.64656816545782,-40.30330199659516,-2.4113095596346734,-1.5971309970497762,-22.242880352387974,41.62212415703425,-24.444666478228417,13.293181820254382
UoBBG_29.08.2024_20240828_212300.WAV,519.0736,2.302585092994046,206025.84771973037,34376.99304338415,0.00017378848153763076,0.6899019092374105,0.0020416437,4102,-1402.0894360584582,-346.0564561665669,-339.7321634873936,321.53795749726254,-105.22509464598213,78.74479537767259,-41.097537833337874,-0.6488697624151072,-4.307334457976746,-22.340142279616703,40.69662571599514,-23.799777867719186,14.156883948808861
UoBBG_29.08.2024_20240828_212400.WAV,517.41174,2.3010465299672744,205626.15755444072,34379.196404877956,0.00017358663956481524,0.6899138174276273,0.0020369021,4103,-1401.1242033817875,-345.29555075531977,-338.72926641830674,321.3161923783553,-104.98770536301956,78.32552829443966,-41.19004163831851,-0.8793915510807111,-3.9141981608920107,-22.352104954660533,40.81747152503122,-23.862945275562026,14.01581632959976
UoBBG_29.08.2024_20240828_212500.WAV,518.4438,2.302585092994046,205829.02886277647,34381.14842805399,0.00017386396732826446,0.6900271270391185,0.002039845,4112,-1399.2292710898525,-344.1837671603613,-337.0556632291371,321.08032643161334,-104.85217570742839,77.49067491958168,-41.001499459940305,-1.1078723581977008,-3.5468655780094775,-22.32283716554882,40.91752953369695,-23.981372509640952,13.961936931486404
UoBBG_29.08.2024_20240828_212600.WAV,516.99457,2.300852975148368,205185.55042226543,34375.5171530313,0.00017464399667636046,0.689769055649609,0.0020327354,4106,-1394.274636755692,-340.70261763995757,-332.5219543640961,320.2886425591658,-104.06473329830222,75.03269542162712,-40.613775765929674,-1.9257097392739628,-2.334584628399842,-22.244278778116534,41.36411900300841,-24.2440455961165,13.544542345381432
UoBBG_29.08.2024_20240828_212700.WAV,515.789,2.301520833966751,205189.69834479605,34374.809562201146,0.0001738079370394631,0.6897258770972959,0.0020324243,4083,-1401.007729060361,-344.93885370854434,-338.4941522645949,321.2235865470023,-104.87376792467276,78.08847354456178,-41.06466785328045,-0.9834352647493317,-3.844464094919666,-22.3043323473819,40.78902934046259,-23.8838588740859,14.05813828972015
UoBBG_29.08.2024_20240828_212800.WAV,517.7249,2.302585092994046,205450.70833766152,34378.255778377614,0.00017488705320116072,0.6898536856121428,0.0020355266,4117,-1409.1469479388609,-350.1946607991058,-345.6614020146227,322.29448419965235,-106.06633839887468,81.79945574087021,-41.588161319332464,0.4254188609356948,-5.7127942928888995,-22.42806749646385,40.022413102761305,-23.4851551792922,14.619700594204673
UoBBG_29.08.2024_20240828_212900.WAV,516.6129,2.3018191143666846,206066.89177360365,34380.939745554315,0.0001734747310044543,0.6899095450235037,0.0020421476,4135,-1397.1901182214572,-343.04006251388626,-335.4486682580492,320.89051906229207,-104.5640122935443,76.70280063861671,-40.9313002752275,-1.571395689014953,-3.069363206433241,-22.173852894001485,41.09402213110445,-24.115208972287494,13.788985194618535
UoBBG_29.08.2024_20240828_213000.WAV,518.94714,2.302585092994046,206101.17832578634,34379.038395140735,0.00017346223707131558,0.6899030909662106,0.002042275,4106,-1403.830081720424,-347.1789358784324,-341.2796726852247,321.8190423051863,-105.46624919813974,79.56334385282443,-41.26453279662446,-0.4410989638760751,-4.623536090061021,-22.295630704906383,40.49688914929725,-23.762881711365807,14.329807612028125
UoBBG_29.08.2024_20240828_213100.WAV,516.3417,2.3019341138713587,205238.69849822746,34376.1477900516,0.00017427867125032292,0.6898700480109141,0.0020335277,4139,-1399.3638427278565,-343.92415524041195,-336.78933825709987,321.04989634552726,-104.73032311327714,77.23605537443024,-40.950680994971485,-1.1493071581766214,-3.5061095605089068,-22.2781989865592,40.942218441117596,-23.976310869510147,13.893731414047876
UoBBG_29.08.2024_20240828_213200.WAV,518.1405,2.302585092994046,206054.29927250306,34381.15503587971,0.00017375437929003943,0.6899284981354138,0.002041573,4104,-1398.8749889482758,-344.0739008719308,-336.8598895543788,321.16166333113506,-104.8336045986211,77.34147835485213,-40.991998414472036,-1.21056640275967,-3.412645129218761,-22.295629932776897,40.88692146593465,-23.957511964473966,13.948084388348722
UoBBG_29.08.2024_20240828_213300.WAV,519.12537,2.302585092994046,205510.62694973624,34376.76026812402,0.00017350919172413258,0.6898126887129992,0.0020360607,4123,-1401.3111166765227,-345.2855779363964,-338.72122948367246,321.3693535864656,-105.01609655976792,78.2951651228853,-41.10620290919942,-0.9469673132391271,-4.02403633313665,-22.20736714784059,40.870616994298985,-23.947462712449088,14.011329346603711
UoBBG_29.08.2024_20240828_213400.WAV,517.79626,2.301023900118526,205344.3701793162,34377.060884944585,0.00017438065889974978,0.6898220516411849,0.0020340937,4113,-1396.8717439238033,-342.3880453963321,-334.8698249736283,320.69317136934717,-104.41497096971511,76.25664383885946,-40.785471260816514,-1.5784409633736967,-2.9394641469984126,-22.278926301509042,41.21504021812726,-24.18169549853193,13.7778554239872
UoBBG_29.08.2024_20240828_213500.WAV,515.8246,2.3019269903938984,204953.5806535,34379.32115692612,0.00017385853487879483,0.69005157973506,0.0020303982,4124,-1403.7311944908472,-346.4955881805402,-340.5172356529732,321.5079264341819,-105.23704194797578,79.25290548386278,-41.25238446095484,-0.6447118707178624,-4.399888864434527,-22.27386431228714,40.61070291324691,-23.807100499380446,14.161258305741885
UoBBG_29.08.2024_20240828_213600.WAV,517.7396,2.302585092994046,205342.30377993186,34377.66000880107,0.0001734935797257773,0.6897651923054547,0.0020344767,4097,-1400.2361520460126,-344.5094404216706,-337.69776011678664,321.15680195851536,-104.78654363711362,77.72870926197267,-41.08531234891619,-1.11047024931229,-3.6329515833696795,-22.258574661310096,40.91389261081934,-23.954985305860436,13.835527137036868
UoBBG_29.08.2024_20240828_213700.WAV,515.68884,2.298578385399695,205931.6095058982,34378.92742223982,0.00017388274277426073,0.6899902207396676,0.002040222,4120,-1390.847986852456,-339.0436330295257,-329.89395264458796,319.99324022107083,-103.80554285913843,73.71448928581871,-40.41168150398031,-2.3756887910226854,-1.6435031636542197,-22.12206782628835,41.475580284011556,-24.39789875964785,13.374955382262158
UoBBG_29.08.2024_20240828_213800.WAV,518.624,2.302585092994046,205331.4359374136,34378.55001095525,0.0001741414615041504,0.6900468528198594,0.0020341557,4097,-1398.1809820286746,-343.29250820048736,-335.94360796240494,320.9664447873737,-104.51535830494213,76.81545534270994,-41.0017611596773,-1.4384286795280543,-3.1605298652721103,-22.179132616440747,41.024825294865146,-24.088201996593348,13.86514041299635
UoBBG_29.08.2024_20240828_213900.WAV,517.28564,2.291568597346116,205351.1761393032,34375.837889046634,0.0001738469613877166,0.6898222334456158,0.0020347002,4123,-1397.7737983467464,-342.9525055804113,-335.64991987711767,320.8306933373427,-104.43243101057374,76.63618959822064,-40.91775425119467,-1.5446351270266665,-3.093998854304549,-22.098741337724068,41.09234214265879,-24.237841895377368,13.823523906397176
UoBBG_29.08.2024_20240828_214000.WAV,516.96326,2.301290651414601,205857.79722211498,34376.22396621437,0.00017432863135863116,0.6897873724460114,0.0020390283,4140,-1402.5673517906876,-346.3407749880058,-340.1125544897822,321.662856957206,-105.17114165562852,78.91075590569814,-41.29126975016116,-0.6443488757637312,-4.24477107227654,-22.29751250563706,40.607551611492816,-23.745846606566147,14.134268566200864
UoBBG_29.08.2024_20240828_214100.WAV,517.8729,2.302585092994046,205939.37956485382,34377.25707619856,0.00017385450436725557,0.6897868724838266,0.0020407122,4118,-1396.766819302411,-342.6920562140244,-334.92302480266477,320.84273414140523,-104.51744874619743,76.31039218384727,-40.84320350028658,-1.5031503905917707,-3.0224545017137454,-22.159814815301022,41.140175351001744,-24.160570355484086,13.717968772950082
UoBBG_29.08.2024_20240828_214200.WAV,516.7194,2.300709371264647,205812.95193562107,34377.922816413164,0.00017421179336396455,0.6898782746614074,0.0020387976,4124,-1406.7678201966066,-348.86812310321443,-343.80291580226793,322.1397601118508,-105.70693554121841,80.79313828104651,-41.513817397052776,-0.014815739039314216,-5.190090997257009,-22.331484025266246,40.266606888049516,-23.62214722073443,14.455625830060908
UoBBG_29.08.2024_20240828_214300.WAV,517.9131,2.302585092994046,204946.52894503615,34375.38032788811,0.00017466584039313606,0.6899160445319045,0.002030241,4116,-1397.4107772771797,-342.5633950129497,-334.82280038145933,320.88300762633156,-104.35229281068337,76.14446122809953,-40.896644494234415,-1.5780987681900691,-2.9588518963086647,-22.075939971842928,41.14030423362802,-24.158952977458675,13.738891920660885
UoBBG_29.08.2024_20240828_214400.WAV,517.0443,2.301842484573821,205842.15336313465,34376.14480631307,0.00017407349076374657,0.6898880466495625,0.002039431,4120,-1394.9290657500583,-341.5416457567318,-333.47584182005426,320.5875840312984,-104.18725610389592,75.49810180638237,-40.73474808130058,-1.8684647698073857,-2.572271926918094,-22.051792878256588,41.22297818107899,-24.23095042612524,13.576338690391655
UoBBG_29.08.2024_20240828_214500.WAV,516.12775,2.3007664207849876,205601.01617572262,34378.39175962899,0.00017331304354929403,0.6898380049799869,0.0020371457,4104,-1401.2424659583742,-345.35394530180696,-338.7518118244889,321.3569285313187,-104.94814892856529,78.30517481495467,-41.19050679159952,-0.9259389339481923,-3.9725687660781808,-22.20669605531319,40.77108565679956,-23.83213683207893,13.967825317034553
UoBBG_29.08.2024_20240828_214600.WAV,518.9397,2.302585092994046,205044.4013831003,34378.27506841318,0.00017458218024100992,0.6898416410686028,0.0020319256,4148,-1400.289438877382,-344.37156486129936,-337.56664209577536,321.1092335327658,-104.74025881847191,77.71939042633895,-41.13997568932301,-1.1618178519473186,-3.569775390616926,-22.246264837854245,40.95350741389142,-24.085973921476754,13.977915094321329
UoBBG_29.08.2024_20240828_214700.WAV,516.02966,2.2965593108851072,205973.4044094358,34376.14340554066,0.00017330561686883545,0.6898507767412502,0.0020403173,4090,-1394.706979745668,-341.52689239829584,-333.24148287978034,320.6293935026364,-104.25031283733007,75.40076041042413,-40.767507041650234,-1.7784614929874056,-2.521616260375214,-22.082914365791506,41.20244757176486,-24.317462129711974,13.629074775527512
UoBBG_29.08.2024_20240828_214800.WAV,516.3825,2.3017112813456575,205299.2514311834,34377.246409802334,0.00017538829919351874,0.6899617683462487,0.0020339706,4096,-1401.8779225374524,-345.53360835912434,-339.0364939962002,321.4254660468213,-105.02011951885889,78.41139439574937,-41.18189360712104,-0.8816548387270414,-3.970763880514205,-22.23133067658523,40.67887221319228,-23.855221738004065,14.054574408478434
UoBBG_29.08.2024_20240828_214900.WAV,518.08484,2.2931424526298514,205378.73327808577,34376.65821958649,0.00017457558843705275,0.6899183170872893,0.0020341903,4078,-1400.5736163376669,-344.8235395005758,-338.12715346613805,321.2538479004555,-104.76310043322195,77.8932852780917,-41.15951542444217,-1.0315926749544766,-3.750623372774349,-22.242415250842978,40.848249929564886,-23.889804221167,13.927175318057147
UoBBG_29.08.2024_20240828_215000.WAV,518.1629,2.3008517644469055,205747.24863429007,34379.170435954424,0.00017354286677881712,0.6899056816793493,0.00203822,4122,-1386.9491103973148,-336.5911469423626,-326.2240310577875,319.36625120011166,-103.38698960352595,71.86942881885284,-40.13142505415814,-2.8241411058484736,-0.8460121692702358,-21.923094679425173,41.811759279252016,-24.79891784810482,12.955507574989372
UoBBG_29.08.2024_20240828_215100.WAV,518.46466,2.302585092994046,205846.71266455526,34377.026313621864,0.00017462991972638602,0.6898382776866332,0.0020398798,4109,-1388.2250837591466,-337.4126179124726,-327.4982344280932,319.5920243022837,-103.46994921746075,72.48213823177731,-40.30943571004488,-2.6750042891576613,-1.0430121762294053,-21.956469822331627,41.639878015782145,-24.650953350600005,13.053306956746809
UoBBG_29.08.2024_20240828_215200.WAV,515.64764,2.30184755593629,205088.8476167404,34376.01738158911,0.00017426521160312394,0.6897676921163781,0.0020316078,4124,-1404.5905435418358,-347.12986139737376,-341.4868942260763,321.74065229399395,-105.25913352456591,79.57236075776845,-41.396056827204596,-0.43072022596188514,-4.513315100676855,-22.340489274685773,40.427891343033586,-23.69596700912609,14.294232905429629
UoBBG_29.08.2024_20240828_215300.WAV,516.80304,2.3015159741924056,205531.33631826148,34376.356761557065,0.00017406699320952763,0.6899147719008889,0.0020361117,4117,-1393.2110054198356,-340.2753442623099,-331.71767987601163,320.3013669741428,-103.99886305507042,74.58559202083539,-40.588385758547375,-2.0604065887386107,-2.0971657991621906,-22.10529619942231,41.33248565154368,-24.41133311366096,13.566459517232914
UoBBG_29.08.2024_20240828_215400.WAV,518.0936,2.302585092994046,205033.97507276552,34374.210998051814,0.00017547130554976904,0.6896743809922741,0.0020303854,4109,-1393.0841238353505,-339.97941143049957,-331.43216198559486,320.11934935271336,-103.81679830896641,74.42923246694714,-40.62518949553599,-2.0923454646139352,-1.9986723877380717,-22.161752189275823,41.39947220295041,-24.308365335257655,13.37031781376802
UoBBG_29.08.2024_20240828_215500.WAV,515.89026,2.3017772889326484,205751.07024834858,34376.165112109426,0.00017400992686488007,0.6896438832990086,0.0020386325,4110,-1395.3700527595813,-341.72176862869213,-333.61190727863794,320.6751067783789,-104.26066734847284,75.58287457491411,-40.778111396024336,-1.7515743572032454,-2.633379270293434,-22.17190703571776,41.27794485508265,-24.21004692041604,13.627011308533062
UoBBG_29.08.2024_20240828_215600.WAV,515.926,2.301993253705216,204954.68753207088,34377.917083907436,0.00017350307138712284,0.6898387321977102,0.0020309207,4083,-1400.8420767440182,-344.6309933715391,-337.90861663703254,321.2449233489977,-104.83646180329319,77.82204365150476,-41.10279337981906,-1.1257403317510197,-3.6477252493641124,-22.205352455134943,40.856626195728914,-24.004736302590185,14.01584721306112
UoBBG_29.08.2024_20240828_215700.WAV,516.87915,2.302585092994046,205511.73161893972,34375.2273583982,0.00017433768705586025,0.6897825546285954,0.0020359796,4102,-1393.2829777768766,-340.2039954809791,-331.7574427981352,320.2909610143245,-103.9280942445178,74.52419459036773,-40.61223306086598,-2.0327614469205866,-2.051907441440575,-22.220837635179475,41.50850789515035,-24.45573597461017,13.381406245494736
UoBBG_29.08.2024_20240828_215800.WAV,523.75714,1.5726315884368551,205308.20259172446,34371.93219387107,0.00017452584484647894,0.6896449741255934,0.002033738,4103,-1377.8679297900105,-330.6037650033045,-318.7966254524617,317.60726568800885,-102.24863042308147,67.89248451795994,-39.304693011589876,-3.975303617822445,1.3214254700557049,-21.988791974773637,42.27196472207697,-25.315064643433047,12.256246275367127
UoBBG_29.08.2024_20240828_215900.WAV,516.0358,2.3001171135930782,204717.16324469526,34374.83503995207,0.00017495924219310894,0.6898015531916132,0.0020281062,4109,-1403.5529670143235,-346.2152739156147,-340.29285541828875,321.4700738537258,-105.12583330415889,78.9832426272575,-41.18104604233026,-0.6158035333492069,-4.321191898084528,-22.357651527174674,40.531177959993144,-23.70485063891142,14.274108420294015
UoBBG_29.08.2024_20240828_220100.WAV,517.89514,2.302585092994046,204989.50751675764,34374.816921316706,0.00017511199068010003,0.6898591397450665,0.002030633,4140,-1400.7620089532384,-344.56896438281865,-338.1707989416767,321.1788482507207,-104.7142868911023,77.84907116044623,-41.06143696141553,-1.1013178968091146,-3.6867402017227917,-22.37827237003447,40.889388184461104,-23.837531298076318,14.02169825162601
UoBBG_29.08.2024_20240828_220000.WAV,516.40234,2.2904102507852553,205564.323166104,34375.32718268768,0.00017346670719096862,0.6897350127699432,0.0020360064,4113,-1403.0511332937174,-346.4168800860048,-340.52217793614875,321.59047437082904,-105.14995680592025,79.12636658191354,-41.28258410460235,-0.6666634494495818,-4.2877573694880775,-22.289930408571333,40.53381982730673,-23.824289311372375,14.300180015983528
UoBBG_29.08.2024_20240828_220300.WAV,517.4964,2.302585092994046,204937.429292721,34374.62626236093,0.00017409595647348703,0.6898489132458345,0.0020299696,4129,-1404.2228286873726,-346.7628124330868,-341.03770687476623,321.64717007276164,-105.19768992578034,79.30333394713804,-41.312149893764115,-0.47534727973966445,-4.412635479926889,-22.388155317613442,40.4547877836148,-23.624998214202755,14.265251296313325
UoBBG_29.08.2024_20240828_220200.WAV,516.882,2.298412905995056,205423.96632887874,34374.42340501734,0.00017360887413301547,0.6898903646560551,0.0020350385,4131,-1398.8247741084829,-343.61830167795813,-336.6179132602854,321.01772342581427,-104.61350877543286,77.07922225721941,-40.92466938266612,-1.3379889172109276,-3.313945370301664,-22.25879103197187,40.95219430691755,-23.996840911308364,13.911284619403096
UoBBG_29.08.2024_20240828_220500.WAV,515.2638,2.302585092994046,205222.25598554072,34375.050139553925,0.0001747636686408451,0.6898623667737132,0.0020332742,4103,-1401.4555430337966,-345.1918904907534,-338.7072730392625,321.3903854258831,-104.91313164638295,78.1370667492916,-41.117421921521185,-0.895666486145298,-3.8988385850120673,-22.35029583854601,40.77275315688757,-23.81907401666194,14.091483641404409
UoBBG_29.08.2024_20240828_220400.WAV,516.2246,2.302585092994046,205045.67428518986,34375.553793062245,0.000174663483449251,0.6896564278047334,0.0020314204,4105,-1402.4184222310294,-345.66409754070594,-339.3659464987624,321.4547234566625,-105.03329304750572,78.52427368556633,-41.20041247675341,-0.7825359363242482,-4.065849464780842,-22.292253460679945,40.75745605120661,-23.937077875410996,14.13648023786551
UoBBG_29.08.2024_20240828_220600.WAV,515.8599,2.3018727893308557,205152.74975155454,34374.825270413756,0.00017403485359447542,0.689712469020525,0.00203268,4113,-1403.854072472656,-346.6397552746785,-340.849869278761,321.6766514905723,-105.1575720030167,79.22285471819639,-41.34077163018724,-0.536348660039417,-4.385058115398577,-22.36324145512727,40.5739273936692,-23.748049997605165,14.273843718078533
UoBBG_29.08.2024_20240828_220700.WAV,515.4199,2.299881882087873,205515.0713649046,34377.211456043246,0.00017379256228087893,0.6897718281671786,0.0020358986,4115,-1391.8367197751,-339.4162021354363,-330.4350760855987,320.0922278425042,-103.78354148153737,73.95096718615468,-40.5540951275709,-2.2709525656046656,-1.761934914521922,-22.0911315315215,41.54929531314649,-24.53139703266454,13.301255020965764
UoBBG_29.08.2024_20240828_220900.WAV,516.5475,2.302585092994046,205551.96534003902,34375.34391905297,0.00017326980751694482,0.6898437318195569,0.002036739,4124,-1394.8819552855527,-341.2363733248983,-333.1602525761886,320.5180305731725,-104.14974468798728,75.29599597757591,-40.65732107858266,-1.8769205898615606,-2.487316906962155,-22.19347978208783,41.3160770111096,-24.22418738635215,13.555083011061074
UoBBG_29.08.2024_20240828_220800.WAV,515.54297,2.302585092994046,205961.78243166886,34376.08642617063,0.00017352700935072701,0.6896731538123662,0.0020408595,4114,-1399.8926861887157,-344.6239282084733,-337.7466920100643,321.36125532317493,-104.83545209533074,77.62741155417666,-41.06252150219225,-1.0695637688209765,-3.6559102768047818,-22.237317262407295,40.8545033368068,-23.94422850390452,14.011280345762804
UoBBG_29.08.2024_20240828_221100.WAV,517.54535,2.302585092994046,204984.18696334408,34378.94843868604,0.00017410196914125202,0.6899488147805548,0.0020309342,4118,-1400.5664650990955,-344.56491816086213,-337.7493695743309,321.1949339285022,-104.76272909688937,77.76531234964028,-41.19310172717476,-1.049331642540433,-3.585390410068907,-22.309830663237918,40.812887173251596,-23.91706982123652,14.108698028595734
UoBBG_29.08.2024_20240828_221000.WAV,515.25854,2.3011512498584383,205784.87906140808,34374.97450305794,0.00017401005046042758,0.6898491859524807,0.002039242,4104,-1397.319296131556,-342.87358309028315,-335.3788295104004,320.98220726885216,-104.48996535650488,76.39375916546066,-40.86724079775927,-1.4866005994463756,-3.0303809656865357,-22.191610447191614,41.10632428991628,-24.183031131937007,13.82837871790327
UoBBG_29.08.2024_20240828_221200.WAV,514.9979,2.2954466650964775,205159.02574314637,34377.990407452635,0.0001737021678721275,0.6898387321977102,0.0020324595,4131,-1403.2512000378686,-346.3592010463783,-340.2585767181274,321.52754764765393,-105.20037598450193,79.09471449144405,-41.26523138115054,-0.6184832498247925,-4.343183717249498,-22.34040506524998,40.61169277478478,-23.75526686680535,14.272641447630111
UoBBG_29.08.2024_20240828_221300.WAV,516.05914,2.302585092994046,205385.7627915004,34372.09033110114,0.00017369972504049325,0.6896643362974728,0.0020349077,4093,-1397.8264301839974,-342.98630708943716,-335.6933804956397,320.9325859796609,-104.37359585315254,76.4767154092488,-40.933588557183846,-1.393219053980396,-3.0878815216479736,-22.222935686211773,41.01878370556898,-24.065090361028304,13.811829261224004
UoBBG_29.08.2024_20240828_221500.WAV,515.59106,2.278474597008072,205336.93024711078,34374.71761438984,0.00017337839720363095,0.6897589655037001,0.002034536,4115,-1399.1965755148287,-343.80135839018567,-336.76312183333323,321.16186494930025,-104.62046948589841,77.07550716548609,-40.93690033951582,-1.369511452610482,-3.3279741766283597,-22.15588237934824,40.897989709962935,-24.083040734938255,13.998934813137826
UoBBG_29.08.2024_20240828_221400.WAV,515.2243,2.3018436336490673,205178.64872193866,34376.40230629647,0.0001753916433004202,0.6898201881457693,0.0020328264,4104,-1391.9756082370868,-339.184927558306,-330.37834450032136,319.9808220724169,-103.79788791600795,73.90128295656388,-40.392008523120836,-2.3323772030091003,-1.7681915981548593,-22.142919126005587,41.53842903500383,-24.455362110156493,13.380390916629645
UoBBG_29.08.2024_20240828_221700.WAV,515.5843,2.301711955665166,205655.08677578022,34378.09897842887,0.0001734892937083372,0.6897866906793959,0.0020373545,4099,-1403.7798874249463,-346.9011566073457,-340.9322019548886,321.8100244013411,-105.27320977478799,79.31360031857106,-41.36009551019747,-0.5396464863216569,-4.397840793631389,-22.36135716340811,40.547614992801776,-23.682297053649346,14.217721791199066
UoBBG_29.08.2024_20240828_221600.WAV,515.3646,2.3017744547465186,205254.82448511434,34376.2440952559,0.00017384590226503764,0.6897257407439729,0.002032557,4098,-1401.8269635336815,-345.456196007704,-339.16322887616417,321.4941811293357,-104.9551945825613,78.35439384728978,-41.1526261846205,-0.9396090355332177,-3.9177027776139624,-22.329921384281274,40.76597456809662,-23.87417161052665,14.168662710711725
UoBBG_29.08.2024_20240828_221800.WAV,515.3519,2.3019174161233593,205661.92859465064,34374.30529125399,0.00017377107726807462,0.689746193742437,0.0020371638,4111,-1393.128545746843,-340.31110919327176,-331.82449657368227,320.3067501084064,-103.91523310701635,74.59496887136912,-40.60488870280947,-2.0913598362757577,-2.136944679666346,-22.0941931685411,41.35655773747041,-24.308801440923748,13.52959872808039
UoBBG_29.08.2024_20240828_221900.WAV,517.05054,2.302585092994046,205521.73456125945,34376.60254446275,0.000174292754478416,0.6897532386641302,0.002036285,4122,-1390.8761425194537,-338.7057104960292,-329.6156267845051,319.98452398776675,-103.69022154357906,73.4560033378698,-40.41498833253844,-2.4242070046091615,-1.4840641178516785,-22.1894672203418,41.626926413903504,-24.499139491850293,13.28406728569336
UoBBG_29.08.2024_20240828_222100.WAV,514.6352,2.3019500027552224,205700.12509162643,34377.156847732076,0.00017363829775695786,0.6898904101071628,0.002037575,4099,-1396.7035199212214,-342.5264613175576,-334.85495936555697,320.8175521857544,-104.43598482442353,76.21858979903742,-40.81960071896822,-1.5696117186809937,-2.9334935968436366,-22.23872442661413,41.14961108273688,-24.075076173628098,13.7212881097375
UoBBG_29.08.2024_20240828_222000.WAV,515.40436,2.3018468911752485,205621.2873348987,34375.99066264372,0.0001735004109222088,0.689829869231709,0.0020366353,4097,-1393.6052068905221,-340.5607245296014,-332.14078357426496,320.42370162471383,-103.96384685622358,74.73253120017377,-40.721392115431755,-1.97784503610062,-2.107648689131046,-22.202709056589985,41.3682705402114,-24.36141779838396,13.566948710576685
UoBBG_29.08.2024_20240828_222300.WAV,515.4023,2.3013692156792844,205362.39198099333,34373.65436856272,0.00017414942014394008,0.6897690101985013,0.002034261,4123,-1404.4258152680945,-347.1542398574056,-341.57664296954823,321.78900143858823,-105.2394117340459,79.55513847998103,-41.36197267922958,-0.4362033724262533,-4.549123664040634,-22.378822608658027,40.42894229153306,-23.570759611005556,14.281333181205909
UoBBG_29.08.2024_20240828_222200.WAV,515.2258,2.3019779155012756,206259.35445282058,34377.19940975383,0.00017275250880798387,0.689692152375384,0.002043782,4111,-1400.1734268674281,-345.012788179875,-338.1656945970561,321.4525920396114,-104.95306859189215,77.92803527009796,-41.15534100796989,-0.9548995012650722,-3.7958732081852093,-22.241054539514305,40.82050567905254,-23.957559330601295,14.140619283216616
UoBBG_29.08.2024_20240828_222400.WAV,515.5654,2.3016902999786746,205524.24454740915,34373.65566231764,0.00017381426284700723,0.6898458225705111,0.0020361207,4120,-1395.1445849499723,-341.4531303937291,-333.4335564442814,320.601647563202,-104.13086892244932,75.35730835468202,-40.73853480876492,-1.781206651254957,-2.5170848026475423,-22.170151980285798,41.22599152678383,-24.19261862127926,13.574483650940637
UoBBG_29.08.2024_20240828_222500.WAV,516.6057,2.302585092994046,205279.63716368162,34373.85336577038,0.0001733619632929331,0.6896895162111375,0.0020338523,4138,-1403.5400337879623,-346.4879157082705,-340.5283517345849,321.70382957494803,-105.19060650536728,78.99422595771588,-41.20254549165515,-0.5823015177948868,-4.357377645218355,-22.356907936829444,40.57795336070212,-23.676723656013966,14.181385329752692
UoBBG_29.08.2024_20240828_222700.WAV,516.2178,2.3017672359186765,205400.8542294609,34376.172370807384,0.00017359848726859002,0.6897373307764358,0.0020346276,4123,-1400.2203536621378,-344.5781533249083,-337.8025521534194,321.26702010955967,-104.74127001541703,77.68241428799686,-41.17332307505273,-0.9992012621602591,-3.6392575548984394,-22.305795714683438,40.85248144245531,-23.932176631520996,14.096891996437831
UoBBG_29.08.2024_20240828_222600.WAV,515.9673,2.27757817053922,205532.9178205993,34375.15669826933,0.00017538058953331915,0.6896886071889835,0.002036646,4121,-1387.9520458416505,-336.9040027492296,-327.0192899061381,319.55692485902097,-103.41778973613725,72.06176955018142,-40.14248138179745,-2.7289646419658578,-0.8436016586609154,-22.10666019491442,41.747655517101094,-24.724803993300682,13.076106278312718
UoBBG_29.08.2024_20240828_222800.WAV,515.37964,2.3021108000450115,204856.4069974236,34374.037753439945,0.00017430971496920137,0.6896940613219072,0.0020297235,4093,-1398.3242947693404,-342.93260298936207,-335.6632861367046,320.913623563306,-104.46907236072636,76.53044954135193,-40.82886840483053,-1.488038561941498,-3.07694379788471,-22.291747314468253,41.101122588546566,-23.999243113071703,13.747129091431109
UoBBG_29.08.2024_20240828_222900.WAV,514.89685,0.6922017029622767,205540.3850291581,34374.742926007355,0.00017389727580625463,0.6898262331430932,0.0020367429,4105,-1389.5235790645343,-337.89498524187087,-328.60856293771326,319.7089717677163,-103.50742169314474,72.90978288731472,-40.271075522796224,-2.576037362303358,-1.244766364574031,-22.178214061835433,41.65333721869255,-24.52942457872654,13.209756531897673
UoBBG_29.08.2024_20240828_223000.WAV,515.77954,2.302585092994046,205417.12419648896,34376.17757923649,0.00017368291421176657,0.6897709645961324,0.002034541,4133,-1405.9632438505587,-348.1198288486463,-342.8571072186435,322.0557884858818,-105.52886743412112,80.22829671839162,-41.422464101471746,-0.21309539827001883,-4.897874323436819,-22.403402924313358,40.395322247649204,-23.587908534128616,14.369778365958947
UoBBG_29.08.2024_20240828_223100.WAV,514.712,2.3016420823743817,205481.3927743672,34377.0260765088,0.00017415819431287208,0.6899368611392303,0.0020359731,4104,-1395.4855429078132,-341.6401217444034,-333.66824706028524,320.5670780164499,-104.1953872714362,75.61892876216524,-40.767407324524676,-1.8167748950714224,-2.5910979806973704,-22.145672603683085,41.20506855704552,-24.136042612565266,13.590580538752283
UoBBG_29.08.2024_20240828_223300.WAV,516.17426,2.3017952234471832,205652.54917074743,34373.80606008244,0.0001737832129851987,0.689793735601089,0.0020372213,4115,-1401.2212613978454,-345.29428720632484,-338.91600171218556,321.41828292282446,-104.80702183408435,78.18801548049049,-41.2149925323316,-0.9156241756821274,-3.9133053951748287,-22.262056647275262,40.76885143638219,-23.80765144233957,14.065440290161154
UoBBG_29.08.2024_20240828_223200.WAV,515.5825,2.30171513055603,205298.23914584678,34374.404987966525,0.00017427977583869903,0.6897468300579447,0.0020345575,4082,-1396.5352294890724,-342.0779197398861,-334.40361749428376,320.7257887084362,-104.29077717113385,75.93590510306387,-40.79329313559719,-1.6960627130910955,-2.7716128493909444,-22.217903865453348,41.21199410711162,-24.17052525329172,13.780061917247453
UoBBG_29.08.2024_20240828_223500.WAV,515.4485,2.2937211304731333,205225.04046296826,34377.664327499064,0.0001745801935257062,0.6899246802423671,0.002032701,4106,-1393.8674711708977,-340.47684443181697,-332.16018263699294,320.33803417057396,-103.9646310732247,74.80332851723941,-40.69196171085127,-2.032499207790688,-2.0828747552482194,-22.27254276935884,41.38053729587828,-24.252172000967107,13.50195304333848
UoBBG_29.08.2024_20240828_223400.WAV,515.2439,2.301657839519984,205417.3442390528,34372.95702045516,0.00017445335612071715,0.6897691011007168,0.0020349806,4129,-1397.5899813511894,-342.8441834782351,-335.5486901698879,320.920543762748,-104.45770281369042,76.45269366792603,-40.7918499298907,-1.5100026302814546,-3.074442360796833,-22.29164709479459,41.09243641298073,-23.9727637625356,13.823870729712826
UoBBG_29.08.2024_20240828_223600.WAV,516.31116,2.302585092994046,204838.2637520966,34375.25354268374,0.00017552814112769044,0.6898885011606395,0.0020288867,4124,-1404.1018322259329,-346.66636641718003,-340.9124656126158,321.66174698957224,-105.1247857954224,79.26312638851121,-41.355358027918655,-0.5624018379079011,-4.363235141907554,-22.41370854314536,40.52663115125104,-23.576650365943767,14.258510171057631
UoBBG_29.08.2024_20240828_223700.WAV,515.2886,2.3014595765669887,205125.75410989285,34375.29728726563,0.00017376164275834105,0.6898069618734292,0.0020324746,4122,-1403.722986417826,-346.481758537377,-340.6228583603709,321.65080390372515,-105.16221738409982,79.09964220566702,-41.23835946432436,-0.6274329916996192,-4.343446864270169,-22.35937535963835,40.579870391825835,-23.687532742091054,14.236664766002413
UoBBG_29.08.2024_20240828_223900.WAV,516.0664,2.2730939922912747,204990.34663849947,34370.85924041765,0.000174088886316168,0.6896442014567625,0.0020307733,4119,-1340.7090047112044,-307.63455977991174,-288.1091869260413,310.1928876191131,-99.5055903304992,51.7223839985192,-35.24874004976869,-6.880169524077038,9.824565632726344,-22.14840567967749,42.71776371168553,-27.979920503000024,9.325886998125045
UoBBG_29.08.2024_20240828_223800.WAV,515.1647,2.294409069255436,205054.6002743495,34374.22158626305,0.00017398769087353076,0.6897546930995765,0.0020312434,4114,-1398.8572182654798,-343.5509269221511,-336.47017558896005,320.9426195768349,-104.53782983038246,77.0262908742291,-41.002383387454486,-1.289362501283545,-3.31111366805238,-22.205998484988246,40.932017889814716,-24.02132598845798,13.890207580138949
UoBBG_29.08.2024_20240828_224000.WAV,514.85876,2.3012627011144042,204686.17510716434,34374.36826803465,0.00017476039214934724,0.6897691920029322,0.0020271956,4100,-1401.1880253399531,-344.7391385145216,-338.23860453262546,321.22049065909823,-104.73902582406457,77.88275120660673,-41.08475783043421,-1.0222768573375418,-3.7775744951873556,-22.356794844274656,40.88742998262454,-23.80455496209936,13.990656351159005
UoBBG_29.08.2024_20240828_224100.WAV,517.208,2.302585092994046,205495.08775843628,34374.39283523528,0.00017383953913284122,0.689854549183189,0.0020354867,4146,-1398.6329610444243,-343.62917008956435,-336.5130072575278,321.0715844352445,-104.49989261434278,76.94439858477405,-41.0528479827292,-1.245753027457189,-3.2764464906771003,-22.320189985588225,41.05680283116269,-23.988657755043896,13.779483955785484
UoBBG_29.08.2024_20240828_224200.WAV,515.2596,2.301604358444373,205596.07187188743,34373.183293403505,0.00017363311660566544,0.6896459285988551,0.0020369657,4102,-1392.5889010413355,-339.81116199170697,-331.2232886059702,320.24015066860807,-103.85244734437704,74.23766912677073,-40.50375172366789,-2.2151646782308547,-1.9365121881502747,-22.162321704636877,41.486377284613816,-24.36804230843758,13.43511477826532
UoBBG_29.08.2024_20240828_224300.WAV,514.8292,2.3011854985324023,205863.11005361966,34376.244473599414,0.0001737031721937049,0.6897611471568695,0.0020388672,4145,-1400.342026598512,-345.0219172867807,-338.2470374945271,321.36259220537187,-104.85639761965766,77.96066319321393,-41.194689178858596,-0.9473399311748393,-3.803136036722751,-22.259246674509264,40.81304713373326,-23.84823488464621,14.013626441004853
UoBBG_29.08.2024_20240828_224400.WAV,516.0594,2.3017765953222957,205633.0531699651,34374.30876877194,0.00017482696363850948,0.6896686541527041,0.002038213,4120,-1400.651519129929,-344.91830387615903,-338.21391321995947,321.3261613120366,-104.88462931399735,77.90692506786381,-41.04607094351846,-1.0372562560802532,-3.8292766484720144,-22.154884646071533,40.77477362235946,-23.906364914103367,14.000439005325324
UoBBG_29.08.2024_20240828_224500.WAV,516.01105,2.3016278662733116,205272.07524709322,34374.267738078976,0.00017370481338030964,0.689741057767267,0.0020336793,4125,-1394.9485284609511,-341.18860217828893,-333.20011950598894,320.38593687643174,-104.01519788430791,75.3537047223916,-40.76066318877026,-1.8757349328702448,-2.4860102958917962,-22.15985019639817,41.355429042224145,-24.286773444651317,13.534182210086698
UoBBG_29.08.2024_20240828_224600.WAV,515.14044,2.3018910019908523,206013.65511095716,34375.918261353356,0.0001731145979038075,0.689883592441008,0.0020410449,4100,-1400.4689407132453,-345.10036379766103,-338.3694578773602,321.35640187438116,-104.90361339055822,78.0252344666867,-41.13459598652293,-0.9052729948394217,-3.901734982515466,-22.283267491034902,40.79337056884593,-23.805615444628128,14.105359301300105
UoBBG_29.08.2024_20240828_224700.WAV,515.08655,2.3009484757899363,205628.06733519287,34376.92020292176,0.00017341471492771877,0.6898538219654659,0.0020372695,4138,-1399.439286431337,-344.14485167398124,-337.1620881870146,321.2579557938216,-104.70058964611484,77.33124713601082,-41.03762557980935,-1.2289113166807215,-3.4403885995647037,-22.288323211713383,40.925998782639404,-23.879756957456834,13.907444115109021
UoBBG_29.08.2024_20240828_224900.WAV,516.0656,2.3018780776730554,205575.64688073774,34378.23133501551,0.0001746201773780959,0.6899953567148376,0.0020368767,4094,-1404.1444958029624,-347.14084259407446,-341.26202756093704,321.849870071698,-105.32771101655858,79.48652543474763,-41.40987939797031,-0.46254563321592923,-4.475807816769133,-22.269121250783982,40.396429302582916,-23.665652465448296,14.333724120249109
UoBBG_29.08.2024_20240828_224800.WAV,516.721,2.302585092994046,204494.47039283352,34375.46695731025,0.00017475148499885098,0.6897863270705343,0.0020258448,4118,-1390.4832023385945,-337.9446614334583,-328.73067874176036,319.6331540499277,-103.48335316226726,73.07597991730114,-40.364536874579215,-2.5739356784635823,-1.272834978150282,-22.177424540338887,41.70350657776359,-24.536910324308316,13.206332888348014
UoBBG_29.08.2024_20240828_225000.WAV,515.4883,2.301983699309266,205738.12799576487,34377.03320912688,0.0001733838863830624,0.6897679648230243,0.0020381156,4131,-1402.145007050949,-345.9553013999395,-339.6589203220488,321.5305976117137,-105.11527728205697,78.66672031428953,-41.17710836089807,-0.6973871966388545,-4.1883413229586415,-22.37701462644636,40.70427978388056,-23.71486908483069,14.115664469136968
UoBBG_29.08.2024_20240828_225100.WAV,515.1282,2.2982923647443245,205460.77460017972,34375.54584843744,0.0001740410292155644,0.6898615032026668,0.0020355582,4092,-1396.2965888760787,-342.1302919541862,-334.47079202025714,320.68701280183086,-104.24002131206863,75.9988418789275,-40.86520609947674,-1.6982092612090196,-2.7538803961221556,-22.190402353011695,41.16663241136619,-24.13308174127039,13.728539704542804
UoBBG_29.08.2024_20240828_225200.WAV,515.3984,2.2944825781434925,205744.19515386212,34371.11631240084,0.0001736171039823407,0.6897165596202178,0.0020376644,4106,-1399.4903105875192,-344.25135641157266,-337.51729860434796,321.24987840952633,-104.6125346415041,77.40366485005742,-41.106595581155545,-1.1028007487660099,-3.506521225061506,-22.337562641785333,40.931101127641675,-23.934964454429327,13.964444803556255
UoBBG_29.08.2024_20240828_225300.WAV,515.6027,2.30132221465344,206178.5485775024,34378.969453596175,0.00017441430945778553,0.6900523978549986,0.0020426617,4119,-1398.9360704023322,-344.1434314128666,-337.29590649070644,321.18529835719914,-104.65627200158026,77.45086636800497,-41.074715666180325,-1.3096300644353986,-3.369646197919639,-22.317966118448595,40.89620508995288,-23.807793017594886,13.880315255816662
UoBBG_29.08.2024_20240828_225500.WAV,515.35486,2.301188559213065,205292.96884795692,34373.29678460939,0.000174806773204611,0.6896177489120823,0.0020340986,4110,-1398.6408804039131,-343.4263439181595,-336.25530437868395,321.04819117482515,-104.52879577969136,76.8239920146037,-40.92705505390782,-1.3492236469043974,-3.2620176312864055,-22.26028960783214,41.00811642192904,-23.946805915499702,13.851238046494647
UoBBG_29.08.2024_20240828_225400.WAV,515.1015,2.301039091498029,205812.65341915592,34377.03871031515,0.00017357804829767751,0.68980714367786,0.0020383596,4123,-1403.9921451586615,-347.22161483627673,-341.449738707293,321.8329333342741,-105.27807563562098,79.61079660836326,-41.476019570095154,-0.42805975943474994,-4.562196672647707,-22.329980365029748,40.5454402845649,-23.7292541589839,14.327921797559716
UoBBG_29.08.2024_20240828_225600.WAV,516.4057,2.302585092994046,205853.28162248863,34374.359939531074,0.00017331850497612027,0.6897624652389929,0.002038902,4077,-1401.659845360896,-345.72480480882706,-339.4034431950285,321.5399693626035,-104.96897885563298,78.48936845825385,-41.230125826958286,-0.7945811733250567,-4.109401385406117,-22.300648332975964,40.74611321792995,-23.728562612609313,14.143597719818366
UoBBG_29.08.2024_20240828_225700.WAV,516.2709,2.300241619010106,205472.6378867389,34375.75763726128,0.00017347671165649547,0.6897358763409894,0.0020358218,4098,-1403.6166007948336,-346.6602933155551,-340.7949955663541,321.6591472613778,-105.17951756538498,79.30109184892146,-41.32961663962929,-0.6592920849670375,-4.432843435406188,-22.2524571940866,40.65178650956209,-23.794508743196353,14.213698389393143
UoBBG_29.08.2024_20240828_225900.WAV,515.5069,2.297809693024056,205913.45902190235,34380.50875038534,0.00017404384464990823,0.6900562157480452,0.0020399925,4133,-1397.3933407267293,-343.0106012048346,-335.56107951758537,320.95782613166324,-104.57112038925473,76.65299053596011,-40.86521653425346,-1.6079111805632775,-3.023710859238249,-22.248934999748,41.117934823188726,-24.036161869234075,13.783553526980699
UoBBG_29.08.2024_20240828_225800.WAV,515.0967,2.296837289894366,206249.108812279,34376.555768916165,0.00017417792979508933,0.6899508600804012,0.002043526,4088,-1402.0383210081793,-346.19248468243313,-339.991135923799,321.64310050402355,-105.07311554652307,78.82274693465773,-41.35314079491265,-0.6471027190282339,-4.175532940828624,-22.361634427531367,40.64328552431467,-23.714911233164703,14.188392306034535
UoBBG_29.08.2024_20240828_230100.WAV,515.699,1.6078414079619758,205390.27461316145,34371.83173428946,0.0001737692607169017,0.6897203320621568,0.0020343047,4106,-1405.7895434737534,-348.0339663757849,-342.720444552803,321.99772916817585,-105.44615632494134,80.0981676410496,-41.40586872370829,-0.1448595440998012,-4.97168654979417,-22.385863811267406,40.37866771701853,-23.547411530173587,14.414046820375027
UoBBG_29.08.2024_20240828_230000.WAV,515.59534,2.295930401981119,206535.23910831328,34375.3345154878,0.00017343972563645658,0.6898119160441682,0.0020459208,4096,-1395.8690310069226,-342.4782489035376,-334.73272886610084,320.9778463367318,-104.273693205265,75.9857644963883,-40.95048550355568,-1.5915147398950402,-2.791073269791242,-22.202693955541303,41.17261086579019,-24.122648718252034,13.681513793445362
UoBBG_29.08.2024_20240828_230200.WAV,516.647,2.260842744462989,205933.3848404842,34374.77172313224,0.00017333314392935865,0.689709151089663,0.0020401494,4110,-1399.4204907064166,-344.3957535032623,-337.4058663621086,321.2501267150012,-104.7006525981431,77.45027050171106,-41.13767564909856,-1.0055406865272438,-3.644508849832299,-22.238669983776695,40.94221147751118,-23.97662600725318,13.97497522218317
UoBBG_29.08.2024_20240828_230300.WAV,515.8885,2.302585092994046,205852.2918847433,34375.727111072905,0.00017350724998786522,0.689777645908964,0.0020387627,4101,-1403.7973118962823,-347.0390353262122,-341.33851769898195,321.78677511000853,-105.22816404546025,79.50596743095463,-41.42294551669441,-0.4832166079562666,-4.493912780903171,-22.375617248497033,40.57238459096337,-23.680421374688837,14.258511670458025
UoBBG_29.08.2024_20240828_230400.WAV,561.31024,2.302585092994046,206179.06103348147,34375.135211311805,0.00017349322945172714,0.6899268618955366,0.002043554,4088,-1268.6897485147827,-265.8954166638764,-235.23752924088515,290.490537480509,-97.59250025943221,25.26115008567661,-23.46551084053486,-7.7708895312226725,22.32570035975635,-25.028831398585115,38.63677088257096,-30.896175907246946,6.122887415731096
UoBBG_29.08.2024_20240828_230500.WAV,515.3784,2.296390248013899,205706.9974628489,34375.91287841117,0.00017386815362604714,0.6898787746235922,0.0020380707,4116,-1394.4395260057904,-341.0731782352632,-332.91003905564855,320.54905607937104,-104.02725921986837,75.15964748863942,-40.75141780846507,-2.0237514019262504,-2.2942215866120743,-22.114398606796176,41.25033992150266,-24.225773897977945,13.624618849186035
UoBBG_29.08.2024_20240828_230600.WAV,515.6608,2.2837540226635378,205462.72807042368,34377.619935106755,0.0001737195994587822,0.6898365505445406,0.002035585,4115,-1394.9659024068424,-341.24594285326,-333.1340858108208,320.57703985934523,-104.12080184956308,75.33452827010801,-40.765695736183744,-1.970495261653597,-2.3724873077414834,-22.178440827511896,41.346230934407956,-24.266235029857707,13.601524860608745
UoBBG_29.08.2024_20240828_230700.WAV,515.7925,2.302585092994046,206097.2995908642,34376.64832026475,0.0001737097000280493,0.6897758278646561,0.0020419918,4138,-1397.4156878087663,-343.2590684094247,-335.80534626930506,320.98627674534873,-104.41536168759751,76.68786728241321,-41.09583294884571,-1.387137157218796,-3.1137340184481315,-22.207071865700208,41.0513462877993,-24.038706021562245,13.807449250574672
UoBBG_29.08.2024_20240828_230900.WAV,515.9204,2.3021332153745337,206042.6798406742,34374.30894036662,0.0001736349156023684,0.6898706843264218,0.0020415175,4105,-1394.577221893499,-341.33795181044144,-333.27381554947465,320.61222504111385,-104.105463902622,75.2619684761212,-40.74379240210781,-1.8271241203791155,-2.410982524409351,-22.214210431854404,41.22993228689006,-24.18461768232597,13.638230922247056
UoBBG_29.08.2024_20240828_230800.WAV,514.89667,2.3019748976291567,205928.33903154483,34374.95001534454,0.00017422423206943743,0.6897291495770502,0.00204039,4101,-1387.4192601431225,-336.9210923379124,-327.07149277853154,319.49900068848444,-103.30921011245535,72.18547720471689,-40.23703251844164,-2.852824311060706,-0.8966452886664069,-21.934434495341375,41.77167865008025,-24.795501807066984,13.126837119763577
UoBBG_29.08.2024_20240828_231100.WAV,515.34845,2.290114896544276,205560.7491142112,34374.444900352275,0.00017357779628256314,0.6898361414845714,0.0020360015,4116,-1404.4378700425866,-347.2732472552387,-341.6447649970382,321.8679085879837,-105.26731607771026,79.59440928245135,-41.45396247064197,-0.3352484956342731,-4.579380924604763,-22.439473762101166,40.500774436995684,-23.561725598095084,14.28813957721727
UoBBG_29.08.2024_20240828_231000.WAV,515.9936,2.3018871814373947,205627.4344823319,34373.23677394495,0.00017354512430238703,0.6896919251198455,0.0020369866,4096,-1400.1081370144975,-344.5584720207138,-337.73089195094235,321.36275983816864,-104.74235373765674,77.55368984188209,-41.057674000629746,-1.0858556300724573,-3.701791333197364,-22.20752057861686,40.904580611981224,-23.93047876711397,13.979829321181684
UoBBG_29.08.2024_20240828_231200.WAV,515.1479,2.3004613816423913,206361.67255963694,34379.576025895956,0.00017316533944425179,0.6898083708577678,0.0020438337,4139,-1399.4461307163253,-344.72435954964146,-337.7309861889439,321.3778981052339,-104.73801852762747,77.73165259644806,-41.261549326735135,-1.1376931533581278,-3.599262293770722,-22.224709343816645,40.943355721036724,-23.90187137761383,13.902405008886776
UoBBG_29.08.2024_20240828_231300.WAV,516.2112,2.302079615120522,206036.60951647957,34376.64848990511,0.00017311917815529852,0.6899506328248627,0.0020410789,4105,-1395.7136095258227,-342.07040939521573,-334.2681266023652,320.7620651016025,-104.30548484137391,75.84353017023075,-40.78330253476497,-1.7049329241636588,-2.705185863499874,-22.26189390532939,41.256916732620105,-24.125904755765593,13.604679559267076
UoBBG_29.08.2024_20240828_231400.WAV,517.2942,2.302585092994046,206113.8961273553,34378.34891062308,0.00017416014396937028,0.6900174459531788,0.0020418921,4100,-1398.3745269539763,-343.85051624223377,-336.6600752412756,321.0486945109209,-104.70544524050933,77.23433814613043,-41.00735786268426,-1.209803459875562,-3.4736179572206582,-22.298894551838856,41.05507403256833,-23.939288207966893,13.89522902695599
UoBBG_29.08.2024_20240828_231500.WAV,515.8054,2.301561519386255,205474.51467647596,34376.496325373075,0.00017351842235422804,0.6898501404257423,0.0020356057,4070,-1400.1337224074282,-344.59901703688365,-337.79224165024,321.2279337968273,-104.734803575681,77.75656688700218,-41.19235623244275,-1.050870916626663,-3.6733558932200645,-22.256533519537314,40.88602619350533,-23.943373597229417,14.105994148746571
UoBBG_29.08.2024_20240828_231600.WAV,515.59607,2.3017344156487067,206252.41464946145,34373.380782989865,0.00017284344622278442,0.6896869254979987,0.0020432882,4106,-1399.0229802198296,-344.3284895059591,-337.38392622601833,321.263651083283,-104.62984602441372,77.38468157307356,-41.106512537799965,-1.1059414562684324,-3.572109548127392,-22.236006341032184,40.88176297661316,-23.883716022310328,13.97927709262639
UoBBG_29.08.2024_20240828_231700.WAV,516.06006,2.3009419979258685,205580.32675529382,34378.902569642196,0.00017517594178247995,0.6900136280601322,0.0020366348,4095,-1405.1409621527555,-347.7653095690106,-342.22636235966155,321.89036212434775,-105.44265675382576,80.07771627500148,-41.47173743252276,-0.3191778042649117,-4.788802225538481,-22.356536184881136,40.42398837928103,-23.655575815635757,14.497793409139987
UoBBG_29.08.2024_20240828_231800.WAV,515.81506,2.2998110426826495,205737.45024281027,34372.66329037889,0.00017353240452882217,0.6897694192584707,0.0020376942,4100,-1398.7487274482053,-343.8897660035947,-336.8073712117709,321.1313796706614,-104.5590197954333,77.11541163709514,-41.03394433602808,-1.2235259193654855,-3.4450670555445586,-22.259714462071035,41.007918144779545,-23.885887039817405,13.825754529336967
UoBBG_29.08.2024_20240828_231900.WAV,515.7344,2.3017326757730947,205705.25449987597,34375.673610604164,0.00017425672727352276,0.6897776913600717,0.0020375175,4107,-1394.1474665939268,-340.96653375754,-332.6534878769974,320.55783819089515,-103.96727730140161,74.9573602180311,-40.82942209814927,-1.8903929798605623,-2.23898591786191,-22.182293757596845,41.347592836649056,-24.321244888585465,13.57129056900619
UoBBG_29.08.2024_20240828_232000.WAV,516.14844,2.2995866744567497,205970.94898204395,34371.93178589587,0.000174719236288303,0.6896522917539328,0.002040756,4106,-1400.4490173444408,-345.062451454927,-338.4358130305374,321.44405785492893,-104.71023147810168,77.93443818086709,-41.28507109305169,-0.9743247820733036,-3.805562630844183,-22.175625653251814,40.82748421834331,-23.896840316913906,14.031240654411288
UoBBG_29.08.2024_20240828_232100.WAV,515.4669,2.301754740839249,205799.711637596,34374.015500963134,0.0001743632350727988,0.6897482390422833,0.0020387818,4124,-1397.1212564544956,-342.9085293645462,-335.3734645124015,320.9223648232233,-104.3777546645796,76.39777221538186,-40.968137193184475,-1.4168467038525099,-3.079744627641055,-22.173481602093524,41.05841020679019,-24.05740392893516,13.833697270264391
UoBBG_29.08.2024_20240828_232200.WAV,515.24194,2.301888456752101,206148.75898655568,34373.47903323565,0.00017404723869795166,0.6896502464540863,0.0020412556,4101,-1398.4798137898574,-343.9993468733188,-336.9155008699258,321.17408086596794,-104.58596665443342,77.20991517281757,-41.11280792179656,-1.2036497883261268,-3.4291103900077684,-22.23024417762595,40.99244409198588,-23.96036026699995,13.839214671049163
UoBBG_29.08.2024_20240828_232300.WAV,515.295,2.3019044455574944,206007.3859070335,34376.59759213501,0.00017321775233680834,0.6898046438669366,0.0020409273,4114,-1404.587402058024,-347.59467297504847,-341.81798259821824,322.0701778854426,-105.40788004987589,79.70232008454992,-41.43061607995455,-0.395233089415145,-4.628153467517173,-22.303208476312903,40.38681822061616,-23.589192466532598,14.399552388001748
UoBBG_29.08.2024_20240828_232500.WAV,516.62,2.302585092994046,205777.4104491078,34377.10509192566,0.00017420802880643355,0.689806234655706,0.0020385897,4106,-1397.5359043684957,-343.1117929651611,-335.6350401304055,320.95997889408847,-104.45129592488708,76.62235140027126,-40.97578621360165,-1.4878564711588869,-3.1050649885916095,-22.185117047787625,41.07861326980676,-24.03487788684368,13.797347279149644
UoBBG_29.08.2024_20240828_232400.WAV,515.0051,2.3017361587465484,205746.02966828467,34373.903429100064,0.00017393376963782196,0.6898485950880806,0.0020377857,4093,-1401.0957204907033,-345.259732644733,-338.7711152932517,321.52289771844585,-104.87215059204827,78.06424813689443,-41.1024595537088,-0.9503482964593067,-3.9321043039573205,-22.29257669959969,40.819025094703605,-23.772584742503707,14.052491712329179
UoBBG_29.08.2024_20240828_232700.WAV,515.6863,2.2977796233055083,205514.9634622686,34374.726244248974,0.00017419983396342793,0.689821142619031,0.0020356064,4113,-1400.128647045916,-344.592460481322,-337.79543453017055,321.30396898909584,-104.73317689097726,77.6444132505419,-41.14938770998685,-1.068099600408568,-3.599369615456399,-22.251804396886776,40.818723396056484,-23.89012364947667,14.020899816862777
UoBBG_29.08.2024_20240828_232600.WAV,516.195,2.300012997544171,205217.8047725749,34378.80714098994,0.00017414420812735163,0.6898847741698082,0.0020328325,4100,-1403.2503073301561,-346.35072025027887,-340.37332232388997,321.5849922150592,-105.09703927382314,79.09509190436984,-41.39139461946087,-0.6902595536725241,-4.17454219370099,-22.376504049051963,40.61728118391787,-23.722147790023904,14.190243808954737
UoBBG_29.08.2024_20240828_232800.WAV,515.4858,2.301552999512635,205770.82684490338,34374.90263785113,0.00017438591181379297,0.6899950385570837,0.0020380132,4101,-1401.81049425536,-345.8243684901653,-339.5230798421701,321.5611555225179,-104.95027723362878,78.54035055733013,-41.33767687250471,-0.7045507401941746,-4.078174363676791,-22.343479192758387,40.72982940472666,-23.771186064201927,14.172370855717956
UoBBG_29.08.2024_20240828_232900.WAV,515.63,2.3013355999689122,205343.8004589062,34374.425303413984,0.00017400511735316391,0.689799007929582,0.002034152,4130,-1402.6625203294464,-346.0607774107039,-339.94550270025445,321.6164901311716,-104.93217461550302,78.74479866935202,-41.403820543495065,-0.7200037382187359,-4.135097145694864,-22.304722574063636,40.72926134916526,-23.76571112325003,14.10499302029262
UoBBG_29.08.2024_20240828_233000.WAV,515.562,2.3020166431681233,205256.38207004874,34375.143746240385,0.0001735684952437677,0.6898397321220795,0.0020332807,4096,-1397.01655927597,-342.39170542129887,-334.87279983488304,320.84877869521836,-104.25370819857982,76.09474010750183,-40.90502543311929,-1.659972370416037,-2.762372894467958,-22.235718432209527,41.14743056170171,-24.14626404818717,13.78822886871896
UoBBG_29.08.2024_20240828_233100.WAV,515.4893,2.301763526953967,205601.1704144042,34374.62630026133,0.00017392993990039918,0.6898461861793727,0.002036991,4113,-1402.5890548866319,-346.11511934304605,-340.00575085103816,321.6062239495001,-104.97673988407749,78.75784093097148,-41.313253121933066,-0.7311521656421623,-4.185120566740373,-22.2263407457665,40.63035902802461,-23.837214758008876,14.196218878946663
UoBBG_29.08.2024_20240828_233300.WAV,515.80457,2.301489091641185,205815.42429939646,34370.78994892467,0.0001737112407195271,0.6896207941362981,0.0020383901,4118,-1404.8096442887988,-347.70184500986727,-342.2977752010115,321.941844589256,-105.25959552228264,79.85254097614957,-41.51910896996972,-0.24802739593542228,-4.774906452462814,-22.25798140855529,40.403022476856925,-23.694556310612114,14.370383897330179
UoBBG_29.08.2024_20240828_233200.WAV,516.3655,2.3013316707426865,205885.60119967314,34374.1373958183,0.00017347975393778195,0.6896870618513218,0.002039981,4115,-1394.959246673515,-341.48547219936,-333.4491984526354,320.70022693218016,-104.1272448919519,75.36133213804833,-40.768639087250335,-1.8724573323998017,-2.4996575922574342,-22.103393385574226,41.29640257379119,-24.280874745626534,13.647782440057517
UoBBG_29.08.2024_20240828_233500.WAV,516.14844,2.3017610867255764,205633.26476863498,34374.238698045745,0.00017299396802232243,0.6897002426725543,0.002037282,4131,-1402.2222862463532,-345.84996906887307,-339.6043652303067,321.6496218010699,-104.97749387692426,78.49272777317498,-41.21977260621057,-0.8207621054922484,-4.050550347322326,-22.301750555698348,40.700583239686864,-23.764398361455594,14.098741900319181
UoBBG_29.08.2024_20240828_233400.WAV,516.06903,2.3017658578681575,205470.41606764044,34372.38380861866,0.00017333533162712907,0.6896381110083311,0.0020355936,4107,-1394.3511785715527,-340.85077399364,-332.675454869743,320.49092151398196,-104.0027130561708,74.97495912971583,-40.63508283362554,-2.0047700562808815,-2.34640465776052,-22.147156821538964,41.351021615395176,-24.235974787360174,13.614088601134693
UoBBG_29.08.2024_20240828_233600.WAV,515.15735,2.3020403954853568,205748.17403707045,34376.1314676757,0.0001740328120845108,0.6898636848558364,0.002037946,4118,-1402.5186729235163,-346.2168244970191,-340.07366417257623,321.67152663782997,-105.07326603345906,78.87128945209189,-41.31403360159226,-0.8033333956405683,-4.176119021608687,-22.182596724802746,40.61328016898199,-23.841007756921062,14.240339256270572
UoBBG_29.08.2024_20240828_233700.WAV,515.8502,2.3019876472620675,205967.62184375484,34373.78647464724,0.00017298154990920086,0.6897015153035697,0.002040821,4141,-1399.200728641018,-344.18821171602184,-337.2652568581019,321.215492185935,-104.63392570515322,77.38332852085242,-41.07656649734223,-1.2289829710889684,-3.5156745560036793,-22.183771655990675,40.904756739445105,-23.96858762516419,14.02455702231267
UoBBG_29.08.2024_20240828_233900.WAV,515.42334,2.3018564355600217,205811.21647936155,34374.506172180874,0.0001734704407297371,0.6897033333478777,0.0020385329,4122,-1400.287826280228,-344.848028637525,-338.1836179935603,321.3423330043791,-104.76004972072066,77.84457490096463,-41.159436417619474,-1.0242102560364066,-3.771846302205454,-22.2257697760656,40.88784041225258,-23.92600931014924,13.991841496591539
UoBBG_29.08.2024_20240828_233800.WAV,517.114,2.302585092994046,205513.5607955381,34374.868701989144,0.00017426478624554695,0.6899207714471051,0.0020363643,4091,-1387.766084320375,-336.8321446117718,-326.9681423467805,319.4955220466979,-103.27683516587892,72.05461678632481,-40.1951601836227,-2.8584139381065206,-0.8129486983258725,-21.997997260649296,41.71622289281891,-24.623603358453437,12.987217975336442
UoBBG_29.08.2024_20240828_234100.WAV,515.07227,2.3018498585172824,206134.1377458872,34371.798391082426,0.00017408510177045042,0.6896901525266452,0.0020421918,4118,-1405.761582552083,-348.4454379517765,-343.35380213161955,322.09960096000077,-105.48743746145942,80.4606652522958,-41.5281937001666,-0.11724451429749158,-5.084770643395188,-22.317605215120803,40.3705651160895,-23.61278832972924,14.474542123711993
UoBBG_29.08.2024_20240828_234000.WAV,516.08093,2.301934481792319,205932.08832627506,34376.37084491512,0.0001730258383649914,0.6897992806362282,0.0020405587,4124,-1402.7909847122085,-346.4002614134825,-340.28995873265654,321.7202286164566,-105.12408575161922,78.95017331509769,-41.31275801942749,-0.6786001179482188,-4.272161551060911,-22.298303527374138,40.67962667588269,-23.78412087711434,14.20409743962111
UoBBG_29.08.2024_20240828_234200.WAV,515.1498,2.301784721380137,205380.93858369917,34373.57383822589,0.0001737764663960005,0.6897533295663455,0.002034177,4100,-1402.441531296379,-345.9468388493363,-339.76703190033237,321.5972969362809,-104.95762856742057,78.61420985721782,-41.28050133541386,-0.7270286497696226,-4.115456577838611,-22.371846832099465,40.66123179696874,-23.648008703280734,14.163146494698772
UoBBG_29.08.2024_20240828_234300.WAV,515.8467,2.279580612742372,205624.679256038,34377.176109660126,0.00017322642889051182,0.6899137265254119,0.0020370216,4091,-1399.507541142568,-344.18950103797636,-337.28098370102646,321.2428316859322,-104.6492406817632,77.40928142077725,-41.10399156059556,-1.279745879818795,-3.392023000134042,-22.264940570673197,40.93111939073309,-23.922363398478694,13.851358760217334
UoBBG_29.08.2024_20240828_234500.WAV,520.5078,2.241221884010855,205935.1250639527,34373.53741553923,0.00017528338272852206,0.6897622379834544,0.0020404859,4111,-1404.1184274555249,-347.2968170297181,-341.64031045996626,321.8873715095761,-105.2470174710019,79.54165693534924,-41.40008427960603,-0.4225538089173386,-4.598753799416317,-22.249222706832903,40.39833673906057,-23.566465313828655,14.233668880821417
UoBBG_29.08.2024_20240828_234400.WAV,515.7722,2.3017102632280912,206049.65933267443,34376.47296868695,0.00017405230753277424,0.6898666391778367,0.0020404656,4119,-1397.0157546706794,-343.02354378894637,-335.38094932477117,321.03192975455323,-104.43414188005254,76.46119717008628,-41.012386341091606,-1.4977530895815456,-3.034432495064267,-22.181141142674495,41.134119277546276,-24.016854579178066,13.732702943371251
UoBBG_29.08.2024_20240828_234600.WAV,515.5236,2.3018910627009594,206036.1951775082,34375.10152592857,0.00017304459289206595,0.6897306494636042,0.0020406712,4105,-1402.4542328797831,-346.4004599083767,-340.27146508678123,321.67203867669264,-105.03951526065707,78.98042953846974,-41.440384987124794,-0.636321251171069,-4.293649947383586,-22.210890329458746,40.669417868132996,-23.875217013720828,14.253800988093289
UoBBG_29.08.2024_20240828_234700.WAV,515.3629,2.3020284914897284,205860.7148695089,34376.416773455596,0.0001749657572087947,0.6898812744345155,0.002038702,4110,-1401.1321200317025,-345.50068298415005,-339.0925067887295,321.4791072574119,-104.84350464274829,78.38775891152301,-41.32767514312261,-0.9269521709790856,-3.9421400786019047,-22.267337510374727,40.814927357997284,-23.785927935835705,14.049722125280958
UoBBG_29.08.2024_20240828_234800.WAV,515.50714,2.300557517727998,205533.34356617322,34375.13545110755,0.00017352867279722586,0.6897043787233548,0.002035844,4132,-1401.3166241823635,-345.3104138694333,-338.8950505082452,321.41621503617193,-104.8228101154889,78.2296164682087,-41.28318496103622,-0.8868424015109375,-3.852969347438827,-22.331320540524093,40.80047905496662,-23.86818187265352,14.091039490559002
UoBBG_29.08.2024_20240828_234900.WAV,515.0116,2.3013918594433673,206134.71671812926,34375.76300665311,0.00017313510017734484,0.6899124084432886,0.002042759,4122,-1401.0123217168345,-345.41965450493285,-338.9016555399326,321.575932104335,-104.87256666240225,78.16916449071455,-41.268867361653214,-0.8704351685138791,-3.869187465383243,-22.31500146439573,40.74138905911947,-23.786790330884745,14.124954346646343
UoBBG_29.08.2024_20240828_235100.WAV,515.8832,2.3019724152549883,205990.09855179643,34375.53569575986,0.00017314792435990024,0.6898014168382901,0.002040926,4119,-1396.880148924984,-342.8649806015763,-335.10936646626834,320.9710615448618,-104.34712502712894,76.28029138182684,-41.0317445613007,-1.4722289439754297,-2.983841790346802,-22.095007599255702,41.04989076669782,-24.101823496006276,13.776278880655271
UoBBG_29.08.2024_20240828_235000.WAV,515.9009,2.301841974934205,206350.79920499038,34376.982084457966,0.00017355262690333544,0.6898525493344504,0.0020442372,4104,-1394.236136009149,-341.4184735055664,-333.15804957408756,320.64609815044906,-104.12576456793165,75.29614914995123,-40.8212915725951,-1.8159723582838299,-2.464948060312372,-22.15252592019474,41.298088132713595,-24.20785806532105,13.552996998815077
UoBBG_29.08.2024_20240828_235200.WAV,515.0622,2.3019174462524714,205609.58073489714,34376.181368616584,0.0001742845002675486,0.6899364975303686,0.0020365815,4122,-1400.089438840026,-344.65326308481525,-337.88603888275804,321.32559057052896,-104.72332658745701,77.71807470621775,-41.22241894164117,-1.0401467301104654,-3.595777709438552,-22.322853633303232,40.885566572755884,-23.88761914989287,14.002865403614305
UoBBG_29.08.2024_20240828_235300.WAV,515.7864,2.301852918589638,206115.3464079889,34380.234334089255,0.0001730507396373688,0.6900251726414874,0.0020423543,4100,-1397.296092307029,-343.1920976356625,-335.5223384431225,321.06688353594933,-104.50440818965595,76.61250785628116,-41.05157879756138,-1.4933258072649138,-3.0637882381735553,-22.12142301549008,41.04240735033514,-24.06650535526865,13.837260897248225
UoBBG_29.08.2024_20240828_235400.WAV,515.63043,2.3009799770948787,205251.53148584915,34372.55787860383,0.00017389211591762737,0.6896804714407055,0.0020332914,4112,-1398.9993681626377,-343.6953193971157,-336.67905403657556,321.133602712515,-104.42619243319083,77.03984582809804,-41.17187859218265,-1.3237447220263485,-3.252056455661774,-22.214385648514746,41.033526641742895,-24.0963815602709,13.961052368289373
UoBBG_29.08.2024_20240828_235500.WAV,515.2571,2.3021049486568343,205448.00991490163,34374.923254614885,0.00017465648055649797,0.6897518751308992,0.002034795,4100,-1391.9513623687787,-339.3905162280748,-330.63997146128145,320.13818471232725,-103.7285031208357,74.00677020972013,-40.561482525276865,-2.403019478684527,-1.6660713953058393,-22.137017225977836,41.525955698922495,-24.385216794414696,13.310094389797246
UoBBG_29.08.2024_20240828_235600.WAV,516.0431,2.301675844996008,205545.64588837934,34377.605604196026,0.0001738551030472147,0.6898956824356558,0.002036466,4120,-1380.4020086589517,-332.35542613247884,-320.7702396041971,318.2761495094812,-102.56715506214863,68.95728041433277,-39.69289993521035,-3.737416589505517,0.9049449597120717,-21.884137899163687,42.12713217912377,-25.30615568946892,12.493682238269821
UoBBG_29.08.2024_20240828_235700.WAV,515.09564,2.301919611858823,205417.40348328793,34374.9734046836,0.00017362642381864294,0.6897934174433352,0.0020350495,4121,-1402.9034728650436,-346.21546364228897,-340.0885593974488,321.66852569278944,-104.99831275302732,78.80294806052785,-41.3839551287253,-0.6973573055759266,-4.143684319863634,-22.289016670895613,40.62190623752892,-23.702774723833272,14.123687891640117
UoBBG_29.08.2024_20240828_235800.WAV,515.6542,2.301877297201404,206297.85337141718,34376.23119867105,0.00017301920586225525,0.6898089162710602,0.0020436344,4105,-1402.6224380166334,-346.6002661522869,-340.53334343801055,321.74930409038706,-105.19495563083122,79.11451188342596,-41.32604403221715,-0.6364805484361725,-4.361746535771708,-22.26940107818126,40.6044932611282,-23.71324670855525,14.2402979565552
UoBBG_29.08.2024_20240828_235900.WAV,517.4032,2.302585092994046,205633.62906483895,34374.56880361222,0.00017399276830432916,0.6897191957844643,0.0020372702,4110,-1399.737306169785,-344.45421252419544,-337.5039315865759,321.26826114230937,-104.6133914721837,77.53554239472363,-41.238909611505925,-1.1308177431642437,-3.5724519704070015,-22.16283775156865,40.95184739236626,-23.999923843016518,13.904665381558164
UoBBG_29.08.2024_20240829_000100.WAV,515.22546,2.300866703863199,205728.26523357004,34376.31953527901,0.00017347844645849964,0.6898277784807549,0.0020384311,4107,-1395.305743422776,-341.7509863609992,-333.67517765477555,320.6605706916129,-104.13242493305364,75.61711906386734,-40.86152622176945,-1.8624818941591992,-2.584492405034511,-22.044496070895477,41.15984329838761,-24.148500881642132,13.669961350204128
UoBBG_29.08.2024_20240829_000000.WAV,515.97925,2.3020782734729863,206437.4954472821,34379.113273843774,0.00017259739597724858,0.689970313154496,0.0020453185,4104,-1396.5372802757097,-342.8282846878818,-334.9506171524461,321.03130780601464,-104.49118053608635,76.27615502162895,-40.94297552416137,-1.5405820628828328,-2.9496779740889294,-22.18857189750249,41.173419647523666,-24.076896366715534,13.661183333426179
UoBBG_29.08.2024_20240829_000300.WAV,516.06647,2.3011988786367175,205740.4135458149,34375.48734760616,0.00017445952872029066,0.6898869103718701,0.002038832,4116,-1399.4415244472743,-344.24705381466197,-337.14965668990055,321.2761023625245,-104.66643725137398,77.344823844459,-41.163128410919995,-1.1492022675945874,-3.494039432367023,-22.16762815791462,40.93920373905661,-24.036952740902137,13.951371765252555
UoBBG_29.08.2024_20240829_000200.WAV,515.25745,2.302585092994046,206062.30189797588,34379.36145485904,0.00017334628933764928,0.6899800851426511,0.0020411566,4113,-1399.6209870868383,-344.67140523773924,-337.64820723175905,321.36385411581006,-104.74458809494814,77.73305672460899,-41.28071333381295,-1.1309432480343167,-3.6107462439721485,-22.19894479278716,40.93165971546554,-23.950243091251906,14.027661386953357
UoBBG_29.08.2024_20240829_000500.WAV,722.5116,2.302585092994046,320467.71266518853,34231.97791874436,0.0012654959648728949,0.6895202108349623,0.003423787,4084,-1034.3445897936108,-156.5847018963465,-125.73244916943125,198.30632729360903,-85.74742619271183,-7.771205556103595,19.802140530404092,-11.308679635761287,18.61625346481582,-29.366150116804114,27.6228316431876,-13.815923746515493,-3.5256191542371917
UoBBG_29.08.2024_20240829_000400.WAV,515.79364,2.302585092994046,204704.63491679402,34372.44942600977,0.00017398367300219825,0.6895859331366937,0.0020279072,4134,-1398.5058301359718,-343.0077191145415,-335.91339738867663,320.90608222451715,-104.33922218746814,76.67079482159957,-40.97532725973274,-1.5510639008388292,-3.0749459760700653,-22.205445095084826,41.122427513463464,-24.071069617163708,13.799588446008057
